2.12479e+06
2.12292e+06
2.10653e+06
2.0828e+06
2.05203e+06
2.01491e+06
1.97223e+06
1.92532e+06
1.87531e+06
1.82339e+06
1.77066e+06
1.71833e+06
1.66764e+06
1.6198e+06
1.57581e+06
1.53653e+06
1.50234e+06
1.4733e+06
1.44924e+06
1.42992e+06
1.4148e+06
1.40326e+06
1.39456e+06
1.38793e+06
1.38252e+06
1.37771e+06
1.37297e+06
1.3679e+06
1.36242e+06
1.35663e+06
1.35043e+06
1.34418e+06
1.3379e+06
1.33175e+06
1.32566e+06
1.31962e+06
1.31344e+06
1.30688e+06
1.29966e+06
1.29151e+06
1.28224e+06
1.27152e+06
1.25928e+06
1.24544e+06
1.22993e+06
1.21278e+06
1.19399e+06
1.17374e+06
1.15216e+06
1.1296e+06
1.10653e+06
