2.12479e+06
2.12327e+06
2.11039e+06
2.09007e+06
2.06251e+06
2.02853e+06
1.98945e+06
1.94603e+06
1.89924e+06
1.85017e+06
1.79993e+06
1.75027e+06
1.70255e+06
1.65838e+06
1.61891e+06
1.58496e+06
1.55702e+06
1.535e+06
1.51863e+06
1.50754e+06
1.50112e+06
1.49879e+06
1.49956e+06
1.50262e+06
1.50696e+06
1.5118e+06
1.51651e+06
1.52075e+06
1.52437e+06
1.52737e+06
1.52993e+06
1.53227e+06
1.53448e+06
1.53678e+06
1.53905e+06
1.54111e+06
1.54263e+06
1.5432e+06
1.54231e+06
1.53957e+06
1.53446e+06
1.52671e+06
1.51598e+06
1.5024e+06
1.48585e+06
1.46658e+06
1.44467e+06
1.42042e+06
1.39401e+06
1.36579e+06
1.3364e+06
2.12479e+06
2.12327e+06
2.11039e+06
2.09007e+06
2.06251e+06
2.02853e+06
1.98945e+06
1.94603e+06
1.89924e+06
1.85017e+06
1.79993e+06
1.75027e+06
1.70255e+06
1.65838e+06
1.61891e+06
1.58496e+06
1.55702e+06
1.535e+06
1.51863e+06
1.50754e+06
1.50112e+06
1.49879e+06
1.49956e+06
1.50262e+06
1.50696e+06
1.5118e+06
1.51651e+06
1.52075e+06
1.52437e+06
1.52737e+06
1.52993e+06
1.53227e+06
1.53448e+06
1.53678e+06
1.53905e+06
1.54111e+06
1.54263e+06
1.5432e+06
1.54231e+06
1.53957e+06
1.53446e+06
1.52671e+06
1.51598e+06
1.5024e+06
1.48585e+06
1.46658e+06
1.44467e+06
1.42042e+06
1.39401e+06
1.36579e+06
1.3364e+06
2.12479e+06
531616
527274
519106
506368
489952
471007
450764
430229
410675
393420
379399
368933
361942
357921
356155
355786
356006
356287
356366
356214
356053
355973
355938
355645
354864
353102
350100
345548
339479
331887
323037
313188
302870
292783
283649
275829
269600
265159
262692
262363
264082
267770
273333
280534
288933
297935
306801
315048
322200
328040
332401
1.08654e+06
1.08296e+06
1.07252e+06
1.05609e+06
1.03433e+06
1.00821e+06
978902
947437
914870
882497
851761
824020
800450
781578
767376
757542
751666
748993
748642
749825
751603
753472
755048
756137
756900
757542
758152
758879
759522
759883
759528
757960
754837
749698
742517
733161
721653
708199
693036
676328
658689
640927
624034
608649
595085
583493
574021
566946
562502
560815
561928
264966
260785
254357
244382
232184
218925
205874
194058
184513
177605
173327
171112
170181
169692
169261
168674
168077
167549
167026
166218
164721
162356
158969
154574
149315
143498
137597
132190
127776
124611
122925
122771
124107
126857
130759
135453
140396
145075
149078
152186
154221
155145
154947
153658
151250
147698
142862
136759
129806
122654
116046
135085
131523
126356
118642
109886
101351
93973.2
88399.4
84769
82707.4
81573.5
80760.1
79971.4
79202.8
78580.1
77855.3
76934.3
75452.9
73295.3
70520.6
67267
63960.5
61060.5
58982.5
57967.8
58088.6
59280.5
61352.8
63932.5
66593.6
68934.2
70702.4
71714.8
71976.7
71445
70125.1
67984.7
65015.1
61344.8
57380.9
53682.3
50680.5
48524.1
47120.5
46177.8
45425.6
44652.9
43780.8
42808.8
41758.3
40653.8
69208.3
66164.8
62136.6
56409.1
50640
45852.5
42463.7
40423.1
39211
38272.3
37415.9
36717.5
36097.1
35365.9
34328.2
32884.9
31117.2
29296.7
27826
27078
27154.7
27976.6
29296
30743.1
31960
32723.5
32929.4
69208.3
66164.8
62136.6
56409.1
50640
45852.5
42463.7
40423.1
39211
38272.3
37415.9
36717.5
36097.1
35365.9
34328.2
32884.9
31117.2
29296.7
27826
27078
27154.7
27976.6
29296
30743.1
31960
32723.5
32929.4
32616.7
31775.6
30432
28572
26421.2
24340.6
22652.3
21487.8
20725.2
20166.8
19620.2
19020.5
18362.1
17685.2
17001
16331
15669.1
15068.4
14575
14230.6
14016
13855.6
13648.8
13309.4
