5	5	5	0.408855	-0.339795	-0.737451
5	5	15	0.425475	-0.212925	-0.372035
5	5	25	0.332969	-0.194136	-0.357719
5	5	35	0.328049	-0.19233	-0.327433
5	5	45	-0.26144	-0.64687	-0.21917
5	5	55	-1.39318	-1.02423	-0.971342
5	5	65	-1.00999	-0.774425	-0.898221
5	5	75	-0.410787	-0.681007	-0.596054
5	5	85	0.0513521	-0.504008	-0.686395
5	15	5	1.69925	-0.0707269	-1.17518
5	15	15	0.441701	0.441012	-0.513786
5	15	25	0.347291	0.166198	-0.218198
5	15	35	0.551926	-0.325572	-0.363691
5	15	45	0.00337208	-0.502683	-0.440227
5	15	55	-1.83108	-0.564839	-0.96693
5	15	65	-1.64148	0.511385	-1.24916
5	15	75	-0.453745	0.171558	-0.659018
5	15	85	0.328274	-0.229289	-1.04731
5	25	5	2.79265	2.02979	-2.77903
5	25	15	2.10052	1.07657	-2.97059
5	25	25	2.18621	0.609526	-0.645354
5	25	35	1.85572	-0.044155	0.946863
5	25	45	1.19332	-0.621028	0.341567
5	25	55	-2.31422	-0.548695	-3.00283
5	25	65	-2.89105	0.891001	-3.97676
5	25	75	-1.00514	0.672192	-1.79635
5	25	85	1.3456	0.692548	-1.27674
5	35	5	2.48454	2.35666	-2.51856
5	35	15	1.38554	0.598304	-1.30194
5	35	25	1.08384	0.012581	-0.0224899
5	35	35	1.49396	0.165637	0.571431
5	35	45	1.33884	0.753045	0.238617
5	35	55	-0.359842	0.11865	-0.731293
5	35	65	-0.61895	0.144145	-1.4175
5	35	75	0.170446	0.0833037	-0.714289
5	35	85	2.12049	1.49699	-1.99333
5	45	5	1.0123	0.399213	-0.664374
5	45	15	0.378176	-0.192541	-0.211399
5	45	25	0.391962	0.0586305	-0.247746
5	45	35	0.80362	0.178567	-0.248977
5	45	45	0.594043	0.20231	-0.168068
5	45	55	-0.0321387	0.160756	-0.266854
5	45	65	-0.100768	0.0997443	-0.334148
5	45	75	0.348008	0.174295	-0.436612
5	45	85	1.09229	0.352937	-1.10712
5	55	5	1.33384	-2.06438	-1.00732
5	55	15	1.32687	-1.39494	-1.36972
5	55	25	1.76083	-1.80978	-0.773232
5	55	35	1.64131	-1.61762	0.0193533
5	55	45	0.97753	-1.35029	0.0505503
5	55	55	0.111119	0.0580723	-0.995964
5	55	65	-0.40166	-0.134857	-0.63991
5	55	75	-0.0397793	-0.852751	-0.547415
5	55	85	1.33263	-1.40771	-0.50561
5	65	5	2.04736	-3.39021	-1.88781
5	65	15	2.56607	-4.89116	-3.35729
5	65	25	4.39417	-8.16937	-2.41642
5	65	35	3.23029	-4.62799	0.688044
5	65	45	0.965532	-1.94033	0.270238
5	65	55	-1.43504	-2.98395	-2.4687
5	65	65	-3.93252	-5.68406	-4.23925
5	65	75	-2.31384	-7.88741	-4.12809
5	65	85	1.68415	-5.24239	-0.0340115
5	75	5	1.4526	-2.68905	-1.1115
5	75	15	1.44227	-2.96079	-2.12549
5	75	25	3.06388	-4.03843	-0.787067
5	75	35	1.0454	-2.27798	0.623731
5	75	45	-0.263787	-1.13636	-0.256683
5	75	55	-1.84514	-2.18287	-1.66307
5	75	65	-3.63681	-4.3319	-3.75724
5	75	75	-3.42374	-5.59367	-2.79318
5	75	85	-0.502724	-2.77966	-0.146865
5	85	5	0.729696	-1.54618	-1.17444
5	85	15	0.756597	-1.91369	-1.45465
5	85	25	0.550358	-0.991629	-0.136559
5	85	35	0.383231	-0.760969	-0.230205
5	85	45	-0.0219343	-0.784114	-0.500797
5	85	55	-1.71537	-2.19724	-1.8732
5	85	65	-2.40259	-2.70459	-2.41485
5	85	75	-1.5469	-2.34849	-0.79776
5	85	85	-0.090846	-1.81061	-0.303185
15	5	5	0.121193	-0.970912	-0.954281
15	5	15	0.635797	-0.54364	-0.838805
15	5	25	0.239971	-0.161699	-0.139038
15	5	35	-0.027322	-0.310229	0.0538115
15	5	45	-0.759511	-0.968489	0.466454
15	5	55	-0.140234	-0.862152	-0.343001
15	5	65	0.0453491	-0.636417	-0.756187
15	5	75	-0.490723	-0.709043	-1.23229
15	5	85	-0.850483	-1.22362	-1.69459
15	15	5	0.104398	-0.588185	-1.66438
15	15	15	0.98766	0.467401	-1.07803
15	15	25	0.287075	0.341205	-0.126472
15	15	35	-0.246035	-0.166933	0.582049
15	15	45	-1.12817	-0.92449	0.911306
15	15	55	-0.422827	-0.832968	-0.49005
15	15	65	-0.304362	0.220657	-1.58765
15	15	75	-0.4764	-0.243389	-1.54186
15	15	85	-0.915008	-1.36671	-1.9954
15	25	5	1.74457	2.03065	-4.45717
15	25	15	3.77251	2.57395	-5.57024
15	25	25	3.71401	0.648671	-1.84361
15	25	35	2.24611	-0.502711	2.29094
15	25	45	-0.237179	-0.195091	3.02454
15	25	55	-0.553955	0.00391534	-2.436
15	25	65	0.355351	-0.0854989	-4.71248
15	25	75	0.667441	-0.181686	-2.78246
15	25	85	0.539389	-0.342823	-1.95819
15	35	5	2.01316	2.35734	-3.64909
15	35	15	3.08069	1.07133	-3.14148
15	35	25	3.60988	-0.93755	-0.723293
15	35	35	3.18986	-1.17861	1.44852
15	35	45	1.3436	0.271209	1.03895
15	35	55	0.539838	-0.114167	-0.525661
15	35	65	1.10977	-0.968442	-2.16118
15	35	75	1.29248	-0.720063	-1.05239
15	35	85	1.39304	0.653242	-1.97008
15	45	5	0.987709	-0.190142	-1.37298
15	45	15	1.28742	-0.651206	-0.826824
15	45	25	1.00807	-0.76556	0.215523
15	45	35	1.51391	-0.615842	0.884807
15	45	45	1.03247	0.0915738	0.00984124
15	45	55	1.16805	0.194892	-0.778306
15	45	65	0.548531	-0.15263	-0.452849
15	45	75	0.969024	0.0625476	-0.587578
15	45	85	0.981604	0.259358	-1.49118
15	55	5	2.35719	-2.14343	-1.88084
15	55	15	2.8862	-0.421998	-2.28738
15	55	25	2.43172	0.0168497	-1.04758
15	55	35	2.39201	0.25646	1.09525
15	55	45	1.79999	-0.457519	0.223057
15	55	55	1.6136	0.165679	-1.00568
15	55	65	1.5587	0.225353	-1.03685
15	55	75	1.27928	-0.025089	-0.863516
15	55	85	1.54784	-1.54371	-1.16102
15	65	5	4.99807	-4.4324	-2.2117
15	65	15	5.28694	-4.39956	-3.95118
15	65	25	7.28919	-5.17485	-4.31185
15	65	35	5.79746	-3.63898	-0.187092
15	65	45	3.70249	-1.56575	1.19104
15	65	55	2.90489	-1.94189	-2.00157
15	65	65	2.78872	-3.32932	-3.81415
15	65	75	3.49655	-3.96837	-3.46523
15	65	85	4.83719	-4.63868	-1.97032
15	75	5	2.48701	-3.4155	-1.98838
15	75	15	3.38316	-3.7576	-2.00769
15	75	25	6.63585	-5.35216	-2.68824
15	75	35	2.65479	-2.99043	0.889014
15	75	45	1.25524	-1.41407	0.908024
15	75	55	0.0662892	-1.96103	-1.50853
15	75	65	0.909864	-3.75057	-4.24368
15	75	75	1.30473	-3.0781	-2.06781
15	75	85	1.78409	-2.81732	-1.56961
15	85	5	0.85864	-1.75478	-1.64266
15	85	15	2.12044	-2.66383	-2.58325
15	85	25	1.88384	-1.97987	-0.484317
15	85	35	0.60357	-1.0243	0.480367
15	85	45	-0.208323	-0.789747	0.329971
15	85	55	-0.0105133	-1.8128	-1.08205
15	85	65	0.738826	-2.25421	-2.09713
15	85	75	0.337428	-1.63988	-1.03308
15	85	85	-0.107448	-1.15592	-1.02165
25	5	5	0.119102	-0.993319	-2.43356
25	5	15	1.24734	-1.09104	-3.40031
25	5	25	-0.722697	-0.264585	0.373179
25	5	35	-1.13725	0.176637	1.8451
25	5	45	-0.336711	-0.675526	0.564155
25	5	55	1.17615	-1.205	-1.17327
25	5	65	0.276819	-0.599497	-1.15797
25	5	75	-0.0218497	-0.682711	-1.10545
25	5	85	-0.579277	-1.0281	-1.80394
25	15	5	-2.06004	-2.43309	-4.90504
25	15	15	-1.12343	0.754633	-4.15815
25	15	25	-3.52653	1.6906	2.7393
25	15	35	-2.86529	1.43437	4.30668
25	15	45	-1.79959	-0.277291	2.57992
25	15	55	0.896907	-0.165753	-2.5928
25	15	65	0.483007	0.0831523	-2.93827
25	15	75	-0.888846	-1.12808	-2.22489
25	15	85	-2.66811	-3.42796	-3.3582
25	25	5	-1.65933	-2.77276	-8.08253
25	25	15	0.104022	-0.502382	-8.03728
25	25	25	1.0004	-0.443749	-2.47816
25	25	35	0.449697	-1.28191	6.44348
25	25	45	-1.37367	-0.809072	5.90208
25	25	55	1.89285	-0.99969	-4.17445
25	25	65	3.16492	-2.66711	-6.23036
25	25	75	1.48341	-3.37094	-3.39311
25	25	85	-1.97831	-3.86293	-3.31601
25	35	5	0.89388	-1.3932	-6.66652
25	35	15	2.40863	-2.79541	-6.81716
25	35	25	4.98135	-3.78087	-3.59233
25	35	35	4.88239	-3.66778	0.934187
25	35	45	2.19639	-0.888599	1.73017
25	35	55	2.47935	-1.1915	-0.891015
25	35	65	3.81682	-3.32965	-2.89324
25	35	75	3.24796	-3.75661	-3.02347
25	35	85	0.831678	-2.51994	-3.32859
25	45	5	1.66085	-1.00935	-4.45918
25	45	15	2.94374	-0.763583	-4.03298
25	45	25	6.57667	-1.19056	1.11101
25	45	35	3.78046	-0.0558534	1.24193
25	45	45	1.64781	-0.262383	0.00355182
25	45	55	1.80791	-0.591021	-1.25093
25	45	65	2.26323	-0.999925	-1.68709
25	45	75	1.85035	-1.1929	-1.21348
25	45	85	0.515674	-1.16441	-2.24164
25	55	5	3.05408	-1.92497	-6.63308
25	55	15	5.14147	2.90285	-6.12924
25	55	25	7.40982	5.38359	-2.06607
25	55	35	5.06744	3.23669	0.102684
25	55	45	2.85592	1.0811	0.359359
25	55	55	2.22249	1.04447	-0.960593
25	55	65	3.70156	1.80842	-2.40095
25	55	75	4.80747	2.34925	-2.56095
25	55	85	1.47902	-0.668416	-3.07118
25	65	5	4.15689	-2.192	-7.54284
25	65	15	6.92404	-1.83411	-8.17278
25	65	25	8.96092	-0.684348	-6.33995
25	65	35	8.15558	0.18692	-1.38666
25	65	45	5.44295	1.12389	1.36014
25	65	55	4.28887	-0.678282	-1.62807
25	65	65	6.83561	0.431655	-2.12012
25	65	75	7.92524	1.26982	-1.92169
25	65	85	3.69106	-0.365184	-3.25681
25	75	5	0.0567931	-1.64965	-6.17871
25	75	15	3.69077	-4.82265	-5.81315
25	75	25	7.13169	-6.9717	-4.02947
25	75	35	4.00578	-3.88283	2.27803
25	75	45	1.73855	-0.793216	3.23815
25	75	55	3.40827	-2.45531	-1.99486
25	75	65	4.71652	-3.13541	-3.38597
25	75	75	4.16798	-3.14525	-1.50428
25	75	85	1.37093	-1.08906	-2.26566
25	85	5	-0.128801	-1.78331	-3.3828
25	85	15	2.44474	-4.33894	-5.11082
25	85	25	2.31181	-4.23683	-0.884291
25	85	35	0.456177	-2.54756	2.46846
25	85	45	0.125695	-1.44401	1.06367
25	85	55	1.91576	-3.20847	-2.04475
25	85	65	1.99438	-2.6584	-1.89933
25	85	75	1.2162	-2.52793	-0.77752
25	85	85	-0.084406	-0.364873	-1.03655
35	5	5	-0.165355	0.747776	-1.72035
35	5	15	-0.850015	1.03409	-1.91542
35	5	25	-1.70186	0.933155	0.344836
35	5	35	-0.524079	0.300223	1.00573
35	5	45	0.427821	-0.488081	0.0341394
35	5	55	0.974346	-1.17661	-2.21866
35	5	65	0.231583	-0.398469	-0.935834
35	5	75	0.333333	-0.455362	-0.877157
35	5	85	0.158736	-0.517037	-0.995782
35	15	5	-3.33115	-1.7902	-4.58536
35	15	15	-4.34567	2.19712	-3.87578
35	15	25	-7.01613	3.51461	1.78733
35	15	35	-2.47975	2.23274	3.82906
35	15	45	0.282451	-1.31584	1.4619
35	15	55	2.24069	-0.0898372	-5.2668
35	15	65	0.024623	-0.0347178	-4.01251
35	15	75	-1.48442	-1.64871	-2.07593
35	15	85	-2.27276	-4.56034	-2.73915
35	25	5	-6.18501	-6.78798	-6.75813
35	25	15	-8.42256	-5.48267	-6.71894
35	25	25	-7.97787	-6.28717	-1.46796
35	25	35	-4.19837	-4.82279	5.3384
35	25	45	-0.537959	-2.73717	6.3291
35	25	55	3.35573	-2.85204	-6.43672
35	25	65	2.0146	-5.66303	-7.23395
35	25	75	-2.29112	-7.02064	-2.56098
35	25	85	-4.10489	-7.71421	-2.63515
35	35	5	-2.76936	-5.96955	-5.19405
35	35	15	-6.15318	-7.20038	-7.26574
35	35	25	-3.87713	-9.30949	-5.22748
35	35	35	0.822506	-7.51073	-0.208766
35	35	45	1.85188	-2.72464	2.55544
35	35	55	3.25741	-2.33699	-0.982807
35	35	65	4.60418	-5.786	-1.25159
35	35	75	1.22164	-7.14763	-0.781833
35	35	85	0.0541724	-6.11082	-0.0995017
35	45	5	-1.59544	-5.19453	-5.2387
35	45	15	-3.25475	-5.33945	-4.67464
35	45	25	5.38516	-5.37248	0.21645
35	45	35	5.50036	-2.85197	-1.27881
35	45	45	1.66067	-0.320188	0.854463
35	45	55	2.00042	-0.899322	-0.573583
35	45	65	5.05529	-3.15378	-0.929664
35	45	75	3.91621	-3.19507	-0.3175
35	45	85	1.34611	-3.15333	-0.797371
35	55	5	0.367826	-1.65337	-6.31239
35	55	15	0.271514	1.73601	-5.96933
35	55	25	7.00841	5.39903	-3.14066
35	55	35	6.31884	4.45323	-1.56248
35	55	45	2.26185	1.84053	0.644909
35	55	55	2.04688	1.19257	0.00146929
35	55	65	5.84487	3.0574	0.272595
35	55	75	5.59528	4.05515	0.847928
35	55	85	2.1832	1.20242	0.506611
35	65	5	0.307754	4.61837	-7.02919
35	65	15	-0.413498	4.41893	-9.49604
35	65	25	5.7253	5.43364	-6.80217
35	65	35	6.95343	5.2334	-0.201702
35	65	45	4.74797	2.63094	0.0997366
35	65	55	5.07368	0.771343	-2.42379
35	65	65	7.33929	2.62773	-0.645274
35	65	75	5.99476	4.11649	4.07801
35	65	85	2.57913	3.02546	5.06067
35	75	5	-0.911095	2.50415	-7.36624
35	75	15	-1.80427	-0.0872944	-8.34532
35	75	25	1.06184	-0.410116	-2.19491
35	75	35	2.44307	0.669137	3.00533
35	75	45	3.6854	0.731113	1.81816
35	75	55	4.88714	-2.1342	-4.63643
35	75	65	4.32457	-3.75623	-4.20139
35	75	75	4.2494	-2.92403	2.34163
35	75	85	1.69792	1.69746	0.817096
35	85	5	-0.029689	0.870075	-3.16906
35	85	15	-1.22393	-1.26675	-3.13754
35	85	25	-1.29589	-1.51865	0.274524
35	85	35	-0.195004	-0.870241	1.38072
35	85	45	0.870686	-1.15373	0.250802
35	85	55	2.24552	-3.91376	-3.42076
35	85	65	0.656045	-2.36932	-1.54767
35	85	75	0.72745	-1.83541	-0.0417433
35	85	85	0.560102	0.57909	-1.08752
45	5	5	-0.241754	0.390227	-0.581986
45	5	15	-0.797246	0.438823	-0.474464
45	5	25	-0.5315	0.199777	-0.177065
45	5	35	0.0347136	-0.00574829	-0.0465143
45	5	45	0.510062	-0.125957	-0.159723
45	5	55	0.4914	-0.0675595	-0.838091
45	5	65	0.16592	0.0891367	-0.661775
45	5	75	0.431933	-0.135265	-0.387716
45	5	85	0.431974	0.265654	-0.72793
45	15	5	-2.75938	-2.93293	-1.75392
45	15	15	-3.5852	-0.322737	-1.92268
45	15	25	-2.77778	1.13047	0.00777446
45	15	35	-0.759764	0.431442	0.695297
45	15	45	1.20694	-1.28537	-0.0729112
45	15	55	2.67763	0.0196388	-2.71184
45	15	65	1.05902	0.0360789	-2.52954
45	15	75	0.209177	-1.06517	-1.77508
45	15	85	-1.74999	-3.53722	-1.34386
45	25	5	-3.63421	-5.43103	-2.84359
45	25	15	-6.26654	-5.50697	-5.91591
45	25	25	-7.5189	-4.64082	-2.36137
45	25	35	-3.49493	-2.96111	2.3926
45	25	45	0.719047	-2.41272	2.117
45	25	55	3.92825	-1.51551	-4.28406
45	25	65	1.75083	-1.67909	-5.38499
45	25	75	-1.12369	-5.47308	-1.94546
45	25	85	-2.68363	-5.45228	1.43207
45	35	5	-3.3059	-4.65734	-1.93762
45	35	15	-4.22962	-4.85476	-4.89743
45	35	25	-2.89896	-3.38471	-3.03307
45	35	35	-0.529431	-2.13984	-0.549254
45	35	45	0.975407	-1.28279	0.227443
45	35	55	2.04199	-0.858941	-0.621513
45	35	65	1.45487	-1.64605	0.338893
45	35	75	-0.26523	-2.4172	1.6444
45	35	85	-0.876625	-3.36503	1.87862
45	45	5	-2.3082	-4.33298	-3.02559
45	45	15	-2.31291	-3.08816	-3.27061
45	45	25	0.107972	-1.54635	-1.59016
45	45	35	0.149918	-1.0582	-0.847318
45	45	45	0.826314	-0.643023	-0.25259
45	45	55	1.22507	-0.612865	-0.126074
45	45	65	1.22013	-1.00661	0.499501
45	45	75	0.94729	-0.872056	0.877843
45	45	85	-0.225759	-1.06603	0.473216
45	55	5	-1.46386	-0.765245	-1.58364
45	55	15	-1.33421	0.194759	-2.09585
45	55	25	0.515347	0.597905	-2.00839
45	55	35	0.689862	0.319781	-1.16404
45	55	45	0.945736	-0.596206	-0.64979
45	55	55	1.74651	-0.0309525	-0.224374
45	55	65	1.60515	0.76807	0.641968
45	55	75	1.21447	1.08245	1.5612
45	55	85	0.545445	0.536324	1.15251
45	65	5	0.374988	2.05119	-0.178606
45	65	15	-2.17896	1.37263	-5.34748
45	65	25	0.612497	0.81161	-4.02648
45	65	35	1.89066	0.608957	-1.18
45	65	45	3.77717	-0.839253	-0.612318
45	65	55	5.24077	-1.67184	-3.53511
45	65	65	4.65658	-1.87247	-0.59728
45	65	75	2.81734	-1.0927	3.99813
45	65	85	2.44707	0.998227	5.42898
45	75	5	1.26881	3.17568	-1.43912
45	75	15	-1.96163	0.967536	-4.20926
45	75	25	0.312684	1.03966	-2.23707
45	75	35	1.87276	1.04439	0.214095
45	75	45	3.81777	0.665051	0.0279822
45	75	55	5.58367	-1.65485	-3.9404
45	75	65	3.58151	-2.67535	-3.09932
45	75	75	3.6313	-1.87801	2.24508
45	75	85	2.33924	0.788405	2.04815
45	85	5	0.520634	1.10282	-0.161186
45	85	15	-0.868751	-0.0473442	-0.863599
45	85	25	-0.226235	-0.0372425	-0.317216
45	85	35	0.118512	-0.0973714	0.0465518
45	85	45	1.03381	-0.651192	-0.36464
45	85	55	1.44513	-1.13551	-1.37498
45	85	65	0.472359	-0.80419	-0.538933
45	85	75	0.546313	-0.76902	-0.387832
45	85	85	0.698305	0.434803	-0.530662
55	5	5	-0.116915	0.345753	-0.160526
55	5	15	0.024179	0.3371	-0.245199
55	5	25	0.1618	0.056981	-0.154993
55	5	35	0.176458	-0.01784	-0.207218
55	5	45	0.572425	-0.1173	-0.284588
55	5	55	1.67094	0.0967054	-1.09272
55	5	65	0.835669	0.272459	-0.663298
55	5	75	0.555242	0.0291217	-0.305963
55	5	85	0.0325145	-0.0934699	-0.326151
55	15	5	0.153164	-2.63482	-1.15126
55	15	15	0.134678	-0.399851	-0.975973
55	15	25	0.935335	0.657724	-0.553545
55	15	35	0.572145	0.285005	0.0758245
55	15	45	1.496	-0.417335	-0.425554
55	15	55	3.22421	1.05872	-2.41882
55	15	65	3.41219	1.41469	-2.82868
55	15	75	1.66157	-0.178286	-0.952616
55	15	85	0.612087	-1.64213	-0.31854
55	25	5	-1.5716	-3.44074	-0.684449
55	25	15	-0.67382	-3.1896	-4.7604
55	25	25	1.52344	-0.899232	-2.31519
55	25	35	1.55421	0.327229	0.156447
55	25	45	1.73027	0.26418	-0.0872808
55	25	55	3.94118	1.63459	-3.73485
55	25	65	6.00996	0.723591	-4.45044
55	25	75	5.82912	-3.05235	-1.49425
55	25	85	0.84336	-3.18599	2.41452
55	35	5	-1.52884	-2.42912	-1.0404
55	35	15	-0.889132	-1.69425	-2.37711
55	35	25	-0.334224	0.060409	-1.55808
55	35	35	-0.51763	0.063909	-1.12559
55	35	45	-0.126368	0.684422	-1.5627
55	35	55	1.00671	0.786967	-1.04816
55	35	65	1.20718	-0.201022	-0.294316
55	35	75	2.01506	-0.657372	1.35555
55	35	85	0.850618	-2.64366	2.07615
55	45	5	-0.904704	-1.9187	-0.854372
55	45	15	-0.20864	-0.858191	-1.02288
55	45	25	-0.386448	-0.496302	-0.657498
55	45	35	-1.05186	-0.894923	-1.67447
55	45	45	-1.22618	-0.912925	-1.45866
55	45	55	-0.527242	-0.254088	-0.484501
55	45	65	0.116654	-0.283448	0.158832
55	45	75	0.225732	-0.360595	0.370274
55	45	85	0.0560481	-0.715065	0.532059
55	55	5	-0.714551	-1.16457	0.878987
55	55	15	-0.608708	-0.437211	-0.254257
55	55	25	-0.296828	-0.682893	-1.17581
55	55	35	-0.810711	-1.55453	-2.25329
55	55	45	-1.01469	-2.20701	-2.39073
55	55	55	0.45376	-1.5373	-0.92907
55	55	65	0.433982	-0.795086	0.374118
55	55	75	0.6109	-0.106037	0.939178
55	55	85	0.625727	0.522024	1.24388
55	65	5	-0.609691	0.106315	2.38765
55	65	15	-1.10093	-0.752999	-2.70056
55	65	25	0.705271	-1.65192	-2.85907
55	65	35	0.599293	-1.41861	-2.17871
55	65	45	1.21093	-3.10102	-3.63407
55	65	55	3.29369	-4.5906	-3.764
55	65	65	4.45926	-5.47696	-2.38694
55	65	75	2.62467	-2.57766	2.53234
55	65	85	2.5308	0.249325	5.13861
55	75	5	0.326396	1.58031	1.08932
55	75	15	0.5044	-0.437041	-3.06651
55	75	25	1.38685	-1.10323	-1.94694
55	75	35	1.39585	-0.681495	-0.704145
55	75	45	2.17911	-0.498974	-1.23988
55	75	55	3.86904	-2.01078	-2.89636
55	75	65	4.69098	-4.16149	-2.19894
55	75	75	3.2845	-2.53102	1.16237
55	75	85	1.66695	9.6952e-05	2.24251
55	85	5	0.106459	0.684224	0.0086361
55	85	15	0.127051	-0.0123744	0.00284098
55	85	25	0.469628	-0.450471	-0.473215
55	85	35	0.351401	-0.152839	-0.363079
55	85	45	0.739083	-0.39843	-0.411382
55	85	55	1.72528	-0.999373	-1.08389
55	85	65	1.46487	-0.905524	-1.06556
55	85	75	0.72118	-0.762389	-0.00878024
55	85	85	0.378397	0.26413	0.0189814
65	5	5	0.386032	0.0603719	0.199221
65	5	15	1.813	0.557104	-1.36933
65	5	25	1.44235	0.628932	-0.800261
65	5	35	0.687014	0.203365	-0.369269
65	5	45	0.36992	0.0635362	-0.97765
65	5	55	1.90592	0.438745	-2.51067
65	5	65	4.03177	1.28446	-3.10718
65	5	75	1.45013	0.45093	0.613768
65	5	85	-0.354213	-0.137589	0.862408
65	15	5	1.78326	-1.79759	-0.764077
65	15	15	3.50491	1.10352	-2.03639
65	15	25	4.35273	2.28763	-2.85728
65	15	35	2.28974	2.16854	-0.694976
65	15	45	0.672595	1.46332	-1.32293
65	15	55	3.13951	2.78421	-3.97505
65	15	65	6.55313	5.49293	-5.51791
65	15	75	4.67019	2.98865	-0.059854
65	15	85	1.61258	-0.302715	0.720022
65	25	5	2.32296	-2.51815	-0.396497
65	25	15	4.65285	-0.800489	-4.67006
65	25	25	5.72702	2.42079	-3.46095
65	25	35	4.73188	3.86585	-2.46928
65	25	45	1.53694	3.35253	-3.17902
65	25	55	4.01808	4.51476	-6.66498
65	25	65	7.82073	3.4598	-6.46034
65	25	75	8.72356	1.07618	1.11154
65	25	85	3.93176	-1.19933	4.72588
65	35	5	1.12706	-3.11803	-1.05599
65	35	15	1.63994	-1.63509	-2.67629
65	35	25	1.35053	-0.235599	-1.90902
65	35	35	0.473412	0.812022	-1.20351
65	35	45	-1.07921	2.02149	-4.05598
65	35	55	-0.0260337	0.83663	-4.65246
65	35	65	2.06925	0.436536	-1.40905
65	35	75	3.51831	-1.61686	3.24364
65	35	85	2.8544	-3.80073	3.73518
65	45	5	0.919656	-2.41755	-0.896822
65	45	15	0.58174	-1.12812	-1.1207
65	45	25	-0.328223	-0.478619	-0.763813
65	45	35	-0.555759	-0.511898	-1.09841
65	45	45	-1.95015	-0.24669	-2.22982
65	45	55	-1.9807	-0.477931	-2.46435
65	45	65	-0.369377	-0.50682	-0.529118
65	45	75	0.146122	-0.666285	1.04339
65	45	85	1.11129	-1.51309	1.997
65	55	5	0.13692	-1.55333	1.03033
65	55	15	0.128622	-0.211212	-1.25853
65	55	25	0.0329763	-0.579484	-1.24729
65	55	35	-1.46722	-1.80402	-1.7361
65	55	45	-3.12492	-1.49913	-3.77925
65	55	55	-2.4559	-0.381719	-4.42812
65	55	65	-0.638861	-1.01387	-1.63518
65	55	75	0.366878	-0.524687	1.95667
65	55	85	0.609793	0.328437	3.4505
65	65	5	-0.858836	-0.686085	0.741601
65	65	15	1.41793	-0.865877	-4.40149
65	65	25	1.07346	-2.94743	-3.13746
65	65	35	0.665574	-3.99553	-2.64717
65	65	45	-1.67411	-4.05582	-5.82957
65	65	55	0.776902	-5.27673	-7.32828
65	65	65	2.27832	-6.3945	-5.11972
65	65	75	2.07848	-3.3488	3.42276
65	65	85	1.66921	-0.420002	7.71059
65	75	5	0.785238	0.0187211	0.118463
65	75	15	2.5735	-2.15742	-3.60395
65	75	25	2.76495	-2.67707	-3.14486
65	75	35	1.80452	-2.36417	-1.80211
65	75	45	0.534055	-2.14236	-3.83854
65	75	55	1.74282	-3.26754	-4.45373
65	75	65	4.74337	-7.47953	-4.14532
65	75	75	3.41053	-5.27644	1.07812
65	75	85	0.565159	-1.37507	4.34555
65	85	5	0.486378	-0.0980324	0.482769
65	85	15	1.77585	-0.582256	-1.23849
65	85	25	1.58716	-0.936984	-1.1278
65	85	35	0.690668	-0.671178	-0.427503
65	85	45	0.517651	-0.951434	-1.27456
65	85	55	1.47288	-1.70667	-1.71848
65	85	65	3.53433	-4.35817	-3.08176
65	85	75	1.63754	-3.09179	0.810819
65	85	85	-0.663225	-1.21509	1.13389
75	5	5	1.37258	0.000733506	-1.39086
75	5	15	2.5699	0.823683	-2.44409
75	5	25	2.52326	0.910029	-2.01351
75	5	35	1.15274	0.152227	-1.3573
75	5	45	0.289463	-0.85055	-2.29496
75	5	55	0.332894	-1.45605	-3.63524
75	5	65	2.25163	-3.35992	-2.2444
75	5	75	-1.36475	-3.3931	1.95472
75	5	85	-0.0700604	-1.21773	1.25807
75	15	5	1.89738	-0.607268	-1.06367
75	15	15	4.52956	2.92504	-4.33493
75	15	25	4.81632	3.67412	-3.76207
75	15	35	3.77279	3.51368	-2.451
75	15	45	1.1382	1.65284	-3.16916
75	15	55	0.637275	1.84258	-5.20358
75	15	65	3.2058	5.45765	-4.42837
75	15	75	0.660162	3.19244	1.53913
75	15	85	1.1805	-0.111939	2.40839
75	25	5	5.55669	-0.152033	-4.77222
75	25	15	5.8734	1.77903	-6.53149
75	25	25	6.15025	2.21339	-4.05501
75	25	35	5.56387	4.56859	-1.97147
75	25	45	1.93931	4.05724	-6.32385
75	25	55	0.254864	3.94875	-9.01703
75	25	65	2.42374	6.19278	-7.95132
75	25	75	2.57022	2.5972	3.16317
75	25	85	4.47424	0.0544793	6.00125
75	35	5	3.94047	-2.35499	-3.00204
75	35	15	2.32153	-1.71014	-4.00752
75	35	25	1.55366	0.0658918	-1.42801
75	35	35	1.6153	1.54883	-0.41554
75	35	45	0.708561	3.9964	-4.70741
75	35	55	-1.44936	0.699486	-7.53229
75	35	65	-0.506534	1.1683	-4.64799
75	35	75	1.12213	-0.314681	2.64118
75	35	85	3.1569	-1.64601	3.54092
75	45	5	2.10271	-2.59341	-1.7137
75	45	15	0.382413	-1.09617	-1.00678
75	45	25	0.0083668	-0.343925	-0.541792
75	45	35	-0.0279469	0.112593	-0.97716
75	45	45	-0.76081	0.761588	-1.5431
75	45	55	-2.1594	0.0347707	-2.85844
75	45	65	-1.45123	-0.4165	-1.61463
75	45	75	-0.565816	-0.473749	0.987713
75	45	85	1.21169	-1.41225	1.50064
75	55	5	0.753973	-2.75782	-1.81979
75	55	15	-0.0786664	-0.299447	-1.63552
75	55	25	-0.607601	-1.07773	-0.497008
75	55	35	-0.867973	-1.71968	-0.648088
75	55	45	-1.5928	-1.41121	-2.69351
75	55	55	-2.76896	1.88045	-4.12658
75	55	65	-2.42157	0.902023	-2.97303
75	55	75	-1.85508	0.161238	1.40848
75	55	85	-0.139428	-1.49787	1.99981
75	65	5	1.88602	-2.23736	-4.07508
75	65	15	0.842921	-2.92815	-6.61977
75	65	25	-1.43122	-5.17279	-2.90544
75	65	35	-0.96808	-5.77484	-1.41847
75	65	45	-2.15566	-4.45746	-6.14783
75	65	55	-4.14599	-3.82556	-7.88914
75	65	65	-6.43907	-7.09255	-4.45717
75	65	75	-5.46432	-5.64511	2.2771
75	65	85	-1.74368	-3.8958	4.65928
75	75	5	1.19247	-2.31852	-3.62458
75	75	15	2.9914	-4.39546	-5.68661
75	75	25	1.61683	-4.98485	-3.64021
75	75	35	1.42526	-5.2151	-2.586
75	75	45	-0.919952	-3.94234	-5.28592
75	75	55	-1.20836	-5.40517	-3.90247
75	75	65	-6.17157	-9.33257	-0.523473
75	75	75	-4.77462	-7.43776	-0.224141
75	75	85	-1.75044	-3.84198	2.86427
75	85	5	0.888135	-1.0894	-1.41366
75	85	15	2.25477	-2.19078	-2.79908
75	85	25	2.46596	-2.65353	-2.02245
75	85	35	1.7342	-1.66957	-0.952322
75	85	45	0.595267	-2.86996	-2.96376
75	85	55	1.0576	-3.89188	-4.26711
75	85	65	-1.6113	-8.21979	-1.41732
75	85	75	-3.26851	-6.56956	0.394788
75	85	85	-1.25199	-2.77525	1.87908
85	5	5	1.85579	-0.519204	-1.53822
85	5	15	0.839488	-0.136684	-1.43442
85	5	25	1.48515	0.268299	-1.11955
85	5	35	1.38405	-0.189885	-0.792626
85	5	45	0.525072	-1.11275	-1.19663
85	5	55	-1.80914	-2.1819	-2.90866
85	5	65	-2.64741	-2.64841	-2.61011
85	5	75	-1.60689	-2.12108	0.23218
85	5	85	0.430761	-0.646868	-0.417801
85	15	5	3.43831	0.671521	-2.38105
85	15	15	1.43501	1.77996	-2.28331
85	15	25	1.70487	1.3969	-1.40469
85	15	35	2.17153	1.16295	-0.767347
85	15	45	0.563441	-0.862622	-1.7915
85	15	55	-2.37887	-0.603141	-2.95664
85	15	65	-2.88224	1.26522	-2.56637
85	15	75	-1.36919	0.910818	-0.455654
85	15	85	0.705693	-0.561029	-0.270286
85	25	5	5.99028	2.19785	-4.8707
85	25	15	3.38732	1.1796	-4.49389
85	25	25	3.02571	1.55644	-1.74031
85	25	35	3.21145	1.49827	0.551987
85	25	45	2.12172	-0.0514645	-1.9433
85	25	55	-3.75578	-1.23551	-6.66235
85	25	65	-4.4631	1.2251	-5.24023
85	25	75	-2.03318	1.30482	-0.697576
85	25	85	1.24561	0.657614	1.35004
85	35	5	4.34988	0.86712	-3.22615
85	35	15	1.25282	0.124462	-1.46639
85	35	25	0.787789	0.202985	-0.532954
85	35	35	1.83774	1.32749	0.416035
85	35	45	1.71498	2.07523	-1.613
85	35	55	-2.12404	-0.702072	-3.63874
85	35	65	-2.00136	-0.588007	-2.23127
85	35	75	-0.585263	0.0439365	-0.301578
85	35	85	2.03498	1.17875	-0.00156437
85	45	5	1.43774	-1.06627	-1.15131
85	45	15	0.222134	-0.258362	-0.297214
85	45	25	0.385213	-0.131716	-0.461344
85	45	35	0.842164	0.552229	-0.890881
85	45	45	0.287197	0.539556	-0.708518
85	45	55	-1.68027	-0.0132008	-1.63407
85	45	65	-0.856791	-0.133893	-0.601395
85	45	75	-0.18322	-0.253669	-0.307498
85	45	85	1.06346	-0.267142	-0.904704
85	55	5	0.710498	-2.81986	-2.05817
85	55	15	-0.183985	-1.08091	-1.53178
85	55	25	-0.0127645	-1.34768	-0.923331
85	55	35	0.362778	-1.39215	-0.683514
85	55	45	-0.178194	-1.14058	-0.733228
85	55	55	-2.35644	0.916556	-2.28839
85	55	65	-1.97134	0.142025	-1.45644
85	55	75	-1.01077	-0.222722	0.122046
85	55	85	0.0391989	-1.51485	-0.64613
85	65	5	0.940556	-4.55574	-3.25854
85	65	15	-0.737723	-3.89676	-3.69936
85	65	25	-0.226866	-7.31472	-2.38585
85	65	35	-1.57458	-5.72879	-0.786111
85	65	45	-2.22075	-3.85251	-1.85973
85	65	55	-4.28053	-4.01842	-4.20687
85	65	65	-7.51038	-5.58704	-3.12474
85	65	75	-5.77332	-5.43999	-1.33323
85	65	85	-2.14151	-3.9229	-0.606715
85	75	5	1.28264	-3.88649	-2.86218
85	75	15	-0.737549	-4.35227	-3.02603
85	75	25	-1.11943	-4.69807	-1.63407
85	75	35	-0.357071	-3.30274	-0.259613
85	75	45	-0.99863	-3.02102	-2.19161
85	75	55	-2.49639	-3.71036	-2.47638
85	75	65	-6.45954	-6.38167	-1.2498
85	75	75	-5.00567	-6.57369	-1.1782
85	75	85	-2.06453	-3.94308	-0.72781
85	85	5	0.735466	-2.35862	-2.0199
85	85	15	0.0960526	-2.28714	-2.09021
85	85	25	0.989562	-1.71726	-1.03316
85	85	35	1.38136	-1.79972	-0.865563
85	85	45	0.363998	-1.95995	-1.68686
85	85	55	-2.12603	-3.28907	-2.92274
85	85	65	-3.45119	-4.66342	-3.14759
85	85	75	-4.15245	-5.85746	-0.722566
85	85	85	-0.800588	-2.41107	0.557022
