5	5	5	4.74129	-5.26281	-3.24053
5	5	15	2.58678	-2.87612	-0.899387
5	5	25	1.70839	-2.47044	-1.16473
5	5	35	-0.432637	-3.58226	-1.64427
5	5	45	-3.4761	-4.71594	-0.00520175
5	5	55	-4.6712	-4.87552	0.280536
5	5	65	-4.4015	-3.69942	-3.5298
5	5	75	-0.0137713	-2.83961	-4.42902
5	5	85	3.26748	-4.69445	-4.92976
5	15	5	4.79527	-3.99005	-2.52192
5	15	15	1.88503	-1.74132	-0.40838
5	15	25	2.08168	-1.65873	-1.3932
5	15	35	0.559332	-1.25187	-1.28356
5	15	45	-1.08088	-1.55113	-0.285356
5	15	55	-2.71547	-2.58421	0.35268
5	15	65	-1.52269	-1.33462	-1.92387
5	15	75	0.30342	-1.219	-2.29371
5	15	85	3.99564	-2.90755	-2.84301
5	25	5	7.70448	1.15484	-2.68494
5	25	15	3.12192	0.0286486	0.0943442
5	25	25	1.34975	0.0419089	-1.32084
5	25	35	0.402423	0.713376	-1.13852
5	25	45	-0.853886	0.852267	-0.118125
5	25	55	-1.79335	0.55562	0.589736
5	25	65	-0.623879	-0.238385	-1.63565
5	25	75	0.982392	0.327957	-2.78401
5	25	85	5.52013	2.34551	-2.45015
5	35	5	8.88837	4.91702	-3.63192
5	35	15	5.50994	2.42575	-2.91039
5	35	25	2.86256	1.43118	-2.5654
5	35	35	1.84408	1.96593	-2.64438
5	35	45	-0.00627729	2.75805	-1.57128
5	35	55	-1.20297	2.24075	-0.684342
5	35	65	-0.606549	1.62549	-3.91756
5	35	75	2.38015	2.28821	-6.22013
5	35	85	5.3515	3.04031	-3.49274
5	45	5	9.03057	-2.34756	-4.55748
5	45	15	8.39409	1.04471	-3.59257
5	45	25	6.46868	0.812672	-5.19405
5	45	35	5.55333	0.0916654	-5.25331
5	45	45	2.68818	0.369522	-3.59154
5	45	55	-1.03884	1.47012	-0.98077
5	45	65	-1.31554	2.8568	-5.00462
5	45	75	3.4192	-0.0982626	-8.75444
5	45	85	7.32446	-1.89089	-6.84286
5	55	5	6.25564	-4.53552	-2.56604
5	55	15	5.22811	-2.709	-1.69352
5	55	25	5.27724	-1.8883	-4.2849
5	55	35	3.43861	-2.17234	-4.2997
5	55	45	1.04238	-1.70863	-2.67839
5	55	55	-1.23447	-0.4636	-1.23415
5	55	65	-2.47243	-0.253249	-3.87712
5	55	75	1.26602	-3.36076	-5.70183
5	55	85	4.25426	-4.47006	-5.0829
5	65	5	1.80503	-1.93843	-0.0987591
5	65	15	1.82658	-1.82638	-0.364627
5	65	25	2.14243	-2.38737	-2.41423
5	65	35	0.848546	-2.13516	-2.1805
5	65	45	-0.266784	-1.19238	-0.648334
5	65	55	-1.29526	-1.42476	-0.244172
5	65	65	-1.16898	-1.65941	-1.17441
5	65	75	0.416821	-3.21773	-3.37107
5	65	85	2.80104	-3.31839	-3.11035
5	75	5	0.934156	-0.77231	0.0419111
5	75	15	1.32081	-1.57681	-0.133521
5	75	25	1.84574	-1.64416	-2.26515
5	75	35	0.340952	-1.88901	-1.9767
5	75	45	-0.168162	-1.82774	-0.721994
5	75	55	-2.57905	-2.87907	-1.18348
5	75	65	-2.14104	-2.4834	-2.03506
5	75	75	-0.221339	-2.39328	-3.45792
5	75	85	1.76006	-1.06797	-2.69055
5	85	5	3.27991	-3.68152	-0.819057
5	85	15	2.19654	-2.79307	0.337884
5	85	25	1.73664	-3.2226	-1.82185
5	85	35	-1.48939	-3.68515	-2.19995
5	85	45	-3.43096	-3.9316	-0.205804
5	85	55	-4.71029	-4.19154	-0.281215
5	85	65	-4.84743	-4.9127	-3.61212
5	85	75	-0.474628	-4.11772	-5.42862
5	85	85	2.91308	-4.02803	-5.23443
15	5	5	-4.25873	-7.90017	-6.28991
15	5	15	-2.00486	-6.27904	-3.02211
15	5	25	-0.53487	-3.42186	0.0435349
15	5	35	-2.16002	-3.2924	0.21672
15	5	45	-5.05004	-4.80099	0.495116
15	5	55	-4.41803	-4.57905	-0.441107
15	5	65	-3.69357	-4.76923	-4.83116
15	5	75	-3.49237	-5.12262	-7.58995
15	5	85	-4.51059	-6.07844	-6.84774
15	15	5	-1.28898	-5.34988	-5.592
15	15	15	-1.0154	-4.43234	-2.44494
15	15	25	-0.360918	-2.1534	0.00621499
15	15	35	-0.757946	-1.6173	0.109981
15	15	45	-3.21623	-3.43891	1.15194
15	15	55	-3.36614	-3.53739	0.599708
15	15	65	-2.39114	-3.73997	-3.59978
15	15	75	-1.83177	-4.43675	-6.1718
15	15	85	-1.92516	-4.4332	-7.34998
15	25	5	2.07176	-1.45836	-5.89571
15	25	15	1.13441	-0.913171	-1.44978
15	25	25	0.52227	-0.100915	-0.392999
15	25	35	-0.257974	-0.325756	0.32265
15	25	45	-1.43656	-0.357242	0.851144
15	25	55	-1.52955	-0.759672	0.651037
15	25	65	-0.131781	-1.61569	-2.86752
15	25	75	-0.394955	-0.218353	-6.42409
15	25	85	-0.138868	-0.497131	-7.26951
15	35	5	4.36592	2.29771	-7.33724
15	35	15	4.19498	1.51056	-3.40052
15	35	25	1.91819	0.176984	-1.35733
15	35	35	0.696898	0.114319	-0.651156
15	35	45	-1.25353	1.27951	1.13651
15	35	55	-1.8174	1.8623	1.43607
15	35	65	1.53491	1.81186	-5.45649
15	35	75	2.08588	3.90921	-8.99507
15	35	85	1.19764	3.16449	-8.35533
15	45	5	6.44914	-3.4651	-6.92784
15	45	15	7.29811	0.662163	-3.92907
15	45	25	6.18855	1.28302	-3.97572
15	45	35	4.65979	0.753891	-2.69362
15	45	45	2.0199	0.292241	1.19218
15	45	55	-0.576935	1.61579	1.67662
15	45	65	-0.21586	2.63525	-7.43368
15	45	75	1.15339	0.219657	-10.0987
15	45	85	3.46316	-2.59245	-9.63199
15	55	5	4.18928	-3.40711	-3.86115
15	55	15	5.62419	-1.96629	-3.03657
15	55	25	5.01216	-1.54554	-3.86666
15	55	35	2.67761	-1.02815	-2.2609
15	55	45	0.703886	-0.806012	0.279762
15	55	55	-0.600571	-0.970887	-0.245984
15	55	65	0.36454	-0.534302	-6.04274
15	55	75	0.759282	-3.8165	-8.93889
15	55	85	2.12807	-4.0431	-6.62935
15	65	5	1.18693	-1.84403	-1.03433
15	65	15	1.6393	-1.36769	-1.1641
15	65	25	1.26296	-1.10668	-1.25819
15	65	35	0.27631	-0.865069	-0.625793
15	65	45	-0.325562	-0.744621	-0.415942
15	65	55	-0.297609	-0.631624	-0.259576
15	65	65	-0.0244497	-1.5164	-1.99527
15	65	75	-1.83703	-3.85525	-5.68237
15	65	85	0.0220627	-2.98465	-3.38692
15	75	5	0.562444	-1.08972	-0.875592
15	75	15	1.15549	-1.41355	-0.556224
15	75	25	0.849549	-1.51269	-0.952966
15	75	35	-0.161795	-0.948368	-0.667817
15	75	45	-0.751534	-0.750147	-0.383041
15	75	55	-1.303	-1.75294	-1.28114
15	75	65	-1.18794	-1.83778	-1.89643
15	75	75	-1.18761	-1.20282	-4.25806
15	75	85	-0.169218	-0.974119	-2.88928
15	85	5	-3.1074	-6.0095	-3.21516
15	85	15	-1.99431	-5.30493	-0.0253407
15	85	25	-0.382761	-3.49689	0.0519561
15	85	35	-3.37655	-3.99702	0.333668
15	85	45	-3.92231	-3.83345	0.118923
15	85	55	-4.39614	-4.15782	-1.65836
15	85	65	-4.26127	-5.13151	-5.093
15	85	75	-4.07153	-4.10037	-7.35977
15	85	85	-3.55726	-4.20234	-6.16356
25	5	5	-7.47707	-5.42219	-5.0518
25	5	15	-5.32637	-4.8768	-1.79118
25	5	25	-1.91193	-1.80462	0.992443
25	5	35	-2.39954	-2.05867	0.611167
25	5	45	-4.06399	-4.70654	0.424685
25	5	55	-1.65289	-3.8906	-0.812929
25	5	65	-2.10662	-3.90377	-3.35571
25	5	75	-4.47033	-3.65861	-5.90433
25	5	85	-6.25148	-5.06801	-6.20085
25	15	5	-4.00098	-4.33749	-3.8679
25	15	15	-2.21154	-2.57991	-0.632697
25	15	25	-0.19762	-0.69361	-0.0460661
25	15	35	-0.492927	-0.909381	-0.0906855
25	15	45	-1.39035	-2.33929	0.493973
25	15	55	-1.07298	-2.96817	0.817003
25	15	65	-0.88042	-2.98662	-2.38715
25	15	75	-2.84618	-3.47202	-4.02915
25	15	85	-4.17029	-4.1366	-5.06819
25	25	5	-0.908573	-1.37516	-1.43566
25	25	15	-0.409871	-0.873348	-0.458336
25	25	25	0.16744	-0.425068	-0.118572
25	25	35	-0.0092924	-0.47665	0.1931
25	25	45	-0.710987	-0.444414	0.449775
25	25	55	-0.474857	-1.03713	-0.0695854
25	25	65	-0.253015	-2.51133	-2.21424
25	25	75	-2.01196	-3.36666	-3.9319
25	25	85	-2.59742	-3.23922	-3.87427
25	35	5	1.67828	-2.84572	-2.39963
25	35	15	1.85019	-2.83157	-0.987303
25	35	25	1.73038	-1.73286	0.0113393
25	35	35	0.951463	-1.04194	0.0880315
25	35	45	0.502434	-0.623295	0.861262
25	35	55	0.220508	0.550678	1.10054
25	35	65	2.19345	-2.1999	-3.30058
25	35	75	0.629986	-1.55785	-7.57653
25	35	85	0.826063	-1.64016	-5.18982
25	45	5	4.26288	-3.75018	-4.35589
25	45	15	3.94234	-2.61729	-2.03096
25	45	25	2.53371	-0.722826	-0.460527
25	45	35	2.23153	-1.04554	-0.30739
25	45	45	4.04476	-2.25205	1.26896
25	45	55	4.80847	-1.3892	1.60366
25	45	65	5.19229	-0.059304	-4.84333
25	45	75	0.962111	-0.231834	-9.80022
25	45	85	2.68151	-1.86801	-7.94869
25	55	5	2.28055	-1.38414	-2.41981
25	55	15	2.17242	-0.430201	-1.6728
25	55	25	2.03477	-0.333941	-1.04071
25	55	35	1.72613	-0.505166	-0.207775
25	55	45	1.69671	-1.03462	0.384067
25	55	55	2.32895	-0.938464	0.272736
25	55	65	3.57985	-0.49677	-3.73434
25	55	75	2.16797	-2.80718	-7.18114
25	55	85	2.50024	-2.80148	-4.92414
25	65	5	0.487513	-0.70905	-0.990508
25	65	15	0.884815	-0.695119	-0.577625
25	65	25	0.409224	-0.230077	-0.125171
25	65	35	0.291993	-0.259559	-0.189811
25	65	45	0.3285	-0.791743	-0.273997
25	65	55	0.30069	-0.559277	-0.272421
25	65	65	0.551831	-0.599045	-0.778553
25	65	75	-0.412793	-2.58869	-4.98566
25	65	85	-0.358234	-1.34489	-2.61687
25	75	5	0.194064	0.117299	-0.697257
25	75	15	0.462622	-0.575671	-0.0786865
25	75	25	0.387265	-0.663904	-0.224944
25	75	35	0.04312	-0.324863	-0.17447
25	75	45	-0.0833221	-0.224958	-0.36083
25	75	55	-0.150165	-1.36555	-1.27406
25	75	65	-0.213338	-0.868201	-0.936107
25	75	75	-0.662495	-0.213777	-2.60977
25	75	85	-0.555381	0.158831	-1.52556
25	85	5	-3.278	-1.60777	-2.19704
25	85	15	-2.13553	-2.2004	0.370847
25	85	25	-1.60679	-1.68567	0.762361
25	85	35	-2.33175	-2.79302	-0.487612
25	85	45	-2.71577	-3.12697	0.0182965
25	85	55	-2.2246	-3.80863	-1.69263
25	85	65	-2.68316	-4.41874	-4.30869
25	85	75	-3.29129	-1.36981	-4.58137
25	85	85	-3.92618	0.261525	-5.00126
35	5	5	-3.38583	-3.74059	-2.04913
35	5	15	-1.58393	-1.56562	0.259401
35	5	25	-0.435798	-0.510977	0.875643
35	5	35	0.167628	-1.40977	0.037648
35	5	45	1.71795	-4.18594	-0.0672317
35	5	55	3.66076	-4.60067	-0.792346
35	5	65	0.656434	-2.02385	-1.84298
35	5	75	-0.984685	-2.54654	-6.25477
35	5	85	-3.87293	-3.98484	-6.6005
35	15	5	-0.702771	-2.79445	-1.8938
35	15	15	0.0128612	-1.74545	-0.817855
35	15	25	-0.119848	-0.821716	-0.0758017
35	15	35	0.14274	-0.862142	0.212311
35	15	45	1.0855	-2.26469	0.44226
35	15	55	1.8111	-2.73788	0.561326
35	15	65	0.807984	-1.96961	-1.37059
35	15	75	-1.11172	-3.18075	-3.49992
35	15	85	-1.95827	-3.73852	-3.91914
35	25	5	-0.443369	-1.63044	-1.58289
35	25	15	-0.539843	-1.35228	-0.877102
35	25	25	-0.552072	-1.2027	-0.404132
35	25	35	-0.436986	-1.05946	0.269643
35	25	45	0.507044	-0.704982	0.642795
35	25	55	0.824723	-0.869127	-0.0333315
35	25	65	0.902408	-1.79677	-1.7099
35	25	75	-0.102138	-4.31674	-4.56942
35	25	85	0.0294232	-2.88879	-2.99045
35	35	5	1.05865	-2.67074	-2.56479
35	35	15	0.965975	-3.32383	-1.4354
35	35	25	0.319385	-3.43706	-0.910706
35	35	35	1.31789	-2.11647	0.0799343
35	35	45	1.96411	-0.945582	0.89658
35	35	55	3.0944	-0.604339	0.755576
35	35	65	2.96767	-2.88797	-2.30326
35	35	75	2.35838	-3.87739	-4.98374
35	35	85	1.57152	-2.87108	-3.89318
35	45	5	4.80326	-4.13787	-4.31867
35	45	15	4.38488	-4.3778	-2.71538
35	45	25	1.29545	-1.7764	-0.351254
35	45	35	2.72268	-2.70208	-0.56573
35	45	45	6.31017	-4.31992	0.600943
35	45	55	7.69285	-2.85291	0.936843
35	45	65	6.337	-2.62705	-2.82001
35	45	75	3.35186	-2.59327	-4.95526
35	45	85	3.62667	-3.65124	-5.77878
35	55	5	4.72051	-2.67184	-3.82379
35	55	15	2.29341	-1.28576	-0.943088
35	55	25	0.59312	-0.0739968	-0.228433
35	55	35	1.78334	-1.40545	-1.21709
35	55	45	4.96733	-2.7937	-1.09568
35	55	55	4.96362	-1.48573	-0.971456
35	55	65	3.84434	-0.612184	-2.40908
35	55	75	3.43829	-1.47278	-3.46365
35	55	85	4.33663	-2.78205	-4.51421
35	65	5	1.26285	-0.423979	-1.01054
35	65	15	0.582085	-0.347101	-0.28258
35	65	25	0.18735	-0.0384845	-0.0621104
35	65	35	0.461952	-0.394054	-0.50165
35	65	45	1.04549	-0.543011	-0.165807
35	65	55	1.32438	-0.564874	-0.113203
35	65	65	1.01127	-0.224379	-0.520709
35	65	75	3.20746	-0.670415	-3.14921
35	65	85	2.67946	-0.382992	-3.10588
35	75	5	0.707217	0.911332	-0.463387
35	75	15	0.399202	0.204527	-0.0619068
35	75	25	0.224176	-0.270203	-0.223178
35	75	35	0.43146	-0.214435	-0.0312
35	75	45	0.848037	0.0184698	-0.353993
35	75	55	0.881079	-0.430297	-0.617549
35	75	65	0.686019	-0.24635	-0.571514
35	75	75	2.20861	0.310649	-2.3857
35	75	85	1.85246	1.81638	-2.7406
35	85	5	-0.386568	0.977271	-2.08988
35	85	15	-0.0482258	0.448974	1.30977
35	85	25	-0.250186	-0.588884	0.627234
35	85	35	0.168238	-0.875855	-0.704013
35	85	45	1.13209	-2.25332	-1.15763
35	85	55	1.62403	-2.84549	-1.51616
35	85	65	0.0791092	-2.77739	-2.91264
35	85	75	0.56107	0.348825	-4.51606
35	85	85	-0.863692	2.58879	-6.53939
45	5	5	0.918982	-0.975205	-2.98574
45	5	15	2.31582	-0.494804	0.317748
45	5	25	1.33987	0.0184496	0.824799
45	5	35	2.76254	-2.52059	-0.65668
45	5	45	5.80237	-5.40018	-1.10581
45	5	55	6.55113	-5.57431	-3.12143
45	5	65	4.50272	-3.90331	-2.68237
45	5	75	4.59068	-3.67247	-6.22403
45	5	85	1.57966	-3.51943	-6.09725
45	15	5	1.96967	-3.92303	-2.39937
45	15	15	2.52676	-4.44994	-2.248
45	15	25	0.452434	-2.03556	-0.538
45	15	35	0.92425	-2.54416	-0.164578
45	15	45	3.7468	-4.26686	0.866767
45	15	55	3.79926	-4.04481	0.350514
45	15	65	2.43395	-2.53872	-1.2625
45	15	75	2.07457	-2.58712	-2.62145
45	15	85	1.28423	-3.09704	-2.51544
45	25	5	0.356251	-2.81855	-1.96617
45	25	15	-0.621786	-2.65053	-1.67962
45	25	25	-0.859988	-2.0306	-0.916507
45	25	35	-0.307948	-1.98036	-0.410733
45	25	45	1.5066	-1.78271	0.987761
45	25	55	2.23782	-1.58963	0.852294
45	25	65	2.23068	-2.36821	-1.9054
45	25	75	2.14597	-2.77634	-2.62512
45	25	85	1.16614	-2.26992	-2.07225
45	35	5	0.24419	-4.40681	-3.08147
45	35	15	-2.37849	-6.28683	-1.52607
45	35	25	-3.11303	-3.96856	-2.2242
45	35	35	-0.39746	-3.11878	-1.76562
45	35	45	3.79535	-0.808322	0.12109
45	35	55	4.35205	-0.329207	1.10008
45	35	65	3.60624	-3.3539	-1.25082
45	35	75	3.35145	-3.00516	-3.72834
45	35	85	2.34265	-3.65602	-3.98572
45	45	5	2.12402	-5.55237	-4.07366
45	45	15	0.654405	-6.92178	-3.09804
45	45	25	-2.26632	-4.81969	-4.26622
45	45	35	0.511169	-4.03973	-4.13665
45	45	45	7.45158	-3.8745	-2.3991
45	45	55	8.18044	-3.92634	-0.787985
45	45	65	6.69434	-3.70198	-2.21593
45	45	75	4.37123	-2.76409	-3.69974
45	45	85	3.76101	-4.2405	-4.52873
45	55	5	3.85625	-3.08532	-4.01364
45	55	15	2.35501	-3.45135	-3.81137
45	55	25	-0.0457639	-1.32876	-2.72479
45	55	35	2.40196	-1.92624	-2.72148
45	55	45	7.24991	-4.90208	0.0415068
45	55	55	7.33689	-4.04732	-2.00609
45	55	65	4.67364	-1.56907	-2.20254
45	55	75	3.52169	-1.69142	-2.74176
45	55	85	3.18176	-1.94557	-3.11027
45	65	5	4.07315	0.268616	-3.75024
45	65	15	1.52107	0.966883	-2.21962
45	65	25	0.449429	0.467134	-1.61892
45	65	35	1.69476	-0.489995	-2.20831
45	65	45	5.49205	-2.86232	-1.12815
45	65	55	4.63428	-2.12073	-0.48034
45	65	65	2.06267	-0.252487	-0.963493
45	65	75	3.76829	0.369399	-3.1595
45	65	85	4.32627	1.02982	-3.54147
45	75	5	3.00891	4.92606	-1.4797
45	75	15	1.75895	3.68303	-1.5416
45	75	25	0.885387	1.7545	-0.947506
45	75	35	1.38397	1.0445	-1.05192
45	75	45	3.54316	1.67661	-1.93788
45	75	55	3.47406	1.32012	-0.911072
45	75	65	1.95708	0.541995	-0.807297
45	75	75	3.20004	1.80209	-2.50804
45	75	85	2.92067	3.01967	-2.52812
45	85	5	4.14957	5.97605	-3.16089
45	85	15	3.00754	6.0431	-0.00135091
45	85	25	1.03696	2.44506	-0.0656985
45	85	35	1.91182	0.448855	-1.60519
45	85	45	5.39573	0.373523	-3.55215
45	85	55	6.137	-1.09942	-2.03514
45	85	65	4.32478	-1.51443	-2.47624
45	85	75	3.95692	1.33379	-3.73798
45	85	85	3.78705	3.63703	-3.99991
55	5	5	2.60966	0.518059	1.22497
55	5	15	3.12522	2.17599	2.42145
55	5	25	2.11325	1.99995	-1.8756
55	5	35	4.28895	-2.60013	-5.88752
55	5	45	7.88532	-4.84192	-4.48232
55	5	55	7.7057	-5.33552	-3.84493
55	5	65	6.77033	-3.94946	-3.77499
55	5	75	6.21876	-2.09098	-5.85652
55	5	85	5.48097	-0.106601	-4.81809
55	15	5	1.32803	-4.08909	-0.405905
55	15	15	2.25815	-3.86976	-0.539744
55	15	25	0.121399	-1.89709	-1.89648
55	15	35	1.36974	-2.79309	-2.19895
55	15	45	4.15596	-4.39055	-0.283075
55	15	55	4.80021	-4.51873	-0.525419
55	15	65	3.39413	-2.90968	-1.48129
55	15	75	3.56421	-3.30501	-2.78762
55	15	85	2.98044	-3.93172	-1.38755
55	25	5	1.0226	-2.98525	-1.14509
55	25	15	1.35652	-3.14231	-1.22133
55	25	25	-0.0854358	-1.10965	-1.86152
55	25	35	0.62478	-1.95467	-2.2225
55	25	45	2.79126	-2.41175	-0.872193
55	25	55	2.96042	-2.19811	0.526186
55	25	65	2.42248	-2.54349	-0.909012
55	25	75	2.53452	-2.8596	-2.0706
55	25	85	1.59422	-2.49621	-1.3237
55	35	5	-2.48985	-6.51276	0.16028
55	35	15	-3.24532	-6.31602	-1.81129
55	35	25	-4.19416	-0.17932	-4.19377
55	35	35	-0.853332	0.375329	-6.09779
55	35	45	4.09261	-0.642371	-3.63869
55	35	55	4.34934	-1.14749	-0.498192
55	35	65	2.15946	-3.11307	-0.815618
55	35	75	2.17736	-4.17488	-2.32324
55	35	85	0.434839	-4.67685	-0.688679
55	45	5	-1.8765	-8.23127	2.35967
55	45	15	-3.39585	-7.43528	-2.86613
55	45	25	-4.4461	-3.21616	-7.40925
55	45	35	1.01322	-3.11222	-8.84561
55	45	45	4.76119	-4.20383	-6.83791
55	45	55	4.4162	-3.46425	-2.91341
55	45	65	2.73932	-4.16855	-1.64666
55	45	75	1.20451	-4.60899	-1.52701
55	45	85	1.39486	-6.99998	1.17695
55	55	5	0.17817	-6.08629	2.15079
55	55	15	-0.544213	-5.48059	-2.3027
55	55	25	-3.24897	-4.2695	-6.87297
55	55	35	1.12602	-4.71166	-6.83459
55	55	45	5.47457	-5.33057	-4.86285
55	55	55	5.02203	-5.75624	-4.8424
55	55	65	1.41341	-4.48278	-2.65362
55	55	75	1.53946	-2.99926	-0.866736
55	55	85	1.63341	-4.67788	0.900498
55	65	5	3.31054	1.9357	-0.208869
55	65	15	2.8186	2.0395	-2.87566
55	65	25	-1.37538	-1.21743	-5.87758
55	65	35	2.3306	-1.35948	-5.91879
55	65	45	7.95459	-0.762537	-3.61541
55	65	55	7.81612	-1.56816	-4.2531
55	65	65	3.48191	-0.88582	-0.905491
55	65	75	1.90957	-0.0840286	-1.09526
55	65	85	2.96257	0.479402	-0.158927
55	75	5	3.25129	7.47799	0.838089
55	75	15	3.49264	6.31137	-1.75102
55	75	25	0.659931	4.02867	-4.16563
55	75	35	3.01511	3.52988	-4.05648
55	75	45	6.65253	3.7913	-3.3212
55	75	55	6.46499	4.89084	-4.36968
55	75	65	3.63109	2.72877	-1.63153
55	75	75	2.46009	2.31356	-0.669751
55	75	85	3.97587	5.48209	0.982058
55	85	5	4.07214	7.92225	0.1392
55	85	15	4.59587	7.79459	-0.638264
55	85	25	2.54185	5.04015	-4.35934
55	85	35	4.5576	3.22513	-4.37153
55	85	45	7.38979	4.42303	-5.6018
55	85	55	8.16617	2.84955	-4.82496
55	85	65	7.00862	0.812817	-2.8858
55	85	75	5.11824	3.36879	-2.97942
55	85	85	5.93893	7.17877	-1.32025
65	5	5	3.32156	-0.405728	1.50501
65	5	15	4.76229	1.95349	2.32544
65	5	25	4.24014	1.36362	-3.91565
65	5	35	4.88129	-2.32771	-7.43406
65	5	45	6.47114	-2.12619	-5.30075
65	5	55	6.29967	-2.935	-2.91779
65	5	65	5.4647	-1.05213	-2.30238
65	5	75	4.73007	-1.1153	-4.06649
65	5	85	5.24461	-1.36718	-2.53175
65	15	5	1.35456	-2.21297	0.969922
65	15	15	1.92031	-1.82214	-0.107136
65	15	25	0.312427	-1.08589	-2.27009
65	15	35	0.955858	-1.89073	-3.51073
65	15	45	2.44565	-2.35008	-2.11656
65	15	55	3.41611	-2.65252	-0.671728
65	15	65	2.98284	-1.93228	-0.739516
65	15	75	3.77445	-2.65365	-1.24383
65	15	85	2.68571	-2.73149	0.501094
65	25	5	1.18927	-1.58392	0.254421
65	25	15	0.870653	-1.05499	-0.399813
65	25	25	-0.380394	1.02384	-2.17892
65	25	35	-0.38129	1.49973	-3.91904
65	25	45	1.48532	-0.704069	-1.62571
65	25	55	1.9594	-1.17235	-0.0249493
65	25	65	1.11877	-1.02656	-0.0228277
65	25	75	1.66786	-1.74646	-0.599151
65	25	85	1.54325	-1.67375	0.314166
65	35	5	-1.17341	-5.52806	1.35526
65	35	15	-1.51639	-5.30661	-1.41317
65	35	25	-2.09049	1.77588	-5.42014
65	35	35	-0.1109	3.70685	-8.36396
65	35	45	1.52091	-0.601496	-4.66571
65	35	55	0.822744	-2.17526	-1.78385
65	35	65	0.455665	-2.84942	0.601013
65	35	75	-0.8675	-4.50367	0.128066
65	35	85	-1.36063	-4.87846	1.54081
65	45	5	-3.16614	-9.0367	3.21548
65	45	15	-2.43129	-8.28525	-3.7335
65	45	25	-3.67093	-1.99833	-9.29557
65	45	35	0.501532	-0.961924	-10.0904
65	45	45	1.79742	-4.39395	-9.20306
65	45	55	-1.5199	-6.75775	-5.86636
65	45	65	-3.40596	-5.88313	-2.33812
65	45	75	-3.94123	-6.71645	0.489504
65	45	85	-2.61106	-9.21651	5.65228
65	55	5	-1.70316	-5.7901	5.46433
65	55	15	-0.515167	-5.01396	-1.22142
65	55	25	-3.12973	-5.2165	-8.63003
65	55	35	-0.10766	-5.12572	-9.13571
65	55	45	0.061223	-5.04632	-8.44577
65	55	55	-1.97716	-4.08223	-4.491
65	55	65	-1.08523	-2.22875	-1.0127
65	55	75	-1.44726	-3.4134	-0.565232
65	55	85	-2.09381	-7.21837	2.42991
65	65	5	1.10171	-2.3138	3.3153
65	65	15	1.3232	-1.72208	-0.265043
65	65	25	-2.13194	-4.12763	-5.50265
65	65	35	-0.944323	-4.55046	-7.11491
65	65	45	0.933723	-3.79778	-5.26044
65	65	55	1.13516	-1.96298	-2.03773
65	65	65	0.555482	-0.535579	-0.248393
65	65	75	0.691569	-0.577339	0.0330754
65	65	85	1.41857	-2.11376	1.75022
65	75	5	1.08194	1.62903	2.37669
65	75	15	2.05731	1.93923	0.376003
65	75	25	-1.38175	-0.246517	-3.95397
65	75	35	-0.777498	-0.941819	-5.56714
65	75	45	2.86174	0.131383	-3.61232
65	75	55	2.6943	0.655742	-1.75531
65	75	65	1.53245	0.259148	-0.717425
65	75	75	1.43577	0.95455	0.279897
65	75	85	1.80865	1.37308	1.48096
65	85	5	1.85517	2.45674	1.802
65	85	15	3.67163	3.76312	0.30855
65	85	25	1.34943	2.80848	-5.85943
65	85	35	2.43668	2.22675	-6.54345
65	85	45	5.32452	1.61022	-4.39535
65	85	55	4.61298	0.406218	-2.10511
65	85	65	4.29306	-1.04375	-0.798649
65	85	75	2.7538	0.464055	-1.61668
65	85	85	2.71124	1.70056	-0.201559
75	5	5	2.45485	-1.11961	1.06159
75	5	15	4.11221	-0.202409	1.61372
75	5	25	3.44346	-1.28638	-2.5054
75	5	35	2.99453	-3.16702	-5.91598
75	5	45	3.01432	-2.46995	-3.49279
75	5	55	1.51291	-0.94482	-1.32626
75	5	65	1.17951	-0.497827	-0.612874
75	5	75	1.84062	-0.742763	-1.48481
75	5	85	2.3873	-1.83268	-0.691438
75	15	5	1.23306	-1.03056	0.531903
75	15	15	1.49605	-0.416897	0.465829
75	15	25	1.07723	-0.105603	-1.33139
75	15	35	0.807662	-0.362916	-2.60449
75	15	45	0.853873	-0.557219	-1.40077
75	15	55	0.690517	-0.0157053	-0.899586
75	15	65	0.736754	-0.292588	-0.517675
75	15	75	0.800877	-0.477254	-0.419484
75	15	85	0.914321	-0.884513	0.0964033
75	25	5	0.672316	-0.447913	0.0442498
75	25	15	0.866543	-0.385754	-0.164692
75	25	25	0.815209	1.26493	-1.9377
75	25	35	1.37909	3.25083	-4.01585
75	25	45	0.17284	0.274344	-0.729115
75	25	55	0.459618	0.148592	-0.44124
75	25	65	0.289627	-0.10879	-0.275312
75	25	75	0.559853	-0.359251	-0.0660147
75	25	85	0.732324	-0.397184	0.093824
75	35	5	2.19716	-3.53187	-0.374448
75	35	15	2.23871	-3.60384	-0.57108
75	35	25	1.98588	1.37658	-3.28691
75	35	35	1.22854	3.85235	-7.84301
75	35	45	0.589734	0.891112	-4.11945
75	35	55	0.18486	-1.35527	-1.45855
75	35	65	-0.0642841	-2.19625	-1.0676
75	35	75	0.300737	-2.41747	-0.208323
75	35	85	0.809481	-3.07806	0.422836
75	45	5	3.91167	-7.83516	0.548186
75	45	15	1.75972	-5.41205	-3.77593
75	45	25	0.950936	-1.87614	-7.12145
75	45	35	-1.30301	1.1832	-9.90382
75	45	45	-1.62215	-1.97852	-9.90792
75	45	55	-2.07132	-5.16066	-6.76729
75	45	65	-1.82243	-3.76344	-1.997
75	45	75	-2.32725	-4.65083	-0.154296
75	45	85	-1.96855	-7.44927	2.88382
75	55	5	2.22947	-3.48183	1.91838
75	55	15	1.98906	-2.67963	-1.34457
75	55	25	0.00823514	-4.18066	-6.57408
75	55	35	-0.301591	-4.94254	-9.46813
75	55	45	-1.12731	-3.37301	-8.19204
75	55	55	-1.2359	-1.46892	-3.35599
75	55	65	-0.779427	-0.679113	-0.71928
75	55	75	-0.901031	-1.84265	-0.799813
75	55	85	-0.949377	-3.34071	0.334792
75	65	5	0.820295	-1.07249	0.683535
75	65	15	1.15905	-1.2447	-0.061237
75	65	25	-0.129171	-3.48363	-3.78032
75	65	35	-0.660936	-4.50889	-6.04204
75	65	45	-0.135473	-1.708	-2.25324
75	65	55	-0.443569	-0.745807	-0.699479
75	65	65	-0.480484	-0.749825	-0.202268
75	65	75	-0.0676277	-0.787629	-0.0488778
75	65	85	0.18269	-0.931183	-0.0879547
75	75	5	0.551434	-0.00528255	0.376715
75	75	15	1.20345	-0.359547	-0.382181
75	75	25	0.650725	-1.51806	-3.19831
75	75	35	-0.0916046	-2.19861	-3.54752
75	75	45	-0.127087	-0.713816	-1.19291
75	75	55	-0.0871297	-0.948051	-0.867583
75	75	65	0.0327426	-0.814435	-0.211348
75	75	75	0.0385458	-0.513892	-0.115818
75	75	85	0.275106	-0.488879	-0.0721691
75	85	5	1.83137	-0.725353	0.995189
75	85	15	3.15463	0.598846	1.15563
75	85	25	2.09736	-2.4677	-3.44261
75	85	35	1.11815	-2.00446	-4.35238
75	85	45	2.03691	-2.61297	-2.87299
75	85	55	1.46988	-1.90952	-1.27177
75	85	65	1.60424	-1.90767	-0.427259
75	85	75	1.40554	-1.50956	-0.926277
75	85	85	1.43917	-0.849606	-0.624657
85	5	5	3.84972	-2.67553	1.13273
85	5	15	3.25071	-1.15447	1.85121
85	5	25	3.06236	-1.11802	-0.514617
85	5	35	1.84074	-2.58715	-3.32852
85	5	45	1.35085	-3.22942	-3.41719
85	5	55	-1.21435	-3.08384	-0.810735
85	5	65	-1.56189	-1.84513	-0.347701
85	5	75	1.3222	-1.05064	-1.02881
85	5	85	3.13693	-2.82086	-1.07624
85	15	5	2.70856	-2.13135	1.34256
85	15	15	2.06705	-0.972034	0.77647
85	15	25	1.86587	-0.914269	-0.879891
85	15	35	1.55177	-0.580775	-2.21245
85	15	45	0.827853	-0.456223	-1.57044
85	15	55	-0.391947	-0.789181	-0.594272
85	15	65	-0.343743	-0.500086	-0.282837
85	15	75	1.19117	-1.02234	-0.966236
85	15	85	2.13957	-1.52831	-0.15429
85	25	5	2.48314	-0.768494	0.984273
85	25	15	1.69434	-0.345951	0.602636
85	25	25	1.59482	0.454724	-1.10745
85	25	35	2.13548	1.71414	-2.56738
85	25	45	0.435057	1.18757	-1.54014
85	25	55	-0.26627	0.562518	-0.621981
85	25	65	-0.351972	0.230738	-0.29413
85	25	75	0.535928	0.0286664	-0.602054
85	25	85	1.47068	-0.158947	-0.669941
85	35	5	5.91334	-0.600961	0.506294
85	35	15	3.87214	-1.04718	-0.228388
85	35	25	2.75586	1.14574	-2.48493
85	35	35	2.69284	2.41582	-3.86959
85	35	45	1.85354	2.75582	-4.05758
85	35	55	0.337551	0.80765	-2.07521
85	35	65	-0.281176	0.285915	-0.914714
85	35	75	1.3263	-0.0636556	-1.42443
85	35	85	3.52065	-0.570671	-1.06508
85	45	5	8.50558	-5.63694	-0.566785
85	45	15	6.73673	-3.46764	-2.75035
85	45	25	5.65372	-0.698633	-5.11461
85	45	35	2.14252	-0.240996	-7.45962
85	45	45	-0.11207	-1.7547	-8.8095
85	45	55	1.96547	-0.823344	-6.07307
85	45	65	0.411617	0.815351	-1.59374
85	45	75	1.36531	-1.10197	-2.94715
85	45	85	5.72295	-4.25007	-0.550439
85	55	5	6.02261	-4.09893	0.247712
85	55	15	3.44949	-2.5252	-0.696692
85	55	25	2.88798	-2.70763	-3.69233
85	55	35	0.998691	-3.86699	-7.36284
85	55	45	1.29724	-1.63735	-5.65534
85	55	55	0.155541	-0.452209	-2.61331
85	55	65	-1.20855	-0.277703	-1.312
85	55	75	0.0196719	-1.41366	-1.07934
85	55	85	2.77078	-2.61213	-0.452685
85	65	5	2.19046	-1.43228	0.885606
85	65	15	1.86098	-1.58744	0.0477224
85	65	25	1.68772	-2.47079	-2.39077
85	65	35	1.29251	-2.99654	-3.94422
85	65	45	0.64331	-1.97842	-2.12152
85	65	55	-1.28179	-1.6519	-0.824242
85	65	65	-1.16619	-1.32257	-0.633025
85	65	75	-0.121334	-0.988252	-0.461627
85	65	85	0.969663	-1.1879	-0.391933
85	75	5	1.64359	0.0207289	0.739433
85	75	15	1.74664	-0.394635	0.116992
85	75	25	1.54631	-1.36118	-2.00616
85	75	35	1.51987	-1.87022	-3.06479
85	75	45	-0.191712	-1.43936	-1.46348
85	75	55	-2.07931	-2.45611	-1.27535
85	75	65	-1.6536	-2.73302	-0.971122
85	75	75	-0.140344	-0.934309	-0.322065
85	75	85	0.917703	-0.432672	-0.272374
85	85	5	3.00057	-0.858875	0.564448
85	85	15	3.44829	-0.81717	1.48197
85	85	25	2.6751	-2.55385	-2.0003
85	85	35	1.53964	-2.74485	-3.54167
85	85	45	0.255491	-3.17354	-2.18647
85	85	55	-1.81363	-3.62749	-0.723655
85	85	65	-2.15593	-3.24572	-0.547089
85	85	75	1.26689	-1.83643	-0.884726
85	85	85	2.74404	-1.89542	-1.50371
