5	5	5	2.14057	-5.04731	-5.33025
5	5	15	1.6195	-4.03899	-4.10071
5	5	25	1.72143	-3.24243	-3.26418
5	5	35	2.50577	-3.85125	-3.45169
5	5	45	3.59442	-5.14904	-4.85584
5	5	55	3.39885	-4.60838	-4.35623
5	5	65	2.39863	-4.57559	-4.62654
5	5	75	1.16484	-4.32004	-4.48559
5	5	85	1.26983	-4.5371	-4.64525
5	15	5	3.04747	-5.81213	-5.47863
5	15	15	3.08002	-5.60116	-5.08934
5	15	25	2.59446	-5.01639	-4.93609
5	15	35	2.68769	-4.81534	-4.77534
5	15	45	3.11487	-5.00742	-5.00542
5	15	55	3.5074	-5.84512	-5.08281
5	15	65	3.82516	-6.09585	-4.98172
5	15	75	3.73299	-5.44084	-4.48087
5	15	85	3.46175	-6.04478	-5.14689
5	25	5	2.36328	-5.27702	-5.58743
5	25	15	2.59716	-5.15088	-5.12813
5	25	25	2.55648	-5.06522	-5.07933
5	25	35	2.54035	-4.98118	-4.97117
5	25	45	3.45355	-5.06279	-5.88504
5	25	55	2.96649	-5.40516	-5.1997
5	25	65	2.94243	-4.57845	-4.29432
5	25	75	3.01066	-3.55776	-3.45999
5	25	85	2.81425	-5.23442	-5.27923
5	35	5	2.23035	-5.08313	-5.54421
5	35	15	2.45029	-4.98249	-4.98883
5	35	25	2.53033	-4.86057	-4.88089
5	35	35	2.45224	-4.42183	-4.46058
5	35	45	3.15445	-4.13412	-4.79269
5	35	55	2.93426	-4.59976	-4.57485
5	35	65	2.8122	-2.78931	-2.79387
5	35	75	2.76471	-3.036	-3.36786
5	35	85	2.52018	-4.99188	-5.36676
5	45	5	2.35119	-5.18209	-5.82339
5	45	15	2.70945	-5.00164	-5.00366
5	45	25	2.63026	-3.61607	-3.75647
5	45	35	2.49152	-3.16552	-3.08464
5	45	45	2.54875	-2.32543	-2.7649
5	45	55	2.69634	-2.69366	-2.98276
5	45	65	2.49958	-2.01656	-2.58211
5	45	75	2.71473	-2.84071	-3.51843
5	45	85	2.63206	-5.03508	-5.43537
5	55	5	3.01086	-5.38285	-5.46469
5	55	15	2.93427	-4.72483	-4.60569
5	55	25	3.81346	-3.35889	-3.29807
5	55	35	2.86825	-2.54352	-2.58309
5	55	45	0.330232	-3.412	-3.53118
5	55	55	0.821115	-3.31161	-3.77709
5	55	65	1.60791	-2.5317	-3.09686
5	55	75	1.96199	-3.52163	-3.52369
5	55	85	2.48404	-5.22644	-5.40744
5	65	5	2.88735	-5.18789	-5.39858
5	65	15	3.02462	-3.95362	-4.16247
5	65	25	2.76385	-2.32566	-2.86731
5	65	35	3.01868	-2.5975	-3.18184
5	65	45	1.88179	-4.05796	-4.49148
5	65	55	1.85171	-4.94741	-5.49497
5	65	65	1.0999	-4.31968	-4.46071
5	65	75	1.04674	-4.21242	-4.14998
5	65	85	1.7611	-4.96427	-4.92032
5	75	5	2.47236	-5.10145	-5.19963
5	75	15	2.393	-4.14256	-4.42446
5	75	25	2.33486	-2.68546	-3.00606
5	75	35	2.71116	-2.89498	-3.15505
5	75	45	3.47027	-3.6987	-3.80121
5	75	55	3.27285	-4.65389	-5.10332
5	75	65	1.57058	-4.5407	-4.60768
5	75	75	1.14078	-4.33755	-4.35761
5	75	85	1.45826	-4.71261	-4.77242
5	85	5	1.8949	-4.9731	-5.19647
5	85	15	1.46747	-3.30122	-3.36205
5	85	25	1.94663	-2.40127	-2.42449
5	85	35	2.57627	-3.04672	-2.62673
5	85	45	3.51471	-3.45327	-3.75618
5	85	55	3.1814	-3.94391	-4.29519
5	85	65	2.13071	-4.78097	-4.9096
5	85	75	0.531152	-4.11683	-4.27986
5	85	85	0.881662	-4.38949	-4.45646
15	5	5	2.66533	-5.25135	-5.17674
15	5	15	2.00664	-4.02191	-4.08933
15	5	25	1.51377	-2.77163	-2.91588
15	5	35	2.62666	-4.49731	-4.7246
15	5	45	3.11623	-4.96039	-5.52843
15	5	55	2.98517	-4.44152	-4.37561
15	5	65	3.04034	-3.65116	-3.30251
15	5	75	1.81113	-3.29239	-3.24098
15	5	85	2.36094	-5.04079	-5.05461
15	15	5	3.46359	-6.10011	-5.22781
15	15	15	3.36783	-5.88263	-5.15527
15	15	25	2.98561	-5.34803	-4.92969
15	15	35	3.17725	-5.3015	-5.32198
15	15	45	4.46191	-5.55565	-6.4057
15	15	55	3.96078	-5.87623	-5.35281
15	15	65	4.24051	-5.67411	-4.31362
15	15	75	4.54564	-5.19988	-3.27176
15	15	85	4.57813	-6.4884	-4.46648
15	25	5	2.6463	-5.49778	-5.8294
15	25	15	2.59617	-5.14916	-5.17654
15	25	25	2.57552	-5.04523	-5.04197
15	25	35	2.71742	-5.10573	-5.27894
15	25	45	3.95583	-5.1571	-6.43696
15	25	55	3.13133	-5.0476	-5.36134
15	25	65	2.91298	-4.28347	-4.13906
15	25	75	3.07956	-3.30293	-2.8404
15	25	85	3.06793	-4.52001	-4.24397
15	35	5	2.1392	-5.26531	-6.04394
15	35	15	2.52718	-5.14376	-5.17898
15	35	25	2.51122	-5.00259	-5.00264
15	35	35	2.55195	-4.98253	-5.1212
15	35	45	3.63751	-4.98395	-6.18142
15	35	55	3.25481	-4.8071	-5.43842
15	35	65	2.45247	-2.84637	-2.7572
15	35	75	2.7728	-2.62129	-2.6642
15	35	85	2.71323	-4.22574	-4.20563
15	45	5	2.19002	-5.11977	-5.76698
15	45	15	2.5495	-5.1217	-5.09089
15	45	25	2.24949	-4.34012	-4.18017
15	45	35	2.29228	-3.87967	-3.85723
15	45	45	2.9523	-3.0329	-3.83081
15	45	55	2.96079	-2.9612	-3.51344
15	45	65	2.20628	-2.07296	-2.23718
15	45	75	2.30297	-2.46618	-2.61698
15	45	85	2.53713	-4.80769	-4.96532
15	55	5	0.171655	-5.52192	-5.54256
15	55	15	2.11228	-5.30365	-4.70889
15	55	25	3.09183	-3.81927	-3.07849
15	55	35	2.76826	-3.03471	-1.67155
15	55	45	2.42382	-2.6005	-2.4381
15	55	55	1.89064	-2.34739	-2.42977
15	55	65	1.87349	-2.09226	-2.19497
15	55	75	2.19319	-2.69032	-2.61381
15	55	85	0.837269	-4.98524	-5.17138
15	65	5	1.97198	-5.22145	-5.46321
15	65	15	2.10153	-4.52487	-4.44334
15	65	25	2.53668	-2.75447	-2.64411
15	65	35	2.61185	-3.05675	-3.02355
15	65	45	2.46216	-3.18293	-3.24572
15	65	55	1.93774	-4.29383	-4.41094
15	65	65	2.07373	-2.8653	-2.92889
15	65	75	1.81064	-2.30179	-2.34868
15	65	85	1.87124	-4.90339	-5.05407
15	75	5	2.55574	-5.07706	-5.31974
15	75	15	2.35308	-4.3236	-4.42691
15	75	25	1.78353	-2.81808	-2.91322
15	75	35	2.40659	-3.79245	-3.84986
15	75	45	2.84915	-3.25137	-3.48918
15	75	55	2.70921	-3.25757	-3.26305
15	75	65	2.31	-3.16207	-3.21076
15	75	75	1.83607	-3.26395	-3.36422
15	75	85	1.88244	-4.77271	-4.84854
15	85	5	2.55633	-5.0751	-5.32188
15	85	15	1.46944	-3.56239	-3.72806
15	85	25	1.16868	-2.40846	-2.6897
15	85	35	2.5068	-4.18035	-4.38483
15	85	45	2.97305	-4.46275	-4.80505
15	85	55	2.82009	-3.86132	-4.05227
15	85	65	2.477	-3.64401	-3.75234
15	85	75	1.1726	-3.60885	-3.8047
15	85	85	1.3372	-4.49708	-4.63339
25	5	5	3.00611	-5.39435	-5.21892
25	5	15	2.61213	-4.12157	-4.10983
25	5	25	2.04771	-3.43964	-3.58404
25	5	35	2.5167	-4.96862	-5.05112
25	5	45	3.03383	-5.06855	-5.57338
25	5	55	2.95475	-4.58811	-4.81215
25	5	65	3.32089	-3.39646	-3.507
25	5	75	3.01846	-3.39084	-2.84187
25	5	85	3.20092	-4.60976	-4.19646
25	15	5	4.37405	-6.80257	-5.18506
25	15	15	3.60496	-5.84239	-5.00414
25	15	25	3.05467	-4.84843	-4.65098
25	15	35	3.04683	-5.26768	-5.42956
25	15	45	3.59575	-5.41285	-5.79807
25	15	55	4.14599	-5.78615	-5.1478
25	15	65	4.37212	-5.35847	-3.91111
25	15	75	4.8551	-5.14255	-3.08706
25	15	85	4.88943	-6.0026	-3.76792
25	25	5	3.58183	-5.3162	-4.76099
25	25	15	3.02442	-5.23317	-4.83765
25	25	25	2.63969	-4.78885	-4.7049
25	25	35	3.12005	-5.08507	-5.60003
25	25	45	3.78452	-5.14615	-6.24754
25	25	55	3.5111	-4.88427	-5.39724
25	25	65	2.97582	-3.67146	-3.42854
25	25	75	2.9368	-2.96652	-2.78281
25	25	85	3.59526	-3.88711	-3.02374
25	35	5	2.93703	-4.652	-5.19845
25	35	15	2.62325	-5.0469	-5.08983
25	35	25	2.51459	-4.94499	-4.94328
25	35	35	2.45523	-5.06417	-5.2209
25	35	45	3.77609	-5.16502	-6.4244
25	35	55	3.53301	-5.0263	-5.91952
25	35	65	2.68839	-3.24622	-3.28814
25	35	75	2.90989	-2.93525	-2.58045
25	35	85	3.2442	-3.56869	-3.13636
25	45	5	2.65463	-5.03926	-5.72285
25	45	15	2.65355	-5.16203	-5.13281
25	45	25	2.45165	-4.92267	-4.82305
25	45	35	1.69202	-4.78103	-4.80006
25	45	45	2.64812	-4.50072	-5.26083
25	45	55	3.21524	-4.14139	-4.78921
25	45	65	2.73599	-2.9752	-2.84017
25	45	75	2.69979	-2.98714	-2.89928
25	45	85	2.47979	-3.82109	-3.95238
25	55	5	0.227888	-5.09408	-5.35849
25	55	15	1.52942	-4.88319	-4.89163
25	55	25	1.51308	-3.90329	-3.70262
25	55	35	1.88873	-4.04932	-3.26765
25	55	45	2.63548	-3.82401	-3.72316
25	55	55	2.80384	-2.54993	-2.53346
25	55	65	2.41465	-2.56456	-2.46493
25	55	75	2.41511	-2.53379	-2.5725
25	55	85	0.895895	-4.69714	-4.80148
25	65	5	1.31553	-5.1533	-5.55739
25	65	15	1.80377	-4.72161	-4.68886
25	65	25	2.27415	-3.43366	-3.39613
25	65	35	2.36906	-4.218	-3.99398
25	65	45	2.59699	-3.61554	-3.78711
25	65	55	2.78728	-3.21933	-3.27529
25	65	65	2.65222	-2.57236	-2.62555
25	65	75	2.50377	-2.19138	-2.51936
25	65	85	1.58346	-4.55746	-4.62667
25	75	5	2.47236	-5.095	-5.55966
25	75	15	2.46708	-4.60154	-4.62565
25	75	25	2.21482	-3.3636	-3.36455
25	75	35	2.50549	-4.41259	-4.47301
25	75	45	2.58776	-4.48161	-4.66081
25	75	55	2.856	-3.96798	-4.22198
25	75	65	2.98678	-2.62016	-3.21117
25	75	75	2.56635	-2.02828	-2.66845
25	75	85	2.38717	-4.28116	-4.46523
25	85	5	2.63292	-5.01834	-5.2266
25	85	15	1.83203	-3.74148	-3.82682
25	85	25	1.2093	-3.04642	-3.08784
25	85	35	2.41009	-4.9094	-4.9703
25	85	45	2.87455	-4.95946	-5.28346
25	85	55	2.95604	-4.48443	-4.95101
25	85	65	3.14585	-2.94469	-3.6568
25	85	75	2.27238	-2.22105	-2.74095
25	85	85	2.27175	-4.19332	-4.41009
35	5	5	3.32596	-5.44473	-4.91088
35	5	15	2.82779	-3.8803	-3.54865
35	5	25	2.51458	-3.42323	-3.42827
35	5	35	2.749	-4.9369	-5.15774
35	5	45	2.83324	-5.09899	-5.50401
35	5	55	3.27753	-4.74003	-5.36804
35	5	65	3.89995	-3.51237	-4.19568
35	5	75	3.65555	-3.24192	-2.98197
35	5	85	3.77976	-4.1517	-3.46262
35	15	5	4.86386	-5.68897	-3.78513
35	15	15	4.14962	-4.94225	-3.55886
35	15	25	3.1935	-4.32046	-3.76458
35	15	35	3.05303	-5.1597	-5.12087
35	15	45	3.05761	-5.46205	-5.40656
35	15	55	3.43484	-5.0744	-5.25107
35	15	65	4.19989	-4.60731	-3.92149
35	15	75	4.46867	-4.36404	-2.87625
35	15	85	4.92282	-5.16459	-3.04162
35	25	5	4.35815	-4.52435	-3.23781
35	25	15	3.83748	-4.17079	-3.25609
35	25	25	2.89129	-3.58573	-3.3895
35	25	35	3.03933	-4.81786	-5.09122
35	25	45	2.98403	-5.28922	-5.77225
35	25	55	3.03773	-4.3744	-4.59487
35	25	65	2.99501	-3.37187	-3.35851
35	25	75	3.12981	-3.10993	-2.89785
35	25	85	3.51598	-3.70091	-2.96213
35	35	5	3.52146	-3.16969	-3.42763
35	35	15	2.76683	-3.81262	-3.73556
35	35	25	2.64561	-3.7013	-3.82458
35	35	35	2.94498	-5.00538	-5.57669
35	35	45	3.34674	-5.17048	-6.03238
35	35	55	3.14352	-4.69631	-5.26141
35	35	65	2.60363	-3.14347	-3.15599
35	35	75	2.65111	-2.72641	-2.6672
35	35	85	3.18746	-3.03001	-2.87284
35	45	5	3.13875	-3.79884	-4.44311
35	45	15	2.43926	-4.50708	-4.52061
35	45	25	2.39578	-4.8818	-4.86318
35	45	35	2.39426	-5.0424	-5.32098
35	45	45	3.11825	-5.0864	-6.08444
35	45	55	2.62691	-4.56467	-4.99611
35	45	65	2.63671	-3.50229	-3.48029
35	45	75	2.75344	-3.12675	-2.9044
35	45	85	2.71909	-3.33879	-3.39278
35	55	5	2.42906	-5.15588	-5.23743
35	55	15	2.09019	-5.03953	-5.00636
35	55	25	1.08863	-4.4413	-4.32354
35	55	35	1.06759	-4.31899	-4.41854
35	55	45	2.64881	-4.89783	-5.27762
35	55	55	2.87494	-3.6379	-3.54526
35	55	65	2.48833	-3.28743	-3.0851
35	55	75	2.59618	-3.20258	-2.83917
35	55	85	2.39279	-5.05974	-4.87635
35	65	5	2.18625	-5.19997	-5.39707
35	65	15	2.06494	-4.96509	-5.00908
35	65	25	2.04376	-4.52125	-4.48378
35	65	35	2.06737	-4.86123	-4.94008
35	65	45	2.42661	-4.44343	-4.70382
35	65	55	2.67099	-3.10148	-3.18308
35	65	65	3.07208	-2.8769	-2.63341
35	65	75	3.13302	-2.91777	-2.36648
35	65	85	2.65541	-4.65944	-4.32737
35	75	5	2.44645	-4.91497	-5.21167
35	75	15	2.56247	-4.92391	-5.06594
35	75	25	2.48168	-3.99726	-4.01938
35	75	35	2.58336	-4.87239	-4.91243
35	75	45	2.40439	-5.00542	-5.14745
35	75	55	2.61325	-4.73739	-4.82067
35	75	65	3.17613	-3.0901	-3.75713
35	75	75	2.94473	-1.96674	-2.84487
35	75	85	2.63981	-3.70858	-3.94756
35	85	5	2.50991	-4.84573	-5.10816
35	85	15	2.40892	-3.98191	-4.04843
35	85	25	2.09088	-3.11167	-3.13466
35	85	35	2.47059	-4.95058	-5.13114
35	85	45	2.55412	-5.06822	-5.25348
35	85	55	2.83154	-4.75099	-5.05465
35	85	65	3.91572	-2.8616	-4.28137
35	85	75	3.365	-2.15923	-3.40595
35	85	85	2.48279	-3.46718	-3.6618
45	5	5	3.68962	-4.64418	-3.34913
45	5	15	3.09827	-3.91214	-3.43977
45	5	25	2.67709	-3.2025	-3.08799
45	5	35	2.73608	-4.56952	-4.85211
45	5	45	2.61794	-5.14029	-5.54587
45	5	55	2.7973	-5.04353	-5.0703
45	5	65	3.7833	-4.14557	-4.0372
45	5	75	4.07162	-3.51333	-3.30124
45	5	85	3.84066	-3.85244	-2.81532
45	15	5	4.7599	-5.30221	-3.30635
45	15	15	4.59652	-4.79082	-3.10858
45	15	25	3.49765	-3.63837	-2.76901
45	15	35	3.12727	-4.65414	-4.49945
45	15	45	3.20142	-5.48695	-5.62101
45	15	55	3.21096	-5.27272	-5.16685
45	15	65	4.33265	-4.33991	-4.82851
45	15	75	4.07729	-3.75734	-3.37571
45	15	85	4.43024	-4.98368	-3.2998
45	25	5	4.60704	-5.37451	-3.79212
45	25	15	4.55275	-4.48359	-2.84437
45	25	25	3.68221	-3.72036	-2.78651
45	25	35	3.04333	-4.02035	-3.95944
45	25	45	3.45862	-5.70253	-6.28066
45	25	55	3.60308	-4.92819	-5.05518
45	25	65	4.02318	-3.99024	-3.99118
45	25	75	3.29488	-3.52112	-3.23997
45	25	85	3.67997	-5.11516	-4.23979
45	35	5	3.3541	-2.93817	-3.23686
45	35	15	3.29539	-2.97955	-3.47357
45	35	25	2.67283	-2.92893	-2.87373
45	35	35	2.92374	-4.27639	-4.62944
45	35	45	3.15626	-5.24957	-6.56496
45	35	55	3.05502	-4.66213	-4.67323
45	35	65	2.85057	-3.35668	-3.37257
45	35	75	2.90786	-3.31557	-3.26741
45	35	85	3.13477	-3.27352	-3.63841
45	45	5	3.47526	-2.98049	-3.74785
45	45	15	2.93555	-3.09456	-3.45603
45	45	25	2.6826	-3.87359	-3.88391
45	45	35	2.79439	-4.95659	-5.45422
45	45	45	3.12496	-5.14693	-6.69241
45	45	55	2.51903	-4.55349	-4.64587
45	45	65	2.54721	-3.58845	-3.51668
45	45	75	2.62227	-3.1134	-2.90435
45	45	85	3.36636	-3.34697	-3.77304
45	55	5	2.83753	-5.55075	-5.5678
45	55	15	2.5388	-5.41639	-5.22117
45	55	25	2.45481	-5.01019	-4.87455
45	55	35	2.21105	-4.95728	-5.27803
45	55	45	2.89153	-5.1416	-6.0869
45	55	55	2.1591	-4.16205	-4.31739
45	55	65	2.04936	-3.71171	-3.65317
45	55	75	2.29357	-3.9345	-3.62961
45	55	85	3.31125	-5.67953	-5.1549
45	65	5	2.4347	-5.42766	-4.99864
45	65	15	2.70308	-5.14476	-4.82832
45	65	25	2.10714	-4.64479	-4.6454
45	65	35	2.24761	-5.11843	-5.28008
45	65	45	2.52553	-4.93878	-5.66295
45	65	55	2.35828	-3.71636	-3.79657
45	65	65	2.38284	-2.94756	-2.79145
45	65	75	2.70024	-3.06462	-2.21777
45	65	85	3.1471	-5.2697	-4.39312
45	75	5	2.51268	-4.19905	-4.16713
45	75	15	2.5245	-4.60599	-4.62516
45	75	25	2.49203	-4.16362	-4.22712
45	75	35	2.46345	-5.05202	-5.1523
45	75	45	2.48467	-5.0991	-5.50318
45	75	55	2.63589	-5.01111	-5.0853
45	75	65	2.54666	-3.49762	-3.53459
45	75	75	2.57528	-2.41826	-2.42096
45	75	85	2.64285	-3.42622	-3.28407
45	85	5	2.03566	-4.0972	-4.11553
45	85	15	2.46783	-3.71986	-3.90323
45	85	25	2.56894	-3.21734	-3.22029
45	85	35	2.53191	-4.82038	-4.9409
45	85	45	2.61269	-5.09762	-5.60169
45	85	55	2.52273	-5.08108	-5.11669
45	85	65	2.57719	-3.4597	-3.53596
45	85	75	3.14369	-2.61387	-3.04398
45	85	85	2.50301	-2.61972	-2.52958
55	5	5	3.9644	-4.37727	-2.95932
55	5	15	3.61148	-3.8944	-2.74098
55	5	25	3.11725	-3.51452	-2.95978
55	5	35	3.13939	-4.72728	-4.48863
55	5	45	3.43804	-5.42023	-5.80399
55	5	55	3.06191	-5.53151	-5.14972
55	5	65	3.20906	-4.51937	-4.10317
55	5	75	4.11018	-3.9066	-2.7756
55	5	85	4.32533	-4.36286	-2.81012
55	15	5	4.78772	-6.22994	-4.31302
55	15	15	4.86684	-4.85041	-3.29254
55	15	25	3.82775	-3.69228	-2.76026
55	15	35	3.52139	-4.44975	-4.18541
55	15	45	3.17134	-5.44706	-5.53662
55	15	55	3.00084	-5.45026	-5.2604
55	15	65	3.14478	-4.5896	-4.56301
55	15	75	3.6977	-3.96028	-3.56422
55	15	85	4.42345	-5.63596	-4.20038
55	25	5	4.89713	-6.56523	-4.92846
55	25	15	5.52428	-5.25049	-4.14651
55	25	25	4.37682	-4.19553	-3.50547
55	25	35	4.13006	-3.84197	-4.54493
55	25	45	3.65469	-5.58847	-6.18477
55	25	55	4.19543	-5.74993	-5.68294
55	25	65	4.17322	-4.72318	-4.33619
55	25	75	4.55662	-5.0262	-3.80715
55	25	85	4.52185	-6.56029	-5.32184
55	35	5	4.2143	-4.84411	-5.10368
55	35	15	3.96852	-4.3034	-4.83629
55	35	25	3.0178	-3.12942	-3.32364
55	35	35	3.53802	-3.26675	-4.38722
55	35	45	3.94247	-5.22932	-7.02983
55	35	55	3.79793	-4.47481	-5.03991
55	35	65	3.65259	-3.68248	-3.67939
55	35	75	3.60148	-4.12523	-3.73546
55	35	85	3.93803	-4.89717	-5.18938
55	45	5	3.78112	-4.03515	-4.8223
55	45	15	3.35977	-3.4221	-3.79852
55	45	25	2.87224	-3.08178	-2.99243
55	45	35	2.8775	-4.42557	-4.79409
55	45	45	3.30976	-5.12595	-7.48139
55	45	55	2.69437	-4.32354	-4.78309
55	45	65	2.72782	-3.32814	-3.50688
55	45	75	2.5596	-3.38692	-3.50944
55	45	85	3.82128	-3.88769	-4.74628
55	55	5	3.28907	-5.5507	-5.95186
55	55	15	3.28165	-5.52283	-5.64233
55	55	25	2.26787	-5.16233	-5.03419
55	55	35	2.61667	-5.07634	-5.41767
55	55	45	2.57524	-5.1383	-6.81086
55	55	55	1.61146	-4.72195	-4.94294
55	55	65	1.6708	-4.33085	-4.41647
55	55	75	1.6961	-4.46987	-4.47218
55	55	85	3.14907	-5.14208	-5.5777
55	65	5	3.02554	-5.92694	-5.34435
55	65	15	2.95523	-5.12352	-4.90447
55	65	25	2.6039	-4.90354	-4.68137
55	65	35	2.54485	-5.16175	-5.22564
55	65	45	2.60729	-5.11943	-6.00795
55	65	55	1.70452	-4.1208	-4.24295
55	65	65	1.79001	-3.64125	-3.52219
55	65	75	2.48212	-3.56265	-3.03908
55	65	85	3.00903	-5.31229	-4.46299
55	75	5	3.36619	-5.21754	-5.05031
55	75	15	2.74548	-3.92122	-3.8504
55	75	25	2.63996	-3.93923	-3.8918
55	75	35	2.65964	-4.80244	-4.98362
55	75	45	3.15205	-5.08438	-6.19209
55	75	55	2.75	-5.10199	-5.2745
55	75	65	2.55952	-4.14558	-4.13156
55	75	75	2.60468	-2.83279	-2.53132
55	75	85	3.1534	-4.36208	-3.80911
55	85	5	2.44112	-3.73477	-3.56921
55	85	15	2.64159	-3.2254	-3.23224
55	85	25	2.5824	-3.17375	-3.19983
55	85	35	2.67763	-4.92657	-4.90801
55	85	45	3.14184	-5.1648	-5.94955
55	85	55	2.65774	-5.18578	-5.19169
55	85	65	2.62014	-4.15018	-4.03987
55	85	75	2.9177	-2.97821	-2.4102
55	85	85	3.16127	-3.57157	-2.79448
65	5	5	4.15574	-5.5402	-4.72394
65	5	15	3.82909	-4.06901	-3.74494
65	5	25	3.27091	-3.36654	-3.1182
65	5	35	3.08022	-4.0106	-4.20463
65	5	45	3.19506	-5.48422	-5.4784
65	5	55	3.35527	-5.91335	-5.1861
65	5	65	3.98551	-6.03823	-4.64271
65	5	75	4.59902	-4.20021	-3.23126
65	5	85	4.19397	-5.01712	-3.69467
65	15	5	4.02203	-6.14335	-5.17313
65	15	15	3.88944	-4.66875	-3.86767
65	15	25	4.25694	-4.32755	-3.12999
65	15	35	3.66512	-4.29143	-3.68109
65	15	45	3.09205	-5.48011	-5.41749
65	15	55	2.52649	-5.35632	-5.13451
65	15	65	2.79289	-5.00085	-4.78839
65	15	75	3.97519	-3.9353	-4.68827
65	15	85	3.63071	-5.50427	-5.35267
65	25	5	3.91406	-5.9114	-5.61485
65	25	15	4.34473	-5.23748	-4.80386
65	25	25	5.33605	-5.17308	-4.7286
65	25	35	4.59101	-4.06734	-4.55768
65	25	45	3.401	-5.74726	-5.81433
65	25	55	3.53978	-5.77739	-5.30345
65	25	65	3.92756	-4.79125	-4.94154
65	25	75	4.62973	-4.8312	-5.58482
65	25	85	4.52054	-5.99053	-6.00604
65	35	5	4.10578	-5.34116	-6.27184
65	35	15	4.57878	-5.13584	-5.93567
65	35	25	4.43792	-3.81253	-5.04324
65	35	35	4.79499	-3.11282	-4.88773
65	35	45	3.71542	-5.44466	-6.43103
65	35	55	3.63478	-4.57427	-5.33438
65	35	65	3.27913	-3.0822	-3.66443
65	35	75	3.80409	-3.57757	-4.84321
65	35	85	3.92224	-5.14834	-6.29748
65	45	5	3.91064	-4.94836	-6.00843
65	45	15	4.45885	-4.58606	-5.6487
65	45	25	4.49659	-3.0671	-4.41492
65	45	35	4.29503	-3.74378	-5.37915
65	45	45	3.9763	-5.25007	-7.50134
65	45	55	3.70581	-4.22439	-5.69251
65	45	65	2.92646	-3.02005	-3.49691
65	45	75	2.71241	-3.4026	-3.84318
65	45	85	3.74126	-4.9681	-5.97996
65	55	5	3.52382	-6.42165	-5.98325
65	55	15	3.54831	-5.50657	-5.76529
65	55	25	3.14751	-4.87786	-5.62966
65	55	35	3.11468	-4.97777	-5.73693
65	55	45	3.26263	-5.08435	-7.08627
65	55	55	1.83594	-4.50199	-5.56621
65	55	65	1.60988	-5.00564	-5.31409
65	55	75	1.83878	-5.12569	-5.17748
65	55	85	1.74902	-5.96923	-5.80851
65	65	5	3.96257	-5.65733	-6.43799
65	65	15	3.32707	-4.96252	-5.41403
65	65	25	2.51913	-3.78161	-3.97322
65	65	35	2.84795	-4.89842	-5.30528
65	65	45	2.35058	-5.23852	-6.18583
65	65	55	1.5304	-4.6607	-4.82637
65	65	65	1.77395	-4.69284	-4.51064
65	65	75	2.60789	-4.49907	-3.51645
65	65	85	3.19485	-5.73013	-4.95406
65	75	5	4.8952	-6.11174	-6.04957
65	75	15	3.94122	-4.2792	-4.77757
65	75	25	2.96138	-3.37279	-3.40527
65	75	35	2.96177	-4.60961	-4.85053
65	75	45	2.82875	-5.30518	-6.06519
65	75	55	2.5229	-5.37997	-5.40765
65	75	65	2.76511	-4.95206	-4.705
65	75	75	2.988	-3.70661	-3.09057
65	75	85	4.16156	-5.63366	-4.21712
65	85	5	3.93452	-5.51927	-5.41766
65	85	15	3.61062	-3.46458	-3.94176
65	85	25	2.99647	-2.86316	-3.1704
65	85	35	2.86205	-4.10423	-4.55874
65	85	45	2.87413	-5.30374	-5.82016
65	85	55	2.75072	-5.35767	-5.18489
65	85	65	3.04267	-5.04155	-4.52326
65	85	75	3.45878	-3.61447	-2.78321
65	85	85	4.19961	-5.24113	-3.64788
75	5	5	3.62933	-5.85464	-5.49102
75	5	15	3.87165	-4.36108	-4.71749
75	5	25	3.21703	-3.50959	-3.18466
75	5	35	3.22299	-3.78628	-3.33612
75	5	45	3.19027	-5.30169	-5.09886
75	5	55	3.40304	-5.92343	-5.1271
75	5	65	3.28576	-5.66242	-5.04618
75	5	75	3.62399	-4.21044	-3.71094
75	5	85	3.27045	-5.0541	-4.35573
75	15	5	3.27006	-5.44993	-5.57171
75	15	15	3.81639	-5.06938	-5.31701
75	15	25	3.40109	-4.37338	-3.81118
75	15	35	3.41353	-4.16062	-3.5381
75	15	45	3.34958	-5.71544	-5.21664
75	15	55	2.73596	-5.70656	-5.13748
75	15	65	3.59224	-5.80244	-5.40693
75	15	75	4.73617	-4.99124	-6.12146
75	15	85	3.1457	-5.32799	-5.40893
75	25	5	3.1699	-5.20199	-5.75433
75	25	15	3.36323	-4.66046	-5.29177
75	25	25	3.86434	-4.4418	-5.33794
75	25	35	3.38928	-4.34266	-4.4492
75	25	45	3.40246	-5.57142	-5.57501
75	25	55	3.65373	-5.92282	-5.30172
75	25	65	4.4459	-5.01445	-5.83254
75	25	75	4.98071	-4.52763	-6.33428
75	25	85	3.6423	-5.31556	-6.22056
75	35	5	3.34954	-5.10091	-6.1838
75	35	15	4.10434	-4.70088	-6.19535
75	35	25	4.95358	-4.08218	-6.205
75	35	35	4.83058	-3.27386	-4.66681
75	35	45	4.31058	-5.87911	-5.96809
75	35	55	3.64854	-4.71153	-5.2465
75	35	65	4.67286	-3.28707	-5.11967
75	35	75	4.62249	-4.0423	-6.17433
75	35	85	4.08347	-5.08352	-6.71483
75	45	5	3.80858	-5.11934	-6.25856
75	45	15	4.83015	-4.92157	-6.502
75	45	25	5.48876	-3.35624	-5.38276
75	45	35	5.1873	-3.42741	-5.22783
75	45	45	3.87822	-4.76493	-6.55061
75	45	55	3.58739	-3.73977	-4.86958
75	45	65	3.93047	-2.72257	-4.18598
75	45	75	3.92808	-3.41475	-5.01738
75	45	85	4.18636	-5.01182	-6.80874
75	55	5	4.34164	-5.89805	-6.42604
75	55	15	5.73024	-5.98178	-6.45138
75	55	25	4.35666	-4.58652	-6.36574
75	55	35	3.96164	-4.6113	-6.46529
75	55	45	3.57297	-5.04971	-7.27821
75	55	55	2.78836	-5.13961	-6.89699
75	55	65	0.215071	-4.86	-5.72873
75	55	75	-0.984729	-4.71476	-4.46746
75	55	85	1.68962	-5.64904	-5.76867
75	65	5	4.05033	-5.48044	-6.4792
75	65	15	3.54903	-4.75598	-5.80595
75	65	25	3.06465	-3.12477	-4.17038
75	65	35	3.31866	-3.91653	-4.83337
75	65	45	3.32822	-5.27542	-7.14508
75	65	55	2.46118	-5.01927	-6.17493
75	65	65	1.32102	-4.44363	-4.92802
75	65	75	1.07281	-4.20654	-4.03115
75	65	85	2.75717	-5.37035	-5.1567
75	75	5	4.658	-6.53419	-5.87123
75	75	15	4.34887	-5.42142	-4.86394
75	75	25	3.52753	-3.61045	-3.27481
75	75	35	3.12302	-3.78279	-3.60802
75	75	45	3.34483	-5.55194	-6.25316
75	75	55	2.96799	-5.54193	-5.76435
75	75	65	3.10316	-5.81484	-4.98314
75	75	75	3.28774	-5.23934	-3.95893
75	75	85	4.19265	-6.16578	-4.44375
75	85	5	4.13276	-5.87199	-6.04276
75	85	15	4.27794	-4.72694	-4.34218
75	85	25	3.33776	-3.48236	-3.0176
75	85	35	2.89046	-3.26457	-3.17658
75	85	45	2.70706	-5.21107	-5.24508
75	85	55	2.76567	-5.57079	-5.2317
75	85	65	2.70547	-5.42798	-4.84257
75	85	75	3.10561	-3.97983	-3.15352
75	85	85	3.35221	-5.23191	-4.3203
85	5	5	1.8642	-4.93481	-5.11807
85	5	15	2.02306	-4.25957	-4.44322
85	5	25	2.65256	-3.54762	-3.40361
85	5	35	3.04849	-3.76113	-3.20746
85	5	45	3.90706	-5.01734	-4.09531
85	5	55	3.51414	-5.656	-4.72731
85	5	65	2.38864	-5.06205	-4.88595
85	5	75	1.87908	-4.49604	-4.47788
85	5	85	1.18987	-4.52027	-4.50235
85	15	5	2.7186	-5.27158	-5.25644
85	15	15	2.8138	-5.11691	-5.11935
85	15	25	2.6713	-4.59437	-4.58912
85	15	35	3.03076	-4.56612	-4.08846
85	15	45	3.89487	-5.99029	-4.91949
85	15	55	3.74938	-6.17418	-5.0971
85	15	65	3.23306	-5.62204	-4.96639
85	15	75	3.26561	-5.33883	-5.06039
85	15	85	3.36	-5.84817	-5.17226
85	25	5	2.86442	-5.19172	-5.82462
85	25	15	2.93171	-5.06248	-5.3845
85	25	25	2.6109	-5.03226	-5.10988
85	25	35	2.57506	-4.57811	-4.59355
85	25	45	2.86831	-5.02091	-5.28551
85	25	55	3.34623	-5.78226	-5.21905
85	25	65	3.45501	-4.74413	-4.72984
85	25	75	3.85369	-4.69607	-5.34355
85	25	85	2.53217	-5.10226	-5.43672
85	35	5	3.07645	-5.12202	-5.98991
85	35	15	2.83396	-4.80209	-5.0872
85	35	25	3.21321	-4.27178	-4.87359
85	35	35	3.17537	-3.56587	-3.62948
85	35	45	3.71841	-4.98456	-4.61914
85	35	55	3.54778	-4.52282	-4.49609
85	35	65	3.7794	-3.26284	-4.24687
85	35	75	3.96618	-3.95319	-5.29502
85	35	85	3.227	-5.08692	-6.07745
85	45	5	3.21543	-5.22124	-5.92766
85	45	15	3.73505	-4.96201	-6.01007
85	45	25	4.61549	-3.47404	-5.03728
85	45	35	3.88549	-2.7997	-3.87167
85	45	45	2.60477	-3.61916	-4.14508
85	45	55	3.20047	-3.09023	-3.75768
85	45	65	4.00332	-2.30221	-4.03275
85	45	75	3.97879	-3.55368	-5.17009
85	45	85	3.44669	-5.07529	-6.2801
85	55	5	4.01293	-5.46132	-6.04177
85	55	15	4.69904	-4.9816	-5.92762
85	55	25	4.97865	-4.05323	-5.13884
85	55	35	3.94106	-4.11623	-5.64823
85	55	45	0.621495	-5.05744	-6.13063
85	55	55	-0.758916	-4.84547	-5.59786
85	55	65	0.673558	-3.48993	-4.441
85	55	75	1.36359	-3.34202	-3.88771
85	55	85	3.58296	-5.14385	-5.8027
85	65	5	2.9941	-5.22286	-5.87844
85	65	15	3.56626	-4.27397	-5.34235
85	65	25	3.7651	-2.60236	-4.23637
85	65	35	3.75828	-3.13289	-4.4185
85	65	45	3.26143	-4.87025	-6.27789
85	65	55	2.41533	-5.02613	-6.31577
85	65	65	0.728321	-4.26629	-4.55062
85	65	75	0.351702	-3.97958	-4.00168
85	65	85	1.7776	-4.89061	-5.3374
85	75	5	3.00314	-5.53964	-5.45741
85	75	15	3.18606	-4.50431	-4.54445
85	75	25	3.23086	-3.23466	-3.45642
85	75	35	2.96031	-2.77768	-2.76046
85	75	45	4.20649	-4.73474	-5.87596
85	75	55	3.51101	-5.28196	-6.19879
85	75	65	1.99294	-5.33956	-5.05066
85	75	75	1.75806	-4.78979	-4.58727
85	75	85	1.97279	-5.06491	-4.90126
85	85	5	2.37128	-5.10756	-5.1904
85	85	15	2.28932	-4.12347	-4.14469
85	85	25	2.86378	-3.02168	-2.84125
85	85	35	2.76544	-2.93706	-2.46632
85	85	45	4.04692	-4.16135	-4.6362
85	85	55	3.0327	-5.14098	-5.33394
85	85	65	1.99008	-5.06247	-5.00788
85	85	75	1.57183	-4.47728	-4.45861
85	85	85	1.47122	-4.48233	-4.44267
