5	5	5	2.59306	-2.97216	-3.01259
5	5	15	2.59221	-4.05557	-4.09437
5	5	25	2.70073	-5.05064	-5.21053
5	5	35	2.59441	-4.28946	-4.3153
5	5	45	2.60269	-3.44607	-3.39678
5	5	55	2.83625	-3.77269	-4.05091
5	5	65	3.16043	-5.10252	-5.9656
5	5	75	3.20917	-5.08357	-5.77684
5	5	85	2.58067	-4.74162	-4.79044
5	15	5	2.61148	-2.66477	-2.68557
5	15	15	2.63149	-3.51275	-3.5931
5	15	25	2.81394	-4.8136	-5.09627
5	15	35	2.54459	-3.52031	-3.55256
5	15	45	2.47232	-2.98107	-2.98021
5	15	55	2.65209	-3.69409	-3.79312
5	15	65	3.39514	-5.09391	-6.03543
5	15	75	3.32831	-5.10245	-5.87889
5	15	85	2.69699	-4.60237	-4.74833
5	25	5	2.73224	-2.86603	-2.96725
5	25	15	2.67224	-4.03149	-4.0331
5	25	25	2.89262	-4.77863	-5.08102
5	25	35	2.65474	-3.66513	-3.56828
5	25	45	2.9923	-3.28432	-2.84307
5	25	55	3.27108	-4.24603	-3.64599
5	25	65	3.91188	-5.70676	-5.90792
5	25	75	3.54185	-5.50201	-5.6936
5	25	85	2.79638	-5.06244	-5.04699
5	35	5	3.15585	-4.74924	-4.55367
5	35	15	2.77784	-5.23562	-5.06161
5	35	25	2.93635	-5.3855	-5.08755
5	35	35	3.71913	-5.64724	-4.47998
5	35	45	4.22553	-5.27655	-3.60209
5	35	55	4.73186	-5.74149	-3.58069
5	35	65	5.16942	-7.3989	-5.4821
5	35	75	4.72024	-6.88794	-5.44593
5	35	85	3.85517	-5.96245	-4.90498
5	45	5	2.99023	-4.34004	-4.60404
5	45	15	2.69309	-5.09923	-5.18601
5	45	25	2.6623	-5.14378	-5.12085
5	45	35	2.77544	-4.78112	-4.55835
5	45	45	2.8875	-4.54665	-4.21337
5	45	55	2.93681	-4.50345	-4.15768
5	45	65	3.65326	-6.09273	-5.3521
5	45	75	3.62429	-5.93341	-5.14338
5	45	85	3.22471	-4.97286	-4.70252
5	55	5	2.75482	-4.02699	-4.22407
5	55	15	2.62695	-5.06709	-5.1555
5	55	25	2.67659	-5.20313	-5.1626
5	55	35	2.65664	-4.70473	-4.68159
5	55	45	2.61816	-3.9284	-3.86213
5	55	55	2.95066	-3.48998	-3.13119
5	55	65	3.20328	-5.67975	-5.2315
5	55	75	3.11628	-4.72349	-4.76479
5	55	85	3.20172	-3.20623	-3.72455
5	65	5	2.80456	-3.663	-3.75526
5	65	15	2.73861	-5.11487	-5.07968
5	65	25	2.69585	-4.98006	-5.0639
5	65	35	2.69248	-4.63858	-4.53959
5	65	45	2.77468	-3.09387	-2.91116
5	65	55	2.79981	-3.71719	-3.59012
5	65	65	2.7801	-5.10944	-5.26679
5	65	75	2.93789	-4.14424	-4.44709
5	65	85	3.15969	-2.97256	-3.52021
5	75	5	2.7772	-4.18612	-4.05017
5	75	15	2.89482	-5.01215	-4.83212
5	75	25	3.07392	-5.25296	-5.01415
5	75	35	2.83638	-5.03498	-4.85375
5	75	45	2.81555	-4.64473	-4.54357
5	75	55	2.93323	-4.99966	-4.89959
5	75	65	2.95672	-5.16408	-5.56884
5	75	75	2.83435	-4.38148	-4.54874
5	75	85	2.83851	-3.94568	-4.07227
5	85	5	2.71474	-3.1506	-3.11104
5	85	15	2.65503	-4.57449	-4.51208
5	85	25	2.70147	-5.16165	-5.13441
5	85	35	2.85091	-5.03142	-4.90674
5	85	45	2.9714	-4.59585	-4.24166
5	85	55	3.18614	-4.97172	-4.59989
5	85	65	3.58307	-5.64416	-5.66215
5	85	75	3.13119	-4.72795	-4.93599
5	85	85	2.85995	-4.24804	-4.20977
15	5	5	2.59151	-3.4817	-3.50177
15	5	15	2.63302	-4.46256	-4.54135
15	5	25	2.92349	-5.07307	-5.43985
15	5	35	2.70539	-4.50749	-4.65699
15	5	45	2.67299	-3.40898	-3.46793
15	5	55	2.8661	-3.23911	-3.44498
15	5	65	3.06723	-5.04011	-5.87444
15	5	75	2.88169	-5.16724	-5.36933
15	5	85	2.67651	-5.01249	-5.09468
15	15	5	2.57122	-3.01498	-3.01487
15	15	15	2.73111	-4.0795	-4.31904
15	15	25	3.26205	-5.04169	-5.8115
15	15	35	2.61105	-3.82114	-3.88072
15	15	45	2.68158	-2.96994	-3.05242
15	15	55	2.93659	-2.89088	-3.15055
15	15	65	3.3591	-4.97787	-5.84099
15	15	75	3.01526	-5.10445	-5.56576
15	15	85	2.6139	-4.88251	-4.94363
15	25	5	2.61187	-3.57247	-3.55247
15	25	15	2.71108	-4.59334	-4.71331
15	25	25	3.19662	-5.01105	-5.61584
15	25	35	2.64407	-4.45927	-4.40912
15	25	45	2.93835	-3.57551	-3.19339
15	25	55	3.41693	-4.02459	-3.44132
15	25	65	4.39514	-6.03476	-6.01708
15	25	75	3.72832	-5.9219	-5.3827
15	25	85	2.89331	-5.20287	-4.94354
15	35	5	3.23313	-5.34009	-4.8197
15	35	15	3.05146	-5.41696	-5.15652
15	35	25	3.11509	-5.46189	-5.32104
15	35	35	2.90693	-5.27027	-4.91641
15	35	45	3.73136	-5.6111	-4.43185
15	35	55	4.33552	-5.82092	-4.11731
15	35	65	5.28026	-7.36055	-5.81213
15	35	75	4.86869	-7.09335	-5.27299
15	35	85	4.1949	-6.52448	-5.00348
15	45	5	3.18118	-4.80538	-4.81604
15	45	15	2.90328	-5.25482	-5.2714
15	45	25	2.76017	-5.28862	-5.14194
15	45	35	2.70484	-5.17348	-5.02249
15	45	45	2.77097	-5.24867	-5.03047
15	45	55	2.92646	-4.96743	-4.67208
15	45	65	3.6119	-6.03208	-5.35123
15	45	75	4.24968	-6.55426	-5.19087
15	45	85	3.89145	-5.52063	-4.66309
15	55	5	3.29839	-4.03616	-4.73124
15	55	15	2.79199	-5.11721	-5.29386
15	55	25	2.66163	-5.17076	-5.16271
15	55	35	2.66579	-4.83624	-4.88159
15	55	45	2.58256	-4.30224	-4.2716
15	55	55	2.75105	-3.72386	-3.60464
15	55	65	2.90854	-5.47945	-5.30357
15	55	75	2.9279	-4.67464	-4.46548
15	55	85	3.27147	-3.48028	-3.92026
15	65	5	3.18205	-3.7254	-4.33123
15	65	15	2.72027	-5.14365	-5.20654
15	65	25	2.71867	-5.20687	-5.16331
15	65	35	2.61576	-4.86465	-4.84409
15	65	45	2.73616	-3.29706	-3.13369
15	65	55	2.79438	-3.22004	-3.17778
15	65	65	2.7419	-5.08901	-5.2263
15	65	75	2.79888	-3.84505	-4.06957
15	65	85	3.55486	-2.81102	-3.83134
15	75	5	3.0213	-4.39912	-4.50924
15	75	15	2.84014	-4.97424	-5.11898
15	75	25	2.37297	-5.18052	-5.10158
15	75	35	2.6363	-5.04108	-4.62177
15	75	45	3.21862	-4.55502	-3.95333
15	75	55	3.59596	-5.24208	-4.51848
15	75	65	3.39783	-5.75438	-5.3536
15	75	75	3.31828	-5.00291	-5.02969
15	75	85	3.49959	-4.36565	-4.70701
15	85	5	2.63518	-3.63771	-3.72105
15	85	15	2.65353	-4.70051	-4.7622
15	85	25	2.4739	-5.13498	-5.15827
15	85	35	2.79297	-4.9831	-4.80255
15	85	45	3.06437	-4.41552	-3.99947
15	85	55	3.29584	-4.67294	-4.45036
15	85	65	2.97122	-5.29128	-5.38006
15	85	75	3.06786	-5.09018	-5.27722
15	85	85	2.93828	-4.84851	-4.97203
25	5	5	2.70099	-4.11895	-4.15929
25	5	15	2.70278	-4.84076	-5.01848
25	5	25	2.82952	-5.09764	-5.32845
25	5	35	2.75305	-4.33197	-4.52268
25	5	45	2.63149	-3.22605	-3.28949
25	5	55	3.01086	-3.25437	-3.28321
25	5	65	3.15719	-4.91266	-5.58107
25	5	75	2.95445	-5.12638	-5.28485
25	5	85	2.88008	-5.18167	-5.26592
25	15	5	2.57286	-3.5811	-3.5604
25	15	15	3.0524	-4.41055	-4.89049
25	15	25	3.31008	-5.09144	-5.80606
25	15	35	3.18959	-4.16211	-4.71928
25	15	45	2.73061	-3.01949	-2.94039
25	15	55	3.05161	-3.1044	-3.13142
25	15	65	3.87003	-4.65327	-5.91309
25	15	75	2.78652	-4.74458	-4.89927
25	15	85	2.57755	-5.02447	-5.04744
25	25	5	2.67405	-4.15982	-4.03927
25	25	15	3.15444	-4.82249	-5.30151
25	25	25	3.56291	-5.06347	-6.032
25	25	35	2.99396	-4.72405	-4.92134
25	25	45	3.43816	-4.49111	-3.86888
25	25	55	3.82164	-4.52882	-3.81961
25	25	65	4.84277	-6.01943	-6.30543
25	25	75	4.0905	-6.18084	-4.86446
25	25	85	3.13394	-5.60262	-5.02448
25	35	5	3.50162	-5.56783	-4.61885
25	35	15	3.29852	-5.53814	-5.31065
25	35	25	3.50535	-5.4834	-5.67387
25	35	35	3.07678	-5.41513	-5.16947
25	35	45	3.24709	-5.55756	-4.99359
25	35	55	3.66603	-5.63764	-4.84497
25	35	65	5.2628	-6.63531	-6.02847
25	35	75	4.66597	-7.10309	-5.13442
25	35	85	4.20413	-6.65256	-5.06231
25	45	5	3.56329	-4.5911	-3.57885
25	45	15	2.93914	-5.32208	-5.09558
25	45	25	3.20144	-5.70903	-5.14284
25	45	35	3.04493	-5.56822	-5.12927
25	45	45	3.3086	-5.81364	-5.10054
25	45	55	3.12608	-5.523	-4.98932
25	45	65	3.9754	-6.04297	-5.50448
25	45	75	4.45575	-6.91641	-5.15599
25	45	85	4.25484	-6.14134	-4.52336
25	55	5	2.86121	-3.39781	-3.52924
25	55	15	2.74279	-5.14005	-5.07155
25	55	25	2.77076	-5.26074	-5.18247
25	55	35	2.87499	-5.3222	-5.0858
25	55	45	2.68624	-4.93306	-4.80299
25	55	55	2.76451	-4.61347	-4.4012
25	55	65	3.03313	-5.11306	-5.45433
25	55	75	2.98205	-5.08116	-4.79432
25	55	85	2.7346	-3.30399	-3.16134
25	65	5	3.1725	-3.66788	-3.9272
25	65	15	2.6186	-5.0641	-5.12387
25	65	25	2.66348	-5.21118	-5.10468
25	65	35	2.60588	-4.9343	-4.92461
25	65	45	2.68557	-3.67044	-3.57616
25	65	55	2.82426	-3.31776	-3.12633
25	65	65	2.92719	-4.90453	-4.91421
25	65	75	2.74978	-3.8715	-3.69257
25	65	85	2.69418	-2.78955	-2.7689
25	75	5	2.97769	-4.22	-4.39944
25	75	15	2.63172	-5.07255	-5.13426
25	75	25	1.85614	-5.06244	-5.1459
25	75	35	1.71576	-4.64285	-4.68594
25	75	45	2.84132	-3.3593	-3.10388
25	75	55	3.74023	-4.40758	-3.62694
25	75	65	4.06526	-6.14657	-5.29076
25	75	75	3.44	-5.62576	-4.92452
25	75	85	3.37716	-4.48133	-4.45741
25	85	5	2.95817	-4.24293	-4.50713
25	85	15	2.65637	-5.0448	-5.0697
25	85	25	2.28037	-5.17905	-5.24719
25	85	35	2.50389	-4.42281	-4.42805
25	85	45	2.8886	-3.47203	-3.1847
25	85	55	3.33204	-3.92869	-3.44875
25	85	65	3.64814	-5.74329	-5.36813
25	85	75	3.28253	-5.50872	-5.2152
25	85	85	3.30593	-5.05775	-5.34246
35	5	5	2.89907	-4.7579	-4.92305
35	5	15	3.06159	-5.04767	-5.47022
35	5	25	2.95992	-5.16655	-5.62214
35	5	35	3.2976	-4.67211	-5.19758
35	5	45	3.11154	-3.34066	-3.83311
35	5	55	4.09264	-4.21562	-4.77214
35	5	65	3.76429	-4.88925	-4.43554
35	5	75	3.52733	-4.65975	-4.68443
35	5	85	3.10491	-5.14004	-5.21329
35	15	5	2.84756	-4.27037	-4.50851
35	15	15	3.38276	-4.91029	-5.54403
35	15	25	3.72063	-5.20629	-6.17549
35	15	35	3.42207	-4.35596	-4.99842
35	15	45	2.93762	-3.10779	-3.17085
35	15	55	4.16949	-4.47835	-4.58871
35	15	65	4.03469	-5.05717	-5.68804
35	15	75	3.06064	-4.29608	-4.54651
35	15	85	2.87399	-4.76644	-4.95673
35	25	5	3.19948	-5.12657	-4.60318
35	25	15	3.84252	-5.36144	-5.69407
35	25	25	3.81817	-5.46335	-6.02261
35	25	35	3.64511	-5.19903	-5.09862
35	25	45	3.52966	-4.42829	-3.81441
35	25	55	4.52302	-5.85905	-4.82851
35	25	65	5.77744	-6.66923	-6.67189
35	25	75	4.24255	-5.85176	-4.61631
35	25	85	3.72055	-5.63446	-4.50308
35	35	5	3.6772	-5.00532	-4.04134
35	35	15	3.70471	-5.43366	-5.38155
35	35	25	3.90157	-5.46016	-6.0804
35	35	35	3.56888	-5.49593	-5.68366
35	35	45	2.91753	-5.24351	-4.94704
35	35	55	3.76149	-5.7414	-5.41847
35	35	65	5.2173	-6.72937	-6.03847
35	35	75	4.7424	-7.00804	-5.0568
35	35	85	4.34196	-6.28372	-4.57689
35	45	5	3.72934	-4.15834	-2.98083
35	45	15	3.14046	-4.96141	-4.61276
35	45	25	3.56163	-5.60798	-5.60468
35	45	35	3.80365	-6.03206	-5.40465
35	45	45	3.61884	-6.00948	-5.05912
35	45	55	4.30675	-6.73081	-5.22202
35	45	65	4.84205	-6.73745	-5.78093
35	45	75	4.64327	-7.03832	-5.09177
35	45	85	4.57816	-6.46785	-4.52172
35	55	5	2.68769	-2.86587	-2.81001
35	55	15	2.71096	-4.46505	-4.51764
35	55	25	3.0902	-5.29546	-5.50431
35	55	35	3.13694	-5.55583	-5.19412
35	55	45	3.19933	-5.57575	-4.99662
35	55	55	3.41871	-5.70213	-5.12869
35	55	65	3.73532	-5.516	-5.52705
35	55	75	3.35934	-5.68352	-5.16725
35	55	85	3.04372	-3.93391	-3.44248
35	65	5	2.79771	-3.24788	-3.06443
35	65	15	2.77848	-5.07694	-4.92286
35	65	25	2.70501	-5.12483	-5.32957
35	65	35	2.72105	-5.12337	-5.21073
35	65	45	2.62283	-4.10212	-4.09138
35	65	55	2.75814	-3.63885	-3.58028
35	65	65	3.32234	-4.19445	-4.53289
35	65	75	2.80555	-3.99073	-3.7827
35	65	85	2.83724	-3.02019	-2.79489
35	75	5	3.00028	-4.15973	-4.05704
35	75	15	2.78433	-5.13388	-5.1985
35	75	25	2.58173	-5.10287	-5.23026
35	75	35	2.55736	-4.90247	-4.84914
35	75	45	2.69713	-3.05884	-3.00335
35	75	55	2.78008	-2.75392	-2.81738
35	75	65	3.56033	-4.68532	-4.64701
35	75	75	3.39895	-5.58028	-4.8565
35	75	85	2.89638	-4.19939	-3.87382
35	85	5	2.80164	-4.68276	-4.6313
35	85	15	2.96608	-5.18274	-5.19617
35	85	25	3.02761	-5.44187	-5.35685
35	85	35	3.04377	-4.52364	-4.67278
35	85	45	3.28737	-3.37764	-3.068
35	85	55	3.59563	-3.626	-3.50207
35	85	65	3.53921	-5.13301	-4.55208
35	85	75	3.01774	-5.30296	-4.92701
35	85	85	2.89803	-5.08056	-5.01945
45	5	5	3.462	-4.97673	-5.36892
45	5	15	3.83677	-5.43085	-5.73898
45	5	25	3.26822	-5.55926	-5.91644
45	5	35	3.74942	-5.08299	-5.27983
45	5	45	4.30191	-4.03035	-4.33259
45	5	55	4.82076	-5.44454	-5.53859
45	5	65	4.48356	-5.94454	-4.50966
45	5	75	3.53835	-4.80619	-4.11548
45	5	85	3.19956	-4.01718	-4.30626
45	15	5	2.84133	-4.74119	-5.06671
45	15	15	3.97504	-5.15912	-5.99597
45	15	25	3.82338	-5.63209	-5.94127
45	15	35	4.66357	-4.83966	-5.47728
45	15	45	4.88784	-4.21372	-4.78558
45	15	55	5.36251	-6.09898	-6.28432
45	15	65	4.56938	-5.99809	-5.88918
45	15	75	3.82141	-5.01452	-5.0989
45	15	85	3.15511	-4.00839	-4.0638
45	25	5	3.14389	-4.50043	-4.20085
45	25	15	3.77265	-5.16762	-5.84408
45	25	25	4.0609	-5.7408	-5.92399
45	25	35	5.07988	-5.76994	-5.72317
45	25	45	5.52613	-5.47889	-4.94629
45	25	55	5.48923	-6.43382	-6.22263
45	25	65	5.24681	-6.40893	-6.4362
45	25	75	4.30984	-5.41974	-5.3403
45	25	85	3.50384	-4.10827	-3.89064
45	35	5	4.00617	-4.74148	-3.53263
45	35	15	4.10742	-5.10721	-4.91121
45	35	25	3.86532	-5.55017	-6.00018
45	35	35	3.51862	-5.3102	-5.60103
45	35	45	3.59874	-5.12364	-5.14854
45	35	55	3.73301	-5.52682	-5.81922
45	35	65	4.51577	-5.6799	-6.43903
45	35	75	4.19237	-5.84765	-5.11199
45	35	85	3.73781	-4.95773	-4.04455
45	45	5	4.20492	-4.36453	-2.79076
45	45	15	3.6647	-4.41249	-3.89959
45	45	25	4.38622	-5.78999	-6.23802
45	45	35	4.06021	-5.74029	-5.73349
45	45	45	3.43028	-5.51243	-5.01007
45	45	55	3.60265	-5.74425	-5.44386
45	45	65	4.5634	-6.12788	-6.08346
45	45	75	3.48319	-5.51158	-4.78101
45	45	85	3.7304	-4.69335	-3.64347
45	55	5	2.85915	-2.93775	-2.66964
45	55	15	2.98709	-3.71325	-3.64203
45	55	25	4.17068	-5.62857	-6.27078
45	55	35	3.71647	-5.25346	-5.96004
45	55	45	2.79138	-5.02836	-5.13527
45	55	55	2.97796	-5.06408	-5.36287
45	55	65	3.2555	-5.20404	-5.66478
45	55	75	2.89826	-5.28391	-4.98747
45	55	85	3.1349	-4.04415	-3.50043
45	65	5	3.12436	-3.19891	-3.2121
45	65	15	3.07026	-4.55411	-4.43591
45	65	25	3.24272	-5.31559	-5.79372
45	65	35	3.36285	-5.16534	-5.81168
45	65	45	2.92867	-4.52325	-4.85769
45	65	55	2.97471	-4.33928	-4.6829
45	65	65	2.95227	-4.13965	-4.30086
45	65	75	2.77303	-4.35879	-4.18
45	65	85	2.89386	-3.22323	-2.90048
45	75	5	3.59303	-3.94301	-4.56958
45	75	15	3.08149	-4.98386	-5.39032
45	75	25	3.00569	-5.13857	-5.59273
45	75	35	3.13515	-4.88243	-5.35053
45	75	45	2.8851	-3.64204	-3.71533
45	75	55	2.97513	-3.00123	-3.06531
45	75	65	2.9367	-3.47354	-3.41238
45	75	75	2.80106	-4.72657	-4.52179
45	75	85	2.79931	-3.80252	-3.67624
45	85	5	2.94874	-4.5567	-4.99479
45	85	15	3.06489	-5.04066	-5.41015
45	85	25	2.94669	-5.30138	-5.59626
45	85	35	3.15802	-5.10482	-5.02863
45	85	45	3.39151	-3.60447	-3.38973
45	85	55	3.56882	-4.33245	-3.86447
45	85	65	3.31417	-4.50229	-4.00771
45	85	75	2.72009	-4.56851	-4.3874
45	85	85	2.73597	-4.21671	-4.3801
55	5	5	3.20513	-4.14394	-4.45799
55	5	15	3.33386	-4.74873	-5.37278
55	5	25	2.98101	-5.35915	-5.44955
55	5	35	3.77592	-5.44326	-5.4873
55	5	45	4.70012	-4.5187	-4.8809
55	5	55	4.36977	-5.86587	-5.47595
55	5	65	4.38465	-6.59598	-5.14162
55	5	75	3.94084	-5.77881	-4.80594
55	5	85	4.07715	-3.8681	-4.0934
55	15	5	3.02036	-4.55836	-4.72367
55	15	15	3.72782	-5.11275	-5.67154
55	15	25	3.56062	-5.25782	-6.02861
55	15	35	4.07954	-4.44243	-5.53086
55	15	45	5.02678	-4.05251	-5.74694
55	15	55	4.71437	-5.66824	-6.42655
55	15	65	3.72153	-5.81203	-5.49277
55	15	75	3.72559	-5.42887	-5.15613
55	15	85	3.58592	-3.58491	-3.6086
55	25	5	3.1524	-4.03531	-3.67661
55	25	15	4.12302	-5.19157	-5.63197
55	25	25	4.03496	-5.89665	-5.92145
55	25	35	4.88781	-4.642	-5.76002
55	25	45	4.87913	-4.10084	-5.61215
55	25	55	4.83864	-5.54023	-6.69665
55	25	65	4.19217	-5.81768	-5.97488
55	25	75	4.18237	-5.34352	-5.6852
55	25	85	3.37208	-3.61374	-3.62416
55	35	5	3.30526	-3.46207	-2.7531
55	35	15	3.62019	-4.21228	-3.90108
55	35	25	4.25652	-5.64168	-6.07929
55	35	35	4.28463	-4.40231	-4.77432
55	35	45	4.63664	-4.92924	-5.17408
55	35	55	4.15418	-5.45287	-5.97848
55	35	65	4.2856	-5.37744	-6.51178
55	35	75	4.35196	-5.14237	-6.10157
55	35	85	3.46249	-3.99862	-3.7724
55	45	5	2.78139	-2.90835	-2.75833
55	45	15	3.07791	-3.55428	-3.26899
55	45	25	4.19428	-5.38624	-5.66546
55	45	35	4.29184	-4.13798	-4.00837
55	45	45	3.48421	-4.07124	-3.8605
55	45	55	3.48864	-5.14865	-5.41345
55	45	65	4.37654	-5.30499	-6.74338
55	45	75	3.49426	-4.36499	-5.10094
55	45	85	2.83052	-3.21528	-3.29059
55	55	5	2.71123	-2.77169	-2.65167
55	55	15	3.13659	-3.35896	-2.93663
55	55	25	4.02762	-5.62808	-5.23248
55	55	35	3.34229	-4.27121	-4.32474
55	55	45	2.99949	-3.9869	-4.10087
55	55	55	2.83171	-5.11712	-5.23643
55	55	65	3.59324	-5.10299	-6.14156
55	55	75	2.78907	-4.72282	-4.9596
55	55	85	2.59438	-3.21365	-3.17692
55	65	5	3.01905	-3.21642	-2.99082
55	65	15	2.95361	-3.86873	-3.51944
55	65	25	3.42169	-4.87935	-5.5497
55	65	35	3.29354	-4.72432	-5.34503
55	65	45	2.71554	-5.00178	-5.12369
55	65	55	2.67151	-4.75931	-4.87964
55	65	65	2.79144	-4.50042	-4.76
55	65	75	2.73585	-4.26204	-4.08526
55	65	85	2.91206	-3.41964	-3.01988
55	75	5	3.61753	-3.41924	-4.40289
55	75	15	2.78787	-4.81899	-5.05377
55	75	25	3.07505	-5.20472	-5.56826
55	75	35	3.3903	-5.06221	-5.82621
55	75	45	2.89383	-4.42165	-4.44454
55	75	55	2.99423	-3.97163	-3.65164
55	75	65	3.29504	-4.28959	-3.74559
55	75	75	2.99582	-4.12319	-3.68199
55	75	85	2.93827	-3.8476	-3.76638
55	85	5	3.88311	-3.61192	-5.02517
55	85	15	3.28099	-4.69456	-5.42545
55	85	25	2.87648	-5.11911	-5.44431
55	85	35	3.25145	-5.02275	-5.6928
55	85	45	2.78505	-3.72565	-3.88127
55	85	55	2.89026	-4.72647	-4.63324
55	85	65	3.08546	-4.64928	-4.37802
55	85	75	2.76666	-4.17065	-4.05503
55	85	85	3.29565	-3.13076	-3.85423
65	5	5	3.17495	-3.00234	-3.20561
65	5	15	2.95104	-3.83225	-4.01146
65	5	25	2.85426	-4.71473	-4.99633
65	5	35	2.77179	-4.80238	-5.06718
65	5	45	2.67386	-3.94283	-4.08054
65	5	55	2.67406	-5.01718	-5.05394
65	5	65	3.19765	-5.19604	-5.55101
65	5	75	3.00733	-5.06943	-5.03713
65	5	85	3.33748	-3.44273	-3.88393
65	15	5	2.75947	-3.20896	-3.1458
65	15	15	3.05063	-4.15808	-4.63608
65	15	25	2.73466	-4.93342	-5.25779
65	15	35	2.79186	-4.08124	-4.36761
65	15	45	2.73188	-3.3569	-4.13848
65	15	55	3.02868	-4.90917	-5.39071
65	15	65	2.99467	-5.11527	-5.51884
65	15	75	2.9363	-5.17951	-5.36385
65	15	85	3.47677	-3.63359	-4.11603
65	25	5	2.9531	-3.52242	-3.08043
65	25	15	3.60864	-4.00473	-3.98434
65	25	25	3.53421	-5.43587	-5.37988
65	25	35	3.51503	-3.78197	-4.30799
65	25	45	3.49067	-3.32284	-4.40452
65	25	55	3.83783	-4.70343	-5.96506
65	25	65	3.09778	-5.12048	-5.64489
65	25	75	3.03784	-4.94334	-5.38616
65	25	85	2.98071	-3.33773	-3.68017
65	35	5	2.65626	-2.88897	-2.78461
65	35	15	3.27905	-3.7791	-3.50911
65	35	25	4.69619	-5.7767	-5.35312
65	35	35	4.15823	-4.14313	-3.54795
65	35	45	3.93304	-3.68084	-3.4613
65	35	55	4.10819	-4.95002	-5.31003
65	35	65	3.69675	-5.91952	-5.42472
65	35	75	3.51866	-5.06233	-5.66874
65	35	85	2.84068	-3.87677	-3.80083
65	45	5	2.5535	-3.01101	-3.00866
65	45	15	2.67712	-4.10028	-4.21503
65	45	25	3.38874	-4.30778	-4.77086
65	45	35	3.61755	-3.52407	-2.98076
65	45	45	3.31557	-3.15855	-2.99489
65	45	55	3.6539	-4.16305	-4.54019
65	45	65	3.58895	-5.13261	-6.10182
65	45	75	3.77348	-4.57275	-5.61281
65	45	85	2.72438	-3.33604	-3.42621
65	55	5	2.5913	-3.00247	-3.02233
65	55	15	2.95424	-3.41517	-3.13678
65	55	25	3.59849	-3.93001	-3.40337
65	55	35	3.11983	-3.40208	-2.95609
65	55	45	2.73742	-3.07004	-3.0045
65	55	55	2.71788	-4.33683	-4.37
65	55	65	3.51495	-5.10017	-6.09625
65	55	75	3.44207	-4.42301	-5.27209
65	55	85	2.59981	-3.14536	-3.11388
65	65	5	2.85041	-3.12191	-2.96083
65	65	15	2.65431	-3.15068	-3.07348
65	65	25	2.71397	-3.30002	-3.37712
65	65	35	2.63605	-3.29766	-3.33505
65	65	45	2.55324	-4.32028	-4.29812
65	65	55	2.53157	-4.93695	-4.9564
65	65	65	3.47185	-5.08076	-5.88153
65	65	75	2.91673	-4.78243	-4.72773
65	65	85	2.69591	-3.37444	-3.19932
65	75	5	2.92839	-3.13599	-3.43734
65	75	15	2.44985	-4.65136	-4.67497
65	75	25	1.51147	-5.06985	-5.13067
65	75	35	2.23113	-5.11426	-5.23582
65	75	45	2.63148	-4.85334	-4.79379
65	75	55	3.01108	-5.02007	-4.55962
65	75	65	3.57304	-5.5576	-4.93718
65	75	75	3.22587	-3.6532	-3.04285
65	75	85	2.87338	-3.72404	-3.50239
65	85	5	3.37531	-2.73371	-3.53512
65	85	15	2.77383	-4.32873	-4.50876
65	85	25	2.61054	-5.01585	-5.13785
65	85	35	2.66663	-4.82169	-4.9657
65	85	45	2.68428	-4.54325	-4.56134
65	85	55	2.74462	-5.19843	-5.04564
65	85	65	2.88784	-4.92862	-4.8318
65	85	75	2.89108	-4.13254	-4.07334
65	85	85	2.92233	-2.68084	-2.91766
75	5	5	2.63781	-2.57522	-2.57611
75	5	15	2.91197	-3.89475	-3.69551
75	5	25	2.69196	-4.78623	-4.74661
75	5	35	2.59466	-3.96202	-3.96275
75	5	45	2.33375	-3.63927	-3.65658
75	5	55	2.55414	-4.97283	-4.96961
75	5	65	3.57624	-5.10374	-6.1225
75	5	75	2.75672	-5.05591	-5.25786
75	5	85	2.72703	-3.72196	-3.85096
75	15	5	2.65319	-2.80684	-2.62655
75	15	15	2.77355	-2.97771	-2.99728
75	15	25	2.67125	-4.19439	-4.27431
75	15	35	2.45484	-3.57288	-3.59629
75	15	45	1.91123	-2.75625	-2.75607
75	15	55	2.58907	-4.83926	-4.87919
75	15	65	3.15109	-5.09955	-5.71948
75	15	75	2.80266	-5.16104	-5.2926
75	15	85	2.84119	-4.09654	-4.18664
75	25	5	2.61148	-2.78864	-2.6491
75	25	15	3.0107	-3.04246	-3.04294
75	25	25	3.21197	-3.92315	-3.58327
75	25	35	2.83186	-3.39866	-3.23991
75	25	45	2.52904	-3.19963	-3.18004
75	25	55	2.75942	-4.44554	-4.58595
75	25	65	2.81142	-5.11825	-5.33865
75	25	75	2.75543	-5.1019	-5.28631
75	25	85	2.71429	-4.00238	-4.08405
75	35	5	2.63234	-3.28628	-3.2068
75	35	15	2.85245	-4.00321	-4.06304
75	35	25	3.07627	-4.53287	-4.49017
75	35	35	3.50106	-3.78432	-3.00075
75	35	45	3.87785	-3.97684	-2.81207
75	35	55	4.03341	-4.97168	-4.0461
75	35	65	3.93535	-6.23749	-5.33469
75	35	75	3.57464	-5.8024	-5.38519
75	35	85	3.11306	-4.87843	-4.32087
75	45	5	2.55876	-3.42069	-3.41482
75	45	15	2.6025	-4.90612	-4.93672
75	45	25	2.87207	-4.74557	-4.98626
75	45	35	2.96572	-3.50211	-3.21188
75	45	45	2.97131	-3.34068	-2.96129
75	45	55	3.13119	-3.87776	-3.85761
75	45	65	3.25428	-5.42911	-5.44826
75	45	75	3.08986	-5.0984	-5.24481
75	45	85	2.62233	-3.74685	-3.71971
75	55	5	2.39205	-3.08603	-3.08678
75	55	15	2.67357	-4.32184	-4.24105
75	55	25	2.71371	-3.78416	-3.78231
75	55	35	2.71913	-3.94828	-3.82424
75	55	45	2.7824	-3.24531	-3.01486
75	55	55	2.82337	-3.72581	-3.79431
75	55	65	3.14153	-5.10368	-5.63884
75	55	75	3.14124	-4.14333	-4.73082
75	55	85	2.39486	-2.93011	-2.91299
75	65	5	2.51	-2.82053	-2.84066
75	65	15	2.60996	-3.35813	-3.3385
75	65	25	2.61318	-3.30322	-3.32191
75	65	35	2.57397	-3.1242	-3.14327
75	65	45	2.55664	-3.32269	-3.31874
75	65	55	2.55623	-4.74405	-4.73892
75	65	65	3.03683	-5.10839	-5.60862
75	65	75	3.06431	-4.48276	-4.83438
75	65	85	2.37445	-3.02805	-2.91147
75	75	5	3.15094	-3.66273	-3.56217
75	75	15	2.54947	-4.7753	-4.7145
75	75	25	2.13346	-5.04347	-5.02186
75	75	35	2.3128	-4.9457	-4.94676
75	75	45	2.55123	-4.88568	-4.8656
75	75	55	2.73194	-4.96687	-4.86598
75	75	65	3.49625	-5.69875	-5.32433
75	75	75	3.63593	-4.24122	-3.64494
75	75	85	3.5601	-3.91244	-2.97912
75	85	5	2.84456	-2.80047	-2.85116
75	85	15	2.61991	-4.12845	-4.14446
75	85	25	2.63073	-5.01362	-5.01476
75	85	35	2.60311	-4.72186	-4.70422
75	85	45	2.5659	-4.54226	-4.52158
75	85	55	2.75145	-5.17628	-5.11548
75	85	65	3.33584	-5.07361	-5.53359
75	85	75	2.85988	-4.12595	-3.87156
75	85	85	2.87421	-2.91545	-2.82817
85	5	5	2.65561	-2.61607	-2.73733
85	5	15	2.69401	-3.73555	-3.75499
85	5	25	2.75688	-5.06669	-5.10405
85	5	35	2.58422	-4.02741	-4.00512
85	5	45	2.52115	-3.6239	-3.61429
85	5	55	2.68155	-4.64136	-4.75042
85	5	65	3.39671	-5.10443	-5.96271
85	5	75	2.95233	-5.1019	-5.49628
85	5	85	2.66858	-4.23912	-4.35262
85	15	5	2.59355	-2.594	-2.59646
85	15	15	2.59394	-2.97154	-3.01427
85	15	25	2.65241	-4.25245	-4.35351
85	15	35	2.49848	-3.09392	-3.07936
85	15	45	2.15118	-2.91888	-2.91887
85	15	55	2.65107	-4.33561	-4.43554
85	15	65	3.73226	-5.09945	-6.30059
85	15	75	3.18584	-5.10202	-5.73723
85	15	85	2.74286	-4.30109	-4.4929
85	25	5	2.61349	-2.75993	-2.8224
85	25	15	2.57431	-3.21251	-3.1966
85	25	25	2.77156	-4.01754	-4.15806
85	25	35	2.75192	-3.3035	-3.10435
85	25	45	2.71025	-3.23347	-2.89346
85	25	55	2.84905	-4.36315	-4.06312
85	25	65	3.43103	-5.39642	-5.67682
85	25	75	3.23784	-5.262	-5.58881
85	25	85	2.61909	-4.48282	-4.50929
85	35	5	3.03625	-4.04043	-3.60327
85	35	15	2.91845	-5.17416	-4.8608
85	35	25	3.11531	-5.39807	-4.91835
85	35	35	3.58071	-4.59726	-3.60932
85	35	45	4.20423	-4.51677	-2.90359
85	35	55	4.56305	-5.55683	-3.58446
85	35	65	4.75942	-7.09629	-5.32869
85	35	75	3.77744	-6.14477	-5.16558
85	35	85	3.39465	-5.44244	-4.64447
85	45	5	2.60672	-4.19038	-4.19806
85	45	15	2.62186	-5.01095	-5.06813
85	45	25	2.79622	-5.10099	-5.17948
85	45	35	2.70576	-4.19807	-4.12583
85	45	45	2.87546	-3.84197	-3.55918
85	45	55	3.13738	-4.00097	-3.49463
85	45	65	3.28755	-5.67151	-5.25579
85	45	75	3.05668	-5.3855	-5.12392
85	45	85	2.66509	-4.24965	-4.22771
85	55	5	2.48334	-3.55451	-3.60572
85	55	15	2.63582	-5.00962	-5.01174
85	55	25	2.63722	-4.90239	-4.97964
85	55	35	2.66021	-4.62081	-4.5566
85	55	45	2.65877	-3.5703	-3.46342
85	55	55	2.85186	-3.41925	-3.23923
85	55	65	2.93087	-5.33018	-5.19277
85	55	75	2.80413	-4.75118	-4.70621
85	55	85	2.51967	-3.03979	-3.06494
85	65	5	2.41524	-3.32187	-3.30593
85	65	15	2.71399	-4.72738	-4.60622
85	65	25	2.75395	-4.68569	-4.68605
85	65	35	2.6752	-4.19498	-4.11688
85	65	45	2.59985	-2.96362	-2.95729
85	65	55	2.62487	-4.1725	-4.32192
85	65	65	3.03909	-5.11752	-5.5151
85	65	75	2.72045	-4.26284	-4.42962
85	65	85	2.39559	-3.06291	-3.04734
85	75	5	3.33555	-4.32619	-3.58627
85	75	15	3.15308	-5.22086	-4.66129
85	75	25	2.93345	-5.28841	-5.04642
85	75	35	2.53549	-4.93008	-4.94766
85	75	45	2.5365	-4.9262	-4.90419
85	75	55	2.7328	-4.88727	-5.00722
85	75	65	3.19311	-5.13523	-5.77721
85	75	75	2.84234	-4.34252	-4.39301
85	75	85	3.14052	-3.98965	-3.43592
85	85	5	2.81725	-2.92386	-2.82001
85	85	15	2.69946	-4.43412	-4.30733
85	85	25	2.6367	-5.03884	-5.11478
85	85	35	2.55758	-4.80289	-4.78212
85	85	45	2.63532	-4.54327	-4.43918
85	85	55	2.97105	-5.11892	-5.21733
85	85	65	3.85706	-5.19771	-6.36215
85	85	75	3.10633	-4.22199	-4.45411
85	85	85	2.76857	-3.67163	-3.68193
