5	5	5	2.46542	-4.25951	-4.28032
5	5	15	2.55063	-5.00236	-5.12315
5	5	25	2.45354	-3.801	-3.74384
5	5	35	1.61231	-1.96544	-1.96553
5	5	45	2.83056	-2.80466	-3.04356
5	5	55	3.87732	-4.87477	-6.20095
5	5	65	2.90402	-5.10208	-5.55932
5	5	75	2.60444	-4.9217	-5.01611
5	5	85	2.26995	-2.99644	-3.07861
5	15	5	2.62581	-4.59133	-4.65174
5	15	15	2.6734	-5.01506	-5.13627
5	15	25	2.57467	-4.45673	-4.44199
5	15	35	2.26931	-3.08641	-3.06709
5	15	45	2.86224	-3.49	-3.38999
5	15	55	3.99343	-5.29226	-6.17544
5	15	65	3.1879	-5.32187	-5.45193
5	15	75	2.94609	-5.20205	-5.05827
5	15	85	2.67394	-3.69364	-3.61698
5	25	5	3.41224	-5.85773	-5.07935
5	25	15	3.13298	-5.54177	-5.2022
5	25	25	2.89622	-5.25604	-4.92169
5	25	35	3.07305	-4.95609	-4.43414
5	25	45	3.67662	-5.08564	-4.23683
5	25	55	5.30537	-6.66276	-6.41276
5	25	65	5.15383	-7.01172	-5.64494
5	25	75	4.79113	-6.93004	-5.1943
5	25	85	3.75592	-5.86205	-4.86177
5	35	5	2.62431	-5.15501	-5.11229
5	35	15	2.71554	-5.12469	-5.28121
5	35	25	2.55829	-5.02771	-5.02214
5	35	35	2.61398	-5.09254	-5.0296
5	35	45	2.68452	-4.76634	-4.67285
5	35	55	3.25463	-5.29516	-5.85196
5	35	65	3.5994	-5.54798	-5.61526
5	35	75	3.1752	-5.01816	-4.45098
5	35	85	2.9567	-4.85925	-4.4977
5	45	5	2.55983	-5.1268	-5.1121
5	45	15	2.53389	-5.10198	-5.14375
5	45	25	2.61285	-4.84287	-4.82243
5	45	35	2.6155	-4.29563	-4.27117
5	45	45	2.63773	-3.53092	-3.52427
5	45	55	2.73834	-4.98967	-5.32355
5	45	65	2.89387	-4.54185	-4.50744
5	45	75	2.67241	-3.39826	-3.20256
5	45	85	2.60409	-4.01906	-3.93366
5	55	5	2.67637	-5.13934	-5.14455
5	55	15	2.81182	-5.20134	-5.26319
5	55	25	2.71313	-4.94446	-4.86325
5	55	35	2.63353	-3.27451	-3.13365
5	55	45	2.55237	-2.89858	-2.87724
5	55	55	2.63941	-4.9294	-5.14183
5	55	65	2.62087	-3.71358	-3.82941
5	55	75	2.36151	-2.51327	-2.53451
5	55	85	2.26363	-3.42412	-3.45532
5	65	5	3.1374	-5.51564	-5.01959
5	65	15	3.53481	-5.88191	-5.10165
5	65	25	3.01511	-5.16041	-4.7029
5	65	35	2.83387	-4.2128	-3.87086
5	65	45	2.63507	-4.46026	-4.45741
5	65	55	2.774	-5.10995	-5.40781
5	65	65	2.59241	-4.66138	-4.74772
5	65	75	2.31793	-4.42289	-4.36897
5	65	85	2.46522	-4.47865	-4.31165
5	75	5	2.58718	-4.84972	-4.76626
5	75	15	2.83911	-5.22427	-5.13791
5	75	25	2.70189	-4.78632	-4.68034
5	75	35	2.57393	-3.91952	-3.93752
5	75	45	2.73514	-4.21331	-4.29128
5	75	55	3.01749	-5.15918	-5.67756
5	75	65	2.7419	-5.10321	-5.19171
5	75	75	2.53541	-4.83243	-4.83493
5	75	85	2.36957	-3.88251	-3.92704
5	85	5	2.45127	-4.54779	-4.56822
5	85	15	2.57046	-5.07232	-5.11231
5	85	25	2.6348	-4.46369	-4.46352
5	85	35	2.4165	-3.07815	-2.99609
5	85	45	2.75731	-3.20546	-3.32165
5	85	55	3.12089	-4.97499	-5.53077
5	85	65	2.70722	-5.10723	-5.27242
5	85	75	2.49956	-5.01609	-5.04038
5	85	85	2.07464	-3.5505	-3.57178
15	5	5	2.41007	-4.69772	-4.71814
15	5	15	2.57172	-5.07249	-5.15447
15	5	25	2.55602	-4.06147	-4.12765
15	5	35	2.17404	-2.42858	-2.49153
15	5	45	2.69348	-2.86455	-3.00575
15	5	55	3.11725	-3.92422	-4.52842
15	5	65	2.94085	-4.65952	-5.0731
15	5	75	2.5969	-5.04332	-5.43023
15	5	85	2.33211	-3.90031	-4.02356
15	15	5	2.62859	-4.96431	-4.94431
15	15	15	2.59301	-5.10533	-5.35012
15	15	25	2.64483	-4.63965	-4.61585
15	15	35	2.45173	-3.67722	-3.65838
15	15	45	2.95163	-3.65457	-3.87625
15	15	55	3.65792	-5.09535	-5.46215
15	15	65	3.90637	-5.27712	-5.37723
15	15	75	3.20017	-5.60209	-5.09229
15	15	85	2.89068	-4.75886	-4.40129
15	25	5	3.81141	-6.23388	-5.17348
15	25	15	3.21341	-5.49193	-5.45514
15	25	25	2.78473	-5.22071	-5.05681
15	25	35	2.89285	-5.27037	-4.92901
15	25	45	3.79877	-5.81305	-4.76541
15	25	55	5.22793	-6.47964	-5.92799
15	25	65	5.50789	-7.23745	-5.88191
15	25	75	5.01408	-7.33804	-5.18771
15	25	85	4.39707	-6.40406	-4.63889
15	35	5	3.08464	-5.4672	-5.0968
15	35	15	2.88103	-5.18837	-5.52317
15	35	25	2.58148	-5.12927	-5.10604
15	35	35	2.61813	-5.14541	-5.07836
15	35	45	2.85461	-5.19227	-5.04869
15	35	55	3.5859	-5.39567	-5.90159
15	35	65	3.48518	-5.42594	-5.67459
15	35	75	3.67737	-5.48181	-4.58576
15	35	85	3.5831	-4.44969	-3.61929
15	45	5	2.60362	-5.05571	-5.05592
15	45	15	2.57767	-5.1051	-5.24504
15	45	25	2.5552	-5.04577	-5.04444
15	45	35	2.6745	-4.92347	-4.80086
15	45	45	2.63542	-4.44497	-4.36061
15	45	55	2.93933	-4.91976	-5.29386
15	45	65	3.31345	-5.07824	-5.10503
15	45	75	3.2649	-3.69069	-3.16427
15	45	85	3.07742	-3.61041	-3.61287
15	55	5	2.70717	-5.10072	-5.17662
15	55	15	2.67628	-5.18234	-5.26632
15	55	25	2.65283	-5.00342	-4.90285
15	55	35	2.59331	-3.61672	-3.55764
15	55	45	2.65165	-3.18564	-3.08504
15	55	55	2.83423	-4.51209	-4.53049
15	55	65	2.69896	-3.66478	-3.70328
15	55	75	2.77857	-2.63311	-2.82895
15	55	85	2.96703	-3.3904	-3.70001
15	65	5	2.52728	-5.13452	-5.15028
15	65	15	1.91485	-5.22285	-5.14415
15	65	25	1.99397	-4.96374	-4.64327
15	65	35	2.93271	-3.45769	-3.03687
15	65	45	2.81434	-3.60675	-3.38428
15	65	55	2.7759	-5.06201	-5.13996
15	65	65	2.91042	-5.07854	-5.14129
15	65	75	2.99356	-3.97289	-4.49856
15	65	85	2.31511	-4.1142	-4.25901
15	75	5	2.66655	-5.10675	-5.0719
15	75	15	2.33284	-5.1611	-5.24447
15	75	25	2.51828	-4.30322	-4.26283
15	75	35	2.67793	-3.04203	-2.97124
15	75	45	2.8016	-3.44911	-3.31829
15	75	55	2.97151	-5.18482	-5.15154
15	75	65	2.94555	-5.31501	-5.30861
15	75	75	3.31951	-5.09885	-5.4614
15	75	85	2.83632	-4.7453	-4.83854
15	85	5	2.58863	-4.90111	-4.96368
15	85	15	2.67274	-5.07615	-5.19699
15	85	25	2.6054	-4.26235	-4.32361
15	85	35	2.57399	-3.17728	-3.25568
15	85	45	2.72214	-3.04914	-3.15957
15	85	55	3.09149	-4.47906	-5.00822
15	85	65	2.80102	-5.01542	-5.28679
15	85	75	2.73408	-5.04344	-5.50685
15	85	85	2.25448	-4.4594	-4.5643
25	5	5	2.53305	-4.87392	-5.036
25	5	15	2.47234	-5.11816	-5.42295
25	5	25	2.63487	-4.22198	-4.3306
25	5	35	2.51441	-3.06578	-3.12887
25	5	45	2.79257	-3.82447	-4.08577
25	5	55	2.75986	-4.30434	-4.52528
25	5	65	2.92962	-4.04992	-4.38482
25	5	75	2.7591	-4.62214	-4.92659
25	5	85	2.53663	-4.66357	-4.78696
25	15	5	2.81105	-5.26403	-5.12365
25	15	15	2.63983	-5.13557	-5.70639
25	15	25	2.72382	-4.62148	-4.75827
25	15	35	2.66463	-3.68324	-3.75566
25	15	45	2.89422	-4.45914	-4.638
25	15	55	3.42098	-5.34238	-5.54254
25	15	65	3.55619	-5.07943	-4.65903
25	15	75	3.71566	-5.25241	-4.39857
25	15	85	3.41032	-5.42087	-4.60182
25	25	5	4.31306	-6.39123	-5.12963
25	25	15	3.84182	-5.69692	-5.96772
25	25	25	2.98684	-5.46174	-5.13916
25	25	35	3.04066	-5.29407	-5.01886
25	25	45	3.22872	-5.33021	-5.2978
25	25	55	4.51687	-6.19095	-5.79793
25	25	65	4.73488	-6.65596	-5.47329
25	25	75	4.90223	-6.64073	-4.43763
25	25	85	4.66265	-6.01083	-3.94053
25	35	5	3.79044	-5.49096	-4.61239
25	35	15	3.46637	-5.41083	-5.90788
25	35	25	2.72969	-5.24965	-5.09589
25	35	35	2.7419	-5.18831	-5.00342
25	35	45	2.84496	-5.25116	-5.2399
25	35	55	3.67292	-5.29238	-5.97613
25	35	65	3.22208	-5.33069	-5.41137
25	35	75	3.53329	-5.30156	-4.42421
25	35	85	4.10448	-4.49343	-2.98168
25	45	5	2.77166	-4.53061	-4.53077
25	45	15	2.71837	-5.10605	-5.3819
25	45	25	2.58403	-5.11418	-5.08446
25	45	35	2.62088	-5.05137	-4.98257
25	45	45	2.60617	-5.03627	-5.02201
25	45	55	3.02172	-4.85005	-5.35979
25	45	65	2.89791	-5.06126	-5.26967
25	45	75	2.9688	-3.83789	-3.52547
25	45	85	2.9463	-3.04363	-2.81048
25	55	5	2.67802	-4.84916	-5.05178
25	55	15	2.57406	-5.12279	-5.20143
25	55	25	2.6358	-5.14521	-5.10445
25	55	35	2.61748	-4.20644	-4.1217
25	55	45	2.63372	-3.67866	-3.67605
25	55	55	2.77609	-3.57187	-3.64762
25	55	65	2.85705	-3.73826	-3.77989
25	55	75	2.81885	-2.8204	-2.95627
25	55	85	2.87511	-3.04488	-3.34161
25	65	5	2.82347	-5.36897	-5.29697
25	65	15	1.41159	-5.28128	-5.1625
25	65	25	1.79285	-4.64382	-4.6421
25	65	35	2.67289	-3.13909	-2.99887
25	65	45	3.05292	-3.07341	-2.65153
25	65	55	3.15567	-4.58593	-4.06172
25	65	65	3.39656	-5.56726	-4.80745
25	65	75	3.51382	-4.65454	-4.55058
25	65	85	3.53267	-4.33377	-4.73337
25	75	5	2.61633	-5.18553	-5.07195
25	75	15	1.58785	-5.12187	-5.28311
25	75	25	2.1843	-4.28084	-4.26294
25	75	35	2.63471	-2.91006	-2.85133
25	75	45	2.83561	-3.22515	-3.06049
25	75	55	3.1536	-4.62579	-4.31095
25	75	65	3.11648	-5.64047	-5.08132
25	75	75	3.89952	-5.33079	-5.85845
25	75	85	3.13433	-4.79115	-5.35429
25	85	5	2.73494	-4.98941	-5.23517
25	85	15	2.62626	-5.12019	-5.38191
25	85	25	2.53708	-4.5836	-4.58459
25	85	35	2.5878	-3.30487	-3.34654
25	85	45	2.73705	-3.74468	-3.91855
25	85	55	2.82783	-3.81818	-4.0278
25	85	65	3.00694	-4.0889	-4.44818
25	85	75	3.17405	-4.86336	-5.52152
25	85	85	2.85911	-5.05597	-5.34452
35	5	5	2.6162	-4.92191	-5.00605
35	5	15	2.59826	-5.14065	-5.35033
35	5	25	2.73305	-4.26333	-4.43848
35	5	35	2.58793	-3.69386	-3.72653
35	5	45	2.76302	-4.8267	-4.95734
35	5	55	3.06193	-5.02422	-5.31612
35	5	65	3.05621	-4.69055	-4.68513
35	5	75	3.24977	-3.86998	-4.19079
35	5	85	2.80042	-4.79959	-5.12386
35	15	5	3.27401	-5.41333	-5.059
35	15	15	2.54597	-5.19924	-5.81394
35	15	25	2.75317	-4.44372	-4.56839
35	15	35	2.64886	-3.72589	-3.78087
35	15	45	2.91915	-4.98568	-5.10744
35	15	55	4.06145	-5.80955	-5.81425
35	15	65	3.80681	-5.45761	-4.74934
35	15	75	3.92268	-4.44341	-3.46846
35	15	85	4.11511	-5.4913	-4.19758
35	25	5	4.68389	-5.86328	-4.73331
35	25	15	3.9792	-6.04946	-6.27937
35	25	25	3.67713	-5.44898	-5.60381
35	25	35	2.99374	-5.00316	-4.66365
35	25	45	3.20934	-5.46848	-5.35633
35	25	55	4.29027	-5.69773	-6.1766
35	25	65	3.69317	-5.61341	-4.84825
35	25	75	4.34399	-5.57554	-3.84995
35	25	85	4.61404	-5.40463	-3.38403
35	35	5	4.75351	-5.23805	-4.0988
35	35	15	4.31445	-6.08879	-6.50981
35	35	25	3.19838	-5.24919	-5.30324
35	35	35	3.29137	-5.42991	-4.95373
35	35	45	3.33834	-5.52486	-5.37893
35	35	55	4.31608	-5.81488	-6.12919
35	35	65	3.20642	-5.19426	-4.7816
35	35	75	3.55477	-4.42049	-3.42135
35	35	85	4.36723	-4.54199	-2.7283
35	45	5	2.99499	-3.44317	-3.57922
35	45	15	3.16319	-5.13721	-5.67064
35	45	25	2.83044	-5.15216	-5.1721
35	45	35	2.77647	-5.12064	-5.02851
35	45	45	2.97237	-5.30018	-5.16118
35	45	55	3.44695	-5.19462	-5.84526
35	45	65	2.85643	-5.19435	-5.0748
35	45	75	2.73285	-3.53953	-3.42133
35	45	85	2.91236	-2.94735	-2.62765
35	55	5	2.67255	-4.19611	-4.19418
35	55	15	2.71378	-5.24848	-5.12989
35	55	25	2.58059	-5.08591	-5.11007
35	55	35	2.66277	-4.69112	-4.60394
35	55	45	2.52399	-4.31192	-4.28034
35	55	55	2.88797	-3.93444	-4.20257
35	55	65	2.85551	-4.12872	-3.97174
35	55	75	2.7872	-3.13207	-2.96298
35	55	85	2.72127	-2.97908	-2.80885
35	65	5	2.99635	-5.28451	-4.94124
35	65	15	2.53311	-5.17953	-5.15804
35	65	25	2.49243	-5.08289	-5.08895
35	65	35	2.51363	-3.68207	-3.66387
35	65	45	2.55246	-2.82364	-2.84343
35	65	55	3.03358	-3.39398	-3.37401
35	65	65	3.54567	-5.41347	-4.55947
35	65	75	3.65651	-4.83373	-3.70879
35	65	85	3.39556	-4.2392	-3.79468
35	75	5	2.59719	-5.16436	-5.00511
35	75	15	2.39508	-5.18343	-5.12489
35	75	25	2.408	-4.80206	-4.82541
35	75	35	2.63072	-3.17565	-3.09539
35	75	45	2.71396	-3.76198	-3.68008
35	75	55	3.07639	-4.1543	-4.01515
35	75	65	3.11157	-4.99046	-4.35092
35	75	75	3.04758	-4.5926	-4.03649
35	75	85	3.25271	-4.62352	-4.63861
35	85	5	2.70839	-5.05501	-5.05559
35	85	15	2.61295	-5.14289	-5.26407
35	85	25	2.59175	-4.58804	-4.63042
35	85	35	2.59833	-3.34807	-3.35233
35	85	45	2.78293	-4.3855	-4.56048
35	85	55	2.7923	-4.27323	-4.4888
35	85	65	2.83352	-4.06182	-3.96776
35	85	75	3.05959	-3.73284	-4.00046
35	85	85	2.91148	-4.64245	-4.85924
45	5	5	2.74804	-4.8131	-5.0083
45	5	15	2.67302	-5.10543	-5.33938
45	5	25	3.02339	-4.35079	-4.62411
45	5	35	2.83254	-4.15966	-4.22494
45	5	45	3.04524	-5.03944	-5.38791
45	5	55	2.95364	-5.22724	-5.30961
45	5	65	3.27054	-5.35928	-4.77184
45	5	75	3.29519	-3.43843	-3.02027
45	5	85	2.76837	-3.93799	-3.90259
45	15	5	4.07479	-5.65355	-5.08326
45	15	15	3.39422	-5.62169	-5.68285
45	15	25	3.7924	-4.43061	-4.67289
45	15	35	3.49163	-4.0392	-4.23213
45	15	45	4.17819	-5.5307	-6.06414
45	15	55	3.82572	-5.83758	-5.58815
45	15	65	4.56186	-6.20803	-5.19979
45	15	75	4.57739	-4.82137	-3.52275
45	15	85	4.28079	-4.75537	-3.57801
45	25	5	5.06085	-5.1087	-4.16314
45	25	15	4.5929	-5.5996	-6.09787
45	25	25	3.97669	-4.31358	-4.53576
45	25	35	3.16236	-4.29343	-4.17569
45	25	45	3.83377	-5.32836	-5.78258
45	25	55	4.07032	-5.40918	-6.28501
45	25	65	3.73705	-5.48989	-5.15843
45	25	75	4.51172	-5.13122	-3.68882
45	25	85	4.9305	-4.75771	-2.97217
45	35	5	5.52093	-5.1134	-4.03012
45	35	15	4.54239	-5.32089	-5.25781
45	35	25	3.59928	-3.67069	-3.78484
45	35	35	3.21239	-3.98581	-3.63328
45	35	45	3.95402	-5.74248	-5.2454
45	35	55	4.9743	-6.11015	-6.51608
45	35	65	4.38715	-5.87364	-4.44518
45	35	75	4.24555	-4.75739	-3.16352
45	35	85	4.63555	-4.7375	-2.77926
45	45	5	3.68452	-3.22683	-3.33573
45	45	15	3.59289	-3.92581	-4.87595
45	45	25	3.20932	-3.935	-4.48638
45	45	35	2.78083	-4.01441	-3.85351
45	45	45	3.46904	-5.51026	-5.52064
45	45	55	4.21326	-5.71488	-6.18969
45	45	65	3.36608	-5.44216	-4.81648
45	45	75	3.19009	-3.78984	-3.23606
45	45	85	3.27462	-3.25066	-2.66968
45	55	5	2.85756	-3.5983	-3.49254
45	55	15	3.23973	-4.50906	-4.74882
45	55	25	3.001	-4.77093	-4.98337
45	55	35	2.65314	-4.96466	-4.97923
45	55	45	2.65662	-4.92057	-5.06351
45	55	55	3.19797	-4.70168	-5.26687
45	55	65	2.66392	-4.20448	-4.1917
45	55	75	2.79794	-3.20567	-2.99973
45	55	85	2.76311	-3.07926	-2.78799
45	65	5	2.87969	-5.06119	-4.93945
45	65	15	3.09892	-5.26791	-5.42458
45	65	25	2.74921	-5.14748	-5.13618
45	65	35	2.50718	-4.20331	-4.23668
45	65	45	2.69856	-3.75206	-3.81877
45	65	55	3.2775	-3.7064	-4.21287
45	65	65	2.76063	-3.7008	-3.74443
45	65	75	2.97385	-4.08075	-3.49797
45	65	85	3.35788	-3.96563	-3.11718
45	75	5	2.64907	-4.87407	-4.64537
45	75	15	2.85941	-5.23926	-5.32476
45	75	25	2.80037	-5.24276	-5.13333
45	75	35	2.94149	-4.12205	-3.79187
45	75	45	2.81651	-4.73564	-4.63793
45	75	55	3.48069	-4.68046	-4.80131
45	75	65	3.21789	-4.60632	-3.98629
45	75	75	3.33282	-3.7947	-2.92979
45	75	85	2.93476	-3.45907	-3.03496
45	85	5	2.84058	-4.71913	-4.69719
45	85	15	2.69717	-5.18003	-5.16662
45	85	25	2.59818	-4.92604	-4.87045
45	85	35	2.66151	-3.76327	-3.74242
45	85	45	2.82697	-4.89201	-4.96738
45	85	55	3.13251	-4.98861	-5.53843
45	85	65	3.10741	-5.11156	-4.678
45	85	75	3.35517	-3.87251	-3.10602
45	85	85	3.13145	-3.61712	-3.39996
55	5	5	2.97644	-3.88305	-4.14017
55	5	15	2.60831	-4.91224	-5.18735
55	5	25	3.06277	-4.36874	-4.38943
55	5	35	3.31499	-4.06926	-3.89154
55	5	45	3.57273	-5.62999	-5.21803
55	5	55	3.46617	-5.93845	-5.24873
55	5	65	3.66565	-6.19233	-5.08122
55	5	75	4.18274	-4.87992	-3.55641
55	5	85	3.70663	-3.15531	-3.30063
55	15	5	3.89926	-3.6922	-3.94232
55	15	15	3.46564	-5.29562	-5.43198
55	15	25	3.46355	-3.80676	-4.28344
55	15	35	4.26267	-4.06966	-4.49238
55	15	45	4.92299	-5.96906	-5.8246
55	15	55	4.59603	-6.83288	-5.41073
55	15	65	4.31765	-6.53787	-5.07188
55	15	75	4.55847	-4.7518	-3.88387
55	15	85	4.34172	-3.91365	-3.63172
55	25	5	4.75962	-4.30796	-4.38186
55	25	15	4.77934	-5.35445	-4.96966
55	25	25	4.7976	-3.91587	-4.37717
55	25	35	4.49877	-3.31043	-4.39406
55	25	45	4.52122	-4.66241	-5.9748
55	25	55	4.13703	-5.61104	-6.17473
55	25	65	3.66747	-5.31553	-5.5639
55	25	75	3.50651	-4.30881	-4.03462
55	25	85	4.17069	-4.01313	-3.21289
55	35	5	4.68581	-5.14763	-5.05378
55	35	15	5.1363	-5.34028	-4.73632
55	35	25	4.72545	-3.52358	-4.07274
55	35	35	4.66839	-3.38684	-4.11752
55	35	45	4.6967	-4.53647	-5.16625
55	35	55	5.1064	-5.7894	-6.96288
55	35	65	4.1941	-5.16754	-5.43908
55	35	75	3.94831	-4.32284	-3.6633
55	35	85	3.55	-3.83992	-3.17625
55	45	5	3.79563	-3.67853	-3.77473
55	45	15	3.84275	-2.96947	-3.72574
55	45	25	3.52667	-3.13369	-3.60288
55	45	35	3.72823	-3.44235	-3.58219
55	45	45	3.49291	-4.4802	-5.02003
55	45	55	3.74942	-5.16257	-6.28752
55	45	65	3.09152	-4.4661	-4.93886
55	45	75	2.84996	-3.2869	-3.3017
55	45	85	3.03824	-3.36431	-3.20784
55	55	5	3.23422	-3.49496	-3.37256
55	55	15	4.0019	-3.26357	-4.19509
55	55	25	3.62095	-3.59211	-3.9854
55	55	35	2.98926	-4.54542	-4.46809
55	55	45	2.8204	-5.05932	-5.40241
55	55	55	3.27703	-5.02194	-5.76553
55	55	65	2.65266	-4.56246	-4.64443
55	55	75	2.73579	-3.45405	-3.35959
55	55	85	2.6919	-3.00427	-2.88354
55	65	5	2.89997	-4.94429	-4.87937
55	65	15	3.63942	-5.29616	-6.20752
55	65	25	3.40843	-5.10671	-5.9809
55	65	35	2.62587	-4.93406	-5.06684
55	65	45	2.85352	-4.61884	-4.94169
55	65	55	3.14981	-4.77959	-5.20198
55	65	65	2.69503	-3.13362	-2.87761
55	65	75	2.49389	-3.30603	-3.10331
55	65	85	2.79783	-3.4068	-3.13921
55	75	5	2.58708	-4.28478	-4.41759
55	75	15	3.20921	-5.03552	-5.6581
55	75	25	3.27665	-4.90165	-5.55087
55	75	35	3.0246	-4.78124	-4.97692
55	75	45	3.15346	-5.34803	-5.38929
55	75	55	3.31504	-5.17865	-5.01387
55	75	65	3.26384	-4.56542	-3.75374
55	75	75	3.17668	-3.21842	-2.42755
55	75	85	2.81276	-2.73683	-2.61322
55	85	5	3.08428	-3.81421	-3.85249
55	85	15	3.217	-4.81253	-5.0226
55	85	25	3.41703	-5.16234	-5.3093
55	85	35	3.20332	-4.48127	-4.2755
55	85	45	3.23311	-5.41574	-5.21694
55	85	55	3.37562	-5.71571	-5.25313
55	85	65	3.57844	-5.89215	-4.90708
55	85	75	4.31249	-4.96182	-3.37813
55	85	85	4.38297	-3.57619	-3.43063
65	5	5	3.76835	-3.42712	-3.24402
65	5	15	3.12097	-4.25497	-4.33665
65	5	25	3.55819	-4.05303	-4.41587
65	5	35	2.89696	-3.33645	-3.26169
65	5	45	2.8514	-5.04043	-4.92123
65	5	55	3.05255	-5.56079	-5.32112
65	5	65	3.29749	-5.80318	-5.14548
65	5	75	4.10129	-4.84378	-4.74193
65	5	85	5.0083	-3.22917	-4.13878
65	15	5	3.78242	-3.15654	-3.47771
65	15	15	3.27576	-3.60792	-3.53582
65	15	25	3.69428	-3.63692	-3.76263
65	15	35	4.54905	-3.93962	-4.36491
65	15	45	3.83944	-5.04595	-5.04159
65	15	55	2.91854	-5.51738	-5.30707
65	15	65	3.33666	-5.66191	-5.28798
65	15	75	4.23917	-4.664	-4.94773
65	15	85	4.22791	-3.27025	-3.52273
65	25	5	3.99597	-4.44127	-4.75555
65	25	15	4.17397	-4.9556	-5.15116
65	25	25	4.67408	-3.65172	-4.3062
65	25	35	5.39107	-3.37282	-4.88656
65	25	45	4.75729	-4.44595	-5.27441
65	25	55	3.95617	-6.01284	-5.63972
65	25	65	3.59912	-5.64239	-5.59012
65	25	75	3.58029	-4.59844	-5.02769
65	25	85	3.50125	-3.62758	-3.73602
65	35	5	3.7944	-4.99824	-6.03728
65	35	15	3.54546	-4.89489	-5.46907
65	35	25	4.7159	-3.54578	-4.89811
65	35	35	5.28594	-3.62203	-4.99293
65	35	45	5.28732	-4.47224	-5.35748
65	35	55	4.20321	-5.6377	-6.22614
65	35	65	3.9191	-5.23836	-5.93447
65	35	75	3.25035	-3.90124	-4.19377
65	35	85	2.81759	-3.5175	-3.57683
65	45	5	3.13107	-4.26022	-4.78017
65	45	15	3.73393	-3.96078	-4.88347
65	45	25	4.24816	-4.29846	-4.98772
65	45	35	4.87555	-3.97029	-4.38262
65	45	45	4.15311	-3.94354	-4.76626
65	45	55	4.49508	-5.2428	-7.13235
65	45	65	4.05538	-4.20265	-5.58603
65	45	75	2.95545	-3.11146	-3.47224
65	45	85	2.5753	-3.28672	-3.30933
65	55	5	3.09181	-3.76166	-3.52085
65	55	15	3.99904	-3.8091	-4.56349
65	55	25	3.91236	-3.55017	-4.08003
65	55	35	3.1448	-3.28854	-3.7404
65	55	45	3.05755	-4.70098	-5.24207
65	55	55	4.31357	-5.08632	-6.98659
65	55	65	3.33389	-4.44198	-5.26551
65	55	75	2.81047	-3.20886	-3.44747
65	55	85	2.7516	-3.3233	-3.16308
65	65	5	2.31377	-5.00161	-4.75678
65	65	15	1.47416	-4.96495	-5.46256
65	65	25	1.83472	-4.88116	-5.38269
65	65	35	2.61274	-4.94514	-5.20627
65	65	45	2.48787	-4.84439	-5.06396
65	65	55	3.76863	-5.15953	-6.18031
65	65	65	3.06743	-3.76082	-3.69843
65	65	75	2.97754	-3.37524	-2.75418
65	65	85	3.11233	-3.88908	-3.36519
65	75	5	2.39251	-4.12105	-4.12428
65	75	15	3.17703	-4.93345	-5.73352
65	75	25	3.15703	-4.54135	-5.22174
65	75	35	2.38703	-4.53848	-4.68171
65	75	45	2.58742	-5.07824	-5.21705
65	75	55	2.71055	-4.99917	-5.21236
65	75	65	2.66744	-3.98761	-3.75841
65	75	75	2.84359	-3.0723	-2.69683
65	75	85	2.77302	-2.8445	-2.73687
65	85	5	3.45977	-4.39019	-3.72263
65	85	15	3.28915	-4.88524	-5.10734
65	85	25	3.54952	-4.03952	-4.68195
65	85	35	2.97232	-4.15562	-3.95847
65	85	45	3.1673	-5.57318	-5.03437
65	85	55	3.43268	-5.94394	-5.2217
65	85	65	3.694	-6.21709	-5.07632
65	85	75	4.35644	-5.41776	-3.87662
65	85	85	4.59404	-3.69067	-3.31337
75	5	5	2.51271	-2.96505	-2.85229
75	5	15	2.8782	-4.47779	-4.31264
75	5	25	2.63543	-3.05573	-3.05454
75	5	35	2.31068	-2.99602	-3.09646
75	5	45	2.54384	-4.33354	-4.37351
75	5	55	2.51057	-5.09905	-5.23903
75	5	65	2.70228	-5.10203	-5.26568
75	5	75	2.73424	-4.2615	-4.50669
75	5	85	3.03412	-2.41558	-2.95815
75	15	5	2.84825	-3.20613	-3.48414
75	15	15	3.1349	-4.29651	-4.19249
75	15	25	3.35262	-3.65942	-3.2394
75	15	35	3.30308	-3.5858	-2.96628
75	15	45	2.91181	-4.3503	-4.1327
75	15	55	2.59051	-5.13595	-5.81714
75	15	65	2.77981	-5.10199	-5.33359
75	15	75	3.23472	-4.52202	-5.16622
75	15	85	3.41761	-2.60115	-3.60696
75	25	5	3.26464	-5.00618	-5.38418
75	25	15	2.94213	-5.00134	-5.17856
75	25	25	3.32381	-4.09457	-3.84617
75	25	35	4.55182	-4.20191	-3.55875
75	25	45	4.06368	-4.63478	-4.03599
75	25	55	3.4342	-5.86857	-5.61098
75	25	65	3.43742	-5.64233	-5.36995
75	25	75	4.11547	-5.44204	-5.36576
75	25	85	3.07546	-3.75963	-3.92328
75	35	5	3.13266	-5.04574	-5.54417
75	35	15	3.01658	-5.03984	-5.50105
75	35	25	3.42193	-4.09051	-4.95044
75	35	35	4.08961	-3.75561	-4.89955
75	35	45	4.61794	-4.23833	-4.75543
75	35	55	3.2414	-5.55931	-5.80239
75	35	65	3.37471	-5.36434	-5.48869
75	35	75	3.03192	-4.21605	-4.66853
75	35	85	2.66347	-4.25717	-4.18723
75	45	5	2.79118	-5.00841	-5.2083
75	45	15	3.51204	-4.99813	-5.87873
75	45	25	3.53744	-4.87409	-5.17891
75	45	35	4.37971	-4.24982	-4.50442
75	45	45	4.10023	-3.6668	-4.20001
75	45	55	3.06262	-5.21673	-5.79713
75	45	65	3.40308	-4.66856	-5.41014
75	45	75	2.64185	-3.10157	-3.22574
75	45	85	2.63165	-3.71454	-3.754
75	55	5	2.86541	-4.86129	-4.8209
75	55	15	3.41306	-4.88643	-5.30522
75	55	25	3.09387	-4.21806	-4.47841
75	55	35	3.13558	-2.86	-3.43633
75	55	45	3.39604	-4.20489	-5.04029
75	55	55	3.43608	-5.09332	-6.37509
75	55	65	3.66083	-4.22247	-5.37318
75	55	75	2.6432	-3.24287	-3.35501
75	55	85	2.66629	-3.6974	-3.49745
75	65	5	2.20694	-4.99919	-4.67638
75	65	15	2.29138	-4.96799	-5.22757
75	65	25	2.37306	-4.91127	-5.03045
75	65	35	2.61147	-4.84313	-5.0031
75	65	45	2.41032	-4.72243	-4.78277
75	65	55	3.66952	-5.15286	-6.41316
75	65	65	3.73833	-4.44176	-5.07376
75	65	75	3.08084	-4.16965	-3.41746
75	65	85	3.12348	-4.43816	-3.65623
75	75	5	2.64016	-4.47529	-4.40768
75	75	15	2.65736	-5.0751	-5.21345
75	75	25	2.60343	-4.84205	-4.92042
75	75	35	2.28708	-4.19882	-4.19883
75	75	45	2.56663	-4.9165	-4.93649
75	75	55	3.44778	-5.09766	-5.97725
75	75	65	2.76669	-4.25121	-4.26931
75	75	75	2.67032	-3.82724	-3.61621
75	75	85	2.6232	-2.89225	-2.71717
75	85	5	2.77203	-4.03137	-3.81316
75	85	15	2.85147	-5.22288	-5.10239
75	85	25	2.91147	-4.15906	-4.09946
75	85	35	2.49092	-3.57121	-3.45165
75	85	45	2.58574	-4.65001	-4.6096
75	85	55	2.47296	-5.16195	-5.46231
75	85	65	2.58065	-5.16198	-5.13076
75	85	75	2.65528	-4.36247	-4.29802
75	85	85	2.71588	-2.57949	-2.5777
85	5	5	2.42589	-3.56673	-3.54958
85	5	15	2.75183	-5.0363	-4.87706
85	5	25	2.45513	-3.40171	-3.10248
85	5	35	1.65192	-2.28007	-2.21928
85	5	45	2.58677	-3.60838	-3.66825
85	5	55	3.0335	-5.09235	-5.63464
85	5	65	2.56832	-5.10209	-5.15647
85	5	75	2.61425	-4.662	-4.79009
85	5	85	2.39253	-2.24597	-2.62866
85	15	5	2.60704	-4.0059	-4.06795
85	15	15	2.71054	-4.8829	-4.86294
85	15	25	2.69343	-3.86503	-3.48704
85	15	35	2.58755	-2.95866	-2.45835
85	15	45	2.75182	-3.70674	-3.48674
85	15	55	3.43259	-5.08673	-6.26993
85	15	65	2.80865	-5.14198	-5.37204
85	15	75	2.68285	-4.98204	-5.15474
85	15	85	2.43517	-2.56603	-2.81067
85	25	5	3.22826	-5.59122	-5.15166
85	25	15	2.67104	-5.12456	-5.08426
85	25	25	2.69463	-4.59987	-4.50269
85	25	35	2.93544	-3.92676	-3.74197
85	25	45	3.45136	-4.43858	-3.61178
85	25	55	4.13642	-6.32725	-6.04246
85	25	65	3.94101	-6.28794	-5.29914
85	25	75	4.00469	-5.90524	-5.11304
85	25	85	3.35237	-5.07044	-4.431
85	35	5	2.80152	-5.12081	-5.29287
85	35	15	2.65834	-5.08341	-5.21716
85	35	25	2.62231	-4.56833	-4.63874
85	35	35	2.65161	-4.25184	-4.2721
85	35	45	3.04408	-4.49027	-4.31801
85	35	55	3.0316	-5.47062	-5.79157
85	35	65	3.03278	-5.28192	-5.21058
85	35	75	3.09512	-4.80289	-4.66339
85	35	85	2.74829	-4.44885	-4.25329
85	45	5	2.73254	-5.0638	-5.24436
85	45	15	2.79206	-5.12022	-5.38139
85	45	25	2.69552	-4.72201	-4.70399
85	45	35	2.69411	-3.92437	-3.96252
85	45	45	3.05751	-3.27724	-3.39158
85	45	55	2.78275	-5.3192	-5.54987
85	45	65	2.92576	-4.51384	-4.76951
85	45	75	2.44152	-3.02771	-3.04211
85	45	85	2.2329	-3.74419	-3.74455
85	55	5	2.60809	-5.09109	-5.03175
85	55	15	2.93276	-5.10059	-5.24068
85	55	25	2.63354	-4.54006	-4.6012
85	55	35	2.65277	-2.89199	-2.89112
85	55	45	2.79316	-3.33179	-3.58966
85	55	55	2.81585	-5.06598	-5.50319
85	55	65	2.83821	-4.10659	-4.46865
85	55	75	2.1357	-2.53502	-2.53418
85	55	85	2.22881	-3.4192	-3.35972
85	65	5	3.30674	-5.60725	-4.80618
85	65	15	3.03188	-5.31618	-4.97414
85	65	25	2.61548	-4.89653	-4.81533
85	65	35	2.55309	-4.52355	-4.40237
85	65	45	2.6312	-4.73768	-4.89714
85	65	55	2.8521	-5.08065	-5.84324
85	65	65	3.07877	-4.50232	-5.07068
85	65	75	2.97159	-4.52445	-3.96828
85	65	85	3.26593	-4.96086	-4.12016
85	75	5	2.66391	-4.79132	-4.59254
85	75	15	2.61867	-5.22288	-5.13409
85	75	25	2.53707	-4.76502	-4.73978
85	75	35	2.51231	-4.00027	-3.99983
85	75	45	2.55112	-4.39733	-4.39649
85	75	55	2.99385	-5.07608	-5.6385
85	75	65	2.96146	-4.62387	-5.05511
85	75	75	2.61642	-4.58724	-4.3867
85	75	85	2.49716	-3.31979	-3.07072
85	85	5	2.53229	-4.09644	-4.09313
85	85	15	2.6331	-5.06988	-5.10769
85	85	25	2.88985	-4.56194	-4.24309
85	85	35	2.43152	-3.27804	-3.11684
85	85	45	2.57112	-3.70649	-3.74481
85	85	55	2.77744	-5.10001	-5.42358
85	85	65	2.57678	-5.08161	-5.34887
85	85	75	2.51883	-4.80361	-4.83087
85	85	85	2.35135	-2.83471	-2.97493
