5	5	5	2.57186	-4.07944	-4.10025
5	5	15	2.67184	-5.08111	-5.12189
5	5	25	2.45401	-3.74101	-3.74421
5	5	35	2.23189	-2.64579	-2.62631
5	5	45	2.81205	-2.82892	-3.08794
5	5	55	3.71673	-4.97545	-6.18102
5	5	65	2.94321	-5.10205	-5.49931
5	5	75	2.66418	-4.88167	-5.01554
5	5	85	2.59161	-2.97483	-3.05581
5	15	5	2.65223	-4.5933	-4.65371
5	15	15	2.67263	-4.99026	-5.11186
5	15	25	2.57628	-4.39627	-4.38193
5	15	35	2.41089	-3.07041	-3.03105
5	15	45	2.86945	-3.49962	-3.4196
5	15	55	3.63304	-5.35388	-5.97586
5	15	65	3.2479	-5.34188	-5.44071
5	15	75	2.96657	-5.20205	-5.01758
5	15	85	2.85394	-3.71205	-3.65497
5	25	5	3.41464	-5.85732	-5.07935
5	25	15	3.11344	-5.54063	-5.20066
5	25	25	2.89785	-5.25557	-4.92162
5	25	35	3.07309	-4.9533	-4.43137
5	25	45	3.65985	-5.08569	-4.17686
5	25	55	5.36542	-6.70492	-6.27292
5	25	65	5.17824	-7.01414	-5.65816
5	25	75	4.75084	-6.95004	-5.13387
5	25	85	3.69593	-5.84125	-4.78094
5	35	5	2.62312	-5.15498	-5.09107
5	35	15	2.75556	-5.12471	-5.28123
5	35	25	2.55873	-5.02771	-5.02175
5	35	35	2.63438	-5.11294	-5.0296
5	35	45	2.66451	-4.74553	-4.63204
5	35	55	3.41464	-5.37483	-5.75161
5	35	65	3.58339	-5.56798	-5.54964
5	35	75	3.1944	-5.01776	-4.46892
5	35	85	2.9971	-4.87925	-4.5581
5	45	5	2.5998	-5.1268	-5.11208
5	45	15	2.57386	-5.10198	-5.14372
5	45	25	2.61325	-4.84288	-4.82242
5	45	35	2.61551	-4.31562	-4.29117
5	45	45	2.65775	-3.65093	-3.58427
5	45	55	2.79874	-5.19007	-5.44315
5	45	65	2.91307	-4.62185	-4.50704
5	45	75	2.69249	-3.47867	-3.24287
5	45	85	2.60449	-4.03946	-3.91405
5	55	5	2.6551	-5.14054	-5.14448
5	55	15	2.77254	-5.18134	-5.26311
5	55	25	2.73353	-4.96406	-4.86325
5	55	35	2.67313	-3.23409	-3.15363
5	55	45	2.69236	-3.17857	-3.11724
5	55	55	2.69901	-5.0698	-5.26262
5	55	65	2.68407	-3.83359	-3.94463
5	55	75	2.40233	-2.63447	-2.6353
5	55	85	2.30403	-3.44412	-3.47449
5	65	5	3.17609	-5.47326	-4.93511
5	65	15	3.41477	-5.7823	-5.12159
5	65	25	3.15392	-5.1996	-4.64128
5	65	35	2.85385	-4.23277	-3.91079
5	65	45	2.63549	-4.38188	-4.41822
5	65	55	2.576	-5.09434	-5.3118
5	65	65	2.6956	-4.66219	-4.72534
5	65	75	2.65876	-4.10288	-4.12894
5	65	85	2.72319	-4.35945	-4.2904
5	75	5	2.67554	-4.76372	-4.681
5	75	15	2.8379	-5.24024	-5.15664
5	75	25	2.72148	-4.86506	-4.74028
5	75	35	2.55673	-3.9407	-3.95708
5	75	45	2.71631	-4.21289	-4.33087
5	75	55	3.07866	-5.19999	-5.55799
5	75	65	2.87913	-5.08328	-5.09138
5	75	75	2.75669	-4.86763	-4.75097
5	75	85	2.77677	-3.81891	-3.72145
5	85	5	2.57429	-4.46301	-4.48222
5	85	15	2.6131	-5.07149	-5.13024
5	85	25	2.65403	-4.56323	-4.54269
5	85	35	2.59702	-3.46063	-3.37813
5	85	45	2.73943	-3.21192	-3.34483
5	85	55	3.18372	-5.03943	-5.712
5	85	65	2.69166	-5.11288	-5.27324
5	85	75	2.56262	-4.99456	-5.01872
5	85	85	2.5572	-3.44496	-3.4642
15	5	5	2.53183	-4.42963	-4.45004
15	5	15	2.63266	-5.10925	-5.13083
15	5	25	2.63847	-4.12146	-4.2088
15	5	35	2.51411	-2.81015	-2.85314
15	5	45	2.69346	-2.86818	-3.00936
15	5	55	3.05732	-4.58478	-5.1289
15	5	65	2.94134	-4.7008	-5.09749
15	5	75	2.67763	-5.02334	-5.14739
15	5	85	2.55353	-3.48025	-3.54189
15	15	5	2.71142	-4.9003	-4.8203
15	15	15	2.73462	-5.08159	-5.18638
15	15	25	2.64524	-4.66083	-4.63623
15	15	35	2.57222	-3.75642	-3.73761
15	15	45	2.93363	-3.6394	-3.82105
15	15	55	3.59873	-5.35782	-5.92301
15	15	65	3.90718	-5.41956	-5.45682
15	15	75	3.20031	-5.64209	-5.07132
15	15	85	2.99228	-4.43765	-4.07887
15	25	5	3.81224	-6.23145	-5.13105
15	25	15	3.21422	-5.49187	-5.39427
15	25	25	2.78393	-5.22022	-5.05232
15	25	35	2.89288	-5.26919	-4.92818
15	25	45	3.81877	-5.85151	-4.78387
15	25	55	5.04834	-6.54049	-5.88883
15	25	65	5.5079	-7.2407	-5.84034
15	25	75	5.01457	-7.33844	-5.16765
15	25	85	4.41787	-6.42406	-4.67887
15	35	5	3.08466	-5.4868	-5.07639
15	35	15	2.96103	-5.18834	-5.42313
15	35	25	2.5823	-5.12924	-5.12642
15	35	35	2.61814	-5.14541	-5.07833
15	35	45	2.83463	-5.19222	-5.02864
15	35	55	3.60671	-5.39642	-6.04235
15	35	65	3.50561	-5.44721	-5.67624
15	35	75	3.69737	-5.50187	-4.60546
15	35	85	3.6239	-4.51049	-3.72007
15	45	5	2.64362	-5.07611	-5.03632
15	45	15	2.59807	-5.1051	-5.20543
15	45	25	2.5552	-5.04577	-5.04284
15	45	35	2.6341	-4.88347	-4.80045
15	45	45	2.61542	-4.46497	-4.40061
15	45	55	2.85853	-5.03935	-5.49344
15	45	65	3.29224	-5.10064	-5.08702
15	45	75	3.28499	-3.75109	-3.26382
15	45	85	3.01783	-3.57041	-3.51326
15	55	5	2.68597	-5.10072	-5.17462
15	55	15	2.67584	-5.18234	-5.16588
15	55	25	2.67323	-5.02342	-4.90325
15	55	35	2.59332	-3.59672	-3.55763
15	55	45	2.69165	-3.20604	-3.10543
15	55	55	2.89502	-4.93448	-4.97209
15	55	65	2.87817	-3.86959	-3.82607
15	55	75	2.79856	-2.73349	-2.90931
15	55	85	2.94543	-3.52961	-3.83841
15	65	5	2.70364	-5.11451	-5.12662
15	65	15	2.37441	-5.24287	-5.14413
15	65	25	2.55437	-4.92414	-4.70327
15	65	35	2.95232	-3.49729	-3.09688
15	65	45	2.81472	-3.66594	-3.44267
15	65	55	2.77589	-5.1444	-5.14356
15	65	65	3.07484	-5.06178	-5.12453
15	65	75	3.19598	-4.1169	-4.60139
15	65	85	2.8111	-4.15622	-4.29663
15	75	5	2.78043	-5.16798	-5.07018
15	75	15	2.5368	-5.19948	-5.22238
15	75	25	2.58746	-4.38361	-4.32203
15	75	35	2.65273	-3.24082	-3.17244
15	75	45	2.82437	-3.5111	-3.35907
15	75	55	3.13192	-5.38484	-5.21037
15	75	65	3.40796	-5.47509	-5.32707
15	75	75	3.68637	-5.36006	-5.40059
15	75	85	2.90999	-4.30731	-4.29414
15	85	5	2.6327	-4.83275	-4.91442
15	85	15	2.69307	-5.07401	-5.21524
15	85	25	2.60948	-4.3227	-4.38317
15	85	35	2.63586	-3.21966	-3.29605
15	85	45	2.70129	-3.04831	-3.17999
15	85	55	2.98592	-4.83346	-5.22901
15	85	65	2.77942	-5.00583	-5.2276
15	85	75	2.76136	-5.0618	-5.26554
15	85	85	2.57877	-4.05697	-4.09944
25	5	5	2.59402	-4.78238	-4.90319
25	5	15	2.63406	-5.11682	-5.24037
25	5	25	2.63659	-4.24195	-4.32657
25	5	35	2.61506	-2.94664	-3.01045
25	5	45	2.81263	-3.72452	-3.98579
25	5	55	2.82022	-4.54509	-4.78566
25	5	65	2.96314	-4.21825	-4.51162
25	5	75	2.81909	-4.70253	-5.0057
25	5	85	2.6176	-4.24363	-4.34532
25	15	5	2.93146	-5.17162	-4.95121
25	15	15	2.90105	-5.12821	-5.51781
25	15	25	2.7262	-4.64183	-4.77612
25	15	35	2.66379	-3.64324	-3.71439
25	15	45	2.89461	-4.44039	-4.61881
25	15	55	3.50103	-5.36209	-5.66263
25	15	65	3.5374	-5.13307	-4.67826
25	15	75	3.69573	-5.51489	-4.57799
25	15	85	3.47155	-5.42049	-4.58095
25	25	5	4.37348	-6.4032	-5.06079
25	25	15	3.88309	-5.69645	-5.82603
25	25	25	2.99126	-5.46127	-5.14064
25	25	35	3.03988	-5.29448	-5.01843
25	25	45	3.22876	-5.32982	-5.29738
25	25	55	4.49643	-6.19058	-6.01639
25	25	65	4.75686	-6.68039	-5.40611
25	25	75	4.90181	-6.82362	-4.59729
25	25	85	4.64268	-6.03205	-3.98049
25	35	5	3.79003	-5.61136	-4.65238
25	35	15	3.48597	-5.41076	-5.74621
25	35	25	2.73011	-5.24967	-5.09348
25	35	35	2.74154	-5.1883	-5.00339
25	35	45	2.84494	-5.25115	-5.23987
25	35	55	3.55332	-5.31275	-6.1969
25	35	65	3.20526	-5.35271	-5.34057
25	35	75	3.55332	-5.44206	-4.52269
25	35	85	4.10408	-4.51305	-3.00125
25	45	5	2.81127	-4.55182	-4.53158
25	45	15	2.75878	-5.12644	-5.30191
25	45	25	2.58403	-5.11418	-5.10286
25	45	35	2.6209	-5.03136	-4.96259
25	45	45	2.62617	-5.01627	-5.02201
25	45	55	3.12252	-4.93046	-5.55979
25	45	65	2.95951	-5.18086	-5.27009
25	45	75	3.00912	-3.83833	-3.52312
25	45	85	2.9251	-3.06283	-2.85047
25	55	5	2.73722	-4.88796	-5.07058
25	55	15	2.59486	-5.1228	-5.12143
25	55	25	2.61542	-5.14521	-5.08365
25	55	35	2.6375	-4.14644	-4.04172
25	55	45	2.63372	-3.53866	-3.53606
25	55	55	2.83529	-4.09227	-4.10802
25	55	65	2.86066	-3.90226	-3.92909
25	55	75	2.83964	-2.80162	-2.97589
25	55	85	2.89469	-3.10608	-3.40323
25	65	5	3.00345	-5.33336	-5.23854
25	65	15	1.95237	-5.24128	-5.14248
25	65	25	1.75327	-4.90422	-4.90209
25	65	35	2.69212	-3.09869	-2.95849
25	65	45	3.03371	-3.11341	-2.71152
25	65	55	3.29649	-4.80636	-4.26253
25	65	65	3.51854	-5.67809	-4.87828
25	65	75	3.835	-4.55743	-4.43385
25	65	85	3.67388	-4.27579	-4.59538
25	75	5	2.79955	-5.0844	-5.06799
25	75	15	2.09263	-5.10145	-5.18269
25	75	25	2.27712	-4.34125	-4.32292
25	75	35	2.63432	-2.93286	-2.87372
25	75	45	2.91683	-3.30719	-3.14208
25	75	55	3.1948	-4.82815	-4.51254
25	75	65	3.20131	-5.34293	-5.08582
25	75	75	3.7688	-5.05252	-5.87849
25	75	85	3.30754	-4.68963	-5.12915
25	85	5	2.77916	-5.02486	-5.25014
25	85	15	2.63313	-5.1209	-5.20139
25	85	25	2.56561	-4.56358	-4.58494
25	85	35	2.59008	-3.30846	-3.34856
25	85	45	2.71777	-3.72944	-3.88369
25	85	55	2.78664	-4.07857	-4.24897
25	85	65	3.01296	-4.23487	-4.58736
25	85	75	3.24565	-4.95017	-5.5443
25	85	85	2.88612	-4.70116	-4.92685
35	5	5	2.59798	-4.81516	-4.91846
35	5	15	2.60123	-5.14095	-5.3894
35	5	25	2.7192	-4.12333	-4.25244
35	5	35	2.60595	-3.35344	-3.36395
35	5	45	2.74223	-4.82681	-4.93666
35	5	55	3.04185	-5.06431	-5.29544
35	5	65	3.03529	-4.65779	-4.66871
35	5	75	3.27055	-3.9732	-4.25369
35	5	85	2.9421	-4.7828	-5.08427
35	15	5	3.27695	-5.48541	-5.09017
35	15	15	2.70766	-5.19821	-5.65088
35	15	25	2.79441	-4.54413	-4.66351
35	15	35	2.64844	-3.74712	-3.79997
35	15	45	2.91875	-4.98216	-5.10342
35	15	55	3.86339	-5.82957	-5.65177
35	15	65	3.82069	-5.50114	-4.79376
35	15	75	3.94121	-4.72592	-3.73093
35	15	85	4.09748	-5.49533	-4.17913
35	25	5	4.68399	-5.84253	-4.71206
35	25	15	4.23685	-6.04723	-5.85388
35	25	25	3.63636	-5.44927	-5.56045
35	25	35	2.9929	-5.00398	-4.66197
35	25	45	3.21059	-5.46857	-5.33629
35	25	55	4.35046	-5.69718	-6.25657
35	25	65	3.69555	-5.61338	-4.85344
35	25	75	4.34485	-5.67704	-3.93233
35	25	85	4.61441	-5.45269	-3.43006
35	35	5	4.75354	-5.26011	-4.14083
35	35	15	4.53409	-6.10867	-6.08763
35	35	25	3.17803	-5.2892	-5.30161
35	35	35	3.29138	-5.42992	-4.95367
35	35	45	3.29835	-5.52487	-5.33894
35	35	55	4.45523	-5.83483	-6.26837
35	35	65	3.20435	-5.23459	-4.78077
35	35	75	3.53485	-4.56016	-3.58114
35	35	85	4.38684	-4.58567	-2.75154
35	45	5	2.95459	-3.62317	-3.75962
35	45	15	3.18281	-5.17923	-5.67226
35	45	25	2.81123	-5.15216	-5.15209
35	45	35	2.77607	-5.12064	-5.02809
35	45	45	2.99238	-5.28019	-5.16118
35	45	55	3.66614	-5.19462	-6.06444
35	45	65	2.83684	-5.17475	-5.03562
35	45	75	2.71287	-3.62077	-3.50184
35	45	85	2.91156	-3.00936	-2.65043
35	55	5	2.71375	-4.31732	-4.3162
35	55	15	2.75422	-5.2693	-5.13035
35	55	25	2.5818	-5.08591	-5.13009
35	55	35	2.68274	-4.61112	-4.52388
35	55	45	2.60399	-4.35152	-4.33993
35	55	55	3.06837	-4.15404	-4.48257
35	55	65	2.81471	-4.37032	-4.21054
35	55	75	2.80719	-3.13367	-2.96335
35	55	85	2.74087	-3.11868	-2.92885
35	65	5	3.05595	-5.36496	-4.98129
35	65	15	2.61557	-5.20154	-5.17846
35	65	25	2.5741	-4.8625	-4.86659
35	65	35	2.55442	-3.50247	-3.48421
35	65	45	2.57246	-2.84204	-2.82183
35	65	55	3.23516	-3.53278	-3.69161
35	65	65	3.60645	-5.48389	-4.57066
35	65	75	3.73611	-4.79981	-3.65565
35	65	85	3.53674	-4.5204	-3.9559
35	75	5	2.88001	-5.22319	-5.02114
35	75	15	2.53569	-5.18268	-5.18397
35	75	25	2.53163	-4.80206	-4.76461
35	75	35	2.65115	-3.15805	-3.09698
35	75	45	2.73394	-3.74118	-3.64007
35	75	55	3.0756	-4.19508	-4.07635
35	75	65	3.17121	-5.01371	-4.41294
35	75	75	3.36798	-4.97161	-4.27713
35	75	85	3.51793	-5.12399	-4.99748
35	85	5	2.77603	-5.03366	-5.01263
35	85	15	2.67932	-5.16365	-5.24392
35	85	25	2.60055	-4.60884	-4.64714
35	85	35	2.60088	-3.33047	-3.33346
35	85	45	2.78575	-4.38755	-4.56136
35	85	55	2.87191	-4.25252	-4.57004
35	85	65	2.87078	-4.18266	-4.07104
35	85	75	3.12035	-3.98606	-4.23854
35	85	85	2.93796	-4.84161	-5.02039
45	5	5	2.82924	-4.87953	-5.02738
45	5	15	2.73674	-5.12862	-5.37478
45	5	25	3.00536	-4.33119	-4.57833
45	5	35	2.87499	-3.76166	-3.8656
45	5	45	3.12604	-5.08061	-5.42665
45	5	55	2.91642	-5.22889	-5.27077
45	5	65	3.36967	-5.45889	-4.77019
45	5	75	3.17077	-3.57612	-3.22231
45	5	85	2.76399	-4.50034	-4.50613
45	15	5	4.19683	-5.75482	-5.08133
45	15	15	3.4795	-5.68318	-5.67992
45	15	25	3.67647	-4.53264	-4.67883
45	15	35	3.45327	-4.07679	-4.22955
45	15	45	4.19776	-5.58427	-6.03571
45	15	55	3.74725	-5.88198	-5.46569
45	15	65	4.55139	-6.19996	-5.19778
45	15	75	4.55643	-4.92029	-3.54198
45	15	85	4.2831	-5.00017	-3.80128
45	25	5	5.04288	-5.31001	-4.32402
45	25	15	4.63545	-6.02335	-6.11688
45	25	25	3.92122	-4.33482	-4.47848
45	25	35	3.1416	-4.3754	-4.23446
45	25	45	3.83052	-5.32958	-5.77893
45	25	55	3.90978	-5.40868	-6.10445
45	25	65	3.68494	-5.48818	-5.08872
45	25	75	4.5262	-5.14839	-3.68681
45	25	85	4.89008	-4.80217	-2.99781
45	35	5	5.34012	-5.13483	-3.95065
45	35	15	4.62215	-5.88214	-5.75822
45	35	25	3.51731	-3.671	-3.7
45	35	35	3.25037	-4.0062	-3.69202
45	35	45	3.97197	-5.76247	-5.28297
45	35	55	5.11466	-6.11054	-6.65638
45	35	65	4.43032	-5.9136	-4.48878
45	35	75	4.22385	-4.75695	-3.14224
45	35	85	4.63476	-4.73915	-2.78089
45	45	5	3.5841	-3.34729	-3.39582
45	45	15	3.61329	-4.78825	-5.69799
45	45	25	3.20772	-3.9758	-4.52476
45	45	35	2.7812	-4.01481	-3.85467
45	45	45	3.46861	-5.51025	-5.5002
45	45	55	4.09205	-5.71488	-6.08888
45	45	65	3.39127	-5.44256	-4.84167
45	45	75	3.20966	-3.79023	-3.21562
45	45	85	3.29461	-3.29387	-2.71287
45	55	5	2.93718	-3.77875	-3.63339
45	55	15	3.27974	-5.05426	-5.29284
45	55	25	3.04341	-4.85257	-4.96542
45	55	35	2.65433	-5.02507	-5.0392
45	55	45	2.69583	-4.76057	-4.84271
45	55	55	3.21956	-4.52128	-5.14726
45	55	65	2.76511	-4.22408	-4.1533
45	55	75	2.81797	-3.26568	-3.05975
45	55	85	2.7027	-3.02088	-2.77001
45	65	5	3.00249	-5.16398	-4.92424
45	65	15	3.20141	-5.35108	-5.46872
45	65	25	2.74485	-5.10631	-5.11587
45	65	35	2.60726	-4.28331	-4.29623
45	65	45	2.75857	-3.67047	-3.75715
45	65	55	3.21949	-3.74679	-4.21366
45	65	65	2.77905	-3.76279	-3.82602
45	65	75	3.07546	-4.10718	-3.5836
45	65	85	3.39788	-4.16446	-3.43801
45	75	5	2.79186	-4.91886	-4.73139
45	75	15	2.90163	-5.25968	-5.30781
45	75	25	2.92011	-5.24277	-5.13185
45	75	35	2.9427	-4.03765	-3.70701
45	75	45	2.8577	-4.71284	-4.59431
45	75	55	3.6395	-4.76002	-4.80131
45	75	65	3.15873	-4.60947	-4.04825
45	75	75	3.35602	-3.91453	-3.17044
45	75	85	2.99599	-4.07605	-3.71352
45	85	5	2.91897	-4.89113	-4.7999
45	85	15	2.8013	-5.18081	-5.3082
45	85	25	2.59893	-4.88603	-4.85193
45	85	35	2.66316	-3.7021	-3.68057
45	85	45	2.80783	-4.87209	-4.90779
45	85	55	3.07138	-4.98665	-5.43729
45	85	65	3.10628	-5.09005	-4.66015
45	85	75	3.4344	-4.11137	-3.26775
45	85	85	3.15472	-4.44433	-4.1676
55	5	5	3.2841	-4.42288	-4.56916
55	5	15	2.90668	-4.95497	-5.26746
55	5	25	3.13962	-4.44718	-4.38899
55	5	35	3.39552	-4.20887	-3.98975
55	5	45	3.574	-5.65037	-5.19762
55	5	55	3.5674	-5.97732	-5.22952
55	5	65	3.86769	-6.39192	-5.08283
55	5	75	3.79882	-4.47558	-3.59612
55	5	85	3.48154	-3.73736	-3.56187
55	15	5	3.88041	-4.03117	-4.23447
55	15	15	3.39456	-5.30226	-5.39343
55	15	25	3.53121	-3.86516	-4.28057
55	15	35	4.24159	-4.18885	-4.57062
55	15	45	5.02054	-5.98105	-5.87494
55	15	55	4.55429	-6.85336	-5.34853
55	15	65	4.27443	-6.49624	-5.06986
55	15	75	4.37451	-4.64858	-3.80312
55	15	85	4.17172	-4.0317	-3.79217
55	25	5	4.72305	-4.36071	-4.43353
55	25	15	4.66246	-5.86383	-5.37264
55	25	25	4.8207	-3.93793	-4.41843
55	25	35	4.45776	-3.35284	-4.3552
55	25	45	4.39758	-4.70202	-5.85224
55	25	55	4.01677	-5.6108	-6.05393
55	25	65	3.68384	-5.33635	-5.5595
55	25	75	3.50365	-4.30687	-4.0337
55	25	85	4.08744	-3.97227	-3.13248
55	35	5	4.62611	-5.22924	-5.07506
55	35	15	4.9524	-5.72425	-4.91802
55	35	25	4.60513	-3.53283	-3.96159
55	35	35	4.46569	-3.38805	-3.91549
55	35	45	4.67273	-4.55858	-5.16348
55	35	55	4.58308	-5.78906	-6.45957
55	35	65	4.04571	-5.14755	-5.31024
55	35	75	3.94704	-4.32285	-3.66203
55	35	85	3.52925	-3.83997	-3.15545
55	45	5	3.79563	-3.63817	-3.75517
55	45	15	3.74156	-3.47109	-4.08538
55	45	25	3.42389	-3.14772	-3.51331
55	45	35	3.62584	-3.48276	-3.48017
55	45	45	3.50968	-4.50142	-4.99721
55	45	55	3.96977	-5.16297	-6.44827
55	45	65	3.06753	-4.4661	-4.85487
55	45	75	2.82989	-3.2473	-3.24202
55	45	85	2.99661	-3.32431	-3.12581
55	55	5	3.19422	-3.39543	-3.35303
55	55	15	3.94273	-3.52718	-4.37873
55	55	25	3.62055	-3.59256	-4.02465
55	55	35	2.94685	-4.52542	-4.50649
55	55	45	2.99999	-5.01974	-5.32202
55	55	55	3.53663	-5.02234	-5.98473
55	55	65	2.69186	-4.60206	-4.66283
55	55	75	2.73578	-3.35446	-3.27919
55	55	85	2.77189	-3.08427	-2.92354
55	65	5	2.92038	-4.86433	-4.83982
55	65	15	3.83907	-5.27737	-6.19039
55	65	25	3.54843	-5.13759	-6.01099
55	65	35	2.76587	-4.83449	-4.9469
55	65	45	2.99431	-4.64004	-4.92247
55	65	55	3.27343	-4.85519	-5.33759
55	65	65	2.75583	-3.19001	-3.0352
55	65	75	2.73472	-3.66524	-3.46171
55	65	85	2.79824	-3.32839	-3.1204
55	75	5	2.77235	-4.32838	-4.50806
55	75	15	3.19576	-5.05638	-5.62108
55	75	25	3.3615	-4.90409	-5.55137
55	75	35	3.08781	-4.68124	-4.83652
55	75	45	3.25788	-5.36843	-5.38889
55	75	55	3.37988	-5.23943	-5.01303
55	75	65	3.3259	-4.68579	-3.93491
55	75	75	3.17992	-3.24246	-2.63364
55	75	85	2.97877	-2.89695	-3.01533
55	85	5	3.17766	-3.93224	-4.2005
55	85	15	3.24562	-4.97389	-5.04851
55	85	25	3.57753	-5.32238	-5.32889
55	85	35	3.22503	-4.42045	-4.17386
55	85	45	3.2957	-5.47451	-5.21763
55	85	55	3.43781	-5.77453	-5.21266
55	85	65	3.66171	-5.91299	-4.84756
55	85	75	4.27533	-4.94341	-3.3211
55	85	85	4.10591	-3.62262	-3.61708
65	5	5	3.7835	-3.36005	-3.66411
65	5	15	3.09902	-4.41664	-4.52023
65	5	25	3.53709	-3.97429	-4.35993
65	5	35	2.85544	-3.47605	-3.52134
65	5	45	2.91348	-5.07886	-4.96161
65	5	55	3.09348	-5.50034	-5.24108
65	5	65	3.30395	-5.80392	-5.15102
65	5	75	4.02015	-4.70139	-4.72074
65	5	85	4.58675	-3.36885	-4.01768
65	15	5	3.65519	-3.20418	-3.52292
65	15	15	3.34101	-3.94316	-3.71272
65	15	25	3.79469	-3.77867	-3.78516
65	15	35	4.59584	-4.04162	-4.44735
65	15	45	3.89464	-5.02714	-5.14277
65	15	55	3.14057	-5.51818	-5.28781
65	15	65	3.33989	-5.66231	-5.29038
65	15	75	4.13873	-4.68359	-4.80728
65	15	85	3.68954	-3.35267	-3.20232
65	25	5	3.99906	-4.45045	-4.76161
65	25	15	4.15217	-5.00009	-5.19969
65	25	25	4.57068	-3.60872	-4.2476
65	25	35	5.3103	-3.39564	-4.82616
65	25	45	4.66981	-4.44646	-5.20809
65	25	55	3.89676	-6.01407	-5.5193
65	25	65	3.54196	-5.62241	-5.5329
65	25	75	3.36076	-4.61887	-4.82772
65	25	85	3.39961	-3.62675	-3.6336
65	35	5	3.67313	-4.99778	-5.91569
65	35	15	3.48558	-4.91558	-5.51018
65	35	25	4.67392	-3.55553	-4.86706
65	35	35	5.14316	-3.62286	-4.85096
65	35	45	5.21866	-4.51362	-5.30923
65	35	55	4.02216	-5.659	-5.9862
65	35	65	3.87393	-5.23839	-5.88849
65	35	75	3.19037	-3.90125	-4.13337
65	35	85	2.79681	-3.51754	-3.55602
65	45	5	2.97107	-4.26022	-4.60017
65	45	15	3.73354	-3.84201	-4.7443
65	45	25	4.10777	-4.30616	-4.85542
65	45	35	4.65235	-3.95048	-4.17962
65	45	45	3.98631	-3.98317	-4.6799
65	45	55	4.13308	-5.24326	-6.5108
65	45	65	4.01178	-4.22265	-5.52204
65	45	75	2.89547	-3.05146	-3.39226
65	45	85	2.57449	-3.24672	-3.26852
65	55	5	3.03183	-3.70005	-3.42045
65	55	15	3.85908	-3.6083	-4.22274
65	55	25	3.75197	-3.5186	-3.92807
65	55	35	3.0024	-3.40804	-3.65912
65	55	45	3.17475	-4.8014	-5.34009
65	55	55	4.17436	-5.10674	-6.7274
65	55	65	3.3903	-4.422	-5.24192
65	55	75	2.70884	-3.16846	-3.34544
65	55	85	2.772	-3.20291	-3.06228
65	65	5	2.75701	-4.94244	-4.75922
65	65	15	2.05309	-5.00301	-5.50147
65	65	25	2.49428	-5.006	-5.40754
65	65	35	2.95272	-5.00595	-5.1467
65	65	45	2.79106	-4.86641	-5.02596
65	65	55	3.75063	-5.19874	-6.09913
65	65	65	3.16944	-3.78162	-3.63763
65	65	75	3.19833	-3.59565	-2.95455
65	65	85	3.01392	-3.76749	-3.34399
65	75	5	2.61857	-4.12272	-4.14875
65	75	15	3.289	-4.97303	-5.7735
65	75	25	3.21023	-4.6814	-5.36261
65	75	35	2.70462	-4.54229	-4.66472
65	75	45	2.69263	-5.05707	-5.15588
65	75	55	2.86022	-4.9604	-5.17119
65	75	65	2.75146	-4.05115	-3.85874
65	75	75	2.94452	-3.11306	-2.70086
65	75	85	2.83747	-2.85448	-2.79005
65	85	5	3.40751	-4.21467	-3.8307
65	85	15	3.21548	-4.94657	-5.17018
65	85	25	3.47221	-4.08032	-4.76276
65	85	35	3.03333	-4.09643	-3.97931
65	85	45	3.21369	-5.57087	-5.03123
65	85	55	3.53489	-5.98397	-5.20091
65	85	65	3.65776	-6.15857	-5.05664
65	85	75	4.35782	-5.34265	-3.86147
65	85	85	4.73845	-3.73362	-3.57835
75	5	5	2.99276	-3.1915	-3.17152
75	5	15	2.85824	-4.45789	-4.35391
75	5	25	2.65384	-3.11572	-3.23493
75	5	35	2.13189	-2.77924	-2.87926
75	5	45	2.56667	-4.33279	-4.37313
75	5	55	2.65108	-5.09946	-5.23939
75	5	65	2.69152	-5.10207	-5.24245
75	5	75	2.85513	-4.30112	-4.58516
75	5	85	3.39454	-2.59444	-3.29702
75	15	5	2.89306	-3.23614	-3.49253
75	15	15	3.25547	-4.39955	-4.25995
75	15	25	3.33343	-3.66389	-3.34549
75	15	35	3.1091	-3.51146	-3.11193
75	15	45	2.85822	-4.29513	-4.13512
75	15	55	3.09178	-5.13679	-5.59758
75	15	65	2.76302	-5.10199	-5.29439
75	15	75	3.17605	-4.44322	-5.06585
75	15	85	2.97682	-2.80193	-3.20373
75	25	5	3.23223	-5.01577	-5.33298
75	25	15	2.88021	-4.98085	-5.10086
75	25	25	3.34424	-4.09846	-3.87167
75	25	35	4.49664	-4.18797	-3.5448
75	25	45	4.13058	-4.66399	-4.0436
75	25	55	3.77519	-5.88891	-5.53172
75	25	65	3.43623	-5.64236	-5.32677
75	25	75	4.07511	-5.44204	-5.32573
75	25	85	2.91429	-3.76005	-3.76168
75	35	5	3.11265	-5.04573	-5.52414
75	35	15	2.97705	-5.02006	-5.44126
75	35	25	3.30153	-4.09066	-4.8298
75	35	35	3.77002	-3.73569	-4.56002
75	35	45	4.63756	-4.25954	-4.73624
75	35	55	3.56067	-5.53943	-5.62092
75	35	65	3.37871	-5.36475	-5.46669
75	35	75	2.97149	-4.21605	-4.5677
75	35	85	2.64226	-4.25757	-4.16642
75	45	5	2.81118	-5.00841	-5.1883
75	45	15	3.39205	-4.89812	-5.71873
75	45	25	3.39744	-4.87491	-5.03973
75	45	35	3.91931	-4.25004	-4.04424
75	45	45	4.01943	-3.70681	-4.15923
75	45	55	2.98262	-5.19756	-5.41715
75	45	65	3.40509	-4.66858	-5.38897
75	45	75	2.6618	-3.18197	-3.2849
75	45	85	2.55245	-3.69494	-3.67439
75	55	5	2.84784	-4.76172	-4.68174
75	55	15	3.35347	-4.78644	-5.20482
75	55	25	2.91427	-4.19568	-4.35565
75	55	35	2.91438	-2.99897	-3.23648
75	55	45	3.31565	-4.18491	-4.9003
75	55	55	3.53647	-5.09452	-6.09589
75	55	65	3.68283	-4.26207	-5.39278
75	55	75	2.72282	-3.30287	-3.35462
75	55	85	2.7479	-3.7186	-3.49826
75	65	5	2.7902	-4.91641	-4.69681
75	65	15	2.3322	-5.00716	-5.22677
75	65	25	2.39226	-4.88606	-4.96644
75	65	35	2.59148	-4.90248	-4.96287
75	65	45	2.69113	-4.88645	-4.94637
75	65	55	3.61112	-5.17488	-6.07478
75	65	65	3.88074	-4.68217	-5.09217
75	65	75	3.36129	-4.20966	-3.39669
75	65	85	3.22749	-4.18056	-3.57823
75	75	5	2.62302	-4.35325	-4.33124
75	75	15	2.69099	-5.05551	-5.15429
75	75	25	2.62267	-4.80087	-4.84044
75	75	35	2.54626	-4.43891	-4.43894
75	75	45	2.55102	-4.95771	-4.99731
75	75	55	3.47464	-5.09934	-5.93732
75	75	65	2.88992	-4.23398	-4.22649
75	75	75	2.77272	-3.76482	-3.5529
75	75	85	2.8312	-2.93825	-2.79958
75	85	5	2.75689	-3.85601	-3.69702
75	85	15	2.8524	-5.22257	-5.04289
75	85	25	2.81261	-4.10027	-4.1403
75	85	35	2.53206	-3.65444	-3.61408
75	85	45	2.55132	-4.63085	-4.63043
75	85	55	2.73503	-5.12353	-5.34231
75	85	65	2.62672	-5.14147	-5.13067
75	85	75	2.7572	-4.38252	-4.29743
75	85	85	3.05748	-2.77831	-2.89656
85	5	5	2.71311	-3.61232	-3.57475
85	5	15	2.77388	-5.01471	-4.8751
85	5	25	2.55514	-3.56133	-3.48208
85	5	35	1.97168	-2.68055	-2.6601
85	5	45	2.61042	-3.69248	-3.75229
85	5	55	3.11363	-5.09283	-5.87501
85	5	65	2.58793	-5.10209	-5.13925
85	5	75	2.67905	-4.60204	-4.72993
85	5	85	2.73337	-2.66478	-2.78705
85	15	5	2.67187	-4.01188	-4.05193
85	15	15	2.73188	-4.89943	-4.80029
85	15	25	2.81305	-3.80505	-3.58707
85	15	35	2.94997	-3.26188	-2.78159
85	15	45	2.76302	-3.79838	-3.57838
85	15	55	3.57302	-5.16671	-6.24871
85	15	65	2.79465	-5.14199	-5.30601
85	15	75	2.72372	-4.94204	-5.07474
85	15	85	2.57486	-2.76602	-2.82986
85	25	5	3.23227	-5.5952	-5.15645
85	25	15	2.73149	-5.12425	-5.14393
85	25	25	2.69543	-4.60035	-4.50316
85	25	35	2.83504	-3.88607	-3.60209
85	25	45	3.4542	-4.42467	-3.59787
85	25	55	4.35698	-6.32726	-5.74126
85	25	65	3.94862	-6.28793	-5.27354
85	25	75	3.88476	-5.92524	-4.97178
85	25	85	3.27238	-5.06966	-4.35019
85	35	5	2.82073	-5.12081	-5.29207
85	35	15	2.71837	-5.08348	-5.23722
85	35	25	2.62231	-4.56796	-4.61837
85	35	35	2.65161	-4.25195	-4.27219
85	35	45	3.08408	-4.51034	-4.33807
85	35	55	3.17126	-5.47114	-5.33169
85	35	65	3.05519	-5.30193	-5.20657
85	35	75	3.01555	-4.8429	-4.62331
85	35	85	2.74789	-4.44885	-4.25289
85	45	5	2.75213	-5.08381	-5.24396
85	45	15	2.77244	-5.12022	-5.34136
85	45	25	2.73592	-4.74202	-4.72359
85	45	35	2.71412	-3.94396	-3.94252
85	45	45	2.95751	-3.23684	-3.37118
85	45	55	2.98275	-5.30002	-5.34989
85	45	65	2.96575	-4.57343	-4.76512
85	45	75	2.40113	-2.96771	-2.94248
85	45	85	2.3533	-3.82499	-3.82455
85	55	5	2.74967	-5.15109	-5.03211
85	55	15	2.93272	-5.04019	-5.22023
85	55	25	2.65274	-4.55805	-4.57959
85	55	35	2.6132	-2.93242	-2.91113
85	55	45	2.77318	-3.53141	-3.80927
85	55	55	2.81704	-5.06838	-5.52478
85	55	65	2.89862	-4.1066	-4.44386
85	55	75	2.25608	-2.65502	-2.65412
85	55	85	2.29039	-3.3208	-3.2413
85	65	5	3.5283	-5.72644	-4.76612
85	65	15	2.99428	-5.23455	-4.95212
85	65	25	2.55508	-4.85371	-4.79372
85	65	35	2.6135	-4.5439	-4.46234
85	65	45	2.712	-4.75927	-4.93915
85	65	55	3.0725	-5.10345	-5.70644
85	65	65	3.28078	-4.46235	-4.9103
85	65	75	3.19441	-4.52526	-3.86859
85	65	85	3.44791	-4.82126	-4.06095
85	75	5	2.76671	-4.68652	-4.49173
85	75	15	2.74306	-5.20442	-5.13323
85	75	25	2.57867	-4.84577	-4.84093
85	75	35	2.59071	-4.2386	-4.19895
85	75	45	2.59073	-4.49852	-4.45808
85	75	55	3.07466	-5.11775	-5.60014
85	75	65	3.10386	-4.6627	-4.95554
85	75	75	2.71685	-4.22685	-4.08786
85	75	85	2.92281	-3.31979	-3.12872
85	85	5	2.57634	-4.05848	-4.0564
85	85	15	2.69399	-5.12868	-5.12615
85	85	25	2.85273	-4.58078	-4.2823
85	85	35	2.45115	-3.31606	-3.21564
85	85	45	2.61271	-3.79087	-3.80878
85	85	55	2.73942	-5.10238	-5.46435
85	85	65	2.79714	-5.08395	-5.32724
85	85	75	2.60213	-4.74444	-4.78908
85	85	85	2.73537	-2.89343	-3.15364
