5	5	5	3.38281	-5.88095	-5.1666
5	5	15	2.79239	-5.08078	-5.00201
5	5	25	2.75443	-5.18485	-4.98528
5	5	35	3.61012	-5.13703	-5.98903
5	5	45	3.37189	-5.40298	-5.23712
5	5	55	3.84798	-5.43217	-4.14712
5	5	65	3.64797	-4.55151	-3.43253
5	5	75	3.3033	-5.3264	-4.56971
5	5	85	3.1654	-5.67074	-5.35291
5	15	5	2.78095	-5.11624	-5.32957
5	15	15	2.6616	-5.11202	-5.04179
5	15	25	2.59189	-5.14033	-5.11872
5	15	35	2.73375	-5.09631	-5.27551
5	15	45	2.5423	-4.92015	-4.94011
5	15	55	2.75015	-4.2569	-4.16166
5	15	65	3.3565	-3.66192	-2.93963
5	15	75	3.05466	-4.48882	-4.04962
5	15	85	3.00924	-5.5009	-5.28294
5	25	5	2.64727	-5.08554	-5.31175
5	25	15	2.61194	-5.02302	-5.10256
5	25	25	2.39113	-5.0013	-5.02159
5	25	35	2.63081	-4.93962	-4.93942
5	25	45	2.86907	-5.08126	-4.8577
5	25	55	3.41933	-3.9281	-3.20399
5	25	65	3.37885	-3.29157	-2.86589
5	25	75	2.70021	-4.31116	-4.2292
5	25	85	2.47628	-5.18469	-5.38558
5	35	5	2.84461	-5.08166	-5.43088
5	35	15	2.66901	-4.33965	-4.31978
5	35	25	2.57061	-3.97721	-3.89762
5	35	35	2.74904	-3.20844	-3.14921
5	35	45	2.64309	-3.08268	-3.03585
5	35	55	2.89869	-2.512	-2.8715
5	35	65	3.47624	-2.91579	-3.77588
5	35	75	2.47529	-4.84072	-5.12736
5	35	85	2.3104	-5.09984	-6.08734
5	45	5	2.96702	-5.10364	-5.07647
5	45	15	3.63419	-3.62003	-3.78007
5	45	25	3.43261	-3.09232	-2.79513
5	45	35	1.62983	-3.02331	-2.68169
5	45	45	1.05098	-2.84651	-3.2553
5	45	55	3.11393	-2.21387	-3.75966
5	45	65	3.54999	-2.54033	-4.15164
5	45	75	2.85429	-4.91681	-5.83037
5	45	85	2.59264	-5.2207	-6.42871
5	55	5	3.68022	-4.52766	-5.52929
5	55	15	4.43869	-2.9345	-4.57211
5	55	25	3.81627	-3.02718	-4.24596
5	55	35	2.31736	-3.37087	-3.87166
5	55	45	2.0666	-4.58824	-5.19062
5	55	55	2.59642	-3.32623	-4.53554
5	55	65	2.33216	-2.91063	-4.00194
5	55	75	2.65924	-4.89043	-5.91047
5	55	85	2.60968	-5.12453	-6.18815
5	65	5	4.05775	-4.58376	-5.98797
5	65	15	4.58049	-3.51907	-4.98325
5	65	25	4.39528	-4.14651	-5.35735
5	65	35	3.98037	-3.65195	-4.24364
5	65	45	3.61764	-3.52116	-4.04983
5	65	55	2.75703	-3.95895	-3.9099
5	65	65	1.742	-3.86639	-3.94921
5	65	75	2.46093	-4.96425	-5.523
5	65	85	3.47522	-5.19929	-6.15841
5	75	5	2.86945	-3.96203	-4.96399
5	75	15	3.84786	-3.48285	-4.74849
5	75	25	3.6067	-3.95371	-5.18012
5	75	35	4.13422	-4.6579	-5.7231
5	75	45	4.16941	-4.25397	-5.05602
5	75	55	2.98546	-4.31308	-3.94207
5	75	65	1.13141	-4.43081	-4.23215
5	75	75	1.20282	-4.46675	-4.88715
5	75	85	2.74917	-5.07425	-5.89545
5	85	5	1.9779	-4.15946	-4.44393
5	85	15	2.82935	-3.50602	-3.98724
5	85	25	2.57893	-4.46803	-4.58849
5	85	35	4.15153	-5.14093	-6.37253
5	85	45	4.21029	-4.78907	-5.27512
5	85	55	3.68363	-4.43888	-3.2659
5	85	65	2.54261	-4.87562	-3.87819
5	85	75	1.21062	-4.70234	-4.6456
5	85	85	2.41763	-5.00779	-5.36913
15	5	5	3.63331	-5.90503	-4.90353
15	5	15	3.24013	-5.22044	-4.54179
15	5	25	3.11028	-5.61543	-5.11832
15	5	35	3.27253	-5.14995	-5.71449
15	5	45	3.14232	-4.77921	-5.13057
15	5	55	2.8397	-4.00883	-3.72751
15	5	65	3.44081	-3.83302	-2.98605
15	5	75	3.75622	-5.02585	-3.78482
15	5	85	3.76722	-6.18082	-5.12109
15	15	5	2.90927	-5.122	-4.86456
15	15	15	2.72736	-4.91765	-4.80311
15	15	25	2.59971	-5.10696	-5.07859
15	15	35	2.94355	-5.08603	-5.46644
15	15	45	2.82924	-4.67111	-4.92811
15	15	55	2.57922	-3.37752	-3.36706
15	15	65	2.92481	-3.03348	-2.70627
15	15	75	2.99091	-3.384	-3.08544
15	15	85	2.95156	-4.68977	-4.50933
15	25	5	2.53293	-5.04996	-5.07659
15	25	15	2.51192	-4.96298	-5.00353
15	25	25	2.41151	-5.0009	-5.12084
15	25	35	2.65435	-5.06211	-5.34558
15	25	45	2.63912	-4.98314	-5.04874
15	25	55	2.28263	-2.94095	-2.92723
15	25	65	2.57826	-2.58567	-2.34278
15	25	75	2.80159	-3.28606	-2.99681
15	25	85	2.68136	-4.7504	-4.76488
15	35	5	2.52278	-5.06531	-5.16088
15	35	15	2.25054	-4.82288	-4.72358
15	35	25	2.25022	-4.52005	-4.46005
15	35	35	3.03104	-4.21965	-4.98242
15	35	45	2.53275	-3.91968	-3.90363
15	35	55	2.1251	-2.31614	-2.34877
15	35	65	2.44905	-2.43693	-2.71514
15	35	75	2.61546	-3.93243	-4.03328
15	35	85	2.43426	-5.06451	-5.24411
15	45	5	1.6838	-5.2424	-4.97534
15	45	15	3.07099	-4.64243	-4.02182
15	45	25	2.52499	-3.4068	-2.9436
15	45	35	2.94585	-3.33759	-3.29714
15	45	45	2.07905	-2.08066	-2.11662
15	45	55	1.99922	-1.75922	-2.15027
15	45	65	2.62413	-2.38146	-2.92474
15	45	75	1.14606	-4.74932	-4.89234
15	45	85	0.250743	-5.29615	-5.39931
15	55	5	2.08343	-4.95044	-4.83085
15	55	15	2.68225	-3.30607	-3.31418
15	55	25	2.60184	-4.01639	-3.96157
15	55	35	2.45537	-3.44069	-3.63343
15	55	45	2.08848	-2.99201	-3.18876
15	55	55	2.35781	-2.00695	-2.5686
15	55	65	1.97747	-1.82185	-2.2439
15	55	75	2.22386	-4.57381	-4.99228
15	55	85	2.07675	-5.1797	-5.54343
15	65	5	2.47944	-4.56443	-4.80926
15	65	15	2.44203	-3.0305	-3.66887
15	65	25	2.73073	-4.29509	-4.71288
15	65	35	2.75224	-4.50114	-4.62047
15	65	45	3.00924	-4.06366	-4.28491
15	65	55	2.61875	-2.82588	-2.50822
15	65	65	2.00147	-2.35731	-2.23858
15	65	75	2.23621	-4.48604	-4.96697
15	65	85	2.75742	-5.07807	-5.70108
15	75	5	1.73111	-3.68154	-4.04639
15	75	15	2.02706	-3.38647	-3.96854
15	75	25	2.57567	-4.71636	-5.31826
15	75	35	3.02813	-5.01585	-5.397
15	75	45	3.33698	-4.88503	-4.86978
15	75	55	2.77418	-3.24515	-2.96526
15	75	65	1.4862	-2.74324	-2.58422
15	75	75	1.55672	-4.18528	-4.36728
15	75	85	2.71765	-4.97545	-5.51697
15	85	5	2.05113	-3.8215	-3.90644
15	85	15	1.74939	-3.03125	-3.35456
15	85	25	2.46337	-4.78817	-5.03379
15	85	35	3.13014	-5.10361	-5.5677
15	85	45	3.49946	-4.82926	-5.1361
15	85	55	3.1764	-3.71723	-3.00105
15	85	65	2.24954	-3.09288	-2.59505
15	85	75	2.14345	-4.03218	-3.95609
15	85	85	2.54674	-5.06994	-5.27267
25	5	5	4.64012	-5.46789	-3.48438
25	5	15	3.61224	-4.74243	-3.8022
25	5	25	3.44095	-5.58879	-5.05168
25	5	35	3.33033	-5.53937	-5.52102
25	5	45	3.12068	-5.06137	-4.95147
25	5	55	3.13909	-3.95176	-3.49624
25	5	65	3.62642	-3.64793	-2.75014
25	5	75	4.12037	-4.48782	-2.93684
25	5	85	4.64402	-5.7722	-3.92393
25	15	5	3.22748	-3.69605	-3.1637
25	15	15	2.9921	-3.71685	-3.36008
25	15	25	2.80109	-4.75697	-4.95302
25	15	35	3.14094	-5.12535	-5.72859
25	15	45	2.73191	-4.22826	-4.39596
25	15	55	2.64292	-3.21572	-3.18296
25	15	65	2.72744	-2.82717	-2.75822
25	15	75	2.8971	-3.12285	-2.96174
25	15	85	3.11779	-3.74005	-3.31536
25	25	5	2.81164	-3.92632	-3.77522
25	25	15	2.68049	-3.84466	-3.67675
25	25	25	2.65279	-5.01578	-5.4141
25	25	35	3.6824	-5.1017	-6.632
25	25	45	2.91569	-4.68292	-5.10495
25	25	55	2.45022	-2.91769	-2.98794
25	25	65	2.41952	-2.51343	-2.42857
25	25	75	2.67874	-2.77933	-2.69566
25	25	85	2.79191	-3.07774	-2.96047
25	35	5	2.59874	-4.59304	-4.56397
25	35	15	2.37247	-4.84094	-4.8418
25	35	25	1.81029	-5.0189	-5.11887
25	35	35	3.3491	-5.00128	-6.36442
25	35	45	2.83552	-4.5433	-4.90849
25	35	55	2.17066	-3.00053	-2.89839
25	35	65	2.27377	-2.58492	-2.56576
25	35	75	2.6382	-3.3587	-3.41161
25	35	85	2.70488	-3.93137	-4.16273
25	45	5	1.45309	-5.00079	-4.99446
25	45	15	1.93307	-4.72324	-4.54266
25	45	25	2.10903	-4.83845	-4.47646
25	45	35	3.69384	-5.19562	-5.456
25	45	45	3.47296	-3.65001	-3.46522
25	45	55	2.2243	-2.82283	-2.61578
25	45	65	2.49472	-2.7995	-2.8768
25	45	75	0.873996	-4.67974	-4.67799
25	45	85	0.349596	-5.07642	-5.43905
25	55	5	1.78456	-4.98188	-4.94717
25	55	15	2.21059	-4.33766	-4.27783
25	55	25	2.31026	-4.95807	-4.89405
25	55	35	2.95777	-4.62099	-5.00535
25	55	45	3.27271	-3.17648	-3.41446
25	55	55	2.31608	-2.171	-2.25067
25	55	65	1.98829	-1.95129	-2.0893
25	55	75	1.6283	-4.19068	-4.31145
25	55	85	1.29792	-5.11394	-5.53603
25	65	5	2.42631	-4.88307	-4.97115
25	65	15	1.79608	-3.39443	-3.41378
25	65	25	2.44548	-4.80867	-4.84792
25	65	35	2.60738	-5.02436	-5.35988
25	65	45	2.69194	-4.75231	-4.85574
25	65	55	2.47575	-2.98439	-2.98551
25	65	65	2.21304	-2.19145	-2.13251
25	65	75	2.17008	-3.56383	-3.73039
25	65	85	2.53167	-5.03115	-5.37253
25	75	5	1.70945	-3.4619	-3.53119
25	75	15	1.24934	-2.51203	-2.59251
25	75	25	2.4243	-4.90727	-5.02729
25	75	35	2.67011	-5.06825	-5.34946
25	75	45	2.65176	-4.74963	-4.85322
25	75	55	2.57712	-2.87936	-2.90444
25	75	65	1.83974	-1.8124	-1.88422
25	75	75	2.05133	-3.34057	-3.55337
25	75	85	2.68774	-4.98562	-5.5293
25	85	5	2.35266	-3.46037	-3.20453
25	85	15	1.71664	-3.09483	-2.99654
25	85	25	2.44419	-4.90093	-4.98176
25	85	35	2.7882	-5.09819	-5.51941
25	85	45	2.65749	-4.69919	-4.78567
25	85	55	2.59912	-3.16969	-3.23902
25	85	65	2.16292	-2.35889	-2.07314
25	85	75	2.74545	-3.44442	-3.17482
25	85	85	2.94544	-5.06387	-5.1482
35	5	5	4.92652	-5.30889	-2.99822
35	5	15	4.35656	-4.51761	-2.71097
35	5	25	3.53029	-5.20846	-4.40857
35	5	35	3.07498	-5.47874	-5.62315
35	5	45	3.21666	-5.08198	-5.37008
35	5	55	3.62555	-4.0348	-4.42736
35	5	65	4.118	-3.95025	-3.22391
35	5	75	4.27311	-4.84484	-3.29964
35	5	85	4.8556	-5.46303	-3.42925
35	15	5	3.55728	-3.63378	-2.7157
35	15	15	3.68299	-3.71884	-2.79118
35	15	25	3.08387	-4.16641	-3.91529
35	15	35	3.02106	-5.18319	-5.80242
35	15	45	2.88115	-4.48924	-4.76813
35	15	55	3.0487	-3.32149	-3.68502
35	15	65	2.904	-3.23215	-3.13843
35	15	75	2.98937	-4.42728	-4.21753
35	15	85	2.91846	-3.84329	-3.64083
35	25	5	3.20716	-3.45049	-2.96476
35	25	15	2.93675	-3.12342	-3.06512
35	25	25	2.85783	-4.21171	-4.54779
35	25	35	3.10079	-5.09636	-5.92182
35	25	45	2.99968	-4.40578	-4.87544
35	25	55	2.80075	-3.26749	-3.3319
35	25	65	2.7399	-3.18744	-3.22717
35	25	75	2.6426	-3.2222	-3.19796
35	25	85	2.95032	-3.09402	-2.77924
35	35	5	2.57043	-3.16339	-3.16855
35	35	15	2.37534	-3.81625	-3.79471
35	35	25	2.85291	-4.97403	-5.53649
35	35	35	3.0589	-5.18011	-6.83153
35	35	45	3.14693	-4.62341	-5.24065
35	35	55	2.66287	-3.57393	-3.54523
35	35	65	2.75207	-3.08287	-3.06312
35	35	75	2.65302	-3.21453	-3.05334
35	35	85	2.72375	-3.0406	-3.05746
35	45	5	2.10277	-5.01598	-5.02886
35	45	15	0.908785	-4.43014	-4.39041
35	45	25	1.04792	-4.53764	-4.93726
35	45	35	3.38789	-5.24085	-6.72642
35	45	45	3.50236	-4.50173	-5.00169
35	45	55	2.75254	-3.85129	-3.53992
35	45	65	2.53273	-3.85005	-3.48961
35	45	75	2.37507	-5.00254	-4.97809
35	45	85	2.43438	-5.00678	-5.22786
35	55	5	2.04858	-4.68312	-4.60475
35	55	15	1.9618	-4.62079	-4.62013
35	55	25	2.10177	-5.00883	-5.20647
35	55	35	2.72135	-5.00638	-6.02837
35	55	45	3.13298	-3.85796	-4.48555
35	55	55	2.5175	-2.75276	-2.73091
35	55	65	2.24977	-2.44575	-2.3017
35	55	75	2.45192	-4.30405	-4.21678
35	55	85	2.50786	-5.08119	-5.15753
35	65	5	2.44373	-4.584	-4.58794
35	65	15	2.3213	-4.0393	-4.04018
35	65	25	2.46088	-5.03042	-5.10968
35	65	35	2.66135	-5.05722	-5.6988
35	65	45	2.96853	-4.98887	-5.45408
35	65	55	2.39342	-3.32203	-3.40366
35	65	65	2.16144	-1.89754	-2.13267
35	65	75	2.54266	-3.33836	-3.36733
35	65	85	2.49311	-4.21319	-4.26655
35	75	5	2.04893	-3.6183	-3.66423
35	75	15	1.53125	-2.47848	-2.50132
35	75	25	2.40963	-4.79995	-4.92039
35	75	35	2.67167	-5.09745	-5.45825
35	75	45	2.66809	-5.08011	-5.28295
35	75	55	2.69227	-3.45475	-3.67641
35	75	65	2.34352	-1.9018	-2.37514
35	75	75	2.31889	-2.57933	-2.6769
35	75	85	2.4528	-4.41417	-4.63895
35	85	5	3.1302	-3.99691	-3.42216
35	85	15	2.60818	-3.15964	-2.76097
35	85	25	2.58182	-4.64223	-4.60269
35	85	35	2.58941	-5.13901	-5.44262
35	85	45	2.87108	-4.98136	-5.20507
35	85	55	3.13663	-3.43502	-4.02109
35	85	65	2.75831	-2.39723	-2.78563
35	85	75	2.9273	-2.98318	-2.74812
35	85	85	3.14966	-4.34934	-3.89324
45	5	5	4.81379	-5.17288	-2.88698
45	5	15	4.68197	-4.73824	-2.6288
45	5	25	4.13354	-5.30405	-3.84176
45	5	35	3.17472	-5.67139	-5.31704
45	5	45	3.17236	-5.44281	-5.41092
45	5	55	4.31595	-4.66087	-5.66141
45	5	65	3.99567	-3.54291	-4.28074
45	5	75	3.86143	-5.15027	-4.14602
45	5	85	4.35681	-5.83705	-4.23631
45	15	5	3.4152	-4.06604	-3.14613
45	15	15	4.19193	-4.53582	-2.98217
45	15	25	3.84995	-4.49277	-3.63538
45	15	35	3.00255	-5.37308	-5.56999
45	15	45	3.40403	-5.02974	-5.55242
45	15	55	3.74422	-3.90545	-4.72334
45	15	65	3.16665	-3.5668	-3.87657
45	15	75	3.02155	-5.15515	-5.20751
45	15	85	3.1086	-4.97967	-4.766
45	25	5	3.03214	-4.22749	-3.93584
45	25	15	3.01105	-3.36967	-3.03689
45	25	25	2.97364	-3.55441	-3.67573
45	25	35	2.72087	-5.08041	-5.35919
45	25	45	3.10917	-4.17405	-4.68561
45	25	55	3.11206	-3.23856	-3.6611
45	25	65	2.80046	-3.3998	-3.57982
45	25	75	2.6659	-4.29042	-4.3848
45	25	85	2.6936	-3.9823	-4.0848
45	35	5	2.78708	-3.23876	-3.30474
45	35	15	2.52591	-2.91959	-2.94947
45	35	25	2.75346	-4.45858	-4.77747
45	35	35	2.59847	-5.12553	-5.71259
45	35	45	2.70313	-4.38499	-4.7113
45	35	55	2.7411	-3.39324	-3.55346
45	35	65	2.75701	-3.46713	-3.54745
45	35	75	2.69816	-3.72631	-3.72535
45	35	85	2.9827	-3.90547	-3.93277
45	45	5	2.58951	-5.31961	-5.07496
45	45	15	2.39871	-5.00189	-4.86912
45	45	25	2.39365	-4.89747	-5.15768
45	45	35	2.91589	-5.15913	-6.42908
45	45	45	2.7425	-4.84294	-5.41385
45	45	55	2.23038	-4.51107	-4.45292
45	45	65	2.47094	-4.77177	-4.45033
45	45	75	2.89245	-5.00227	-5.01809
45	45	85	3.10733	-5.28694	-5.59546
45	55	5	2.75675	-5.01102	-4.59136
45	55	15	2.23078	-4.66833	-4.46442
45	55	25	2.5491	-5.1002	-5.29749
45	55	35	2.76422	-5.05915	-6.72556
45	55	45	2.73783	-4.32283	-4.70174
45	55	55	2.30318	-3.76324	-3.82635
45	55	65	2.24099	-2.89423	-2.75306
45	55	75	3.00587	-4.73869	-4.41259
45	55	85	3.66623	-5.75359	-5.5831
45	65	5	2.46869	-3.74855	-3.71997
45	65	15	2.55406	-3.8829	-3.83657
45	65	25	2.52214	-4.8329	-4.97291
45	65	35	2.64495	-5.08237	-5.9856
45	65	45	2.85051	-5.09878	-5.47326
45	65	55	2.54717	-4.09433	-4.13593
45	65	65	1.98766	-2.11895	-2.13583
45	65	75	2.474	-3.66129	-3.70436
45	65	85	2.60294	-4.60539	-4.74786
45	75	5	2.45025	-3.10398	-3.12334
45	75	15	2.15049	-2.89212	-2.8925
45	75	25	2.56984	-4.80327	-4.98454
45	75	35	2.64927	-5.10104	-5.58305
45	75	45	2.70969	-5.12198	-5.29006
45	75	55	2.71272	-4.02022	-4.24171
45	75	65	2.67093	-2.30995	-2.77069
45	75	75	2.43151	-2.58837	-2.68842
45	75	85	2.29286	-3.58852	-3.56568
45	85	5	3.62071	-3.78194	-2.80231
45	85	15	3.36936	-3.8144	-2.91806
45	85	25	2.91138	-4.60435	-4.40441
45	85	35	2.51064	-5.13641	-5.45882
45	85	45	2.67225	-5.12195	-5.19203
45	85	55	3.19045	-3.94162	-4.64233
45	85	65	3.31154	-2.36919	-3.25072
45	85	75	3.14287	-3.05228	-2.94088
45	85	85	3.11006	-3.61239	-2.91059
55	5	5	4.35929	-5.34755	-3.59919
55	5	15	4.65223	-4.97789	-2.87482
55	5	25	4.44234	-5.27029	-3.4192
55	5	35	3.58279	-5.99455	-5.58977
55	5	45	2.98876	-5.4884	-5.09608
55	5	55	3.04124	-4.97063	-4.68299
55	5	65	3.56418	-3.99039	-4.22206
55	5	75	3.2422	-5.51813	-4.93551
55	5	85	3.50651	-5.84726	-4.8962
55	15	5	3.59575	-5.1046	-4.18626
55	15	15	4.39734	-5.37701	-3.56585
55	15	25	4.57655	-5.13385	-3.59521
55	15	35	3.75043	-6.08899	-5.30371
55	15	45	3.00343	-5.28894	-5.13073
55	15	55	3.72002	-4.78901	-4.74521
55	15	65	3.6829	-4.61179	-4.81126
55	15	75	3.39395	-5.73921	-5.11128
55	15	85	3.18847	-5.59272	-5.16401
55	25	5	2.89794	-4.6513	-4.71857
55	25	15	2.89049	-3.80501	-3.50293
55	25	25	2.86754	-3.16391	-3.27011
55	25	35	2.8826	-5.09684	-5.4909
55	25	45	2.83309	-4.55177	-4.8237
55	25	55	3.84391	-3.175	-4.21366
55	25	65	3.36346	-3.87446	-4.18672
55	25	75	2.77113	-5.18052	-5.13614
55	25	85	2.83044	-5.23121	-5.14644
55	35	5	2.88429	-4.33688	-4.34207
55	35	15	2.79937	-2.94607	-2.85673
55	35	25	2.80036	-3.76259	-3.96647
55	35	35	2.93076	-5.18534	-6.22774
55	35	45	2.87885	-4.08459	-4.6806
55	35	55	3.29596	-3.1295	-3.8008
55	35	65	2.69305	-3.67365	-3.85359
55	35	75	2.67203	-4.8425	-4.93471
55	35	85	2.93876	-4.95794	-4.96379
55	45	5	3.87562	-5.8207	-5.67645
55	45	15	2.9072	-5.40844	-4.81597
55	45	25	2.83744	-5.22164	-5.25985
55	45	35	3.11755	-5.34851	-6.33588
55	45	45	1.8062	-4.74252	-4.92963
55	45	55	1.75389	-4.84647	-4.89566
55	45	65	1.69456	-4.58656	-4.75014
55	45	75	2.75119	-4.96774	-5.47019
55	45	85	3.11643	-5.23775	-5.51493
55	55	5	3.58578	-5.59101	-5.05904
55	55	15	3.06563	-4.47046	-4.07285
55	55	25	3.04536	-5.22325	-5.12068
55	55	35	2.91233	-5.12153	-6.84835
55	55	45	1.8915	-4.66277	-4.79622
55	55	55	1.71223	-4.19444	-4.13886
55	55	65	2.03342	-3.52662	-3.48833
55	55	75	2.95392	-4.7894	-5.16944
55	55	85	3.76298	-5.80284	-5.97155
55	65	5	2.82051	-4.05854	-4.04689
55	65	15	2.6391	-3.28247	-3.25809
55	65	25	2.77208	-4.55807	-4.67363
55	65	35	3.1709	-5.12324	-6.30451
55	65	45	2.57215	-5.06239	-5.18016
55	65	55	2.47409	-4.64242	-4.66486
55	65	65	2.2958	-2.89282	-2.89044
55	65	75	2.66964	-3.99125	-4.26078
55	65	85	3.10018	-5.02625	-5.50926
55	75	5	2.66732	-3.26435	-3.08101
55	75	15	2.59491	-2.81842	-2.79701
55	75	25	2.4928	-4.13878	-4.19784
55	75	35	2.93319	-5.11605	-5.85967
55	75	45	2.56304	-5.10169	-5.30384
55	75	55	2.495	-4.44204	-4.48549
55	75	65	2.35119	-2.64291	-2.62263
55	75	75	2.33209	-3.39666	-3.45063
55	75	85	2.42307	-4.66724	-4.51618
55	85	5	3.70882	-4.4347	-3.25138
55	85	15	3.95283	-4.28451	-2.86464
55	85	25	3.19165	-4.48348	-3.924
55	85	35	2.69355	-5.21853	-5.57816
55	85	45	2.58284	-5.1033	-5.25899
55	85	55	2.63315	-4.66372	-4.66383
55	85	65	2.7724	-2.743	-2.8008
55	85	75	3.27835	-4.17956	-3.6282
55	85	85	3.30323	-4.87143	-4.07589
65	5	5	4.30311	-6.2108	-4.61448
65	5	15	4.63658	-5.72138	-3.6349
65	5	25	4.48542	-5.32733	-3.52236
65	5	35	4.3216	-6.12021	-5.86409
65	5	45	3.1439	-5.72968	-5.16957
65	5	55	2.54711	-5.17827	-4.84372
65	5	65	2.89971	-4.82076	-4.43285
65	5	75	2.89198	-5.344	-5.06463
65	5	85	3.36388	-5.82034	-5.19389
65	15	5	4.20044	-6.18287	-4.58346
65	15	15	4.57779	-6.21337	-4.27735
65	15	25	4.76514	-6.06655	-4.2026
65	15	35	4.3933	-6.16583	-5.61362
65	15	45	3.08184	-5.4496	-5.12835
65	15	55	3.17053	-5.00713	-4.62269
65	15	65	3.67586	-5.18002	-4.49577
65	15	75	3.6795	-6.07871	-5.23377
65	15	85	4.23261	-6.71009	-5.24705
65	25	5	3.51828	-5.21823	-5.0723
65	25	15	3.50689	-4.66475	-4.13608
65	25	25	3.28672	-3.30346	-3.13457
65	25	35	2.83182	-4.96135	-5.31115
65	25	45	2.68802	-4.39495	-4.43629
65	25	55	2.9308	-3.31555	-3.42607
65	25	65	3.31855	-4.47583	-4.43883
65	25	75	3.31259	-5.65662	-5.3117
65	25	85	3.43041	-5.81981	-5.28012
65	35	5	3.70212	-4.82682	-5.46544
65	35	15	3.37158	-3.18272	-3.41871
65	35	25	3.74876	-3.23625	-4.12086
65	35	35	3.0959	-5.02226	-5.65775
65	35	45	3.21431	-4.06889	-4.74862
65	35	55	3.1727	-2.81149	-3.40669
65	35	65	2.76558	-3.50164	-3.87329
65	35	75	2.81608	-5.03155	-5.37686
65	35	85	2.85844	-5.02297	-5.36595
65	45	5	3.91821	-5.67897	-5.58017
65	45	15	3.26918	-5.17172	-4.67297
65	45	25	3.76993	-5.02134	-5.6483
65	45	35	3.3059	-5.17488	-6.88758
65	45	45	1.97953	-4.905	-5.85003
65	45	55	1.81412	-4.86449	-5.39385
65	45	65	2.03853	-4.8004	-5.08994
65	45	75	1.61425	-5.10805	-5.83686
65	45	85	1.47483	-5.71936	-5.9796
65	55	5	3.97048	-5.70843	-5.29966
65	55	15	3.41097	-4.65013	-3.87531
65	55	25	3.22295	-4.57756	-4.57259
65	55	35	3.18229	-5.25956	-7.01474
65	55	45	1.84525	-4.78169	-4.98173
65	55	55	1.67672	-4.63004	-4.77132
65	55	65	2.2322	-4.34011	-4.32628
65	55	75	3.47678	-5.02251	-5.82355
65	55	85	3.69498	-5.67938	-6.09617
65	65	5	3.87925	-5.01315	-4.86876
65	65	15	3.12654	-3.61925	-3.08828
65	65	25	3.21038	-3.61563	-3.95946
65	65	35	3.23696	-5.19797	-6.66611
65	65	45	2.36701	-5.12477	-5.48372
65	65	55	2.57061	-5.05321	-5.11653
65	65	65	2.39548	-4.05386	-4.05021
65	65	75	3.19216	-4.40998	-5.19033
65	65	85	3.9039	-5.3746	-6.11908
65	75	5	3.5779	-4.36223	-3.94099
65	75	15	2.85882	-3.14558	-2.93555
65	75	25	2.75923	-3.24746	-3.40811
65	75	35	2.91924	-4.99219	-6.17701
65	75	45	2.63658	-5.2061	-5.4013
65	75	55	2.65046	-4.8876	-4.98815
65	75	65	2.4153	-3.09904	-3.0541
65	75	75	2.79976	-4.43413	-4.52181
65	75	85	3.48323	-5.59267	-5.38434
65	85	5	4.27869	-5.53039	-3.94835
65	85	15	4.11221	-4.54929	-3.01884
65	85	25	3.75993	-4.31726	-3.38341
65	85	35	3.81724	-5.30208	-5.79117
65	85	45	3.13748	-5.52607	-5.4764
65	85	55	2.89501	-5.26715	-4.9837
65	85	65	2.98085	-3.82083	-3.37047
65	85	75	3.16918	-4.77229	-4.31566
65	85	85	4.22399	-6.38482	-5.33296
75	5	5	3.91259	-5.53709	-5.70982
75	5	15	4.13743	-5.70722	-4.87435
75	5	25	4.00434	-5.19019	-4.46369
75	5	35	4.40446	-6.21573	-5.26672
75	5	45	3.24381	-5.88603	-5.06198
75	5	55	2.56806	-5.17847	-4.76254
75	5	65	3.00572	-5.09325	-4.92092
75	5	75	3.15248	-5.56421	-5.17422
75	5	85	3.52541	-5.48108	-5.84711
75	15	5	4.0654	-6.029	-5.55143
75	15	15	3.63633	-5.88139	-5.26634
75	15	25	4.00802	-5.70747	-4.95622
75	15	35	4.46827	-6.48321	-5.49076
75	15	45	3.34699	-5.79431	-5.04433
75	15	55	3.21472	-4.99413	-4.36275
75	15	65	3.93184	-5.23605	-5.02814
75	15	75	3.25472	-5.77982	-5.28243
75	15	85	3.64291	-5.78656	-5.56818
75	25	5	3.0034	-4.96404	-5.11509
75	25	15	3.12726	-4.55321	-4.48584
75	25	25	3.37729	-3.90884	-3.56676
75	25	35	3.00779	-4.70685	-4.72898
75	25	45	2.82805	-4.47143	-4.3515
75	25	55	3.25307	-3.67846	-3.40603
75	25	65	3.84892	-4.18029	-5.09665
75	25	75	3.01961	-5.15055	-5.58669
75	25	85	2.67285	-5.16631	-5.48441
75	35	5	3.36699	-4.98202	-5.56368
75	35	15	3.86209	-3.35402	-4.38391
75	35	25	4.07907	-3.04164	-3.9041
75	35	35	2.81661	-4.28548	-4.59334
75	35	45	2.96621	-3.47758	-3.41936
75	35	55	3.45297	-2.73423	-3.30493
75	35	65	3.89346	-3.58574	-4.96239
75	35	75	3.53245	-5.10085	-6.22349
75	35	85	2.94167	-5.14167	-5.8943
75	45	5	4.61617	-5.06239	-5.86517
75	45	15	5.3566	-4.65843	-4.95004
75	45	25	4.70978	-4.44712	-5.88766
75	45	35	2.96375	-5.20855	-6.16456
75	45	45	2.11756	-5.0953	-5.87101
75	45	55	0.631748	-4.6948	-5.19739
75	45	65	1.23861	-3.95445	-5.18372
75	45	75	2.19856	-4.98829	-6.30035
75	45	85	3.68373	-5.20024	-6.39617
75	55	5	5.00683	-5.31796	-5.70852
75	55	15	4.6146	-3.63964	-4.66903
75	55	25	4.38713	-3.61173	-4.98731
75	55	35	3.49923	-5.07223	-6.88931
75	55	45	2.99146	-5.06099	-6.36556
75	55	55	2.41577	-4.84279	-5.11794
75	55	65	1.7643	-4.8772	-5.19457
75	55	75	3.62031	-5.4943	-6.26935
75	55	85	4.43379	-5.95298	-6.43537
75	65	5	4.94101	-5.90961	-5.10958
75	65	15	4.55098	-4.37512	-3.87612
75	65	25	3.78129	-3.2425	-3.56341
75	65	35	3.80637	-4.65833	-6.11667
75	65	45	3.10656	-5.28551	-5.8829
75	65	55	2.80922	-5.32039	-5.5635
75	65	65	2.88642	-4.96887	-5.03856
75	65	75	3.64146	-5.22413	-5.62062
75	65	85	4.37514	-5.86741	-6.24313
75	75	5	4.83316	-5.85068	-4.95742
75	75	15	3.56698	-3.60843	-3.01728
75	75	25	3.21055	-2.93221	-3.0855
75	75	35	3.08246	-3.87566	-4.65216
75	75	45	2.5469	-4.95104	-5.22506
75	75	55	2.65936	-5.31084	-5.41529
75	75	65	2.68206	-4.7563	-4.45966
75	75	75	3.42575	-5.24479	-4.93918
75	75	85	4.80385	-6.02332	-6.48888
75	85	5	5.02266	-5.99744	-5.40086
75	85	15	3.98556	-4.59454	-3.56684
75	85	25	3.62676	-3.96965	-3.54035
75	85	35	3.53781	-4.46529	-4.62353
75	85	45	2.81414	-4.98422	-5.0249
75	85	55	2.95531	-5.27142	-4.94463
75	85	65	3.35411	-5.30856	-4.43685
75	85	75	4.20211	-6.1796	-4.94307
75	85	85	5.14704	-6.64464	-6.22641
85	5	5	3.51728	-5.3187	-5.80236
85	5	15	3.10046	-5.36519	-5.10886
85	5	25	3.23305	-5.23095	-4.84807
85	5	35	3.44097	-5.45522	-4.94415
85	5	45	3.33814	-5.74035	-5.04191
85	5	55	3.23028	-5.61312	-4.91455
85	5	65	3.24777	-5.18124	-4.51772
85	5	75	3.49758	-5.96992	-5.10956
85	5	85	3.8638	-5.67041	-6.09005
85	15	5	3.63437	-5.32543	-6.00513
85	15	15	2.85628	-5.18234	-5.26239
85	15	25	2.75343	-5.07189	-5.07178
85	15	35	2.78062	-5.21132	-5.12177
85	15	45	2.9379	-5.45981	-5.09839
85	15	55	3.31499	-4.90348	-4.34194
85	15	65	3.80466	-4.29244	-3.73933
85	15	75	3.18531	-5.44678	-5.04121
85	15	85	3.2272	-5.39696	-5.76345
85	25	5	3.35729	-5.02383	-5.79649
85	25	15	2.67863	-4.84125	-4.98769
85	25	25	2.63222	-4.42065	-4.4622
85	25	35	2.7515	-4.35156	-4.33187
85	25	45	3.03737	-4.96042	-4.54571
85	25	55	4.28692	-4.05565	-3.40438
85	25	65	4.5491	-3.61488	-4.8146
85	25	75	2.95707	-5.17392	-5.50687
85	25	85	2.79064	-5.14205	-5.80873
85	35	5	3.30153	-4.92244	-5.6398
85	35	15	3.77668	-3.77604	-4.76174
85	35	25	3.34426	-3.56544	-3.63747
85	35	35	3.08351	-3.45132	-3.21259
85	35	45	3.11437	-3.41969	-3.13238
85	35	55	4.15096	-2.93046	-3.98992
85	35	65	4.69559	-3.40526	-5.50494
85	35	75	3.31932	-5.03906	-6.4259
85	35	85	2.80454	-5.12174	-6.18155
85	45	5	4.42431	-4.80442	-5.93855
85	45	15	5.5947	-3.53924	-5.0202
85	45	25	5.55231	-3.98948	-4.58075
85	45	35	1.33771	-4.95599	-5.33743
85	45	45	-0.287905	-4.37238	-4.8229
85	45	55	2.92401	-2.8818	-4.99515
85	45	65	3.62007	-3.14604	-5.50065
85	45	75	3.89958	-5.09107	-6.9634
85	45	85	3.46893	-5.24151	-6.5856
85	55	5	4.90026	-4.30923	-5.82084
85	55	15	5.29398	-2.89963	-5.05855
85	55	25	4.81957	-2.94106	-5.04278
85	55	35	3.61882	-4.30232	-6.01296
85	55	45	2.39243	-5.18115	-6.18261
85	55	55	1.84482	-4.45691	-5.83196
85	55	65	1.23347	-3.9898	-5.14882
85	55	75	3.00727	-4.88684	-6.69775
85	55	85	3.17166	-5.22288	-6.69605
85	65	5	5.83988	-5.84446	-5.93757
85	65	15	5.53133	-4.52548	-4.78685
85	65	25	5.3153	-4.01205	-4.52473
85	65	35	5.01517	-3.96266	-5.16837
85	65	45	4.38523	-5.0374	-6.30556
85	65	55	2.86831	-5.34052	-5.62632
85	65	65	2.61457	-5.22533	-4.89101
85	65	75	3.64703	-5.85959	-6.00003
85	65	85	4.73555	-6.23781	-6.50675
85	75	5	4.34006	-4.99079	-5.16915
85	75	15	4.24372	-3.75009	-3.71089
85	75	25	4.32462	-3.90469	-3.62913
85	75	35	4.89921	-3.73555	-4.91521
85	75	45	3.90413	-4.11469	-5.01752
85	75	55	2.89022	-5.20564	-5.28398
85	75	65	2.23986	-5.18679	-4.72101
85	75	75	2.85516	-5.5158	-5.19175
85	75	85	4.25946	-5.8013	-6.43803
85	85	5	3.68743	-5.18215	-5.12381
85	85	15	3.66579	-4.62247	-4.16289
85	85	25	3.37728	-4.20043	-3.89682
85	85	35	3.97531	-4.97874	-5.40933
85	85	45	3.52094	-4.74323	-4.59272
85	85	55	3.00065	-5.26282	-4.76668
85	85	65	2.7798	-5.44125	-4.56016
85	85	75	2.47144	-5.68955	-5.06917
85	85	85	3.40942	-5.84965	-5.80885
