5	5	5	2.6704	-3.42004	-3.49777
5	5	15	2.57467	-2.99247	-2.97367
5	5	25	2.81392	-3.58715	-3.32553
5	5	35	4.07598	-5.68221	-5.2385
5	5	45	4.66646	-6.14607	-5.93146
5	5	55	3.67565	-5.75608	-5.27088
5	5	65	3.10956	-5.29202	-4.99757
5	5	75	2.97472	-4.96937	-5.10707
5	5	85	3.7208	-5.07963	-6.1676
5	15	5	2.70757	-3.9367	-3.93083
5	15	15	2.75449	-2.88262	-2.72206
5	15	25	2.87389	-3.01168	-2.69043
5	15	35	3.4423	-4.73329	-4.36202
5	15	45	3.84957	-5.7089	-5.49516
5	15	55	3.24759	-5.1879	-4.75147
5	15	65	2.88238	-4.78488	-4.58561
5	15	75	2.79428	-5.11715	-5.19624
5	15	85	3.63392	-4.97162	-5.93365
5	25	5	2.64601	-5.07828	-5.12439
5	25	15	2.62402	-3.72835	-3.7412
5	25	25	2.5647	-2.60635	-2.59268
5	25	35	2.84673	-3.84993	-3.71664
5	25	45	2.76084	-4.91385	-4.78827
5	25	55	2.7032	-4.08562	-3.98883
5	25	65	2.69644	-3.94044	-3.83943
5	25	75	2.63654	-5.03442	-4.99028
5	25	85	3.04119	-5.10773	-5.58344
5	35	5	2.66414	-5.12322	-5.19189
5	35	15	2.61219	-4.03677	-4.01654
5	35	25	2.90166	-2.81546	-2.90643
5	35	35	2.84952	-3.25613	-3.06048
5	35	45	2.84132	-4.50549	-4.33658
5	35	55	2.64002	-3.6983	-3.69847
5	35	65	2.55601	-3.39847	-3.39861
5	35	75	2.59251	-4.87887	-4.8386
5	35	85	3.05404	-5.12079	-5.58115
5	45	5	2.58263	-5.10419	-5.09121
5	45	15	2.73593	-4.08522	-4.02283
5	45	25	3.68648	-3.4633	-3.08864
5	45	35	3.60341	-3.81601	-2.89016
5	45	45	3.81684	-4.66689	-3.54656
5	45	55	4.01612	-4.66039	-3.24203
5	45	65	3.15131	-3.76144	-3.20137
5	45	75	2.71411	-4.53172	-4.45044
5	45	85	2.81615	-5.16046	-5.30119
5	55	5	3.04703	-5.47392	-5.18606
5	55	15	3.36848	-4.71456	-4.73975
5	55	25	3.4839	-3.8367	-3.50954
5	55	35	3.60705	-4.83869	-3.98705
5	55	45	4.44501	-6.0987	-4.41403
5	55	55	4.63854	-4.96154	-2.96264
5	55	65	4.21051	-4.40458	-2.79907
5	55	75	3.70471	-4.72072	-3.97557
5	55	85	3.32773	-5.58133	-5.38304
5	65	5	3.40551	-5.51029	-5.14818
5	65	15	3.50762	-4.16426	-4.1876
5	65	25	3.63263	-4.14922	-3.76015
5	65	35	3.19112	-5.45007	-4.98144
5	65	45	3.72176	-5.80726	-4.97595
5	65	55	4.53165	-4.98801	-3.30068
5	65	65	4.26385	-4.62174	-2.97274
5	65	75	3.7138	-4.59189	-3.73014
5	65	85	3.23933	-5.39445	-5.46811
5	75	5	2.99097	-4.30097	-4.42291
5	75	15	3.03854	-3.28981	-3.21697
5	75	25	2.78918	-3.37893	-3.351
5	75	35	2.92845	-4.39305	-4.34473
5	75	45	3.0663	-3.92272	-4.15716
5	75	55	3.09113	-4.16716	-3.9878
5	75	65	2.78929	-3.17757	-3.08952
5	75	75	2.88489	-3.70327	-3.85838
5	75	85	3.21845	-5.20615	-5.6133
5	85	5	2.85039	-4.5114	-4.59182
5	85	15	2.60824	-3.20031	-3.193
5	85	25	2.686	-3.13691	-3.04308
5	85	35	3.28499	-3.55278	-3.82208
5	85	45	3.50072	-3.33553	-3.87874
5	85	55	3.35915	-3.33991	-3.72875
5	85	65	2.6825	-3.41984	-3.38747
5	85	75	2.99594	-4.89996	-4.98272
5	85	85	3.70514	-5.1101	-6.21481
15	5	5	2.82053	-4.24337	-4.46955
15	5	15	2.64003	-3.42847	-3.39702
15	5	25	2.73336	-3.64376	-3.6249
15	5	35	3.45589	-4.74285	-5.46252
15	5	45	3.78905	-5.57042	-5.94042
15	5	55	3.83633	-5.7305	-5.38049
15	5	65	3.06798	-5.2276	-5.09456
15	5	75	3.28732	-5.11233	-5.31748
15	5	85	4.1497	-5.19852	-6.58892
15	15	5	3.03391	-4.40238	-4.16205
15	15	15	2.81501	-3.74999	-3.56997
15	15	25	3.11632	-3.24343	-2.80072
15	15	35	3.75549	-4.99017	-4.8273
15	15	45	4.22119	-5.75893	-6.01958
15	15	55	3.53239	-5.26456	-5.48205
15	15	65	2.80979	-4.66318	-4.47403
15	15	75	3.15603	-5.11855	-5.40108
15	15	85	3.71996	-5.27775	-5.96424
15	25	5	2.68994	-5.1647	-5.17067
15	25	15	2.70288	-4.34845	-4.27763
15	25	25	2.56647	-2.64906	-2.61441
15	25	35	3.16318	-4.16555	-3.79419
15	25	45	3.91837	-5.86574	-5.50569
15	25	55	3.33306	-4.47947	-4.30148
15	25	65	2.85042	-3.87324	-3.69114
15	25	75	2.79615	-4.75205	-4.75387
15	25	85	3.36229	-5.14472	-5.86795
15	35	5	2.80706	-5.21202	-5.24803
15	35	15	2.66638	-4.39596	-4.28155
15	35	25	2.79398	-2.81652	-2.69437
15	35	35	3.40997	-3.66472	-3.01793
15	35	45	3.39186	-4.76872	-4.69754
15	35	55	2.82472	-3.33892	-3.28463
15	35	65	2.67197	-3.40562	-3.35379
15	35	75	2.70854	-4.34675	-4.48346
15	35	85	3.18751	-5.2086	-5.62666
15	45	5	2.94942	-5.45714	-5.10524
15	45	15	3.1883	-5.03885	-4.48247
15	45	25	3.43891	-3.6266	-2.90114
15	45	35	4.08657	-4.69458	-3.22839
15	45	45	4.45217	-5.71181	-4.22929
15	45	55	4.14583	-4.59202	-3.25382
15	45	65	3.76239	-4.29392	-3.14359
15	45	75	3.26222	-4.71484	-4.1722
15	45	85	3.54693	-5.5678	-5.66163
15	55	5	2.98029	-5.40853	-5.10467
15	55	15	2.98619	-5.03671	-4.64174
15	55	25	3.0462	-3.91072	-3.74292
15	55	35	3.46567	-5.60126	-4.98172
15	55	45	4.43817	-6.57512	-5.02511
15	55	55	4.60778	-5.60055	-3.55475
15	55	65	4.30524	-4.61329	-2.94969
15	55	75	3.74293	-4.60928	-3.70987
15	55	85	3.62999	-5.70148	-5.55386
15	65	5	3.12415	-5.50884	-5.06804
15	65	15	3.64422	-5.13187	-4.32461
15	65	25	3.66989	-5.17546	-4.27615
15	65	35	4.43628	-6.6564	-5.23713
15	65	45	4.41054	-6.66146	-5.23346
15	65	55	4.92157	-6.10719	-4.43574
15	65	65	4.75122	-5.52501	-3.75191
15	65	75	4.16946	-4.63336	-3.93596
15	65	85	3.22368	-5.54447	-5.27905
15	75	5	3.28449	-4.83691	-5.10004
15	75	15	3.3384	-3.57186	-3.4116
15	75	25	3.45114	-4.26727	-3.94075
15	75	35	3.75696	-5.68845	-5.45405
15	75	45	3.4901	-5.53454	-5.24037
15	75	55	3.80891	-5.19842	-5.13212
15	75	65	3.56919	-3.95535	-3.98897
15	75	75	3.69636	-3.33508	-4.28789
15	75	85	2.91442	-5.12546	-5.38112
15	85	5	2.94287	-4.32655	-4.64834
15	85	15	2.82805	-3.16417	-3.37853
15	85	25	2.78005	-3.50147	-3.66794
15	85	35	3.4168	-4.60776	-5.22785
15	85	45	3.81627	-4.79004	-5.56241
15	85	55	3.55765	-4.34652	-4.8506
15	85	65	3.02119	-3.18191	-3.16056
15	85	75	3.74048	-4.50536	-5.04468
15	85	85	3.74824	-5.22225	-6.11952
25	5	5	3.39696	-4.3627	-5.08614
25	5	15	3.01901	-3.96606	-4.27319
25	5	25	2.79827	-4.08326	-4.12971
25	5	35	3.69187	-4.9704	-5.71045
25	5	45	2.90224	-5.07371	-5.6573
25	5	55	3.29949	-5.05889	-6.03132
25	5	65	4.0174	-4.70884	-5.68135
25	5	75	4.12105	-4.96665	-6.12083
25	5	85	3.95408	-5.1458	-6.42447
25	15	5	3.20067	-4.7227	-4.97073
25	15	15	2.97139	-4.38804	-4.16119
25	15	25	3.24179	-3.57458	-3.13091
25	15	35	3.98428	-5.24333	-5.19164
25	15	45	3.70151	-5.64086	-5.93522
25	15	55	3.12152	-4.92501	-5.33814
25	15	65	3.09316	-4.2189	-4.73415
25	15	75	3.31908	-4.51888	-5.20528
25	15	85	4.02583	-5.17975	-6.48894
25	25	5	3.11066	-5.54116	-5.17994
25	25	15	3.11636	-5.24142	-4.80555
25	25	25	3.33541	-3.69488	-2.99063
25	25	35	3.95926	-5.12262	-4.27519
25	25	45	5.31556	-6.68943	-6.16776
25	25	55	4.09545	-5.10109	-5.0711
25	25	65	2.93483	-3.53759	-3.52604
25	25	75	3.25633	-4.10877	-4.1744
25	25	85	4.11544	-5.61956	-6.16315
25	35	5	3.12866	-5.65406	-5.12881
25	35	15	3.32875	-5.37964	-4.64201
25	35	25	3.41271	-3.50642	-2.68476
25	35	35	4.06713	-4.78637	-3.6351
25	35	45	4.71557	-5.85669	-5.9348
25	35	55	4.07824	-4.07165	-4.41566
25	35	65	3.05013	-3.36519	-3.21401
25	35	75	2.9758	-3.75505	-4.05511
25	35	85	3.51944	-5.43862	-5.71502
25	45	5	3.23944	-5.7668	-5.1256
25	45	15	3.89914	-6.19006	-4.88216
25	45	25	4.60873	-4.55928	-3.10968
25	45	35	4.36723	-5.54716	-4.21441
25	45	45	4.39101	-6.0931	-5.22337
25	45	55	4.20838	-4.49513	-4.29473
25	45	65	3.4707	-3.48754	-3.27914
25	45	75	3.3599	-4.03201	-3.95004
25	45	85	3.13502	-5.36949	-5.38793
25	55	5	3.02545	-5.53393	-5.10477
25	55	15	2.96046	-5.11004	-4.82268
25	55	25	3.79671	-4.88045	-5.10292
25	55	35	3.47134	-5.49085	-5.50227
25	55	45	3.57965	-5.65718	-5.4592
25	55	55	4.26522	-5.66848	-5.00652
25	55	65	3.81514	-4.63253	-3.79662
25	55	75	4.12749	-4.89505	-3.80594
25	55	85	3.60937	-5.97769	-5.24416
25	65	5	3.24963	-5.69538	-5.00676
25	65	15	3.49401	-5.27925	-4.70542
25	65	25	3.61954	-4.94324	-4.63015
25	65	35	3.64566	-5.73759	-5.50022
25	65	45	3.83354	-6.08514	-5.35075
25	65	55	3.64778	-5.38849	-4.82253
25	65	65	3.9781	-5.32558	-4.52348
25	65	75	4.44895	-5.77191	-4.44219
25	65	85	3.49974	-5.88454	-5.2267
25	75	5	3.19825	-4.96023	-4.61002
25	75	15	3.29148	-3.43148	-3.66906
25	75	25	3.26753	-4.05036	-4.63342
25	75	35	3.40324	-5.1274	-5.85147
25	75	45	3.17069	-5.24216	-5.57768
25	75	55	3.55047	-4.9624	-5.31776
25	75	65	4.14099	-4.42553	-4.88789
25	75	75	4.02022	-3.41889	-4.31185
25	75	85	3.11293	-5.32315	-5.37778
25	85	5	3.43601	-4.28842	-4.75943
25	85	15	2.9541	-3.03538	-3.29177
25	85	25	2.84135	-3.50357	-3.77068
25	85	35	3.6939	-5.01312	-6.09592
25	85	45	3.47104	-5.05938	-5.69937
25	85	55	4.0467	-4.71916	-5.81324
25	85	65	4.38735	-3.27352	-4.34425
25	85	75	4.27729	-3.83934	-5.06545
25	85	85	3.74473	-5.3435	-5.97976
35	5	5	3.67762	-4.76178	-5.6078
35	5	15	3.02721	-4.10207	-4.49737
35	5	25	2.87157	-4.41865	-4.38038
35	5	35	3.9114	-5.23081	-5.86921
35	5	45	3.85897	-5.62341	-5.74342
35	5	55	4.45185	-5.0628	-6.3548
35	5	65	4.60437	-4.1744	-5.73968
35	5	75	4.34227	-4.39984	-6.10704
35	5	85	3.49228	-5.11304	-5.99179
35	15	5	3.94989	-4.94247	-6.29974
35	15	15	2.91525	-4.72763	-5.04866
35	15	25	2.60367	-3.68772	-3.68035
35	15	35	3.14701	-4.83564	-4.99958
35	15	45	3.9646	-5.44693	-6.07774
35	15	55	3.64747	-4.94304	-5.75021
35	15	65	3.67346	-3.95663	-5.04105
35	15	75	3.59464	-4.20965	-5.25245
35	15	85	3.76582	-5.09518	-6.32997
35	25	5	3.68903	-5.40235	-5.93994
35	25	15	3.33048	-5.59251	-5.16784
35	25	25	3.47507	-4.22517	-3.38146
35	25	35	3.75657	-5.52408	-4.56176
35	25	45	5.13664	-6.75419	-5.97106
35	25	55	4.49676	-5.66199	-5.28586
35	25	65	3.49225	-3.99484	-3.77603
35	25	75	3.41137	-3.44439	-3.78398
35	25	85	4.07302	-5.20956	-6.55156
35	35	5	2.92704	-5.24198	-5.3384
35	35	15	2.79481	-5.08208	-4.84495
35	35	25	2.97205	-3.41575	-3.03491
35	35	35	3.31558	-4.70194	-4.10065
35	35	45	3.79598	-5.76398	-5.56077
35	35	55	3.69668	-4.56418	-4.22333
35	35	65	3.23625	-3.34962	-3.16684
35	35	75	2.91142	-2.98716	-3.02514
35	35	85	3.81263	-5.35698	-6.01618
35	45	5	3.35345	-5.84185	-5.04428
35	45	15	3.15169	-5.48204	-4.88271
35	45	25	3.09224	-3.87244	-3.57365
35	45	35	3.19785	-5.1537	-4.63972
35	45	45	4.05429	-5.73146	-5.78991
35	45	55	3.91792	-5.02194	-5.05749
35	45	65	3.07712	-3.57248	-3.29162
35	45	75	3.16786	-3.79723	-3.41721
35	45	85	3.51103	-5.71387	-5.39385
35	55	5	3.22103	-5.68613	-5.02734
35	55	15	3.43457	-5.62284	-5.14478
35	55	25	4.55791	-5.65765	-5.82372
35	55	35	3.34791	-5.57653	-5.29258
35	55	45	3.2755	-5.37992	-5.50349
35	55	55	3.75592	-5.33763	-5.6968
35	55	65	3.32186	-4.95933	-4.59416
35	55	75	3.34102	-4.80687	-4.13888
35	55	85	3.38257	-5.76288	-5.29208
35	65	5	3.28506	-5.70367	-5.07364
35	65	15	4.19125	-5.37765	-5.14585
35	65	25	4.4167	-5.06724	-5.78891
35	65	35	3.65348	-5.42379	-5.85343
35	65	45	3.06062	-5.30432	-5.40672
35	65	55	3.35992	-5.12453	-5.72613
35	65	65	2.83796	-5.13171	-5.21445
35	65	75	2.86402	-4.82184	-4.75446
35	65	85	3.05868	-5.47732	-5.21283
35	75	5	3.716	-5.31753	-4.6103
35	75	15	3.78603	-3.70932	-4.24576
35	75	25	3.14996	-4.17767	-4.4421
35	75	35	3.33496	-5.16574	-5.7883
35	75	45	2.82284	-5.10326	-5.37143
35	75	55	3.17634	-4.80237	-5.42602
35	75	65	3.79633	-4.31119	-5.47641
35	75	75	3.46357	-3.68433	-4.31665
35	75	85	3.30459	-5.60712	-5.33278
35	85	5	3.11168	-3.95115	-4.29269
35	85	15	3.10284	-2.87175	-3.29853
35	85	25	2.95928	-3.62494	-4.01092
35	85	35	3.4511	-5.09975	-5.95967
35	85	45	3.44184	-5.12169	-5.97167
35	85	55	4.0603	-5.0228	-6.13047
35	85	65	5.00592	-3.53361	-5.1869
35	85	75	4.31146	-3.42405	-4.49086
35	85	85	3.35239	-5.45836	-5.48785
45	5	5	3.01628	-4.8213	-5.28647
45	5	15	2.95718	-4.09692	-4.4229
45	5	25	2.62757	-4.17229	-4.09223
45	5	35	3.56784	-5.52849	-5.54725
45	5	45	3.77661	-5.84357	-5.46517
45	5	55	3.81744	-5.22403	-5.34685
45	5	65	3.4943	-3.41846	-3.8377
45	5	75	3.87305	-3.50307	-4.74427
45	5	85	3.11666	-4.98198	-5.52675
45	15	5	3.33785	-4.96144	-5.74906
45	15	15	2.67826	-4.81283	-4.89926
45	15	25	2.65508	-4.20485	-4.10167
45	15	35	2.94535	-5.17871	-5.18514
45	15	45	3.54858	-5.27416	-5.89815
45	15	55	3.21545	-4.63881	-4.88561
45	15	65	3.05873	-3.22084	-3.63521
45	15	75	3.57266	-3.31984	-4.29902
45	15	85	2.89786	-5.0684	-5.37276
45	25	5	3.74309	-5.06231	-6.13356
45	25	15	2.68281	-5.05844	-5.19021
45	25	25	2.5743	-4.07734	-4.05419
45	25	35	2.71948	-4.8596	-4.93516
45	25	45	3.31768	-5.21863	-5.69282
45	25	55	3.01653	-4.5454	-4.60272
45	25	65	2.7937	-3.31859	-3.3164
45	25	75	3.49155	-3.23924	-3.77873
45	25	85	3.53543	-5.00499	-5.82779
45	35	5	3.42153	-4.70263	-5.57146
45	35	15	2.55972	-4.98211	-4.99066
45	35	25	2.63153	-3.35985	-3.44028
45	35	35	2.61351	-4.42689	-4.48925
45	35	45	2.81148	-5.08884	-5.30922
45	35	55	2.6927	-4.24187	-4.2026
45	35	65	2.6351	-2.91368	-2.61045
45	35	75	2.83463	-3.0523	-2.96831
45	35	85	3.47263	-4.8053	-5.68368
45	45	5	3.27753	-5.32112	-4.92922
45	45	15	2.77583	-5.24204	-5.02684
45	45	25	2.67278	-4.05683	-4.09859
45	45	35	2.61507	-4.7807	-4.80394
45	45	45	2.69186	-5.06118	-5.16082
45	45	55	2.65503	-4.6636	-4.72201
45	45	65	2.65388	-3.76004	-3.59685
45	45	75	2.94906	-3.91655	-3.55611
45	45	85	3.85182	-5.43653	-5.77733
45	55	5	3.88907	-6.38588	-5.11593
45	55	15	3.71331	-6.12244	-5.08153
45	55	25	3.67319	-5.41844	-4.93901
45	55	35	3.19426	-5.64944	-5.09189
45	55	45	3.43267	-5.91188	-5.1527
45	55	55	2.87185	-5.20018	-5.16102
45	55	65	2.77429	-5.10993	-4.96759
45	55	75	2.65542	-4.78858	-4.68337
45	55	85	3.16177	-5.47556	-5.10716
45	65	5	2.886	-5.27917	-5.21907
45	65	15	3.68038	-5.28575	-4.80448
45	65	25	3.83861	-4.04297	-4.4023
45	65	35	3.11517	-5.37762	-5.21602
45	65	45	2.68705	-5.13513	-5.20235
45	65	55	2.78383	-5.19279	-5.2432
45	65	65	2.67307	-5.1199	-5.15874
45	65	75	2.57344	-4.97024	-4.98783
45	65	85	2.8371	-5.08724	-5.40196
45	75	5	3.54887	-5.50848	-4.93222
45	75	15	3.70284	-3.58843	-3.78427
45	75	25	2.95963	-3.45484	-3.63144
45	75	35	2.89787	-5.07675	-5.30992
45	75	45	2.81736	-5.10568	-5.36416
45	75	55	2.81401	-5.063	-5.28402
45	75	65	2.73163	-4.84055	-4.94089
45	75	75	2.67123	-4.4208	-4.46059
45	75	85	3.47222	-5.39344	-5.67303
45	85	5	2.89956	-3.74419	-3.96847
45	85	15	3.03972	-2.57224	-3.13172
45	85	25	2.69371	-3.36704	-3.50725
45	85	35	3.06878	-5.07796	-5.55742
45	85	45	2.83546	-5.18213	-5.32611
45	85	55	3.01424	-5.10204	-5.16524
45	85	65	3.39344	-3.77683	-4.17765
45	85	75	3.23346	-3.30706	-3.58623
45	85	85	3.09587	-4.91253	-5.25489
55	5	5	2.81746	-4.85826	-5.00103
55	5	15	2.67364	-3.81378	-3.93612
55	5	25	2.56691	-3.88879	-3.86901
55	5	35	2.94841	-5.22583	-5.26541
55	5	45	3.37118	-5.78121	-5.24172
55	5	55	3.47307	-5.72324	-4.96288
55	5	65	3.53224	-3.91884	-3.01846
55	5	75	3.07505	-3.01475	-2.85152
55	5	85	2.93305	-4.46373	-4.72251
55	15	5	2.89431	-4.93971	-5.20364
55	15	15	2.57394	-4.8969	-4.87888
55	15	25	2.57236	-4.48155	-4.50206
55	15	35	2.89286	-5.10273	-5.12294
55	15	45	3.11471	-5.42306	-5.34191
55	15	55	2.92508	-4.65246	-4.40407
55	15	65	2.84669	-3.06769	-2.93367
55	15	75	2.94305	-3.17475	-3.30355
55	15	85	2.83826	-4.59569	-4.85005
55	25	5	2.97312	-4.26182	-4.52297
55	25	15	2.61518	-4.94131	-4.92131
55	25	25	2.57597	-4.55946	-4.57719
55	25	35	2.59368	-5.00405	-5.04266
55	25	45	2.83513	-5.10294	-5.38056
55	25	55	2.61513	-4.56362	-4.62358
55	25	65	2.57515	-3.3121	-3.30884
55	25	75	3.01399	-3.88644	-3.98349
55	25	85	3.09233	-4.52607	-4.74718
55	35	5	3.14004	-4.17825	-4.76694
55	35	15	2.53457	-4.70023	-4.70343
55	35	25	2.65168	-4.18134	-4.28166
55	35	35	2.57237	-4.76115	-4.78237
55	35	45	2.65151	-5.11634	-5.17668
55	35	55	2.57349	-4.32149	-4.30388
55	35	65	2.57151	-3.02686	-2.88728
55	35	75	2.89228	-3.84595	-3.86474
55	35	85	3.15553	-4.60245	-5.16361
55	45	5	3.4615	-4.91529	-4.86653
55	45	15	2.79442	-4.73404	-4.53746
55	45	25	2.75198	-4.55964	-4.601
55	45	35	2.61187	-4.9072	-4.88805
55	45	45	2.63145	-5.10854	-5.14896
55	45	55	2.59303	-4.64218	-4.64258
55	45	65	2.51144	-3.64283	-3.64364
55	45	75	2.68906	-4.4942	-4.35423
55	45	85	3.29464	-5.25778	-5.48059
55	55	5	3.07433	-5.20313	-5.15924
55	55	15	3.52577	-5.42202	-4.62318
55	55	25	3.9993	-5.24644	-4.16272
55	55	35	3.77944	-6.02674	-4.84236
55	55	45	3.75504	-6.23881	-5.15562
55	55	55	3.27304	-5.80122	-5.08242
55	55	65	3.11109	-5.47282	-4.91288
55	55	75	2.67143	-5.05274	-5.01236
55	55	85	3.01702	-5.13157	-5.39597
55	65	5	2.62564	-5.0595	-5.05376
55	65	15	2.97204	-4.83429	-4.54998
55	65	25	3.09318	-3.38026	-3.12273
55	65	35	2.91284	-4.81251	-4.57401
55	65	45	2.9151	-5.44304	-5.16301
55	65	55	2.77067	-5.27825	-5.10506
55	65	65	2.60036	-5.04963	-5.00052
55	65	75	2.61784	-5.10535	-5.15856
55	65	85	3.24386	-5.10412	-5.81608
55	75	5	2.81533	-5.08392	-5.22366
55	75	15	2.75063	-3.4881	-3.53477
55	75	25	2.72538	-2.90014	-2.73345
55	75	35	2.7442	-4.5435	-4.51283
55	75	45	2.65916	-5.12797	-5.18076
55	75	55	2.59441	-5.10337	-5.10404
55	75	65	2.55163	-4.96251	-4.96216
55	75	75	2.61116	-5.0017	-4.98157
55	75	85	3.47468	-5.14102	-5.98136
55	85	5	2.76395	-3.78279	-3.95225
55	85	15	2.52332	-2.69657	-2.82459
55	85	25	2.29357	-2.98482	-2.98055
55	85	35	2.65424	-4.93015	-5.04543
55	85	45	2.73409	-5.18319	-5.20028
55	85	55	2.67547	-5.18287	-5.10565
55	85	65	2.65105	-4.12085	-4.02086
55	85	75	2.67185	-3.55684	-3.47601
55	85	85	3.11191	-4.3285	-4.84761
65	5	5	3.38026	-4.82817	-5.01377
65	5	15	2.58232	-3.65928	-3.64249
65	5	25	2.59725	-3.76085	-3.75956
65	5	35	2.51603	-4.92497	-4.90815
65	5	45	2.0124	-5.1394	-5.27908
65	5	55	2.3527	-4.96281	-4.84288
65	5	65	3.13264	-4.04325	-3.46166
65	5	75	3.29346	-3.56284	-2.82043
65	5	85	3.69183	-4.28993	-4.26912
65	15	5	2.67952	-4.39292	-4.51246
65	15	15	2.61749	-4.23957	-4.21877
65	15	25	2.67909	-4.6603	-4.58031
65	15	35	2.75846	-5.13828	-4.9841
65	15	45	2.67331	-5.18217	-5.12326
65	15	55	2.7187	-4.92363	-4.78289
65	15	65	2.66826	-3.16087	-3.07726
65	15	75	2.75628	-3.7848	-3.61958
65	15	85	2.91944	-4.18144	-4.25382
65	25	5	2.75772	-4.07524	-4.11423
65	25	15	2.60544	-3.84634	-3.88405
65	25	25	2.61178	-4.70701	-4.74881
65	25	35	2.62319	-4.91818	-4.97323
65	25	45	2.71619	-5.10217	-5.28067
65	25	55	2.59553	-4.60569	-4.64326
65	25	65	2.57357	-3.26883	-3.28763
65	25	75	2.59253	-4.37871	-4.41706
65	25	85	2.77321	-4.42264	-4.52127
65	35	5	2.67486	-4.4463	-4.53058
65	35	15	2.61889	-3.74461	-3.81052
65	35	25	2.58286	-4.63806	-4.66975
65	35	35	2.59453	-4.81118	-4.85457
65	35	45	2.6328	-5.1001	-5.22176
65	35	55	2.57312	-4.062	-4.08408
65	35	65	2.49145	-3.11125	-3.07166
65	35	75	2.61146	-4.7858	-4.84618
65	35	85	2.63235	-4.89418	-4.97529
65	45	5	2.75954	-4.55163	-4.68092
65	45	15	2.77553	-3.78358	-3.60807
65	45	25	2.95518	-4.41402	-4.13814
65	45	35	2.87195	-5.20365	-4.92453
65	45	45	2.95267	-5.41523	-5.25686
65	45	55	2.75387	-4.64193	-4.48477
65	45	65	2.57269	-3.72643	-3.7073
65	45	75	2.69266	-4.86054	-5.00217
65	45	85	3.01385	-5.0937	-5.53652
65	55	5	3.24353	-5.18196	-4.83125
65	55	15	3.62766	-4.91753	-3.97655
65	55	25	4.22673	-5.04348	-3.45279
65	55	35	4.56466	-6.202	-4.23084
65	55	45	4.61944	-7.10534	-5.15776
65	55	55	3.69426	-6.08458	-5.023
65	55	65	3.3735	-5.43323	-4.61411
65	55	75	3.17308	-5.53486	-5.23453
65	55	85	3.43426	-5.40752	-5.60996
65	65	5	3.0309	-4.76317	-5.07874
65	65	15	2.77924	-3.69266	-3.69232
65	65	25	2.97561	-3.07431	-2.85169
65	65	35	3.0982	-4.16596	-3.66043
65	65	45	3.20795	-5.69253	-5.19721
65	65	55	2.93793	-5.36552	-4.9852
65	65	65	2.61973	-4.88962	-4.82232
65	65	75	2.83505	-5.08226	-5.31828
65	65	85	3.5235	-5.10628	-6.06509
65	75	5	3.01314	-5.00634	-5.37953
65	75	15	2.61329	-3.44708	-3.47596
65	75	25	2.62126	-2.61694	-2.59256
65	75	35	2.89267	-3.74004	-3.60082
65	75	45	2.97126	-5.34888	-5.25186
65	75	55	2.70612	-5.17146	-5.02808
65	75	65	2.59342	-5.00339	-4.96229
65	75	75	2.67158	-5.00056	-5.12001
65	75	85	3.33436	-5.08331	-5.78397
65	85	5	3.28912	-4.22247	-4.798
65	85	15	2.62458	-2.78217	-2.89226
65	85	25	2.4215	-2.77642	-2.83173
65	85	35	2.58606	-4.30761	-4.31902
65	85	45	2.69749	-5.13387	-5.20986
65	85	55	2.55879	-5.08333	-5.08845
65	85	65	2.61117	-4.58171	-4.52172
65	85	75	2.6911	-4.35932	-4.41924
65	85	85	3.81388	-4.50089	-5.42043
75	5	5	3.54308	-4.08724	-4.27759
75	5	15	2.94009	-3.82691	-3.72782
75	5	25	2.8947	-3.56046	-3.53924
75	5	35	2.77398	-5.04032	-4.90059
75	5	45	2.47389	-5.06638	-5.38832
75	5	55	2.41469	-5.04181	-4.98621
75	5	65	2.65149	-4.34209	-4.24166
75	5	75	2.7923	-3.7917	-3.67044
75	5	85	3.65394	-3.9685	-4.54719
75	15	5	3.00267	-4.14303	-4.41698
75	15	15	2.86731	-3.34302	-3.27352
75	15	25	3.17354	-4.13039	-3.91754
75	15	35	3.05151	-5.18883	-4.74115
75	15	45	3.00194	-5.52611	-5.14177
75	15	55	2.70832	-5.14804	-4.982
75	15	65	2.73105	-3.84125	-3.65766
75	15	75	2.65228	-4.59048	-4.48925
75	15	85	2.99463	-4.25922	-4.55721
75	25	5	2.69834	-4.60637	-4.74268
75	25	15	2.76189	-3.23655	-3.42985
75	25	25	2.93229	-4.07358	-4.35552
75	25	35	2.66937	-4.65505	-4.76555
75	25	45	2.59735	-5.08212	-5.12251
75	25	55	2.55429	-4.84448	-4.84284
75	25	65	2.55206	-3.65566	-3.65607
75	25	75	2.57177	-4.74196	-4.76116
75	25	85	2.71344	-4.9336	-5.1328
75	35	5	2.85403	-4.70775	-5.0109
75	35	15	3.11577	-3.14046	-3.70396
75	35	25	2.73256	-4.41786	-4.5972
75	35	35	2.64382	-4.81498	-4.90572
75	35	45	2.61485	-5.0995	-5.16071
75	35	55	2.59189	-4.24241	-4.28402
75	35	65	2.55189	-3.57246	-3.57248
75	35	75	2.59147	-4.98537	-4.98575
75	35	85	2.6731	-5.06761	-5.20955
75	45	5	2.91509	-4.71789	-5.04234
75	45	15	3.23965	-3.349	-3.83667
75	45	25	3.16479	-4.01614	-3.74737
75	45	35	3.29727	-5.23281	-4.65896
75	45	45	3.27561	-5.67627	-5.16076
75	45	55	2.97228	-4.46203	-4.08324
75	45	65	2.71188	-3.96164	-3.84171
75	45	75	2.65189	-5.02303	-5.04389
75	45	85	2.81425	-5.13573	-5.27893
75	55	5	3.11757	-5.06313	-4.94637
75	55	15	3.90573	-4.57794	-3.63726
75	55	25	4.31042	-4.46576	-2.79698
75	55	35	4.81352	-5.7419	-3.64356
75	55	45	4.99066	-7.37567	-5.22011
75	55	55	4.4203	-5.52792	-3.78597
75	55	65	3.81359	-5.21005	-4.111
75	55	75	3.0927	-5.31452	-5.05538
75	55	85	3.19667	-5.27763	-5.52244
75	65	5	3.00903	-4.32844	-4.65265
75	65	15	2.89947	-3.33639	-3.23845
75	65	25	2.94758	-3.05266	-2.78025
75	65	35	2.93721	-3.53358	-3.18902
75	65	45	3.57406	-5.82562	-4.9258
75	65	55	3.56687	-4.1336	-3.28615
75	65	65	3.06615	-3.97166	-3.54274
75	65	75	2.78047	-4.89986	-4.95409
75	65	85	3.12389	-5.12912	-5.64669
75	75	5	3.33098	-4.80504	-5.4189
75	75	15	2.66465	-3.25799	-3.24286
75	75	25	2.67898	-2.69828	-2.65281
75	75	35	2.97064	-3.29423	-2.95542
75	75	45	3.26647	-5.38345	-4.99759
75	75	55	2.84802	-4.18391	-3.95694
75	75	65	2.6184	-3.88583	-3.82083
75	75	75	2.83651	-5.03979	-5.31856
75	75	85	3.40123	-5.10492	-5.96762
75	85	5	3.37058	-4.10153	-4.8401
75	85	15	2.79845	-3.14026	-3.18565
75	85	25	2.81465	-3.09281	-2.95084
75	85	35	2.81936	-3.68013	-3.5726
75	85	45	2.85969	-4.95586	-5.19279
75	85	55	2.62633	-4.70461	-4.69471
75	85	65	2.59176	-5.00096	-4.96067
75	85	75	2.73172	-4.79988	-4.81928
75	85	85	3.55523	-4.68139	-5.44283
85	5	5	3.01212	-3.17145	-3.35125
85	5	15	3.03482	-3.9235	-3.52273
85	5	25	3.2161	-3.74543	-3.12121
85	5	35	3.5753	-5.52207	-4.77782
85	5	45	3.86042	-5.77404	-5.69504
85	5	55	2.96351	-5.37984	-4.98905
85	5	65	2.87724	-5.07686	-4.75584
85	5	75	2.89284	-4.7597	-4.70053
85	5	85	3.55643	-4.83657	-5.71761
85	15	5	2.8811	-3.99415	-4.16339
85	15	15	2.89768	-2.91897	-2.69514
85	15	25	3.07158	-3.21136	-2.85252
85	15	35	3.15431	-4.79085	-4.42755
85	15	45	2.94872	-5.25285	-5.25838
85	15	55	2.69999	-5.00945	-4.86176
85	15	65	2.69443	-4.6225	-4.4802
85	15	75	2.61228	-5.04565	-5.06528
85	15	85	3.15185	-4.73263	-5.25262
85	25	5	2.72429	-4.80717	-4.97316
85	25	15	2.79928	-3.28752	-3.5229
85	25	25	2.90405	-2.99563	-3.28341
85	25	35	2.79056	-3.84938	-3.97867
85	25	45	2.62358	-4.72562	-4.69553
85	25	55	2.63754	-4.86727	-4.82318
85	25	65	2.57353	-3.92127	-3.90053
85	25	75	2.61228	-4.99435	-5.0132
85	25	85	2.69266	-5.05141	-5.1898
85	35	5	2.65568	-5.07924	-5.1827
85	35	15	3.13148	-3.41229	-3.99221
85	35	25	3.29654	-3.38885	-4.08578
85	35	35	2.78238	-4.24383	-4.34849
85	35	45	2.59478	-4.93551	-4.97429
85	35	55	2.59474	-4.06405	-4.10284
85	35	65	2.55278	-3.47813	-3.4773
85	35	75	2.61157	-4.93325	-4.95351
85	35	85	2.65233	-5.09531	-5.19564
85	45	5	2.77762	-4.94216	-5.12714
85	45	15	3.6557	-3.41675	-4.35623
85	45	25	3.52459	-3.62794	-3.83122
85	45	35	3.38127	-4.17293	-3.59439
85	45	45	3.59396	-5.91718	-4.97832
85	45	55	3.45276	-4.48201	-3.62446
85	45	65	2.87271	-3.86566	-3.58576
85	45	75	2.69199	-4.73187	-4.79198
85	45	85	2.73555	-5.11975	-5.26339
85	55	5	3.34111	-5.26399	-5.28913
85	55	15	3.53105	-4.04905	-4.31888
85	55	25	4.0206	-3.94475	-3.09477
85	55	35	4.50201	-5.03556	-3.53842
85	55	45	4.88156	-6.98029	-4.77317
85	55	55	4.64362	-5.11273	-3.06612
85	55	65	4.17639	-4.56368	-3.02418
85	55	75	3.3129	-4.95767	-4.51706
85	55	85	3.15448	-5.48011	-5.32267
85	65	5	3.08969	-4.66947	-4.83269
85	65	15	2.96924	-3.44703	-3.56005
85	65	25	2.87424	-3.22768	-3.11275
85	65	35	2.98891	-4.45082	-4.21714
85	65	45	3.61518	-5.3121	-4.55452
85	65	55	4.16996	-4.2534	-2.81106
85	65	65	3.71362	-3.79343	-2.75804
85	65	75	3.12227	-4.11033	-4.06209
85	65	85	2.96375	-5.26612	-5.34317
85	75	5	2.88294	-4.47136	-4.66462
85	75	15	2.68953	-3.15993	-3.22904
85	75	25	2.64261	-3.07335	-3.06276
85	75	35	2.77145	-3.25438	-3.19478
85	75	45	3.15774	-3.94006	-3.8334
85	75	55	2.99977	-3.1893	-3.05081
85	75	65	2.78324	-3.08428	-3.03601
85	75	75	2.83816	-4.29614	-4.53098
85	75	85	3.12846	-5.12841	-5.66152
85	85	5	3.1192	-4.66763	-5.025
85	85	15	2.65565	-3.2971	-3.31641
85	85	25	2.77533	-3.12813	-2.94392
85	85	35	2.91385	-3.17504	-3.29225
85	85	45	3.36904	-3.62549	-4.30912
85	85	55	2.63329	-3.29912	-3.33486
85	85	65	2.6592	-4.32023	-4.42483
85	85	75	2.89626	-4.959	-5.25903
85	85	85	3.45981	-5.02391	-5.80634
