5	5	5	2.67079	-3.41964	-3.49817
5	5	15	2.57425	-2.99207	-2.97364
5	5	25	2.81432	-3.58675	-3.32473
5	5	35	4.07518	-5.6814	-5.2377
5	5	45	4.66646	-6.16607	-5.95146
5	5	55	3.67605	-5.79328	-5.30768
5	5	65	3.08958	-5.27199	-4.99755
5	5	75	2.95434	-4.94898	-5.10707
5	5	85	3.72079	-5.07962	-6.1676
5	15	5	2.70637	-3.9363	-3.92923
5	15	15	2.73449	-2.86262	-2.72205
5	15	25	2.87389	-3.01169	-2.69044
5	15	35	3.4619	-4.7529	-4.36203
5	15	45	3.84917	-5.72852	-5.51517
5	15	55	3.24759	-5.2083	-4.77147
5	15	65	2.88278	-4.78607	-4.58642
5	15	75	2.79388	-5.11715	-5.19624
5	15	85	3.61392	-4.97163	-5.91366
5	25	5	2.64561	-5.07828	-5.12479
5	25	15	2.62441	-3.72874	-3.74119
5	25	25	2.56431	-2.60596	-2.59268
5	25	35	2.84712	-3.85032	-3.71664
5	25	45	2.76044	-4.89385	-4.76827
5	25	55	2.7032	-4.08482	-3.98843
5	25	65	2.69646	-3.96005	-3.85906
5	25	75	2.63654	-5.03441	-4.99028
5	25	85	3.00119	-5.10774	-5.54345
5	35	5	2.64454	-5.12322	-5.17229
5	35	15	2.59218	-4.01679	-3.99654
5	35	25	2.90166	-2.81546	-2.90643
5	35	35	2.86912	-3.21613	-3.02008
5	35	45	2.84131	-4.46549	-4.29658
5	35	55	2.64002	-3.7379	-3.73727
5	35	65	2.556	-3.31847	-3.31862
5	35	75	2.59251	-4.87888	-4.83861
5	35	85	3.01404	-5.1208	-5.54115
5	45	5	2.58302	-5.10419	-5.09161
5	45	15	2.73592	-4.08522	-4.02282
5	45	25	3.70646	-3.46329	-3.10864
5	45	35	3.60381	-3.8156	-2.89016
5	45	45	3.77724	-4.64608	-3.46575
5	45	55	4.01573	-4.63999	-3.22324
5	45	65	3.15173	-3.76183	-3.20137
5	45	75	2.71411	-4.53572	-4.45444
5	45	85	2.81615	-5.16046	-5.3012
5	55	5	3.04744	-5.47393	-5.18646
5	55	15	3.36848	-4.71456	-4.73976
5	55	25	3.4839	-3.8367	-3.50954
5	55	35	3.60705	-4.83788	-3.98624
5	55	45	4.4246	-6.07868	-4.41363
5	55	55	4.61975	-4.96113	-2.96263
5	55	65	4.21049	-4.40457	-2.79988
5	55	75	3.70511	-4.7207	-3.97515
5	55	85	3.36773	-5.58132	-5.42305
5	65	5	3.40591	-5.51029	-5.14898
5	65	15	3.50762	-4.16426	-4.1876
5	65	25	3.63263	-4.14921	-3.76015
5	65	35	3.19073	-5.45007	-4.98104
5	65	45	3.68217	-5.76765	-4.95595
5	65	55	4.53284	-4.9872	-3.30228
5	65	65	4.24425	-4.60174	-2.97316
5	65	75	3.71383	-4.59148	-3.72976
5	65	85	3.21933	-5.39443	-5.44809
5	75	5	2.99097	-4.30097	-4.42291
5	75	15	3.03854	-3.28981	-3.21697
5	75	25	2.78919	-3.39893	-3.37101
5	75	35	2.92885	-4.41305	-4.36513
5	75	45	3.0463	-3.86271	-4.11715
5	75	55	3.09113	-4.16516	-3.9854
5	75	65	2.78929	-3.17756	-3.08951
5	75	75	2.8649	-3.70327	-3.85838
5	75	85	3.21845	-5.20614	-5.63329
5	85	5	2.85119	-4.5114	-4.59262
5	85	15	2.60824	-3.22031	-3.21301
5	85	25	2.68601	-3.13692	-3.04308
5	85	35	3.28499	-3.57278	-3.84208
5	85	45	3.52072	-3.39513	-3.93834
5	85	55	3.33995	-3.3167	-3.72595
5	85	65	2.68249	-3.41983	-3.38747
5	85	75	2.99594	-4.89996	-4.98272
5	85	85	3.72394	-5.1093	-6.23481
15	5	5	2.82013	-4.24337	-4.46955
15	5	15	2.64047	-3.42847	-3.39706
15	5	25	2.73336	-3.64416	-3.6253
15	5	35	3.45549	-4.74205	-5.46172
15	5	45	3.70905	-5.55082	-5.94082
15	5	55	3.67672	-5.75129	-5.42168
15	5	65	3.08799	-5.24753	-5.0945
15	5	75	3.30772	-5.13273	-5.31748
15	5	85	4.16931	-5.19853	-6.62892
15	15	5	3.0323	-4.40238	-4.16085
15	15	15	2.81503	-3.76998	-3.58998
15	15	25	3.13592	-3.26302	-2.80072
15	15	35	3.73589	-4.97056	-4.82729
15	15	45	4.2008	-5.77854	-6.01958
15	15	55	3.47239	-5.24496	-5.46285
15	15	65	2.80779	-4.66392	-4.47477
15	15	75	3.15603	-5.11855	-5.40108
15	15	85	3.73996	-5.27775	-5.98424
15	25	5	2.68993	-5.16509	-5.17067
15	25	15	2.70287	-4.34845	-4.27761
15	25	25	2.58647	-2.66906	-2.63441
15	25	35	3.16318	-4.16555	-3.79419
15	25	45	3.91837	-5.86574	-5.5057
15	25	55	3.33225	-4.47987	-4.30187
15	25	65	2.84921	-3.89364	-3.71154
15	25	75	2.79611	-4.75206	-4.75389
15	25	85	3.30229	-5.14473	-5.80797
15	35	5	2.80707	-5.21203	-5.24843
15	35	15	2.66596	-4.39557	-4.28154
15	35	25	2.79398	-2.81652	-2.69437
15	35	35	3.40958	-3.68433	-3.03753
15	35	45	3.39145	-4.72832	-4.65753
15	35	55	2.82592	-3.31852	-3.26543
15	35	65	2.65197	-3.40561	-3.37378
15	35	75	2.72851	-4.36714	-4.48425
15	35	85	3.1875	-5.2086	-5.62667
15	45	5	2.94862	-5.45674	-5.10484
15	45	15	3.18871	-5.03925	-4.48248
15	45	25	3.41891	-3.6066	-2.86114
15	45	35	4.08658	-4.6946	-3.22839
15	45	45	4.45217	-5.69099	-4.20849
15	45	55	4.14502	-4.59081	-3.25262
15	45	65	3.76239	-4.29471	-3.14438
15	45	75	3.24182	-4.69284	-4.1706
15	45	85	3.58693	-5.5878	-5.70163
15	55	5	2.97908	-5.40813	-5.10427
15	55	15	2.98619	-5.03671	-4.64174
15	55	25	3.0662	-3.91073	-3.76292
15	55	35	3.46527	-5.60086	-4.98172
15	55	45	4.43859	-6.57511	-5.02552
15	55	55	4.60777	-5.64014	-3.59433
15	55	65	4.32482	-4.63249	-2.9493
15	55	75	3.74293	-4.60929	-3.70987
15	55	85	3.65	-5.70156	-5.57395
15	65	5	3.12416	-5.50884	-5.06805
15	65	15	3.64422	-5.13187	-4.32462
15	65	25	3.6699	-5.17547	-4.27615
15	65	35	4.41667	-6.65639	-5.21753
15	65	45	4.45054	-6.66143	-5.27344
15	65	55	4.94118	-6.1068	-4.45574
15	65	65	4.77122	-5.54501	-3.75192
15	65	75	4.16947	-4.63337	-3.93598
15	65	85	3.24369	-5.54444	-5.29905
15	75	5	3.24448	-4.79691	-5.10003
15	75	15	3.33839	-3.67186	-3.51159
15	75	25	3.43114	-4.26727	-3.92075
15	75	35	3.75776	-5.68885	-5.45445
15	75	45	3.5701	-5.51454	-5.30037
15	75	55	3.82931	-5.19802	-5.15172
15	75	65	3.57039	-3.95531	-3.99013
15	75	75	3.69636	-3.29508	-4.24789
15	75	85	2.93443	-5.12545	-5.40112
15	85	5	2.96247	-4.32615	-4.64835
15	85	15	2.82846	-3.20417	-3.41895
15	85	25	2.78005	-3.48147	-3.66794
15	85	35	3.4168	-4.64816	-5.26825
15	85	45	3.81627	-4.81044	-5.58281
15	85	55	3.55805	-4.34532	-4.8498
15	85	65	3.04159	-3.20185	-3.16091
15	85	75	3.72049	-4.48536	-5.02469
15	85	85	3.70905	-5.20305	-6.11954
25	5	5	3.39697	-4.3627	-5.10694
25	5	15	3.01902	-3.96606	-4.27322
25	5	25	2.79827	-4.08406	-4.13051
25	5	35	3.65147	-4.9504	-5.71085
25	5	45	2.80224	-5.05412	-5.65811
25	5	55	3.09988	-5.03969	-6.03173
25	5	65	4.0178	-4.70881	-5.68172
25	5	75	4.12184	-4.96664	-6.12163
25	5	85	3.9541	-5.14541	-6.42449
25	15	5	3.20266	-4.7227	-4.97273
25	15	15	2.97097	-4.38763	-4.1608
25	15	25	3.2418	-3.57459	-3.13091
25	15	35	3.9847	-5.24376	-5.19167
25	15	45	3.66072	-5.64088	-5.95522
25	15	55	3.01833	-4.94462	-5.35816
25	15	65	3.08996	-4.21931	-4.73457
25	15	75	3.31868	-4.51848	-5.20528
25	15	85	4.02585	-5.17975	-6.48896
25	25	5	3.11186	-5.54116	-5.18114
25	25	15	3.11676	-5.24181	-4.80557
25	25	25	3.31541	-3.67529	-2.99103
25	25	35	3.95927	-5.12264	-4.25518
25	25	45	5.31596	-6.64983	-6.16777
25	25	55	4.07463	-5.06109	-5.03109
25	25	65	2.93193	-3.516	-3.50445
25	25	75	3.25628	-4.1088	-4.17442
25	25	85	4.07544	-5.61956	-6.18315
25	35	5	3.12786	-5.65406	-5.12761
25	35	15	3.30875	-5.35963	-4.64203
25	35	25	3.43271	-3.52642	-2.68476
25	35	35	4.06753	-4.80637	-3.6555
25	35	45	4.71598	-5.85749	-5.93442
25	35	55	4.07783	-4.05125	-4.39565
25	35	65	3.02971	-3.2848	-3.15401
25	35	75	2.95573	-3.73506	-4.05512
25	35	85	3.49903	-5.43862	-5.71502
25	45	5	3.23823	-5.7668	-5.1248
25	45	15	3.87909	-6.19006	-4.9021
25	45	25	4.60874	-4.57929	-3.12968
25	45	35	4.36682	-5.54716	-4.2136
25	45	45	4.43019	-6.09308	-5.30333
25	45	55	4.20881	-4.49435	-4.29434
25	45	65	3.47111	-3.42754	-3.21873
25	45	75	3.3403	-4.01201	-3.95004
25	45	85	3.13543	-5.36991	-5.38795
25	55	5	3.02625	-5.53433	-5.10477
25	55	15	2.96042	-5.11004	-4.82265
25	55	25	3.79671	-4.86045	-5.08292
25	55	35	3.47172	-5.49085	-5.50184
25	55	45	3.55966	-5.65716	-5.43923
25	55	55	4.26482	-5.66766	-5.00609
25	55	65	3.81595	-4.63331	-3.79662
25	55	75	4.1267	-4.89466	-3.80517
25	55	85	3.54936	-5.97765	-5.2641
25	65	5	3.24962	-5.69538	-5.00715
25	65	15	3.49361	-5.27925	-4.70502
25	65	25	3.61954	-4.94324	-4.63015
25	65	35	3.6669	-5.73759	-5.52146
25	65	45	3.83351	-6.10512	-5.35075
25	65	55	3.6474	-5.38891	-4.82253
25	65	65	3.97811	-5.32637	-4.52426
25	65	75	4.44894	-5.77149	-4.44217
25	65	85	3.45934	-5.88454	-5.24633
25	75	5	3.23865	-5.00023	-4.61042
25	75	15	3.27149	-3.37148	-3.62906
25	75	25	3.28753	-4.05036	-4.65342
25	75	35	3.40324	-5.1274	-5.85147
25	75	45	3.17069	-5.24216	-5.57768
25	75	55	3.55007	-4.9624	-5.31776
25	75	65	4.14139	-4.42552	-4.88829
25	75	75	4.02063	-3.41889	-4.31226
25	75	85	3.09339	-5.32313	-5.39822
25	85	5	3.4356	-4.28882	-4.75902
25	85	15	2.9541	-3.05538	-3.31177
25	85	25	2.84135	-3.50557	-3.79268
25	85	35	3.7139	-5.01312	-6.09592
25	85	45	3.49104	-5.07938	-5.73937
25	85	55	4.10671	-4.71876	-5.87285
25	85	65	4.38735	-3.27352	-4.34426
25	85	75	4.2781	-3.83934	-5.06626
25	85	85	3.70434	-5.3627	-5.97858
35	5	5	3.67762	-4.76177	-5.60779
35	5	15	3.02721	-4.10207	-4.49737
35	5	25	2.85237	-4.39905	-4.36118
35	5	35	3.91258	-5.23164	-5.87005
35	5	45	3.85975	-5.64421	-5.7438
35	5	55	4.53184	-5.0028	-6.2956
35	5	65	4.64556	-4.17479	-5.78047
35	5	75	4.32309	-4.39986	-6.08784
35	5	85	3.45188	-5.09304	-5.95139
35	15	5	3.93029	-4.94247	-6.30174
35	15	15	2.91525	-4.72803	-5.04906
35	15	25	2.62327	-3.70732	-3.67995
35	15	35	3.14693	-4.83601	-4.99997
35	15	45	3.9662	-5.44815	-6.07772
35	15	55	3.62664	-4.94263	-5.74982
35	15	65	3.71546	-3.95663	-5.08106
35	15	75	3.61505	-4.20965	-5.27325
35	15	85	3.78581	-5.09517	-6.40997
35	25	5	3.68983	-5.40235	-5.94034
35	25	15	3.33006	-5.59249	-5.16784
35	25	25	3.47467	-4.24476	-3.40146
35	25	35	3.75575	-5.54408	-4.58095
35	25	45	5.15666	-6.7542	-5.99107
35	25	55	4.55677	-5.702	-5.30586
35	25	65	3.47225	-3.99642	-3.79761
35	25	75	3.39261	-3.4244	-3.76518
35	25	85	4.09302	-5.20956	-6.65156
35	35	5	2.94824	-5.26198	-5.3396
35	35	15	2.79479	-5.08208	-4.84492
35	35	25	2.97202	-3.43574	-3.05491
35	35	35	3.31516	-4.74114	-4.11985
35	35	45	3.77598	-5.76398	-5.56077
35	35	55	3.71628	-4.62378	-4.30293
35	35	65	3.25706	-3.39042	-3.20684
35	35	75	2.95141	-3.02713	-3.02471
35	35	85	3.81263	-5.33658	-6.15578
35	45	5	3.35345	-5.84185	-5.04588
35	45	15	3.15168	-5.50204	-4.88271
35	45	25	3.09224	-3.85244	-3.57365
35	45	35	3.17827	-5.1533	-4.62015
35	45	45	4.07429	-5.75226	-5.78991
35	45	55	3.91669	-5.02112	-5.05749
35	45	65	3.05753	-3.5925	-3.31162
35	45	75	3.18587	-3.81484	-3.41441
35	45	85	3.45096	-5.6938	-5.3138
35	55	5	3.21783	-5.68613	-5.02614
35	55	15	3.43462	-5.62284	-5.14485
35	55	25	4.5371	-5.65804	-5.80372
35	55	35	3.34709	-5.57653	-5.29217
35	55	45	3.29587	-5.37986	-5.52385
35	55	55	3.75474	-5.33687	-5.69721
35	55	65	3.32225	-4.99972	-4.63372
35	55	75	3.34139	-4.80603	-4.13804
35	55	85	3.3424	-5.76271	-5.27191
35	65	5	3.28346	-5.70367	-5.07204
35	65	15	4.19125	-5.37765	-5.14585
35	65	25	4.41551	-5.06724	-5.78771
35	65	35	3.6551	-5.42339	-5.85465
35	65	45	3.06063	-5.30433	-5.40672
35	65	55	3.36032	-5.12453	-5.72653
35	65	65	2.83796	-5.1317	-5.21444
35	65	75	2.86363	-4.82225	-4.75446
35	65	85	2.99864	-5.47727	-5.27278
35	75	5	3.69599	-5.31752	-4.5903
35	75	15	3.80601	-3.66932	-4.18574
35	75	25	3.21196	-4.17767	-4.5041
35	75	35	3.31496	-5.16574	-5.7883
35	75	45	2.78284	-5.10326	-5.35143
35	75	55	3.17634	-4.80237	-5.42602
35	75	65	3.79633	-4.3112	-5.47641
35	75	75	3.44476	-3.70435	-4.31786
35	75	85	3.28459	-5.56712	-5.33278
35	85	5	3.11248	-3.95155	-4.29269
35	85	15	3.10284	-2.83175	-3.25853
35	85	25	2.97928	-3.66374	-4.04972
35	85	35	3.4307	-5.09935	-5.95927
35	85	45	3.42144	-5.10169	-5.97167
35	85	55	4.0599	-5.0028	-6.15047
35	85	65	5.04592	-3.55321	-5.2073
35	85	75	4.33427	-3.42405	-4.51367
35	85	85	3.35239	-5.45836	-5.52825
45	5	5	3.01468	-4.8213	-5.28727
45	5	15	2.95676	-4.09652	-4.42252
45	5	25	2.62517	-4.16949	-4.08943
45	5	35	3.56504	-5.52765	-5.54721
45	5	45	3.7766	-5.86356	-5.48516
45	5	55	3.87825	-5.28523	-5.38685
45	5	65	3.63389	-3.39766	-3.9581
45	5	75	3.87265	-3.50267	-4.74387
45	5	85	3.09706	-4.98238	-5.56675
45	15	5	3.33706	-4.96145	-5.75027
45	15	15	2.67825	-4.81283	-4.89926
45	15	25	2.65427	-4.20405	-4.10167
45	15	35	2.94534	-5.15789	-5.20511
45	15	45	3.56817	-5.27374	-5.91813
45	15	55	3.27586	-4.57921	-4.86561
45	15	65	3.0991	-3.22003	-3.67402
45	15	75	3.55266	-3.32024	-4.27902
45	15	85	2.89786	-5.0084	-5.33276
45	25	5	3.74149	-5.06231	-6.13516
45	25	15	2.68281	-5.05844	-5.19021
45	25	25	2.5143	-4.01734	-3.9942
45	25	35	2.71829	-4.8592	-4.93437
45	25	45	3.33728	-5.23823	-5.69283
45	25	55	3.01653	-4.52541	-4.58272
45	25	65	2.85409	-3.35819	-3.396
45	25	75	3.51155	-3.25924	-3.77872
45	25	85	3.59542	-4.88499	-5.78779
45	35	5	3.42113	-4.70183	-5.57106
45	35	15	2.55973	-5.0221	-5.03072
45	35	25	2.61115	-3.33987	-3.41988
45	35	35	2.6135	-4.4269	-4.48964
45	35	45	2.81148	-5.08924	-5.30962
45	35	55	2.7327	-4.26187	-4.2026
45	35	65	2.5739	-2.89248	-2.65045
45	35	75	2.85344	-3.07313	-2.96754
45	35	85	3.45263	-4.72529	-5.62368
45	45	5	3.27553	-5.32111	-4.92881
45	45	15	2.77585	-5.24204	-5.02693
45	45	25	2.65238	-4.05683	-4.09819
45	45	35	2.61348	-4.7791	-4.80316
45	45	45	2.69185	-5.06158	-5.16121
45	45	55	2.63463	-4.6432	-4.68201
45	45	65	2.57388	-3.68124	-3.57644
45	45	75	2.98306	-3.95375	-3.55291
45	45	85	3.91183	-5.45655	-5.85733
45	55	5	3.88827	-6.38548	-5.11673
45	55	15	3.71333	-6.12244	-5.08154
45	55	25	3.69439	-5.41844	-4.96021
45	55	35	3.17465	-5.64945	-5.07228
45	55	45	3.43267	-5.91187	-5.1527
45	55	55	2.89224	-5.20058	-5.18101
45	55	65	2.77428	-5.10993	-4.96759
45	55	75	2.65341	-4.78698	-4.68218
45	55	85	3.18175	-5.45558	-5.16718
45	65	5	2.8884	-5.27917	-5.22267
45	65	15	3.66	-5.28535	-4.7845
45	65	25	3.8178	-4.04296	-4.3815
45	65	35	3.13517	-5.37763	-5.23604
45	65	45	2.66705	-5.13514	-5.20235
45	65	55	2.78304	-5.19279	-5.24241
45	65	65	2.67307	-5.11991	-5.15874
45	65	75	2.57344	-4.97104	-4.98863
45	65	85	2.73708	-5.08722	-5.30194
45	75	5	3.56887	-5.52848	-4.93302
45	75	15	3.68285	-3.64843	-3.78426
45	75	25	3.02083	-3.43484	-3.69264
45	75	35	2.91788	-5.07675	-5.30992
45	75	45	2.81737	-5.10567	-5.38416
45	75	55	2.81361	-5.063	-5.28402
45	75	65	2.71163	-4.84055	-4.92089
45	75	75	2.65123	-4.4008	-4.46059
45	75	85	3.33222	-5.39344	-5.69304
45	85	5	2.89756	-3.74379	-3.96687
45	85	15	3.19972	-2.67224	-3.31173
45	85	25	2.71331	-3.48624	-3.62645
45	85	35	3.04799	-5.05796	-5.55743
45	85	45	2.83546	-5.18173	-5.32611
45	85	55	3.05424	-5.14244	-5.16524
45	85	65	3.43263	-3.75643	-4.23725
45	85	75	3.25346	-3.32706	-3.58623
45	85	85	3.09667	-4.89333	-5.25489
55	5	5	2.81706	-4.85786	-5.00063
55	5	15	2.67362	-3.81378	-3.93615
55	5	25	2.56731	-3.89119	-3.87181
55	5	35	2.88761	-5.18543	-5.26501
55	5	45	3.35158	-5.78123	-5.26174
55	5	55	3.43227	-5.68324	-4.92288
55	5	65	3.53264	-3.91924	-2.99846
55	5	75	3.09425	-3.03395	-2.85152
55	5	85	2.91305	-4.36373	-4.64251
55	15	5	2.8947	-4.9197	-5.18363
55	15	15	2.5739	-4.89689	-4.87889
55	15	25	2.55236	-4.48155	-4.48205
55	15	35	2.89246	-5.10231	-5.12292
55	15	45	3.09431	-5.3831	-5.32195
55	15	55	2.92509	-4.59286	-4.38447
55	15	65	2.84668	-3.06809	-2.93407
55	15	75	2.94305	-3.17395	-3.30275
55	15	85	2.77827	-4.4557	-4.75005
55	25	5	2.97232	-4.26022	-4.52217
55	25	15	2.5952	-4.92133	-4.92131
55	25	25	2.57519	-4.53908	-4.57679
55	25	35	2.59448	-5.00485	-5.04266
55	25	45	2.83552	-5.10332	-5.38056
55	25	55	2.61512	-4.56362	-4.62358
55	25	65	2.45516	-3.1909	-3.18765
55	25	75	2.99399	-3.86642	-3.98347
55	25	85	3.13233	-4.40607	-4.52718
55	35	5	3.14004	-4.17664	-4.76533
55	35	15	2.55456	-4.70024	-4.70344
55	35	25	2.51208	-4.16134	-4.24206
55	35	35	2.53237	-4.76155	-4.78277
55	35	45	2.63151	-5.09634	-5.17668
55	35	55	2.51309	-4.18149	-4.16348
55	35	65	2.31151	-2.84646	-2.68688
55	35	75	2.91228	-3.88475	-3.88354
55	35	85	3.13554	-4.60246	-5.18361
55	45	5	3.4631	-4.89329	-4.84613
55	45	15	2.77442	-4.73403	-4.51745
55	45	25	2.75158	-4.58044	-4.621
55	45	35	2.61107	-4.9072	-4.88805
55	45	45	2.63104	-5.10814	-5.14857
55	45	55	2.59303	-4.64218	-4.64259
55	45	65	2.39105	-3.54203	-3.52285
55	45	75	2.68746	-4.4942	-4.35423
55	45	85	3.29464	-5.2578	-5.48062
55	55	5	3.07553	-5.20313	-5.16084
55	55	15	3.50571	-5.42201	-4.60318
55	55	25	4.0001	-5.24644	-4.18352
55	55	35	3.77864	-6.02674	-4.84236
55	55	45	3.75503	-6.23881	-5.15562
55	55	55	3.27304	-5.80124	-5.08245
55	55	65	3.11109	-5.47242	-4.91249
55	55	75	2.67023	-5.05195	-5.01157
55	55	85	2.93701	-5.13158	-5.33598
55	65	5	2.62444	-5.0583	-5.05536
55	65	15	3.03202	-4.83428	-4.60998
55	65	25	3.11238	-3.38026	-3.14193
55	65	35	2.91324	-4.81251	-4.57441
55	65	45	2.9147	-5.44304	-5.16261
55	65	55	2.77027	-5.27825	-5.10466
55	65	65	2.62036	-5.04963	-5.02052
55	65	75	2.61784	-5.10535	-5.15856
55	65	85	3.26386	-5.10413	-5.81609
55	75	5	2.83611	-5.1039	-5.22446
55	75	15	2.69063	-3.4881	-3.49478
55	75	25	2.68538	-2.88014	-2.71345
55	75	35	2.74379	-4.5235	-4.49243
55	75	45	2.61956	-5.12797	-5.14116
55	75	55	2.57441	-5.08337	-5.10404
55	75	65	2.57163	-4.98251	-4.96216
55	75	75	2.59116	-5.0017	-5.00157
55	75	85	3.55468	-5.14103	-6.22137
55	85	5	2.76435	-3.78279	-3.93425
55	85	15	2.4433	-2.55657	-2.7446
55	85	25	2.23397	-2.88522	-2.88135
55	85	35	2.67505	-4.90935	-5.02543
55	85	45	2.63409	-5.12319	-5.20028
55	85	55	2.67547	-5.18287	-5.10565
55	85	65	2.69105	-4.18085	-4.02086
55	85	75	2.63185	-3.51684	-3.47601
55	85	85	3.09191	-4.2685	-4.80761
65	5	5	3.37945	-4.82616	-5.01337
65	5	15	2.62233	-3.65928	-3.68249
65	5	25	2.61725	-3.75845	-3.77756
65	5	35	2.53603	-4.92458	-4.90776
65	5	45	1.9124	-5.05899	-5.21866
65	5	55	2.2327	-4.98281	-4.86288
65	5	65	3.13264	-4.06325	-3.48167
65	5	75	3.29346	-3.56324	-2.82083
65	5	85	3.63143	-4.16993	-4.16912
65	15	5	2.67992	-4.38972	-4.50886
65	15	15	2.6175	-4.21957	-4.2388
65	15	25	2.67989	-4.6611	-4.58031
65	15	35	2.73926	-5.11912	-4.98414
65	15	45	2.69331	-5.24177	-5.14286
65	15	55	2.7363	-4.94363	-4.7841
65	15	65	2.66546	-3.16007	-3.07646
65	15	75	2.75629	-3.7848	-3.61958
65	15	85	2.91944	-4.10144	-4.17382
65	25	5	2.75692	-4.07204	-4.11143
65	25	15	2.62543	-3.86594	-3.88366
65	25	25	2.57218	-4.76741	-4.80881
65	25	35	2.62319	-4.91818	-4.97323
65	25	45	2.71619	-5.10216	-5.32068
65	25	55	2.59512	-4.60529	-4.64286
65	25	65	2.57352	-3.30805	-3.32726
65	25	75	2.59247	-4.37871	-4.41707
65	25	85	2.79321	-4.34262	-4.46125
65	35	5	2.67526	-4.4431	-4.52698
65	35	15	2.59889	-3.74459	-3.79048
65	35	25	2.58286	-4.63806	-4.66975
65	35	35	2.59374	-4.83078	-4.87417
65	35	45	2.63279	-5.1001	-5.22176
65	35	55	2.53352	-4.082	-4.12488
65	35	65	2.41145	-3.01125	-2.97167
65	35	75	2.61145	-4.78618	-4.84655
65	35	85	2.59235	-4.89418	-4.97529
65	45	5	2.75874	-4.55163	-4.68092
65	45	15	2.77554	-3.76354	-3.60804
65	45	25	2.95518	-4.39402	-4.11814
65	45	35	2.87195	-5.20485	-4.92573
65	45	45	2.91226	-5.37604	-5.27767
65	45	55	2.75387	-4.64193	-4.48517
65	45	65	2.53267	-3.72483	-3.70568
65	45	75	2.69226	-4.85973	-5.00136
65	45	85	3.01385	-5.09407	-5.5169
65	55	5	3.24353	-5.18196	-4.83045
65	55	15	3.58765	-4.91708	-3.93613
65	55	25	4.22633	-5.04348	-3.45279
65	55	35	4.56466	-6.20241	-4.23125
65	55	45	4.59944	-7.10536	-5.19778
65	55	55	3.69465	-6.08457	-5.0234
65	55	65	3.37354	-5.43323	-4.61414
65	55	75	3.17308	-5.53526	-5.23492
65	55	85	3.49426	-5.38754	-5.64998
65	65	5	3.0289	-4.76397	-5.08074
65	65	15	2.81845	-3.69188	-3.73234
65	65	25	2.95562	-3.07472	-2.83169
65	65	35	3.07819	-4.16596	-3.68043
65	65	45	3.14795	-5.69254	-5.25722
65	65	55	2.93833	-5.36552	-4.9856
65	65	65	2.61973	-4.88962	-4.82232
65	65	75	2.83505	-5.08226	-5.31827
65	65	85	3.6035	-5.10628	-6.14509
65	75	5	3.01275	-5.00635	-5.38033
65	75	15	2.57326	-3.42706	-3.41636
65	75	25	2.64126	-2.61694	-2.61256
65	75	35	2.87267	-3.74004	-3.58082
65	75	45	2.91126	-5.34888	-5.37186
65	75	55	2.70612	-5.17146	-5.02768
65	75	65	2.59343	-5.00339	-4.96229
65	75	75	2.67158	-5.00056	-5.12001
65	75	85	3.29436	-5.08331	-5.82397
65	85	5	3.26752	-4.22248	-4.8192
65	85	15	2.62456	-2.76216	-2.83229
65	85	25	2.4011	-2.65682	-2.71173
65	85	35	2.60606	-4.28761	-4.31902
65	85	45	2.69749	-5.13347	-5.18946
65	85	55	2.55879	-5.08333	-5.08845
65	85	65	2.61117	-4.56171	-4.50172
65	85	75	2.6911	-4.37932	-4.41924
65	85	85	3.77388	-4.40129	-5.40083
75	5	5	3.54268	-4.08645	-4.2776
75	5	15	2.94008	-3.82689	-3.72779
75	5	25	2.8947	-3.56006	-3.53884
75	5	35	2.75398	-5.07873	-4.899
75	5	45	2.45349	-5.12558	-5.36752
75	5	55	2.41469	-4.9818	-4.9258
75	5	65	2.65148	-4.34209	-4.24166
75	5	75	2.7923	-3.7913	-3.67004
75	5	85	3.65394	-3.9285	-4.50719
75	15	5	3.00267	-4.13984	-4.41379
75	15	15	2.88727	-3.36295	-3.27345
75	15	25	3.17353	-4.13039	-3.91753
75	15	35	3.0715	-5.20878	-4.74111
75	15	45	2.98114	-5.52651	-5.14216
75	15	55	2.70831	-5.16683	-5.00118
75	15	65	2.73185	-3.84165	-3.65806
75	15	75	2.65228	-4.59088	-4.48965
75	15	85	3.01463	-4.27923	-4.59722
75	25	5	2.69914	-4.60477	-4.74148
75	25	15	2.7619	-3.23649	-3.42978
75	25	25	2.93229	-4.05358	-4.33552
75	25	35	2.66936	-4.65504	-4.76555
75	25	45	2.59777	-5.06213	-5.12292
75	25	55	2.55345	-4.84486	-4.84364
75	25	65	2.55205	-3.65564	-3.65604
75	25	75	2.57178	-4.74195	-4.76115
75	25	85	2.75343	-4.93359	-5.13279
75	35	5	2.85443	-4.70535	-5.0085
75	35	15	3.1158	-3.12041	-3.6839
75	35	25	2.73256	-4.41785	-4.59719
75	35	35	2.60422	-4.79618	-4.88772
75	35	45	2.59484	-5.0995	-5.20071
75	35	55	2.59149	-4.20241	-4.24442
75	35	65	2.53188	-3.57246	-3.57247
75	35	75	2.59147	-4.98615	-4.98654
75	35	85	2.6731	-5.06761	-5.18955
75	45	5	2.91469	-4.71789	-5.04154
75	45	15	3.23965	-3.34894	-3.8366
75	45	25	3.16519	-4.01614	-3.74777
75	45	35	3.29647	-5.23281	-4.65856
75	45	45	3.23521	-5.69666	-5.22115
75	45	55	2.97228	-4.44203	-4.06403
75	45	65	2.71188	-3.90284	-3.78291
75	45	75	2.65189	-5.02303	-5.04388
75	45	85	2.81425	-5.13573	-5.27894
75	55	5	3.11797	-5.06313	-4.94678
75	55	15	3.9057	-4.57794	-3.63731
75	55	25	4.27042	-4.42536	-2.79618
75	55	35	4.81392	-5.7419	-3.64316
75	55	45	5.01026	-7.3557	-5.22054
75	55	55	4.41829	-5.52754	-3.78599
75	55	65	3.81355	-5.19005	-4.09096
75	55	75	3.0927	-5.3149	-5.05576
75	55	85	3.19667	-5.27762	-5.52243
75	65	5	3.00903	-4.32804	-4.65265
75	65	15	2.89987	-3.33679	-3.23847
75	65	25	2.94758	-3.05265	-2.78024
75	65	35	2.9376	-3.51398	-3.16902
75	65	45	3.55406	-5.80563	-4.92621
75	65	55	3.56567	-4.1336	-3.29055
75	65	65	3.06615	-3.97166	-3.54274
75	65	75	2.78047	-4.89986	-4.95409
75	65	85	3.10389	-5.12913	-5.6267
75	75	5	3.33098	-4.80504	-5.4189
75	75	15	2.66465	-3.238	-3.22292
75	75	25	2.67897	-2.69828	-2.65282
75	75	35	2.97063	-3.29422	-2.95542
75	75	45	3.14647	-5.36305	-5.09719
75	75	55	2.84802	-4.18391	-3.95694
75	75	65	2.61839	-3.88583	-3.82081
75	75	75	2.83651	-5.03979	-5.31856
75	75	85	3.40123	-5.10492	-5.94762
75	85	5	3.37098	-4.12153	-4.8605
75	85	15	2.79802	-3.17986	-3.20569
75	85	25	2.81504	-3.1528	-3.01044
75	85	35	2.81936	-3.68053	-3.573
75	85	45	2.85969	-4.93586	-5.17279
75	85	55	2.62633	-4.70461	-4.69471
75	85	65	2.59176	-5.02096	-4.98066
75	85	75	2.73172	-4.79988	-4.81928
75	85	85	3.51523	-4.64139	-5.40283
85	5	5	3.01132	-3.17065	-3.35045
85	5	15	3.03479	-3.92391	-3.5231
85	5	25	3.2161	-3.74623	-3.12201
85	5	35	3.5753	-5.52326	-4.77901
85	5	45	3.88002	-5.77365	-5.71505
85	5	55	2.96351	-5.41904	-5.02825
85	5	65	2.85724	-5.07686	-4.75584
85	5	75	2.89282	-4.76009	-4.70093
85	5	85	3.57643	-4.83657	-5.73761
85	15	5	2.8803	-3.99374	-4.16219
85	15	15	2.89768	-2.91896	-2.69514
85	15	25	3.07158	-3.21135	-2.85251
85	15	35	3.15431	-4.79084	-4.42754
85	15	45	2.94871	-5.21281	-5.21833
85	15	55	2.69999	-4.98984	-4.84215
85	15	65	2.69362	-4.62129	-4.4794
85	15	75	2.61188	-5.04565	-5.06528
85	15	85	3.15185	-4.75262	-5.27261
85	25	5	2.72309	-4.80757	-4.97316
85	25	15	2.79849	-3.28744	-3.52243
85	25	25	2.90405	-2.97602	-3.26341
85	25	35	2.79054	-3.84938	-3.97867
85	25	45	2.62358	-4.70563	-4.67552
85	25	55	2.63675	-4.86728	-4.82398
85	25	65	2.57351	-3.92166	-3.90093
85	25	75	2.61228	-4.99435	-5.0132
85	25	85	2.69265	-5.05141	-5.1898
85	35	5	2.65569	-5.07925	-5.1827
85	35	15	3.13148	-3.41225	-3.99218
85	35	25	3.29654	-3.34886	-4.04578
85	35	35	2.78237	-4.20343	-4.32809
85	35	45	2.57478	-4.93551	-5.0143
85	35	55	2.59314	-4.06365	-4.10244
85	35	65	2.55278	-3.67814	-3.67733
85	35	75	2.61157	-4.93325	-4.95351
85	35	85	2.67232	-5.0953	-5.21564
85	45	5	2.77842	-4.94216	-5.12794
85	45	15	3.65571	-3.41669	-4.35619
85	45	25	3.52418	-3.60713	-3.81042
85	45	35	3.38128	-4.17294	-3.59439
85	45	45	3.63356	-5.9368	-4.95795
85	45	55	3.45235	-4.50201	-3.64486
85	45	65	2.87268	-3.84486	-3.56498
85	45	75	2.69199	-4.73227	-4.79239
85	45	85	2.73555	-5.11977	-5.26341
85	55	5	3.34071	-5.26399	-5.28873
85	55	15	3.53105	-4.04906	-4.31889
85	55	25	4.0406	-3.96475	-3.09477
85	55	35	4.50199	-5.03515	-3.53802
85	55	45	4.86155	-6.88028	-4.69318
85	55	55	4.64363	-5.11314	-3.06653
85	55	65	4.17638	-4.54328	-3.0039
85	55	75	3.31291	-4.95649	-4.5159
85	55	85	3.11448	-5.48011	-5.28267
85	65	5	3.08969	-4.66947	-4.83229
85	65	15	2.96924	-3.44703	-3.56005
85	65	25	2.87424	-3.22768	-3.11275
85	65	35	2.98851	-4.4504	-4.21712
85	65	45	3.65479	-5.23169	-4.43451
85	65	55	4.16756	-4.2526	-2.80986
85	65	65	3.71362	-3.79343	-2.75804
85	65	75	3.12227	-4.10993	-4.06169
85	65	85	2.98375	-5.26613	-5.36318
85	75	5	2.88334	-4.47136	-4.66502
85	75	15	2.68954	-3.15993	-3.22903
85	75	25	2.62261	-3.05335	-3.06276
85	75	35	2.79106	-3.25399	-3.17477
85	75	45	3.13775	-3.73966	-3.633
85	75	55	2.99937	-3.1889	-3.05081
85	75	65	2.78325	-3.08428	-3.03604
85	75	75	2.83816	-4.29614	-4.53098
85	75	85	3.12846	-5.12841	-5.64152
85	85	5	3.1192	-4.66763	-5.0246
85	85	15	2.65566	-3.2571	-3.27643
85	85	25	2.77533	-3.08773	-2.90352
85	85	35	2.89385	-3.15504	-3.27225
85	85	45	3.36904	-3.46549	-4.14912
85	85	55	2.6325	-3.29832	-3.33446
85	85	65	2.6592	-4.32023	-4.42483
85	85	75	2.89626	-4.959	-5.25903
85	85	85	3.43981	-5.00391	-5.78634
