5	5	5	2.04715	-3.34123	-3.4442
5	5	15	1.69291	-2.33167	-2.29355
5	5	25	2.07193	-3.32874	-3.04914
5	5	35	3.67478	-5.62257	-5.25767
5	5	45	4.28888	-5.94769	-5.77467
5	5	55	3.47609	-5.744	-5.34001
5	5	65	3.06762	-5.42931	-5.07692
5	5	75	3.01431	-5.04614	-5.26423
5	5	85	3.41919	-5.07999	-6.21077
5	15	5	2.40152	-3.79319	-3.84813
5	15	15	2.46116	-2.80991	-2.71091
5	15	25	2.61585	-2.84376	-2.49694
5	15	35	3.22748	-4.7649	-4.37163
5	15	45	3.52393	-5.46966	-5.47911
5	15	55	3.10402	-4.98586	-4.72983
5	15	65	2.81837	-4.88572	-4.68806
5	15	75	2.71429	-5.17955	-5.27823
5	15	85	3.09432	-4.9944	-5.91886
5	25	5	2.62438	-5.09614	-5.14829
5	25	15	2.57001	-3.78949	-3.80638
5	25	25	2.5352	-2.51775	-2.52387
5	25	35	2.78325	-3.80542	-3.66488
5	25	45	2.69986	-4.73955	-4.64711
5	25	55	2.66265	-3.92519	-3.84636
5	25	65	2.69617	-3.99731	-3.87713
5	25	75	2.57287	-4.95566	-4.97393
5	25	85	2.75795	-5.10509	-5.62324
5	35	5	2.58334	-5.10373	-5.17523
5	35	15	2.59173	-4.08004	-4.05977
5	35	25	2.81706	-2.63234	-2.80519
5	35	35	2.78791	-2.86632	-2.67175
5	35	45	2.62044	-3.99816	-3.86959
5	35	55	2.63613	-3.59259	-3.59147
5	35	65	2.55445	-3.47649	-3.47706
5	35	75	2.59294	-4.88332	-4.88304
5	35	85	2.69324	-5.12066	-5.44382
5	45	5	2.58375	-5.10372	-5.09483
5	45	15	2.67423	-4.06395	-4.00287
5	45	25	3.82208	-3.33936	-3.12828
5	45	35	3.52872	-3.62447	-2.73404
5	45	45	3.73111	-4.34514	-3.18418
5	45	55	4.02846	-4.45496	-3.05704
5	45	65	3.15042	-3.62293	-3.06377
5	45	75	2.69405	-4.52687	-4.52566
5	45	85	2.73567	-5.13843	-5.42
5	55	5	3.06538	-5.47311	-5.20844
5	55	15	3.46715	-4.69284	-4.82015
5	55	25	3.58251	-3.83532	-3.61036
5	55	35	3.60755	-4.84706	-3.99618
5	55	45	4.40466	-5.97004	-4.28438
5	55	55	4.65488	-4.95334	-2.97575
5	55	65	4.23036	-4.32247	-2.69907
5	55	75	3.66462	-4.69464	-3.94796
5	55	85	3.1065	-5.58089	-5.42236
5	65	5	3.42925	-5.51024	-5.18114
5	65	15	3.86967	-4.18429	-4.57083
5	65	25	3.77674	-4.14929	-3.9042
5	65	35	3.17088	-5.46976	-5.04222
5	65	45	3.70105	-5.6662	-4.8317
5	65	55	4.57396	-4.97206	-3.36483
5	65	65	4.30908	-4.66127	-2.97689
5	65	75	3.75533	-4.54852	-3.7281
5	65	85	3.1589	-5.39276	-5.58655
5	75	5	3.11662	-4.30055	-4.60901
5	75	15	3.3019	-3.4298	-3.64035
5	75	25	2.87137	-3.45773	-3.51279
5	75	35	2.98969	-4.51306	-4.48595
5	75	45	3.00634	-4.02109	-4.15595
5	75	55	3.03401	-4.11541	-3.95691
5	75	65	2.79423	-3.17848	-3.09305
5	75	75	2.86538	-3.66322	-3.81883
5	75	85	3.08016	-5.20569	-6.41535
5	85	5	2.82638	-4.53098	-4.71143
5	85	15	2.60699	-3.27991	-3.29295
5	85	25	2.66889	-3.27771	-3.20715
5	85	35	3.34463	-3.6928	-4.00294
5	85	45	3.48516	-3.75593	-4.22277
5	85	55	3.40198	-3.34542	-3.8155
5	85	65	2.64461	-3.21888	-3.18944
5	85	75	2.83483	-4.75913	-5.0012
5	85	85	3.24004	-5.04689	-6.39527
15	5	5	1.54652	-4.04213	-4.27121
15	5	15	1.45926	-3.36926	-3.52161
15	5	25	2.15426	-4.24577	-4.0882
15	5	35	3.35635	-5.08527	-5.74701
15	5	45	2.62984	-5.57243	-5.96483
15	5	55	2.982	-5.8589	-5.57417
15	5	65	3.03331	-5.1889	-4.9784
15	5	75	3.09026	-5.04797	-5.25672
15	5	85	3.16707	-5.25733	-7.32787
15	15	5	2.34782	-4.34037	-4.21849
15	15	15	2.28922	-3.8092	-3.66925
15	15	25	2.70668	-3.10381	-2.71514
15	15	35	3.55626	-4.92343	-4.93498
15	15	45	3.84438	-6.02295	-6.22318
15	15	55	3.562	-5.52499	-5.44367
15	15	65	2.81269	-4.56337	-4.29427
15	15	75	3.07777	-5.02217	-5.42314
15	15	85	2.9959	-5.15804	-6.52736
15	25	5	2.6522	-5.1255	-5.1948
15	25	15	2.59403	-4.40837	-4.35843
15	25	25	2.58482	-2.73568	-2.73738
15	25	35	3.08076	-4.22663	-3.92828
15	25	45	3.75472	-5.72827	-5.50576
15	25	55	3.34382	-4.42154	-4.30113
15	25	65	2.78453	-3.77164	-3.65077
15	25	75	2.73617	-4.69522	-4.85671
15	25	85	3.18108	-5.16676	-5.82921
15	35	5	2.78424	-5.18882	-5.25202
15	35	15	2.54245	-4.37274	-4.28235
15	35	25	2.50785	-2.55432	-2.41572
15	35	35	3.16507	-3.76148	-3.2102
15	35	45	3.47344	-4.93331	-4.59469
15	35	55	2.75249	-3.19845	-3.1461
15	35	65	2.61135	-3.04199	-3.05136
15	35	75	2.68319	-4.30267	-4.44461
15	35	85	3.16467	-5.20509	-6.18635
15	45	5	2.9042	-5.45358	-5.17083
15	45	15	3.10747	-5.07809	-4.54256
15	45	25	3.39327	-3.48144	-2.84201
15	45	35	3.97461	-4.68023	-3.26395
15	45	45	4.32893	-5.6865	-4.07927
15	45	55	4.14566	-4.59989	-3.22505
15	45	65	3.70246	-4.01148	-2.92073
15	45	75	3.19866	-4.61247	-4.15464
15	45	85	3.60368	-5.60464	-5.74288
15	55	5	2.97415	-5.40413	-5.10815
15	55	15	3.02442	-5.03512	-4.68181
15	55	25	3.12747	-3.91201	-3.82292
15	55	35	3.47939	-5.6009	-4.98941
15	55	45	4.30081	-6.59412	-4.96001
15	55	55	4.67027	-5.69652	-3.62954
15	55	65	4.36494	-4.64839	-2.92532
15	55	75	3.78057	-4.58453	-3.66591
15	55	85	3.74641	-5.69824	-5.85372
15	65	5	3.13829	-5.48885	-5.07782
15	65	15	3.66435	-5.1119	-4.36483
15	65	25	3.71114	-5.17428	-4.31777
15	65	35	4.40295	-6.63606	-5.22376
15	65	45	4.39281	-6.70285	-5.2554
15	65	55	4.96245	-6.08491	-4.49438
15	65	65	4.75161	-5.58474	-3.71257
15	65	75	4.17225	-4.59126	-3.83677
15	65	85	3.24221	-5.54398	-5.39817
15	75	5	3.32182	-4.81767	-5.23418
15	75	15	3.52066	-3.51147	-3.57354
15	75	25	3.43316	-4.28807	-3.98277
15	75	35	3.68106	-5.72885	-5.41775
15	75	45	3.51134	-5.57533	-5.38282
15	75	55	4.07579	-5.21516	-5.39538
15	75	65	3.65128	-3.99538	-4.09108
15	75	75	3.67885	-3.19505	-4.17035
15	75	85	2.94223	-5.1234	-5.93006
15	85	5	2.96626	-4.22572	-4.72975
15	85	15	2.89748	-3.20377	-3.5677
15	85	25	2.76095	-3.52427	-3.79204
15	85	35	3.37846	-4.78974	-5.5111
15	85	45	3.95949	-4.95204	-5.78803
15	85	55	3.76618	-4.38891	-5.04029
15	85	65	3.02686	-3.04243	-3.06554
15	85	75	3.58626	-4.16455	-4.93005
15	85	85	3.37042	-5.20145	-6.9825
25	5	5	2.97818	-4.42259	-5.75139
25	5	15	2.42184	-4.66326	-5.05623
25	5	25	2.79947	-4.88364	-4.95333
25	5	35	3.49227	-5.17284	-5.93371
25	5	45	1.88703	-5.19735	-5.96774
25	5	55	3.10308	-5.02211	-6.13736
25	5	65	4.02665	-4.68967	-5.99024
25	5	75	3.88918	-4.92224	-6.24497
25	5	85	4.18936	-5.21984	-7.34689
25	15	5	2.78231	-4.963	-5.42186
25	15	15	2.59609	-4.63043	-4.53108
25	15	25	2.97178	-3.91258	-3.41459
25	15	35	3.76423	-5.42696	-5.25046
25	15	45	3.02824	-5.86734	-6.19809
25	15	55	3.01555	-4.9667	-5.42261
25	15	65	3.19	-4.04231	-4.59874
25	15	75	3.25672	-4.43569	-5.22973
25	15	85	3.57589	-5.21477	-6.6301
25	25	5	3.04604	-5.48195	-5.34792
25	25	15	2.92652	-5.18654	-4.95242
25	25	25	3.04653	-3.82029	-3.27662
25	25	35	3.75175	-5.0848	-4.43293
25	25	45	5.38522	-6.67154	-6.34834
25	25	55	4.31803	-5.30158	-4.95506
25	25	65	3.10617	-3.57353	-3.44518
25	25	75	3.25462	-3.90358	-4.15081
25	25	85	3.49447	-5.35797	-5.98279
25	35	5	2.96497	-5.49283	-5.22724
25	35	15	3.14942	-5.32046	-4.72298
25	35	25	3.29246	-3.63004	-2.82722
25	35	35	3.72285	-4.76445	-3.87356
25	35	45	5.11606	-6.26216	-5.97533
25	35	55	4.12396	-4.07642	-4.33563
25	35	65	3.01175	-3.14518	-3.11083
25	35	75	2.87719	-3.53501	-3.8327
25	35	85	3.08004	-5.22057	-5.77418
25	45	5	3.07779	-5.6088	-5.12479
25	45	15	3.66059	-6.07247	-4.96253
25	45	25	4.44633	-4.62049	-3.1297
25	45	35	4.26075	-5.70727	-4.22315
25	45	45	4.68719	-6.24061	-5.52383
25	45	55	4.37705	-4.80271	-4.45502
25	45	65	3.53353	-3.5879	-3.29824
25	45	75	3.38077	-3.84684	-3.78358
25	45	85	2.99493	-5.13073	-5.48673
25	55	5	3.00775	-5.51712	-5.12715
25	55	15	2.98136	-5.13124	-4.86275
25	55	25	3.81749	-4.86364	-5.10493
25	55	35	3.32208	-5.46721	-5.39025
25	55	45	3.67496	-5.66163	-5.55652
25	55	55	4.28907	-5.68982	-5.00703
25	55	65	3.85532	-4.71168	-3.87681
25	55	75	4.18305	-4.88692	-3.90021
25	55	85	3.6258	-5.95415	-5.28336
25	65	5	3.24234	-5.67538	-4.99032
25	65	15	3.5334	-5.29925	-4.68514
25	65	25	4.18433	-4.94363	-5.21417
25	65	35	3.64737	-5.75718	-5.56235
25	65	45	3.8993	-6.10494	-5.39769
25	65	55	3.67287	-5.38866	-4.84923
25	65	65	3.93867	-5.32636	-4.48543
25	65	75	4.44783	-5.73231	-4.45962
25	65	85	3.49541	-5.8637	-5.32185
25	75	5	3.15783	-4.8802	-4.56281
25	75	15	3.35209	-3.37067	-3.77085
25	75	25	3.59794	-4.06996	-4.98423
25	75	35	3.43254	-5.12659	-5.96037
25	75	45	3.21557	-5.26216	-5.62375
25	75	55	3.57254	-4.96322	-5.34067
25	75	65	4.30343	-4.46587	-5.02989
25	75	75	4.00354	-3.3393	-4.15515
25	75	85	2.93975	-5.30147	-5.70375
25	85	5	3.47614	-4.36878	-4.94073
25	85	15	2.95346	-2.93579	-3.2741
25	85	25	2.94575	-3.62237	-4.07468
25	85	35	3.75678	-5.05432	-6.17921
25	85	45	3.83508	-5.12018	-6.08501
25	85	55	4.11032	-4.68078	-5.91849
25	85	65	4.53181	-3.23345	-4.40865
25	85	75	4.50791	-3.62014	-5.19687
25	85	85	3.35114	-5.3215	-6.26258
35	5	5	3.41931	-4.94054	-5.97583
35	5	15	2.84436	-4.66245	-5.27898
35	5	25	2.71318	-4.59464	-4.78041
35	5	35	3.97212	-5.2527	-6.27433
35	5	45	3.90009	-5.70495	-5.96535
35	5	55	4.73262	-5.12201	-6.49883
35	5	65	4.79716	-3.97642	-5.97132
35	5	75	3.86353	-4.31864	-6.1867
35	5	85	3.47483	-5.06232	-6.4083
35	15	5	3.6902	-4.92151	-6.38678
35	15	15	2.33308	-4.63683	-5.09992
35	15	25	2.06642	-4.22045	-4.2395
35	15	35	2.99404	-5.08193	-5.5739
35	15	45	3.66448	-5.43176	-6.18053
35	15	55	3.79223	-4.57312	-5.71269
35	15	65	3.87828	-3.73431	-5.28434
35	15	75	3.55586	-3.76646	-5.10885
35	15	85	4.21028	-5.07233	-7.09196
35	25	5	3.78976	-5.52143	-6.03024
35	25	15	3.08521	-5.53609	-5.31673
35	25	25	3.27769	-4.98768	-3.98574
35	25	35	3.7786	-5.67088	-4.72821
35	25	45	5.32832	-6.7749	-6.21182
35	25	55	4.81069	-5.64258	-5.2467
35	25	65	3.90771	-3.89361	-3.65716
35	25	75	3.58722	-3.35154	-3.59835
35	25	85	4.48499	-5.04503	-6.72741
35	35	5	3.08526	-5.40311	-5.42355
35	35	15	2.69668	-5.32487	-4.98662
35	35	25	2.88313	-3.83671	-3.33512
35	35	35	3.16602	-5.0676	-4.42314
35	35	45	3.97556	-5.91159	-5.7227
35	35	55	3.95692	-4.74625	-4.40378
35	35	65	3.69771	-3.63084	-3.10685
35	35	75	2.9701	-2.94305	-2.83946
35	35	85	3.93443	-5.09559	-5.9912
35	45	5	3.23542	-5.6622	-5.02788
35	45	15	3.23032	-5.66204	-4.88261
35	45	25	3.02664	-4.15365	-3.77485
35	45	35	3.00406	-5.1505	-4.51333
35	45	45	4.12247	-5.73253	-5.871
35	45	55	4.01411	-5.15909	-5.09948
35	45	65	3.1955	-3.77046	-3.40802
35	45	75	3.15594	-3.68406	-3.35472
35	45	85	3.27113	-5.26919	-5.02877
35	55	5	3.21898	-5.66527	-4.99933
35	55	15	3.39486	-5.60324	-5.10523
35	55	25	4.15309	-5.67883	-5.52256
35	55	35	3.21343	-5.59171	-5.18383
35	55	45	3.28571	-5.37916	-5.58138
35	55	55	3.79337	-5.33687	-5.73763
35	55	65	3.27638	-4.97668	-4.61613
35	55	75	3.32559	-4.77344	-4.13858
35	55	85	3.34911	-5.68575	-5.10773
35	65	5	3.27662	-5.68277	-5.04803
35	65	15	4.19078	-5.33725	-5.12683
35	65	25	4.97433	-4.98805	-6.32815
35	65	35	3.32951	-5.40342	-5.55036
35	65	45	3.09978	-5.30408	-5.52663
35	65	55	3.36056	-5.12487	-5.76651
35	65	65	2.79918	-5.13173	-5.1756
35	65	75	2.84196	-4.84224	-4.73395
35	65	85	3.07806	-5.37666	-5.09294
35	75	5	3.77235	-5.3571	-4.56986
35	75	15	4.04629	-3.76932	-4.44642
35	75	25	4.21712	-4.15724	-5.48813
35	75	35	3.54905	-5.14612	-6.14277
35	75	45	3.10565	-5.12326	-5.67425
35	75	55	3.21993	-4.80238	-5.46965
35	75	65	3.71512	-4.2912	-5.37561
35	75	75	3.24596	-3.52435	-3.99906
35	75	85	3.02184	-5.36509	-4.98883
35	85	5	3.06652	-3.7499	-4.13509
35	85	15	3.58312	-2.71055	-3.67821
35	85	25	3.44329	-3.70333	-4.57496
35	85	35	3.67393	-5.09934	-6.28292
35	85	45	3.50504	-5.12168	-6.07566
35	85	55	4.1223	-4.9824	-6.23288
35	85	65	5.17073	-3.61363	-5.39173
35	85	75	4.55229	-3.04405	-4.51249
35	85	85	3.23123	-5.05516	-5.3447
45	5	5	2.75269	-4.95162	-5.41722
45	5	15	2.75598	-4.33043	-4.89814
45	5	25	2.56236	-4.20385	-4.30582
45	5	35	3.40301	-5.22685	-5.72642
45	5	45	3.47298	-5.52276	-5.70637
45	5	55	4.03624	-5.22363	-5.46766
45	5	65	4.79463	-3.41845	-4.5593
45	5	75	3.63505	-2.96468	-4.26667
45	5	85	2.83864	-4.79637	-5.48274
45	15	5	3.19503	-4.94165	-5.77125
45	15	15	2.25264	-4.61919	-4.84697
45	15	25	1.62741	-4.43644	-4.49488
45	15	35	2.67053	-5.1182	-5.25104
45	15	45	3.6221	-5.23213	-6.04092
45	15	55	3.54822	-4.07403	-4.84681
45	15	65	3.78427	-2.60562	-3.89642
45	15	75	3.56791	-2.82991	-3.99103
45	15	85	2.98344	-4.77995	-5.50794
45	25	5	3.91723	-5.16062	-6.11389
45	25	15	2.41992	-4.99883	-5.13146
45	25	25	1.68337	-4.6751	-4.57359
45	25	35	2.39807	-5.02679	-5.04357
45	25	45	3.14984	-5.1816	-5.79792
45	25	55	3.39689	-4.6059	-4.7632
45	25	65	3.30842	-3.20785	-3.84405
45	25	75	3.58747	-3.22678	-3.74786
45	25	85	3.90997	-4.27046	-5.37404
45	35	5	3.54222	-4.53651	-5.44977
45	35	15	2.39995	-5.08163	-5.05108
45	35	25	1.58342	-4.01915	-4.0192
45	35	35	1.7953	-4.57909	-4.63907
45	35	45	2.58236	-5.07151	-5.37191
45	35	55	2.36944	-3.98195	-4.0631
45	35	65	2.80905	-2.84488	-2.94483
45	35	75	2.98372	-3.25743	-2.93185
45	35	85	4.13531	-3.98228	-4.79747
45	45	5	3.65792	-5.47504	-4.76274
45	45	15	2.85597	-5.24124	-4.90662
45	45	25	1.90838	-4.30044	-4.26102
45	45	35	2.19294	-4.81678	-4.83881
45	45	45	2.4976	-5.08289	-5.26451
45	45	55	2.48725	-4.42124	-4.52285
45	45	65	2.40339	-3.65842	-3.61284
45	45	75	2.8034	-3.82971	-3.5417
45	45	85	4.2525	-5.31553	-5.4743
45	55	5	3.90385	-6.33974	-5.04339
45	55	15	3.65312	-6.12083	-5.12064
45	55	25	3.53277	-5.33884	-4.79982
45	55	35	3.12264	-5.6319	-5.07676
45	55	45	3.44511	-5.9097	-5.22937
45	55	55	2.86917	-5.20026	-5.2231
45	55	65	2.72419	-5.12434	-4.92321
45	55	75	2.62558	-4.76363	-4.65482
45	55	85	3.28134	-5.25349	-4.98188
45	65	5	2.9044	-5.27625	-5.27818
45	65	15	3.50076	-5.22488	-4.6457
45	65	25	3.53977	-3.96294	-4.02309
45	65	35	2.98035	-5.35684	-5.08366
45	65	45	2.60639	-5.13501	-5.24426
45	65	55	2.74217	-5.19284	-5.24287
45	65	65	2.69223	-5.11992	-5.17876
45	65	75	2.57328	-4.97143	-4.98903
45	65	85	2.57645	-5.0675	-5.12178
45	75	5	3.50806	-5.46644	-4.93782
45	75	15	3.70397	-3.52801	-3.54602
45	75	25	3.78326	-3.43404	-4.43428
45	75	35	2.76386	-5.07555	-5.49556
45	75	45	2.45656	-5.10528	-5.64498
45	75	55	2.85281	-5.043	-5.32282
45	75	65	2.65078	-4.82056	-4.88084
45	75	75	2.61161	-4.3808	-4.40099
45	75	85	3.13342	-5.03346	-5.01426
45	85	5	2.86235	-3.44133	-3.70886
45	85	15	3.37932	-2.51221	-3.45184
45	85	25	3.31371	-3.38184	-4.20768
45	85	35	3.02601	-5.05516	-5.75463
45	85	45	2.83507	-5.12173	-5.60733
45	85	55	3.01023	-5.16204	-5.12524
45	85	65	3.41184	-3.71603	-4.31725
45	85	75	2.97624	-3.10625	-3.20903
45	85	85	2.89388	-4.20894	-4.48969
55	5	5	2.25386	-4.69497	-4.86215
55	5	15	2.25321	-3.74642	-4.00806
55	5	25	2.22573	-3.96633	-3.9878
55	5	35	2.66641	-5.18261	-5.40342
55	5	45	2.43041	-5.42161	-5.54256
55	5	55	2.93144	-5.42324	-4.82407
55	5	65	3.0922	-3.41964	-2.85847
55	5	75	3.01067	-2.91237	-2.33072
55	5	85	2.79464	-3.88453	-4.22089
55	15	5	2.6131	-4.97799	-5.30391
55	15	15	2.3026	-4.7182	-4.76066
55	15	25	1.8587	-4.46575	-4.42707
55	15	35	2.44246	-4.98226	-5.24248
55	15	45	2.84838	-5.30228	-5.46244
55	15	55	2.79185	-4.56686	-4.44647
55	15	65	2.60306	-2.72729	-2.73048
55	15	75	3.01463	-3.14196	-3.22675
55	15	85	2.71623	-4.00291	-4.15646
55	25	5	3.15341	-4.23486	-4.38001
55	25	15	2.46826	-4.74047	-4.72218
55	25	25	1.64775	-4.71559	-4.71576
55	25	35	2.1595	-4.8747	-4.93417
55	25	45	2.70532	-5.10145	-5.42037
55	25	55	2.67137	-4.54245	-4.72484
55	25	65	2.19421	-2.82215	-2.99849
55	25	75	2.82915	-3.73211	-4.03027
55	25	85	3.17178	-3.69823	-3.77933
55	35	5	3.25995	-4.12032	-4.6287
55	35	15	2.41402	-4.43931	-4.443
55	35	25	1.24981	-4.36082	-4.40251
55	35	35	1.75227	-4.59195	-4.65563
55	35	45	2.1248	-5.07819	-5.27904
55	35	55	1.96932	-3.86163	-3.90522
55	35	65	1.82981	-2.56405	-2.62486
55	35	75	2.86706	-4.11896	-4.06013
55	35	85	3.43508	-4.54057	-4.70173
55	45	5	3.58191	-4.82916	-4.72001
55	45	15	2.81446	-4.2683	-4.013
55	45	25	1.76757	-4.36083	-4.34345
55	45	35	2.34745	-4.88522	-4.86611
55	45	45	2.25667	-5.09407	-5.23533
55	45	55	2.12175	-4.22112	-4.22234
55	45	65	1.91938	-3.19242	-3.19328
55	45	75	2.44622	-4.31571	-4.25535
55	45	85	3.53383	-5.39723	-5.54007
55	55	5	3.10433	-5.19508	-5.2188
55	55	15	3.42535	-5.19664	-4.35988
55	55	25	3.8781	-5.06363	-3.90113
55	55	35	3.76298	-6.01082	-4.86649
55	55	45	3.57036	-6.20104	-5.27867
55	55	55	3.28524	-5.80178	-5.10384
55	55	65	3.10686	-5.46763	-4.90812
55	55	75	2.66051	-5.04721	-5.00681
55	55	85	3.01625	-5.15282	-5.37721
55	65	5	2.61682	-4.97504	-5.02172
55	65	15	2.95133	-4.67251	-4.44963
55	65	25	3.13279	-3.36024	-3.16554
55	65	35	2.83325	-4.69132	-4.43365
55	65	45	2.79008	-5.44165	-5.36682
55	65	55	2.74423	-5.25827	-5.11194
55	65	65	2.60023	-5.04964	-5.00098
55	65	75	2.61782	-5.10538	-5.15859
55	65	85	2.94375	-5.08367	-5.51563
55	75	5	2.83453	-4.96351	-5.20487
55	75	15	2.78854	-3.42723	-3.39434
55	75	25	2.9046	-2.65653	-2.81227
55	75	35	2.66579	-4.36068	-4.4716
55	75	45	2.15905	-5.14751	-5.58314
55	75	55	2.57237	-5.08338	-5.12804
55	75	65	2.51158	-4.98251	-4.98216
55	75	75	2.55116	-5.0017	-5.00157
55	75	85	3.39508	-4.88064	-5.70218
55	85	5	2.76155	-3.35398	-3.54785
55	85	15	2.46447	-2.2949	-2.68544
55	85	25	2.53199	-2.63839	-2.93621
55	85	35	2.55383	-4.84656	-5.10297
55	85	45	2.27331	-5.12316	-5.48149
55	85	55	2.58986	-5.14287	-5.10569
55	85	65	2.55103	-4.18045	-4.12048
55	85	75	2.65025	-3.85644	-3.83601
55	85	85	3.13272	-3.2485	-3.84762
65	5	5	2.94024	-4.66576	-4.89056
65	5	15	2.28195	-3.6082	-3.59436
65	5	25	2.1748	-3.23797	-3.25553
65	5	35	1.59607	-4.87849	-4.84366
65	5	45	0.390453	-5.39775	-5.56026
65	5	55	1.31066	-5.18281	-4.88526
65	5	65	2.63183	-4.10285	-3.54209
65	5	75	3.15186	-3.64564	-2.80362
65	5	85	3.67063	-3.69754	-3.51633
65	15	5	2.49748	-4.19888	-4.31965
65	15	15	2.48426	-3.57544	-3.53662
65	15	25	2.42944	-3.39767	-3.4193
65	15	35	2.47087	-4.93824	-4.92251
65	15	45	2.39017	-5.14575	-5.28211
65	15	55	2.55432	-4.90605	-4.88334
65	15	65	2.35304	-2.99607	-2.97167
65	15	75	2.77467	-3.96679	-3.79999
65	15	85	2.76101	-3.84144	-3.98861
65	25	5	2.73359	-3.89968	-3.95917
65	25	15	2.67435	-3.32206	-3.36398
65	25	25	2.02297	-3.45974	-3.48608
65	25	35	2.53697	-4.97471	-5.07868
65	25	45	2.71003	-5.08211	-5.30247
65	25	55	2.50933	-4.52371	-4.56447
65	25	65	2.31188	-3.23044	-3.24891
65	25	75	2.59033	-4.43619	-4.49493
65	25	85	2.79358	-4.30247	-4.5207
65	35	5	2.67608	-4.46498	-4.55004
65	35	15	2.59853	-3.41856	-3.4864
65	35	25	1.92361	-4.11424	-4.20905
65	35	35	2.12369	-4.79113	-4.83947
65	35	45	2.47064	-5.07958	-5.22169
65	35	55	2.09262	-3.98201	-4.00771
65	35	65	1.09139	-2.93044	-2.97173
65	35	75	2.569	-4.74398	-4.80396
65	35	85	2.83187	-4.95592	-5.15708
65	45	5	2.74153	-4.524	-4.63409
65	45	15	2.81622	-3.51953	-3.32561
65	45	25	2.55709	-4.02756	-3.77494
65	45	35	2.80037	-5.05603	-4.77745
65	45	45	2.84607	-5.37751	-5.23999
65	45	55	2.6278	-4.502	-4.34727
65	45	65	2.08788	-3.24284	-3.28415
65	45	75	2.65626	-4.93489	-5.07693
65	45	85	2.95343	-5.06008	-5.4425
65	55	5	3.24433	-5.18115	-4.83085
65	55	15	3.56758	-4.77297	-3.79314
65	55	25	4.18674	-4.89173	-3.32269
65	55	35	4.55785	-6.12321	-4.17294
65	55	45	4.59764	-7.10668	-5.17993
65	55	55	3.6693	-6.02399	-4.98731
65	55	65	3.37215	-5.43122	-4.61189
65	55	75	3.16785	-5.52962	-5.2301
65	55	85	3.43452	-5.40785	-5.61109
65	65	5	3.0109	-4.72361	-5.05758
65	65	15	2.71839	-3.47166	-3.43247
65	65	25	2.89605	-3.02857	-2.7684
65	65	35	3.07777	-3.9815	-3.47641
65	65	45	3.14745	-5.65322	-5.23872
65	65	55	2.95028	-5.3456	-4.95416
65	65	65	2.61922	-4.88964	-4.82317
65	65	75	2.83503	-5.08221	-5.31822
65	65	85	3.96388	-5.08635	-6.48596
65	75	5	2.99875	-5.02593	-5.38514
65	75	15	2.53408	-3.24539	-3.31549
65	75	25	2.58008	-2.53011	-2.52778
65	75	35	2.77107	-3.41884	-3.35965
65	75	45	2.6108	-5.24411	-5.53022
65	75	55	2.70049	-5.17105	-5.0753
65	75	65	2.57339	-5.00339	-4.96237
65	75	75	2.65117	-5.02056	-5.16002
65	75	85	3.81436	-5.08331	-6.34397
65	85	5	3.28432	-3.91808	-4.39
65	85	15	2.50415	-2.59897	-2.77144
65	85	25	2.4407	-2.5548	-2.62942
65	85	35	2.54487	-4.00596	-4.05535
65	85	45	2.3759	-5.10941	-5.62621
65	85	55	2.55116	-5.10288	-5.09722
65	85	65	2.45114	-4.64171	-4.58213
65	85	75	2.6707	-4.51972	-4.55965
65	85	85	3.69507	-4.02249	-5.00203
75	5	5	3.49867	-3.72005	-3.74799
75	5	15	2.31685	-3.43722	-3.36049
75	5	25	2.49471	-2.81959	-2.71759
75	5	35	1.51476	-4.77865	-4.61855
75	5	45	2.45229	-5.19994	-5.42148
75	5	55	2.45346	-5.08133	-4.96691
75	5	65	2.45226	-4.68289	-4.64246
75	5	75	2.74989	-4.4345	-4.29284
75	5	85	3.49073	-3.9701	-4.32921
75	15	5	2.90182	-3.78878	-4.06434
75	15	15	2.79595	-2.93213	-2.8277
75	15	25	2.88668	-2.83969	-2.89366
75	15	35	2.83391	-4.87394	-4.64068
75	15	45	2.7887	-5.34478	-5.17842
75	15	55	2.66588	-5.20318	-5.08158
75	15	65	2.55102	-4.20124	-4.1401
75	15	75	2.64906	-4.83886	-4.73845
75	15	85	2.79342	-4.28372	-4.5633
75	25	5	2.61268	-4.57829	-4.75664
75	25	15	2.75973	-3.07497	-3.26556
75	25	25	2.65827	-2.5062	-2.82222
75	25	35	2.5755	-4.23531	-4.36015
75	25	45	2.57658	-5.06065	-5.1219
75	25	55	2.55169	-4.90487	-4.90478
75	25	65	2.47332	-3.69806	-3.69846
75	25	75	2.55064	-4.76391	-4.78353
75	25	85	2.49261	-4.93646	-5.13646
75	35	5	2.87001	-4.72571	-5.00847
75	35	15	3.15364	-2.87578	-3.46078
75	35	25	2.5551	-2.96464	-3.26841
75	35	35	2.60804	-4.51084	-4.60924
75	35	45	2.57313	-5.06062	-5.20191
75	35	55	2.45219	-4.14203	-4.18363
75	35	65	1.87181	-3.25126	-3.25174
75	35	75	2.53027	-4.96941	-4.98981
75	35	85	2.59264	-5.08875	-5.19033
75	45	5	2.95389	-4.71831	-5.08319
75	45	15	3.32123	-3.26931	-3.83899
75	45	25	3.14952	-3.30749	-3.20554
75	45	35	3.29376	-4.90111	-4.32982
75	45	45	3.33436	-5.61754	-5.18292
75	45	55	2.97303	-4.24161	-3.88567
75	45	65	2.4902	-3.76604	-3.6658
75	45	75	2.64631	-4.95742	-4.9783
75	45	85	2.89423	-5.15532	-5.37893
75	55	5	3.15675	-5.06245	-4.98493
75	55	15	4.00659	-4.57735	-3.73758
75	55	25	4.25365	-4.33923	-2.69295
75	55	35	4.79439	-5.47452	-3.33876
75	55	45	4.97057	-6.81313	-4.61847
75	55	55	4.44024	-5.42798	-3.66892
75	55	65	3.79376	-5.04805	-3.94954
75	55	75	3.09188	-5.31452	-5.05539
75	55	85	3.25668	-5.27943	-5.58426
75	65	5	3.02541	-4.30845	-4.64866
75	65	15	2.88018	-3.35636	-3.27919
75	65	25	2.96759	-3.04936	-2.79739
75	65	35	2.85841	-3.36925	-3.06594
75	65	45	3.63245	-4.84402	-3.92551
75	65	55	3.52005	-4.09323	-3.25746
75	65	65	3.08597	-3.93045	-3.52167
75	65	75	2.80009	-4.85982	-4.93408
75	65	85	3.16388	-5.12911	-5.68668
75	75	5	3.3686	-4.80464	-5.37692
75	75	15	2.68617	-3.17759	-3.16399
75	75	25	2.63938	-2.69507	-2.64883
75	75	35	2.98983	-3.09292	-2.73491
75	75	45	3.24728	-4.13849	-3.81263
75	75	55	2.8184	-4.11944	-3.92337
75	75	65	2.5982	-3.82503	-3.78022
75	75	75	2.81652	-5.03979	-5.33859
75	75	85	3.38122	-5.10492	-5.94762
75	85	5	3.32977	-4.28193	-5.0805
75	85	15	2.81915	-3.17984	-3.24716
75	85	25	2.71385	-3.02837	-2.86841
75	85	35	2.81855	-3.49958	-3.47213
75	85	45	2.78015	-4.08949	-4.38518
75	85	55	2.6439	-4.65963	-4.63738
75	85	65	2.47134	-4.96056	-4.92073
75	85	75	2.57172	-4.99988	-5.05931
75	85	85	3.69523	-4.84179	-5.92403
85	5	5	2.78691	-2.79545	-3.07129
85	5	15	2.63276	-2.96671	-2.58588
85	5	25	2.4549	-3.22622	-2.68163
85	5	35	3.17532	-5.36157	-4.85693
85	5	45	3.78003	-5.61084	-5.73264
85	5	55	2.86352	-5.36245	-5.0717
85	5	65	2.63642	-4.97433	-4.8549
85	5	75	2.71121	-4.85847	-4.99975
85	5	85	3.4532	-4.76055	-5.66322
85	15	5	2.65826	-3.65339	-3.89983
85	15	15	2.68132	-2.71443	-2.63272
85	15	25	3.14478	-3.14444	-2.64558
85	15	35	3.19791	-5.0668	-4.32389
85	15	45	2.86386	-5.62918	-5.11588
85	15	55	2.81956	-5.0301	-4.76324
85	15	65	2.65559	-4.84568	-4.66219
85	15	75	2.59268	-5.09605	-5.07488
85	15	85	2.85062	-4.72628	-5.22589
85	25	5	2.49425	-4.94805	-5.10928
85	25	15	2.68779	-3.25656	-3.47184
85	25	25	2.77695	-2.52377	-2.76979
85	25	35	2.70417	-3.52327	-3.63386
85	25	45	2.60889	-4.5391	-4.53052
85	25	55	2.63187	-4.80802	-4.76355
85	25	65	2.53427	-4.10326	-4.10169
85	25	75	2.63027	-5.00561	-5.04445
85	25	85	2.73102	-5.09598	-5.37479
85	35	5	2.61479	-5.08084	-5.16437
85	35	15	3.1894	-3.43371	-4.07372
85	35	25	3.23469	-2.44445	-3.28203
85	35	35	2.7435	-3.3551	-3.60281
85	35	45	2.53233	-4.74528	-4.78443
85	35	55	2.57407	-4.12398	-4.20198
85	35	65	2.39258	-3.09889	-3.09888
85	35	75	2.61113	-4.85444	-4.87475
85	35	85	2.61186	-5.09572	-5.17568
85	45	5	2.8356	-4.94219	-5.18554
85	45	15	3.83482	-3.41551	-4.53667
85	45	25	3.72534	-3.0419	-3.46681
85	45	35	3.32003	-3.74342	-3.14887
85	45	45	3.63191	-5.67022	-4.73142
85	45	55	3.47148	-4.44119	-3.56287
85	45	65	2.87309	-3.52526	-3.24576
85	45	75	2.652	-4.71503	-4.77518
85	45	85	2.69473	-5.11943	-5.26307
85	55	5	3.44149	-5.26435	-5.39033
85	55	15	3.83155	-4.04902	-4.61985
85	55	25	4.12673	-3.96166	-3.22042
85	55	35	4.50444	-4.92214	-3.44788
85	55	45	4.9795	-6.1928	-4.02694
85	55	55	4.64549	-5.09113	-3.00373
85	55	65	4.15747	-4.37927	-2.86116
85	55	75	3.33259	-4.89656	-4.47647
85	55	85	3.13529	-5.47888	-5.40228
85	65	5	3.13449	-4.66948	-4.89716
85	65	15	3.11213	-3.40699	-3.66296
85	65	25	2.9599	-3.22767	-3.19842
85	65	35	3.01019	-4.40868	-4.13663
85	65	45	3.59517	-4.64466	-3.8888
85	65	55	4.18864	-4.24254	-2.79632
85	65	65	3.71264	-3.79062	-2.75563
85	65	75	3.10234	-4.08709	-4.05934
85	65	85	2.88373	-5.26611	-5.4032
85	75	5	2.91972	-4.47136	-4.7018
85	75	15	2.65109	-3.17954	-3.25019
85	75	25	2.68299	-3.09414	-3.16476
85	75	35	2.65194	-3.15433	-3.11517
85	75	45	3.09856	-3.03591	-2.87203
85	75	55	3.03584	-3.2084	-3.03283
85	75	65	2.8044	-3.06348	-2.99667
85	75	75	2.8182	-4.2549	-4.5098
85	75	85	2.86884	-5.1276	-5.5811
85	85	5	3.01482	-4.56763	-5.02064
85	85	15	2.63608	-3.49628	-3.45606
85	85	25	2.69532	-3.08612	-2.96152
85	85	35	2.99424	-3.29574	-3.37255
85	85	45	3.40826	-3.1007	-3.74429
85	85	55	2.61016	-3.22456	-3.27796
85	85	65	2.64041	-4.17962	-4.28468
85	85	75	2.83627	-5.03816	-5.31821
85	85	85	3.30061	-5.1039	-5.76754
