5	5	5	2.59307	-2.95137	-2.9918
5	5	15	2.59303	-3.9964	-4.03519
5	5	25	2.72153	-5.05183	-5.21093
5	5	35	2.59483	-4.32947	-4.3557
5	5	45	2.60187	-3.36727	-3.31878
5	5	55	2.83707	-3.79269	-4.0709
5	5	65	3.40044	-5.10212	-5.9456
5	5	75	3.25079	-5.08359	-5.77764
5	5	85	2.60069	-4.74123	-4.79007
5	15	5	2.63188	-2.68478	-2.72557
5	15	15	2.6315	-3.43275	-3.51309
5	15	25	2.83395	-4.8336	-5.11628
5	15	35	2.58418	-3.46069	-3.49254
5	15	45	2.55235	-3.06109	-3.0602
5	15	55	2.6521	-3.69448	-3.7935
5	15	65	3.43515	-5.09391	-5.97543
5	15	75	3.33032	-5.10245	-5.88088
5	15	85	2.69785	-4.62239	-4.76837
5	25	5	2.75226	-2.84563	-2.96685
5	25	15	2.67265	-4.03269	-4.0343
5	25	25	2.89343	-4.73824	-5.04064
5	25	35	2.65554	-3.66674	-3.57029
5	25	45	2.9923	-3.36477	-2.92352
5	25	55	3.27108	-4.24723	-3.6472
5	25	65	4.01188	-5.70676	-5.92752
5	25	75	3.54225	-5.50201	-5.6932
5	25	85	2.83639	-5.00244	-5.00701
5	35	5	3.15627	-4.76925	-4.57368
5	35	15	2.77784	-5.23681	-5.06281
5	35	25	2.91636	-5.38553	-5.06756
5	35	35	3.69915	-5.62812	-4.48084
5	35	45	4.26554	-5.2966	-3.58293
5	35	55	4.73146	-5.7431	-3.5627
5	35	65	5.24942	-7.39934	-5.46254
5	35	75	4.72104	-6.88795	-5.44594
5	35	85	3.85522	-5.94245	-4.88503
5	45	5	2.97023	-4.34004	-4.58404
5	45	15	2.69309	-5.09923	-5.18601
5	45	25	2.66147	-5.14379	-5.12004
5	45	35	2.77505	-4.78033	-4.55796
5	45	45	2.88633	-4.54551	-4.21187
5	45	55	2.93641	-4.52346	-4.1781
5	45	65	3.79326	-6.1127	-5.27208
5	45	75	3.62469	-5.93341	-5.14378
5	45	85	3.22513	-4.99286	-4.72292
5	55	5	2.73482	-3.96699	-4.14407
5	55	15	2.64655	-5.06709	-5.1551
5	55	25	2.69659	-5.18313	-5.1626
5	55	35	2.65664	-4.70474	-4.68159
5	55	45	2.63818	-3.94844	-3.86217
5	55	55	2.95026	-3.50958	-3.15119
5	55	65	3.28368	-5.66016	-5.21152
5	55	75	3.11628	-4.72349	-4.76479
5	55	85	3.18134	-3.24623	-3.74416
5	65	5	2.80416	-3.5422	-3.63406
5	65	15	2.7386	-5.09487	-5.05968
5	65	25	2.69625	-4.96006	-5.0239
5	65	35	2.67328	-4.61938	-4.53959
5	65	45	2.7943	-3.11352	-2.91118
5	65	55	2.7998	-3.77719	-3.65012
5	65	65	2.78011	-5.11065	-5.28799
5	65	75	2.93829	-4.12424	-4.42589
5	65	85	3.1797	-2.95256	-3.50019
5	75	5	2.7776	-4.16332	-4.02737
5	75	15	2.89522	-5.03212	-4.85209
5	75	25	3.07352	-5.28935	-5.01054
5	75	35	2.85757	-5.05415	-4.87333
5	75	45	2.81523	-4.64435	-4.54364
5	75	55	2.91364	-4.98007	-4.9
5	75	65	3.05672	-5.12407	-5.54884
5	75	75	2.83595	-4.36148	-4.52634
5	75	85	2.85848	-3.98608	-4.09264
5	85	5	2.71434	-3.1086	-3.06944
5	85	15	2.65464	-4.5737	-4.5117
5	85	25	2.72147	-5.14165	-5.13442
5	85	35	2.82851	-4.95302	-4.84473
5	85	45	3.0114	-4.61493	-4.24074
5	85	55	3.16734	-4.95254	-4.61989
5	85	65	3.48387	-5.48457	-5.64215
5	85	75	3.108	-4.68796	-4.91279
5	85	85	2.86028	-4.24844	-4.18969
15	5	5	2.61273	-3.3425	-3.36179
15	5	15	2.63306	-4.44177	-4.52056
15	5	25	2.78469	-5.07346	-5.29985
15	5	35	2.71139	-4.54751	-4.69579
15	5	45	2.67554	-3.44783	-3.50718
15	5	55	2.86754	-3.23948	-3.44494
15	5	65	3.14763	-5.14089	-5.63484
15	5	75	2.87891	-5.16724	-5.36453
15	5	85	2.67646	-5.01208	-5.09424
15	15	5	2.59121	-3.03496	-3.03486
15	15	15	2.79153	-3.9995	-4.23903
15	15	25	3.30245	-5.0405	-5.81072
15	15	35	2.6103	-3.8612	-3.91993
15	15	45	2.68167	-2.9107	-2.9928
15	15	55	2.93701	-2.88971	-3.14899
15	15	65	3.39912	-5.05827	-5.90139
15	15	75	3.01606	-5.10445	-5.56456
15	15	85	2.61429	-4.84291	-4.90359
15	25	5	2.61188	-3.49287	-3.47287
15	25	15	2.71148	-4.59374	-4.71331
15	25	25	3.19704	-5.00947	-5.61386
15	25	35	2.64447	-4.43927	-4.36752
15	25	45	2.93878	-3.55435	-3.1718
15	25	55	3.39693	-4.00578	-3.44252
15	25	65	4.51514	-6.09477	-6.01709
15	25	75	3.75152	-5.9219	-5.3623
15	25	85	2.89338	-5.18286	-4.92359
15	35	5	3.23312	-5.33848	-4.8181
15	35	15	3.05147	-5.41656	-5.15611
15	35	25	3.13511	-5.46193	-5.28107
15	35	35	2.90696	-5.26947	-4.91521
15	35	45	3.71176	-5.55151	-4.39189
15	35	55	4.31553	-5.80254	-4.11891
15	35	65	5.38027	-7.34058	-5.63216
15	35	75	4.87108	-7.09334	-5.27019
15	35	85	4.19488	-6.52448	-5.00346
15	45	5	3.18118	-4.80498	-4.81564
15	45	15	2.90328	-5.25522	-5.27179
15	45	25	2.76018	-5.28865	-5.12197
15	45	35	2.72483	-5.17348	-5.04209
15	45	45	2.77098	-5.24869	-5.03049
15	45	55	2.92686	-4.96744	-4.6717
15	45	65	3.69191	-6.01213	-5.27127
15	45	75	4.25331	-6.55429	-5.19127
15	45	85	3.89183	-5.54063	-4.68346
15	55	5	3.29839	-3.99656	-4.69164
15	55	15	2.75079	-5.11721	-5.25266
15	55	25	2.66161	-5.17076	-5.14269
15	55	35	2.62739	-4.83624	-4.84319
15	55	45	2.60258	-4.32223	-4.27161
15	55	55	2.73184	-3.68464	-3.58462
15	55	65	3.04812	-5.47945	-5.18398
15	55	75	2.9483	-4.67504	-4.48588
15	55	85	3.27144	-3.50028	-3.94021
15	65	5	3.16205	-3.6662	-4.23203
15	65	15	2.73986	-5.14245	-5.20493
15	65	25	2.71867	-5.20687	-5.16331
15	65	35	2.61577	-4.86466	-4.84409
15	65	45	2.75616	-3.31706	-3.15369
15	65	55	2.77437	-3.20004	-3.17777
15	65	65	2.7823	-5.12981	-5.2267
15	65	75	2.78047	-3.86465	-4.04757
15	65	85	3.57489	-2.89102	-3.91131
15	75	5	3.06131	-4.45873	-4.56804
15	75	15	2.82014	-4.93142	-5.09616
15	75	25	2.55338	-5.14011	-5.06118
15	75	35	3.0167	-5.08068	-4.66178
15	75	45	3.23859	-4.57501	-3.97329
15	75	55	3.57592	-5.22208	-4.51845
15	75	65	3.49823	-5.79598	-5.2948
15	75	75	3.34028	-5.00293	-5.02892
15	75	85	3.47957	-4.36525	-4.68655
15	85	5	2.67599	-3.67854	-3.76186
15	85	15	2.69352	-4.66004	-4.72174
15	85	25	2.73432	-5.13581	-5.19868
15	85	35	2.91977	-5.12303	-4.92528
15	85	45	3.05433	-4.37592	-3.99982
15	85	55	3.29582	-4.69254	-4.47074
15	85	65	2.99201	-5.29127	-5.34006
15	85	75	3.04989	-5.07019	-5.27202
15	85	85	2.9595	-4.84889	-4.97165
25	5	5	2.72096	-4.09895	-4.13923
25	5	15	2.72281	-4.82039	-4.97771
25	5	25	2.94992	-5.09683	-5.44725
25	5	35	2.75587	-4.39118	-4.54188
25	5	45	2.63719	-3.17044	-3.23185
25	5	55	3.00942	-3.25282	-3.2832
25	5	65	3.23601	-5.13188	-5.48147
25	5	75	2.95645	-5.12639	-5.28285
25	5	85	2.88158	-5.18166	-5.26577
25	15	5	2.61248	-3.40069	-3.38039
25	15	15	3.07399	-4.44776	-4.92806
25	15	25	3.3097	-5.09103	-5.80525
25	15	35	3.19039	-4.1821	-4.74008
25	15	45	2.7303	-2.92026	-2.84077
25	15	55	3.07249	-3.12597	-3.13214
25	15	65	3.90964	-4.99289	-5.89309
25	15	75	2.78573	-4.74661	-4.89168
25	15	85	2.57841	-4.98447	-5.007
25	25	5	2.67404	-4.13902	-4.01767
25	25	15	3.15445	-4.8225	-5.30152
25	25	25	3.52373	-5.06228	-5.9904
25	25	35	2.99398	-4.76445	-4.98011
25	25	45	3.43813	-4.39228	-3.76927
25	25	55	3.84084	-4.54685	-3.81843
25	25	65	4.88317	-6.15981	-6.0854
25	25	75	4.0913	-6.20284	-4.85967
25	25	85	3.13364	-5.60225	-5.02446
25	35	5	3.50125	-5.56706	-4.61845
25	35	15	3.29894	-5.53655	-5.30946
25	35	25	3.48537	-5.4834	-5.63387
25	35	35	3.07723	-5.41591	-5.14985
25	35	45	3.24708	-5.55715	-4.99317
25	35	55	3.66603	-5.63722	-4.84456
25	35	65	5.36282	-6.75535	-5.98849
25	35	75	4.67199	-7.1251	-5.15882
25	35	85	4.20502	-6.65338	-5.04229
25	45	5	3.5633	-4.59111	-3.57885
25	45	15	2.93915	-5.32208	-5.09554
25	45	25	3.20144	-5.70902	-5.14284
25	45	35	3.04575	-5.56822	-5.12969
25	45	45	3.30856	-5.81363	-5.10048
25	45	55	3.12608	-5.5222	-4.98852
25	45	65	3.97499	-6.10259	-5.52451
25	45	75	4.43614	-6.89561	-5.15238
25	45	85	4.27485	-6.16136	-4.52336
25	55	5	2.86121	-3.39821	-3.52964
25	55	15	2.74318	-5.14004	-5.07193
25	55	25	2.77072	-5.26075	-5.16244
25	55	35	2.87539	-5.3222	-5.0862
25	55	45	2.68663	-4.93346	-4.80298
25	55	55	2.76451	-4.59347	-4.3812
25	55	65	3.17313	-5.19305	-5.53432
25	55	75	3.00165	-5.08116	-4.81232
25	55	85	2.73466	-3.28359	-3.14091
25	65	5	3.0925	-3.52828	-3.7276
25	65	15	2.6386	-5.08411	-5.12228
25	65	25	2.74344	-5.21118	-5.18464
25	65	35	2.60666	-4.9343	-4.9254
25	65	45	2.68554	-3.67044	-3.57614
25	65	55	2.82426	-3.33776	-3.14633
25	65	65	2.96719	-5.06413	-5.05381
25	65	75	2.76938	-3.89151	-3.69018
25	65	85	2.69421	-2.72955	-2.70889
25	75	5	2.97648	-4.24038	-4.38024
25	75	15	2.69332	-5.07337	-5.13427
25	75	25	2.15651	-5.04241	-5.12625
25	75	35	2.15616	-4.70285	-4.72634
25	75	45	2.84047	-3.4189	-3.18343
25	75	55	3.74062	-4.44798	-3.66693
25	75	65	4.02526	-6.12657	-5.27076
25	75	75	3.46001	-5.62617	-4.92532
25	75	85	3.39845	-4.48293	-4.47815
25	85	5	2.97937	-4.18332	-4.4475
25	85	15	2.67718	-5.04559	-5.07089
25	85	25	2.52192	-5.15859	-5.24709
25	85	35	2.78869	-4.60201	-4.58604
25	85	45	2.89619	-3.49562	-3.20468
25	85	55	3.33283	-3.9299	-3.44913
25	85	65	3.70855	-5.8237	-5.42814
25	85	75	3.36371	-5.52794	-5.20763
25	85	85	3.3063	-5.05774	-5.28239
35	5	5	2.95947	-4.6775	-4.84264
35	5	15	3.08081	-5.04604	-5.4878
35	5	25	2.91995	-5.16617	-5.40216
35	5	35	3.25796	-4.69289	-5.17715
35	5	45	3.11113	-3.38304	-3.87351
35	5	55	4.09171	-4.19522	-4.75254
35	5	65	3.74424	-5.22967	-4.6755
35	5	75	3.50974	-4.64136	-4.67924
35	5	85	3.1054	-5.14005	-5.21279
35	15	5	2.78918	-4.19158	-4.40892
35	15	15	3.40317	-4.86989	-5.50362
35	15	25	3.67984	-5.20628	-6.11507
35	15	35	3.40046	-4.37633	-4.996
35	15	45	2.95719	-3.18938	-3.23043
35	15	55	4.16824	-4.43599	-4.54749
35	15	65	4.05425	-5.05678	-5.648
35	15	75	3.08184	-4.34328	-4.5461
35	15	85	2.89311	-4.78644	-4.95573
35	25	5	3.26028	-5.10696	-4.56158
35	25	15	3.84453	-5.33824	-5.68967
35	25	25	3.86019	-5.46368	-6.02254
35	25	35	3.6255	-5.21821	-5.09902
35	25	45	3.54965	-4.5095	-3.89479
35	25	55	4.52259	-5.85666	-4.82651
35	25	65	5.73741	-6.68921	-6.49191
35	25	75	4.26536	-5.90178	-4.68311
35	25	85	3.76121	-5.69528	-4.54298
35	35	5	3.65837	-5.0265	-4.04174
35	35	15	3.68512	-5.43363	-5.34114
35	35	25	3.88319	-5.46177	-6.06081
35	35	35	3.56853	-5.49588	-5.68323
35	35	45	2.9175	-5.2443	-4.94782
35	35	55	3.76189	-5.73985	-5.41651
35	35	65	5.19731	-6.72933	-5.93847
35	35	75	4.72277	-6.9704	-5.04041
35	35	85	4.30191	-6.24413	-4.5772
35	45	5	3.72974	-4.13834	-3.00122
35	45	15	3.14046	-4.98139	-4.63275
35	45	25	3.56164	-5.60795	-5.60463
35	45	35	3.80327	-6.03205	-5.38386
35	45	45	3.61882	-6.00948	-5.05911
35	45	55	4.32677	-6.75081	-5.22202
35	45	65	5.08203	-6.73743	-6.00092
35	45	75	4.64447	-7.04032	-5.09177
35	45	85	4.57819	-6.46828	-4.52215
35	55	5	2.68729	-2.94587	-2.88961
35	55	15	2.71097	-4.48545	-4.53766
35	55	25	3.19102	-5.33546	-5.50513
35	55	35	3.13454	-5.55583	-5.19172
35	55	45	3.19891	-5.57535	-4.9966
35	55	55	3.41869	-5.68213	-5.10867
35	55	65	3.71493	-5.67598	-5.60664
35	55	75	3.35934	-5.68392	-5.16766
35	55	85	3.04375	-3.95391	-3.46208
35	65	5	2.89731	-3.40748	-3.22363
35	65	15	2.73568	-5.07615	-4.96086
35	65	25	2.82537	-5.16523	-5.30952
35	65	35	2.72066	-5.12337	-5.21034
35	65	45	2.62282	-4.06211	-4.05136
35	65	55	2.75814	-3.57885	-3.54029
35	65	65	3.34234	-4.55405	-4.83249
35	65	75	2.82635	-4.01233	-3.7851
35	65	85	2.83722	-3.06019	-2.83487
35	75	5	2.95949	-4.13774	-4.01584
35	75	15	2.8015	-5.15068	-5.19369
35	75	25	2.70125	-5.12286	-5.26975
35	75	35	2.33694	-4.92247	-4.86752
35	75	45	2.69714	-3.07884	-3.02336
35	75	55	2.84007	-2.81392	-2.81737
35	75	65	3.54112	-4.98652	-4.84779
35	75	75	3.44099	-5.62428	-4.86013
35	75	85	2.89612	-4.13863	-3.83374
35	85	5	2.82204	-4.64238	-4.59092
35	85	15	3.02523	-5.18317	-5.17494
35	85	25	3.10839	-5.46226	-5.33641
35	85	35	3.10178	-4.60244	-4.70998
35	85	45	3.26178	-3.35685	-3.06719
35	85	55	3.69602	-3.72761	-3.50365
35	85	65	3.43999	-5.29461	-4.81286
35	85	75	3.00212	-5.28417	-4.9658
35	85	85	2.91814	-5.10058	-5.0194
45	5	5	3.52081	-5.01753	-5.34731
45	5	15	3.85959	-5.43004	-5.69778
45	5	25	3.48905	-5.55927	-5.57644
45	5	35	3.72863	-5.10261	-5.27942
45	5	45	4.32151	-4.01193	-4.29378
45	5	55	4.85914	-5.5049	-5.55735
45	5	65	4.50258	-6.00417	-4.66912
45	5	75	3.49995	-4.7922	-4.1403
45	5	85	3.24003	-4.03798	-4.32699
45	15	5	2.90214	-4.70038	-4.9267
45	15	15	4.03986	-5.17713	-5.93395
45	15	25	3.88306	-5.65208	-5.88004
45	15	35	4.56358	-4.87967	-5.37687
45	15	45	4.84622	-3.99291	-4.60476
45	15	55	5.36088	-6.12065	-6.26313
45	15	65	4.50918	-5.97729	-5.84901
45	15	75	3.82143	-5.01933	-5.10492
45	15	85	3.21596	-4.06883	-4.08335
45	25	5	3.1435	-4.51962	-4.22085
45	25	15	3.79427	-5.20642	-5.84408
45	25	25	3.92303	-5.76002	-5.82281
45	25	35	5.0595	-5.80995	-5.66237
45	25	45	5.52332	-5.41928	-4.88348
45	25	55	5.4864	-6.41422	-6.20143
45	25	65	5.24712	-6.42891	-6.4145
45	25	75	4.26499	-5.44129	-5.29671
45	25	85	3.50181	-4.14683	-3.97116
45	35	5	4.00697	-4.74268	-3.53383
45	35	15	4.14782	-5.10559	-4.9104
45	35	25	3.88545	-5.54934	-5.97978
45	35	35	3.49704	-5.33017	-5.5798
45	35	45	3.59752	-5.14364	-5.16772
45	35	55	3.73272	-5.52852	-5.80128
45	35	65	4.55627	-5.68038	-6.45908
45	35	75	4.18593	-5.84802	-5.10759
45	35	85	3.6978	-4.95872	-4.00547
45	45	5	4.20491	-4.36453	-2.79077
45	45	15	3.64471	-4.4529	-3.92001
45	45	25	4.36628	-5.79002	-6.21806
45	45	35	4.05945	-5.74031	-5.73192
45	45	45	3.42987	-5.51242	-5.00966
45	45	55	3.60267	-5.72427	-5.44389
45	45	65	4.58346	-6.1279	-6.12345
45	45	75	3.48118	-5.51157	-4.77902
45	45	85	3.73034	-4.69297	-3.64311
45	55	5	2.85916	-2.93775	-2.66965
45	55	15	2.98709	-3.77325	-3.70203
45	55	25	4.13106	-5.58897	-6.19157
45	55	35	3.75809	-5.29346	-5.95764
45	55	45	2.79177	-5.02836	-5.13566
45	55	55	2.97715	-5.06368	-5.36246
45	55	65	3.29552	-5.18404	-5.6644
45	55	75	2.89906	-5.28392	-4.98787
45	55	85	3.15487	-4.04419	-3.52043
45	65	5	3.06515	-3.19931	-3.25329
45	65	15	3.09188	-4.67611	-4.61873
45	65	25	3.20272	-5.27522	-5.59374
45	65	35	3.36205	-5.16535	-5.81049
45	65	45	2.92827	-4.54365	-4.87688
45	65	55	2.95511	-4.35928	-4.6833
45	65	65	2.99226	-4.47925	-4.64046
45	65	75	2.79423	-4.36199	-4.164
45	65	85	2.87435	-3.22363	-2.86058
45	75	5	3.49301	-3.9442	-4.47037
45	75	15	3.0791	-4.98504	-5.38873
45	75	25	3.02758	-5.15977	-5.51384
45	75	35	3.15716	-4.94242	-5.38852
45	75	45	2.86551	-3.56204	-3.67575
45	75	55	2.95513	-2.98083	-3.06411
45	75	65	2.97748	-3.97314	-3.95157
45	75	75	2.84067	-4.77377	-4.52818
45	75	85	2.85899	-3.88216	-3.69626
45	85	5	2.94956	-4.5975	-4.91359
45	85	15	3.062	-5.04024	-5.38564
45	85	25	3.00589	-5.28175	-5.355
45	85	35	3.14042	-5.08562	-5.02782
45	85	45	3.43034	-3.62447	-3.36973
45	85	55	3.58681	-4.35124	-3.88367
45	85	65	3.29377	-4.60072	-4.16888
45	85	75	2.74089	-4.57332	-4.39343
45	85	85	2.75643	-4.21677	-4.38051
55	5	5	3.20073	-4.28434	-4.4332
55	5	15	3.37427	-4.77113	-5.35437
55	5	25	3.14143	-5.37956	-5.36916
55	5	35	3.75758	-5.44369	-5.44611
55	5	45	4.64016	-4.53913	-4.8605
55	5	55	4.40779	-5.82509	-5.51399
55	5	65	4.48501	-6.61637	-5.18161
55	5	75	3.94083	-5.76121	-4.82914
55	5	85	4.03717	-3.84819	-4.0935
55	15	5	3.12076	-4.57878	-4.82448
55	15	15	3.71183	-5.09516	-5.69395
55	15	25	3.56142	-5.23819	-5.96859
55	15	35	4.09996	-4.48245	-5.55045
55	15	45	4.96645	-3.93337	-5.54614
55	15	55	4.66637	-5.66788	-6.37818
55	15	65	3.68073	-5.77163	-5.49317
55	15	75	3.76438	-5.47007	-5.15772
55	15	85	3.50394	-3.62345	-3.64914
55	25	5	3.19359	-4.0757	-3.71661
55	25	15	4.17105	-5.19278	-5.57277
55	25	25	4.09504	-5.85622	-5.80025
55	25	35	4.82744	-4.682	-5.75842
55	25	45	4.77913	-4.26204	-5.65055
55	25	55	4.85705	-5.54183	-6.72865
55	25	65	4.17463	-5.79894	-5.97574
55	25	75	4.20201	-5.36315	-5.68519
55	25	85	3.39044	-3.65222	-3.68429
55	35	5	3.30326	-3.48127	-2.77431
55	35	15	3.62222	-4.25268	-3.94148
55	35	25	4.23787	-5.72247	-6.08052
55	35	35	4.14423	-4.4027	-4.63431
55	35	45	4.53626	-4.97005	-5.11447
55	35	55	4.13225	-5.45294	-5.95412
55	35	65	4.08662	-5.37761	-6.31156
55	35	75	4.35195	-5.14433	-6.09955
55	35	85	3.46126	-3.99785	-3.77287
55	45	5	2.78138	-2.90837	-2.75835
55	45	15	3.07872	-3.57429	-3.28981
55	45	25	4.13429	-5.52622	-5.74543
55	45	35	4.25144	-4.13796	-3.96636
55	45	45	3.48465	-4.09164	-3.88126
55	45	55	3.48744	-5.14906	-5.41266
55	45	65	4.09662	-5.28507	-6.46347
55	45	75	3.49268	-4.365	-5.09934
55	45	85	2.83052	-3.2153	-3.29059
55	55	5	2.73123	-2.77168	-2.63166
55	55	15	3.13739	-3.39897	-2.97743
55	55	25	4.008	-5.7689	-5.31366
55	55	35	3.26231	-4.23121	-4.32474
55	55	45	2.9999	-3.9869	-4.10126
55	55	55	2.85211	-5.13752	-5.23643
55	55	65	3.49324	-5.10299	-6.04157
55	55	75	2.78827	-4.72282	-4.95841
55	55	85	2.59441	-3.19365	-3.15695
55	65	5	3.01905	-3.29642	-3.07082
55	65	15	3.0124	-3.88793	-3.55903
55	65	25	3.42203	-5.06015	-5.75164
55	65	35	3.31477	-4.72433	-5.36303
55	65	45	2.69476	-4.98138	-5.08327
55	65	55	2.69231	-4.73931	-4.84044
55	65	65	2.85144	-4.60042	-4.88
55	65	75	2.75425	-4.26164	-4.06326
55	65	85	2.95248	-3.40004	-2.99989
55	75	5	3.67913	-3.39963	-4.44449
55	75	15	2.86592	-4.87982	-5.07384
55	75	25	3.0947	-5.18718	-5.47112
55	75	35	3.3539	-5.04262	-5.7638
55	75	45	2.93387	-4.42166	-4.44447
55	75	55	2.97383	-3.97203	-3.67164
55	75	65	3.27542	-4.35039	-3.90678
55	75	75	2.92225	-4.05161	-3.69359
55	75	85	2.99779	-3.82685	-3.78557
55	85	5	3.84551	-3.73271	-5.02718
55	85	15	3.31703	-4.71469	-5.48073
55	85	25	2.85775	-5.11919	-5.42439
55	85	35	3.27748	-5.00359	-5.68722
55	85	45	2.76589	-3.68727	-3.84208
55	85	55	2.88945	-4.70526	-4.61164
55	85	65	3.04427	-4.58806	-4.29801
55	85	75	2.76826	-4.22021	-4.10699
55	85	85	3.27604	-3.17092	-3.85433
65	5	5	3.03375	-3.16353	-3.28521
65	5	15	2.95183	-3.89546	-4.09466
65	5	25	2.87384	-4.7347	-4.9367
65	5	35	2.79302	-4.80198	-5.04397
65	5	45	2.69484	-3.94325	-4.04011
65	5	55	2.6978	-5.03999	-5.05314
65	5	65	3.27766	-5.17603	-5.65018
65	5	75	2.96612	-5.00823	-5.01473
65	5	85	3.41748	-3.42373	-4.00492
65	15	5	2.89747	-3.54856	-3.52701
65	15	15	3.09305	-4.2221	-4.68089
65	15	25	2.77628	-4.93386	-5.15744
65	15	35	2.7943	-4.02166	-4.28479
65	15	45	3.11268	-3.41688	-4.05845
65	15	55	3.03149	-4.91277	-5.39351
65	15	65	3.01467	-5.11486	-5.53843
65	15	75	2.9979	-5.23911	-5.36505
65	15	85	3.23877	-3.63566	-3.87609
65	25	5	2.9315	-3.62363	-3.24325
65	25	15	3.55104	-3.94834	-3.98835
65	25	25	3.53464	-5.47628	-5.33989
65	25	35	3.47585	-3.82197	-4.30679
65	25	45	3.19189	-3.58444	-4.1857
65	25	55	3.85024	-4.70904	-5.96986
65	25	65	3.09783	-5.12091	-5.62452
65	25	75	3.05864	-4.96375	-5.38657
65	25	85	3.07991	-3.47697	-3.72021
65	35	5	2.65667	-2.89018	-2.78541
65	35	15	3.26184	-3.8211	-3.51272
65	35	25	4.67623	-6.03586	-5.55227
65	35	35	4.07824	-4.14272	-3.46674
65	35	45	3.71306	-3.78244	-3.34289
65	35	55	4.17183	-4.95723	-5.37724
65	35	65	3.69703	-5.92006	-5.42524
65	35	75	3.51824	-5.06151	-5.66874
65	35	85	2.82065	-3.87677	-3.78081
65	45	5	2.5535	-3.01102	-3.00867
65	45	15	2.67912	-4.12071	-4.23745
65	45	25	3.36918	-4.60897	-5.03166
65	45	35	3.59795	-3.52648	-2.96317
65	45	45	3.09559	-3.15857	-2.77489
65	45	55	3.6539	-4.16386	-4.541
65	45	65	3.50903	-5.15267	-6.00187
65	45	75	3.77388	-4.57274	-5.61319
65	45	85	2.72441	-3.33604	-3.42621
65	55	5	2.6517	-3.04247	-3.08273
65	55	15	2.95386	-3.47517	-3.1964
65	55	25	3.5385	-4.47042	-3.94379
65	55	35	3.11983	-3.38488	-2.97849
65	55	45	2.67745	-3.07004	-2.94446
65	55	55	2.69748	-4.31683	-4.37041
65	55	65	3.45495	-5.10018	-5.99625
65	55	75	3.44167	-4.42301	-5.27169
65	55	85	2.59977	-3.18536	-3.15384
65	65	5	2.81201	-3.06311	-2.98283
65	65	15	2.6939	-3.15188	-3.07426
65	65	25	2.71398	-3.66043	-3.73833
65	65	35	2.63684	-3.28087	-3.35746
65	65	45	2.59329	-4.36068	-4.31847
65	65	55	2.57198	-4.93735	-4.95639
65	65	65	3.45185	-5.06076	-5.80153
65	65	75	2.91833	-4.76203	-4.72933
65	65	85	2.75701	-3.47564	-3.23923
65	75	5	2.91081	-3.1384	-3.42015
65	75	15	2.59066	-4.63617	-4.69819
65	75	25	1.99226	-5.04985	-5.11105
65	75	35	2.55156	-5.0391	-5.14025
65	75	45	2.69238	-4.83414	-4.81369
65	75	55	3.05268	-5.06087	-4.55921
65	75	65	3.47344	-5.6356	-4.95558
65	75	75	3.16628	-3.61401	-3.06445
65	75	85	2.87333	-3.76283	-3.56191
65	85	5	3.31572	-2.79289	-3.51512
65	85	15	2.77343	-4.3283	-4.50835
65	85	25	2.63216	-5.05633	-5.17794
65	85	35	2.70063	-4.84135	-4.96255
65	85	45	2.71148	-4.58365	-4.54048
65	85	55	2.76542	-5.21923	-5.04484
65	85	65	3.08824	-4.90903	-5.05261
65	85	75	2.90708	-4.13415	-4.05257
65	85	85	2.94193	-2.68062	-2.97778
75	5	5	2.79742	-2.77564	-2.65611
75	5	15	2.83198	-3.83553	-3.71629
75	5	25	2.71236	-4.84702	-4.84661
75	5	35	2.61513	-4.00322	-3.98315
75	5	45	2.53461	-3.76003	-3.75654
75	5	55	2.57291	-4.97162	-4.98959
75	5	65	3.39626	-5.10374	-5.9625
75	5	75	2.75512	-5.05632	-5.25627
75	5	85	2.74786	-3.722	-3.87143
75	15	5	2.6924	-2.82686	-2.68577
75	15	15	2.69315	-3.06134	-3.16011
75	15	25	2.65127	-4.27606	-4.37598
75	15	35	2.55482	-3.67368	-3.6971
75	15	45	2.43118	-3.23619	-3.23605
75	15	55	2.57108	-4.83846	-4.85839
75	15	65	3.11109	-5.11954	-5.63946
75	15	75	2.82186	-5.18104	-5.2922
75	15	85	2.78121	-4.11611	-4.10623
75	25	5	2.71148	-2.84824	-2.7287
75	25	15	3.0323	-3.08769	-3.04817
75	25	25	3.19157	-4.06363	-3.74414
75	25	35	2.85187	-3.43866	-3.29951
75	25	45	2.67144	-3.26083	-3.22125
75	25	55	2.77102	-4.44954	-4.58994
75	25	65	2.89142	-5.11826	-5.41866
75	25	75	2.77623	-5.1027	-5.2863
75	25	85	2.67349	-3.96157	-4.08405
75	35	5	2.63234	-3.28708	-3.2076
75	35	15	2.85245	-4.00566	-4.06549
75	35	25	3.07629	-4.59337	-4.55064
75	35	35	3.50106	-3.80513	-2.98156
75	35	45	3.87785	-4.03804	-2.83286
75	35	55	4.01784	-4.9781	-4.03211
75	35	65	3.95542	-6.23741	-5.35461
75	35	75	3.57464	-5.80239	-5.38519
75	35	85	3.11348	-4.87843	-4.32088
75	45	5	2.61877	-3.42069	-3.47482
75	45	15	2.6021	-4.90614	-4.93633
75	45	25	2.87207	-4.82641	-5.0671
75	45	35	2.96572	-3.50729	-3.21666
75	45	45	2.9713	-3.34067	-2.96127
75	45	55	3.13119	-3.87979	-3.85964
75	45	65	3.23428	-5.40919	-5.44834
75	45	75	3.08906	-5.09841	-5.24362
75	45	85	2.62233	-3.74685	-3.71972
75	55	5	2.63205	-3.20603	-3.26678
75	55	15	2.63396	-4.22183	-4.18145
75	55	25	2.69372	-3.78459	-3.80272
75	55	35	2.69993	-3.9347	-3.83066
75	55	45	2.782	-3.24495	-3.01487
75	55	55	2.84297	-3.72581	-3.79391
75	55	65	3.18153	-5.12369	-5.65885
75	55	75	3.14124	-4.14333	-4.73122
75	55	85	2.49489	-2.97011	-2.97302
75	65	5	2.5712	-2.94133	-2.96306
75	65	15	2.59076	-3.33853	-3.3389
75	65	25	2.63318	-3.14442	-3.18311
75	65	35	2.57437	-3.13621	-3.15528
75	65	45	2.55665	-3.34275	-3.33879
75	65	55	2.59623	-4.76405	-4.71891
75	65	65	3.11723	-5.1684	-5.58863
75	65	75	3.04271	-4.46276	-4.83278
75	65	85	2.59485	-3.24845	-3.15146
75	75	5	3.07213	-3.66392	-3.50217
75	75	15	2.60987	-4.7557	-4.71569
75	75	25	2.29307	-5.06269	-5.06147
75	75	35	2.21239	-4.93251	-4.93437
75	75	45	2.57132	-4.88576	-4.86559
75	75	55	2.77194	-5.00727	-4.86638
75	75	65	3.63625	-5.75875	-5.40393
75	75	75	3.63153	-4.24082	-3.63893
75	75	85	3.54016	-3.91244	-3.01919
75	85	5	2.80495	-2.82164	-2.81234
75	85	15	2.63952	-4.12846	-4.16408
75	85	25	2.63313	-4.99326	-4.9948
75	85	35	2.58673	-4.64147	-4.64383
75	85	45	2.54475	-4.5204	-4.52009
75	85	55	2.79145	-5.21548	-5.09508
75	85	65	3.53584	-5.2536	-5.55358
75	85	75	2.89789	-4.16872	-3.89153
75	85	85	2.85422	-2.91548	-2.78899
85	5	5	2.6556	-2.63567	-2.73694
85	5	15	2.71401	-3.73558	-3.77502
85	5	25	2.77649	-5.0859	-5.14365
85	5	35	2.56502	-4.0074	-4.00471
85	5	45	2.56115	-3.68192	-3.67308
85	5	55	2.67878	-4.63816	-4.75041
85	5	65	3.29634	-5.10402	-5.8427
85	5	75	2.97236	-5.1019	-5.51588
85	5	85	2.66862	-4.23916	-4.35271
85	15	5	2.59395	-2.634	-2.67687
85	15	15	2.57436	-2.91197	-2.93508
85	15	25	2.67243	-4.33288	-4.41394
85	15	35	2.55846	-3.17632	-3.18177
85	15	45	2.53118	-3.3393	-3.3393
85	15	55	2.65108	-4.33559	-4.43553
85	15	65	3.65228	-5.09945	-6.20059
85	15	75	3.20784	-5.10202	-5.75883
85	15	85	2.76286	-4.3211	-4.45291
85	25	5	2.57349	-2.81992	-2.84239
85	25	15	2.57512	-3.21372	-3.19781
85	25	25	2.77156	-4.06081	-4.20132
85	25	35	2.75152	-3.32554	-3.12599
85	25	45	2.89105	-3.47389	-3.13388
85	25	55	2.85106	-4.38675	-4.08673
85	25	65	3.43103	-5.41678	-5.65677
85	25	75	3.23864	-5.262	-5.58961
85	25	85	2.5787	-4.46242	-4.4493
85	35	5	3.05626	-4.04043	-3.62327
85	35	15	2.91805	-5.17456	-4.8608
85	35	25	3.11532	-5.37856	-4.89883
85	35	35	3.58071	-4.5605	-3.57254
85	35	45	4.20424	-4.53757	-2.92439
85	35	55	4.56344	-5.55602	-3.58363
85	35	65	4.77942	-7.0962	-5.3086
85	35	75	3.77784	-6.14477	-5.16598
85	35	85	3.39466	-5.44244	-4.64448
85	45	5	2.60631	-4.19038	-4.19765
85	45	15	2.62146	-5.01097	-5.06774
85	45	25	2.79581	-5.10065	-5.17953
85	45	35	2.70655	-4.20047	-4.12744
85	45	45	2.89545	-3.86197	-3.55919
85	45	55	3.11738	-4.00179	-3.51545
85	45	65	3.30755	-5.67155	-5.23584
85	45	75	3.05748	-5.38549	-5.12472
85	45	85	2.66509	-4.24965	-4.22771
85	55	5	2.48334	-3.57451	-3.58572
85	55	15	2.61581	-4.98962	-5.01173
85	55	25	2.69721	-4.96238	-5.01964
85	55	35	2.6598	-4.62241	-4.55782
85	55	45	2.65875	-3.5704	-3.46352
85	55	55	2.85226	-3.47965	-3.29923
85	55	65	2.89087	-5.33023	-5.15281
85	55	75	2.80453	-4.75118	-4.70581
85	55	85	2.51966	-2.99979	-3.00494
85	65	5	2.49524	-3.36027	-3.38433
85	65	15	2.75359	-4.60658	-4.44582
85	65	25	2.73395	-4.58449	-4.64485
85	65	35	2.6552	-4.17618	-4.11689
85	65	45	2.55985	-2.94374	-2.93742
85	65	55	2.70447	-4.1921	-4.32192
85	65	65	3.03909	-5.11752	-5.5151
85	65	75	2.72165	-4.28284	-4.45122
85	65	85	2.43559	-2.94291	-2.92734
85	75	5	3.35595	-4.28699	-3.60707
85	75	15	3.15308	-5.22127	-4.6617
85	75	25	2.93346	-5.32842	-5.06682
85	75	35	2.61711	-4.90691	-4.92409
85	75	45	2.57647	-4.92644	-4.90437
85	75	55	2.7328	-4.86768	-5.00762
85	75	65	3.11471	-5.11523	-5.65721
85	75	75	2.84274	-4.34252	-4.39261
85	75	85	3.26045	-3.96965	-3.47586
85	85	5	2.79725	-2.92467	-2.80041
85	85	15	2.71986	-4.4545	-4.32731
85	85	25	2.6367	-5.03884	-5.11477
85	85	35	2.59796	-4.92366	-4.88331
85	85	45	2.65615	-4.54307	-4.43935
85	85	55	2.99185	-5.13812	-5.21733
85	85	65	3.61786	-5.13773	-6.00217
85	85	75	3.10996	-4.20278	-4.4377
85	85	85	2.74858	-3.63162	-3.62193
