5	5	5	2.65159	-3.40124	-3.48058
5	5	15	2.53418	-2.93167	-2.93318
5	5	25	2.83433	-3.60795	-3.32594
5	5	35	4.03518	-5.661	-5.2381
5	5	45	4.72646	-6.16567	-5.95146
5	5	55	3.63606	-5.72843	-5.28283
5	5	65	3.06838	-5.29064	-4.9974
5	5	75	2.91554	-4.92936	-5.10627
5	5	85	3.67999	-5.06002	-6.1088
5	15	5	2.70597	-3.93595	-3.92849
5	15	15	2.71485	-2.88223	-2.74124
5	15	25	2.85149	-2.98851	-2.68726
5	15	35	3.48109	-4.77209	-4.40162
5	15	45	3.80957	-5.66928	-5.53554
5	15	55	3.22642	-5.2279	-4.81145
5	15	65	2.8424	-4.78591	-4.58665
5	15	75	2.77429	-5.11796	-5.21664
5	15	85	3.47312	-4.9312	-5.83405
5	25	5	2.60599	-5.07748	-5.1256
5	25	15	2.60442	-3.72873	-3.74117
5	25	25	2.5419	-2.56315	-2.55187
5	25	35	2.84667	-3.82993	-3.69344
5	25	45	2.74161	-4.79383	-4.68745
5	25	55	2.70277	-4.06442	-3.9672
5	25	65	2.69645	-3.90005	-3.79907
5	25	75	2.61574	-5.01485	-4.99072
5	25	85	2.94119	-5.10813	-5.48345
5	35	5	2.62535	-5.10324	-5.17311
5	35	15	2.61139	-4.0376	-4.01736
5	35	25	2.88129	-2.75547	-2.86641
5	35	35	2.82833	-3.1117	-2.93764
5	35	45	2.82133	-4.38339	-4.21453
5	35	55	2.64	-3.73749	-3.73684
5	35	65	2.55563	-3.23847	-3.23822
5	35	75	2.59292	-4.86208	-4.8214
5	35	85	2.91402	-5.12079	-5.44116
5	45	5	2.58382	-5.10379	-5.09282
5	45	15	2.73588	-4.0852	-4.02283
5	45	25	3.74529	-3.44251	-3.12903
5	45	35	3.60464	-3.7932	-2.86572
5	45	45	3.75528	-4.62435	-3.42413
5	45	55	4.01451	-4.61998	-3.20124
5	45	65	3.15171	-3.82181	-3.26141
5	45	75	2.71411	-4.53652	-4.45525
5	45	85	2.77654	-5.16084	-5.30117
5	55	5	3.04661	-5.47352	-5.18605
5	55	15	3.36802	-4.71412	-4.73973
5	55	25	3.48434	-3.83594	-3.50914
5	55	35	3.60706	-4.83544	-3.98419
5	55	45	4.4045	-5.9981	-4.33314
5	55	55	4.63767	-4.96033	-2.96343
5	55	65	4.2101	-4.36296	-2.75835
5	55	75	3.70509	-4.71909	-3.97359
5	55	85	3.30773	-5.58146	-5.38318
5	65	5	3.40753	-5.51029	-5.15019
5	65	15	3.52767	-4.16427	-4.20764
5	65	25	3.63303	-4.14921	-3.76055
5	65	35	3.19075	-5.45007	-4.98101
5	65	45	3.70179	-5.68678	-4.8947
5	65	55	4.53324	-4.98242	-3.29589
5	65	65	4.24541	-4.60173	-2.97449
5	65	75	3.71382	-4.58986	-3.72814
5	65	85	3.21932	-5.39437	-5.52805
5	75	5	2.99018	-4.30097	-4.42213
5	75	15	3.03867	-3.36981	-3.2971
5	75	25	2.78883	-3.39853	-3.37105
5	75	35	2.94924	-4.45305	-4.38552
5	75	45	2.88672	-3.82232	-3.91716
5	75	55	3.07314	-4.14112	-3.9846
5	75	65	2.81045	-3.1979	-3.09046
5	75	75	2.88493	-3.70327	-3.85842
5	75	85	3.27846	-5.20613	-5.67329
5	85	5	2.85199	-4.51139	-4.59381
5	85	15	2.5874	-3.22031	-3.21214
5	85	25	2.66602	-3.11692	-3.02309
5	85	35	3.28461	-3.55238	-3.8413
5	85	45	3.50152	-3.61513	-4.13914
5	85	55	3.33874	-3.3083	-3.71672
5	85	65	2.68329	-3.39969	-3.36815
5	85	75	2.97597	-4.87996	-4.98275
5	85	85	3.86435	-5.0893	-6.43483
15	5	5	2.77653	-4.24337	-4.42675
15	5	15	2.54014	-3.40846	-3.37754
15	5	25	2.73417	-3.68417	-3.6261
15	5	35	3.47629	-4.72285	-5.46292
15	5	45	3.46865	-5.45122	-5.82082
15	5	55	3.25592	-5.77529	-5.44568
15	5	65	3.07084	-5.26854	-5.09595
15	5	75	3.22775	-5.11194	-5.3171
15	5	85	4.26931	-5.21852	-6.70852
15	15	5	3.04908	-4.4416	-4.17768
15	15	15	2.77467	-3.74962	-3.61007
15	15	25	3.11469	-3.22261	-2.7399
15	15	35	3.61549	-4.85058	-4.80691
15	15	45	3.94119	-5.85893	-6.05998
15	15	55	3.4668	-5.20378	-5.38206
15	15	65	2.7574	-4.66341	-4.47468
15	15	75	3.15606	-5.11935	-5.4015
15	15	85	3.73873	-5.27773	-6.08422
15	25	5	2.6875	-5.16426	-5.16907
15	25	15	2.70207	-4.34766	-4.27679
15	25	25	2.54645	-2.62982	-2.59437
15	25	35	3.16355	-4.1659	-3.79293
15	25	45	3.87755	-5.78691	-5.48646
15	25	55	3.32582	-4.47987	-4.30228
15	25	65	2.8483	-3.89443	-3.71234
15	25	75	2.79543	-4.75206	-4.75428
15	25	85	3.26269	-5.16513	-5.84797
15	35	5	2.82626	-5.23163	-5.24883
15	35	15	2.64594	-4.39558	-4.30151
15	35	25	2.73235	-2.7349	-2.59393
15	35	35	3.32957	-3.66433	-3.01511
15	35	45	3.40979	-4.74827	-4.63465
15	35	55	2.80708	-3.2969	-3.26498
15	35	65	2.65184	-3.3652	-3.33338
15	35	75	2.7269	-4.36434	-4.48226
15	35	85	3.24749	-5.20862	-5.70749
15	45	5	2.94861	-5.45674	-5.10564
15	45	15	3.18793	-5.05847	-4.50248
15	45	25	3.41732	-3.54464	-2.84157
15	45	35	4.09097	-4.69418	-3.2292
15	45	45	4.42988	-5.66734	-4.16407
15	45	55	4.14375	-4.56717	-3.21091
15	45	65	3.74242	-4.19472	-3.0644
15	45	75	3.20143	-4.65085	-4.169
15	45	85	3.62532	-5.58585	-5.72128
15	55	5	2.97746	-5.40773	-5.10503
15	55	15	2.98618	-5.03673	-4.64171
15	55	25	3.06663	-3.91115	-3.76291
15	55	35	3.46691	-5.6005	-4.98294
15	55	45	4.39824	-6.5942	-5.00384
15	55	55	4.62896	-5.66008	-3.59512
15	55	65	4.34522	-4.6325	-2.92888
15	55	75	3.74255	-4.6101	-3.71108
15	55	85	3.66961	-5.70117	-5.65397
15	65	5	3.12338	-5.50885	-5.06727
15	65	15	3.66418	-5.13187	-4.3446
15	65	25	3.67031	-5.17547	-4.27656
15	65	35	4.39794	-6.63639	-5.21876
15	65	45	4.39055	-6.66137	-5.21338
15	65	55	4.94392	-6.10551	-4.45648
15	65	65	4.75161	-5.52501	-3.75235
15	65	75	4.18988	-4.63254	-3.91557
15	65	85	3.1433	-5.54442	-5.35862
15	75	5	3.24689	-4.79691	-5.10284
15	75	15	3.3584	-3.59186	-3.45161
15	75	25	3.43154	-4.28767	-3.94076
15	75	35	3.73897	-5.68885	-5.43566
15	75	45	3.5501	-5.55454	-5.32037
15	75	55	3.88934	-5.19639	-5.21014
15	75	65	3.57042	-3.95519	-3.99003
15	75	75	3.69638	-3.27508	-4.22791
15	75	85	2.97529	-5.12542	-5.52195
15	85	5	2.94889	-4.28615	-4.63476
15	85	15	2.8306	-3.28417	-3.50109
15	85	25	2.75965	-3.44307	-3.66915
15	85	35	3.43721	-4.74816	-5.36867
15	85	45	3.91667	-4.81084	-5.68361
15	85	55	3.59886	-4.34611	-4.89139
15	85	65	3.04321	-3.20173	-3.1624
15	85	75	3.66095	-4.44536	-5.04514
15	85	85	3.70909	-5.26265	-6.07997
25	5	5	3.46257	-4.3827	-5.21574
25	5	15	2.93864	-3.90486	-4.21206
25	5	25	2.79867	-4.10566	-4.13291
25	5	35	3.63147	-4.93004	-5.71049
25	5	45	2.72263	-5.11611	-5.7205
25	5	55	3.14028	-4.9193	-6.01294
25	5	65	3.98101	-4.64923	-5.68455
25	5	75	4.12266	-4.94544	-6.12244
25	5	85	4.19416	-5.16541	-6.80534
25	15	5	3.14545	-4.74269	-4.99912
25	15	15	2.98982	-4.36683	-4.22125
25	15	25	3.2022	-3.59619	-3.15091
25	15	35	3.96305	-5.26331	-5.19164
25	15	45	3.51947	-5.72126	-5.97478
25	15	55	3.01634	-5.00384	-5.53937
25	15	65	3.06998	-4.17901	-4.73547
25	15	75	3.29748	-4.45847	-5.16528
25	15	85	3.88505	-5.17932	-6.60854
25	25	5	3.11343	-5.54115	-5.18394
25	25	15	3.09514	-5.22138	-4.78518
25	25	25	3.27621	-3.67649	-2.99143
25	25	35	3.89887	-5.12224	-4.35397
25	25	45	5.39594	-6.76984	-6.20774
25	25	55	4.11178	-5.06109	-5.03229
25	25	65	2.93067	-3.57479	-3.56443
25	25	75	3.25546	-4.08875	-4.15438
25	25	85	3.85501	-5.55957	-6.20315
25	35	5	3.04784	-5.57404	-5.12681
25	35	15	3.30877	-5.33963	-4.62206
25	35	25	3.37349	-3.48762	-2.68475
25	35	35	3.94592	-4.82517	-3.67352
25	35	45	4.73434	-5.89787	-5.97476
25	35	55	4.08102	-4.09327	-4.43527
25	35	65	2.98924	-3.26439	-3.17322
25	35	75	2.93567	-3.71584	-4.0555
25	35	85	3.32018	-5.39902	-5.77542
25	45	5	3.21704	-5.74719	-5.124
25	45	15	3.83947	-6.21047	-4.9621
25	45	25	4.60874	-4.58049	-3.10929
25	45	35	4.32642	-5.54638	-4.17118
25	45	45	4.48852	-6.09338	-5.34285
25	45	55	4.21038	-4.49596	-4.29468
25	45	65	3.4911	-3.42791	-3.19869
25	45	75	3.3803	-4.0312	-3.96843
25	45	85	3.09621	-5.35069	-5.38793
25	55	5	3.02424	-5.53433	-5.10676
25	55	15	2.98036	-5.13004	-4.8626
25	55	25	3.89711	-4.86085	-5.18372
25	55	35	3.47373	-5.48884	-5.50306
25	55	45	3.59886	-5.65704	-5.4768
25	55	55	4.26603	-5.66761	-5.006
25	55	65	3.81392	-4.65127	-3.81573
25	55	75	4.12742	-4.89301	-3.80472
25	55	85	3.50972	-5.97757	-5.34363
25	65	5	3.24682	-5.69537	-5.00675
25	65	15	3.49356	-5.25925	-4.68498
25	65	25	3.69994	-4.94324	-4.71055
25	65	35	3.68928	-5.75718	-5.52384
25	65	45	3.91469	-6.10506	-5.41192
25	65	55	3.64778	-5.38886	-4.8229
25	65	65	3.97815	-5.32598	-4.52463
25	65	75	4.44976	-5.75149	-4.42175
25	65	85	3.45775	-5.88454	-5.24515
25	75	5	3.23703	-5.00023	-4.60961
25	75	15	3.29185	-3.37148	-3.64942
25	75	25	3.34993	-4.09036	-4.75582
25	75	35	3.40449	-5.12739	-5.85272
25	75	45	3.29029	-5.24216	-5.69728
25	75	55	3.57088	-4.96239	-5.33817
25	75	65	4.16179	-4.42549	-4.90866
25	75	75	4.00065	-3.39889	-4.29227
25	75	85	2.89429	-5.32273	-5.51873
25	85	5	3.4352	-4.32882	-4.82022
25	85	15	2.93452	-2.99538	-3.2522
25	85	25	2.92095	-3.62317	-3.97108
25	85	35	3.7143	-5.03392	-6.11632
25	85	45	3.49225	-5.07938	-5.74098
25	85	55	4.10711	-4.71956	-5.87405
25	85	65	4.34857	-3.23347	-4.32543
25	85	75	4.32093	-3.79934	-5.00908
25	85	85	3.82488	-5.3823	-6.13831
35	5	5	3.67442	-4.74176	-5.63138
35	5	15	2.98635	-4.16327	-4.55861
35	5	25	2.81038	-4.37586	-4.35798
35	5	35	3.99215	-5.27316	-5.95237
35	5	45	3.83972	-5.6442	-5.78419
35	5	55	4.61144	-5.042	-6.35641
35	5	65	4.72717	-4.13522	-5.84169
35	5	75	4.32987	-4.37984	-6.07424
35	5	85	3.27072	-5.09027	-6.2286
35	15	5	3.91028	-4.92247	-6.28454
35	15	15	2.89477	-4.72803	-5.06945
35	15	25	2.58205	-3.72651	-3.72033
35	15	35	3.16569	-4.89639	-5.03955
35	15	45	4.04532	-5.48732	-6.13687
35	15	55	3.72707	-4.86429	-5.77066
35	15	65	3.71426	-3.91424	-5.09946
35	15	75	3.59667	-4.20887	-5.27565
35	15	85	3.96582	-5.09477	-6.82956
35	25	5	3.70902	-5.42194	-5.94554
35	25	15	3.30925	-5.59249	-5.16903
35	25	25	3.41426	-4.38516	-3.52188
35	25	35	3.77331	-5.58448	-4.56016
35	25	45	5.15539	-6.71379	-6.03143
35	25	55	4.55836	-5.62319	-5.28705
35	25	65	3.59101	-4.07641	-3.718
35	25	75	3.37177	-3.40321	-3.78399
35	25	85	4.3726	-5.14836	-6.71036
35	35	5	2.98904	-5.30199	-5.36
35	35	15	2.77397	-5.14168	-4.88576
35	35	25	2.93158	-3.3957	-2.99492
35	35	35	3.20992	-4.81791	-4.15661
35	35	45	3.81635	-5.78634	-5.60194
35	35	55	3.71667	-4.50457	-4.18373
35	35	65	3.25866	-3.43123	-3.16604
35	35	75	3.0122	-3.08953	-3.00712
35	35	85	3.89264	-5.29658	-6.21576
35	45	5	3.35305	-5.84185	-5.06868
35	45	15	3.15163	-5.52204	-4.90273
35	45	25	3.07144	-3.95164	-3.69286
35	45	35	3.13426	-5.14929	-4.61655
35	45	45	4.09109	-5.7122	-5.79033
35	45	55	3.87545	-5.01952	-5.0579
35	45	65	3.11636	-3.61251	-3.32841
35	45	75	3.16387	-3.79483	-3.434
35	45	85	3.39056	-5.6134	-5.29339
35	55	5	3.21782	-5.68653	-5.02493
35	55	15	3.39497	-5.62284	-5.1053
35	55	25	4.4967	-5.65924	-5.76452
35	55	35	3.34466	-5.57491	-5.29017
35	55	45	3.31384	-5.37861	-5.54219
35	55	55	3.77349	-5.33643	-5.71722
35	55	65	3.30234	-5.00018	-4.61416
35	55	75	3.34217	-4.80641	-4.13561
35	55	85	3.30311	-5.76303	-5.21184
35	65	5	3.27826	-5.70365	-5.07524
35	65	15	4.21124	-5.35765	-5.14587
35	65	25	4.5363	-5.06764	-5.92891
35	65	35	3.6187	-5.42338	-5.81828
35	65	45	3.0806	-5.30426	-5.44666
35	65	55	3.33912	-5.12454	-5.70532
35	65	65	2.85795	-5.13169	-5.23442
35	65	75	2.86443	-4.82264	-4.75565
35	65	85	3.09861	-5.4772	-5.21272
35	75	5	3.69359	-5.31752	-4.5887
35	75	15	3.82602	-3.70932	-4.24576
35	75	25	3.33156	-4.17727	-4.6433
35	75	35	3.39618	-5.16574	-5.84952
35	75	45	2.82324	-5.10326	-5.37183
35	75	55	3.19594	-4.80237	-5.44602
35	75	65	3.83672	-4.3112	-5.51681
35	75	75	3.36556	-3.70435	-4.23866
35	75	85	2.9446	-5.4667	-5.55239
35	85	5	3.08889	-3.91154	-4.25269
35	85	15	3.20281	-2.85215	-3.41895
35	85	25	3.02208	-3.68414	-4.11252
35	85	35	3.4307	-5.10015	-5.94007
35	85	45	3.42224	-5.10169	-5.99207
35	85	55	4.0803	-5.0028	-6.17047
35	85	65	5.02671	-3.51321	-5.2081
35	85	75	4.35947	-3.40405	-4.51887
35	85	85	3.07239	-5.39836	-5.62744
45	5	5	2.99348	-4.82088	-5.28926
45	5	15	2.91676	-4.11572	-4.46173
45	5	25	2.54357	-4.15069	-4.09063
45	5	35	3.54423	-5.48728	-5.56683
45	5	45	3.7758	-5.86316	-5.48516
45	5	55	3.89664	-5.34443	-5.46685
45	5	65	3.89469	-3.35846	-4.1581
45	5	75	3.87265	-3.46307	-4.70347
45	5	85	2.89746	-4.94198	-5.64595
45	15	5	3.31742	-4.98138	-5.7686
45	15	15	2.59745	-4.81163	-4.91856
45	15	25	2.45267	-4.22487	-4.1829
45	15	35	2.92335	-5.15831	-5.20513
45	15	45	3.60694	-5.29417	-5.93857
45	15	55	3.27627	-4.44004	-4.80602
45	15	65	3.43788	-3.22002	-3.95402
45	15	75	3.53349	-3.29946	-4.23862
45	15	85	2.77825	-4.96839	-5.51235
45	25	5	3.72109	-5.06271	-6.13595
45	25	15	2.62282	-5.05885	-5.19023
45	25	25	2.25227	-3.99734	-3.97462
45	25	35	2.69269	-4.85643	-4.93317
45	25	45	3.33683	-5.21907	-5.71366
45	25	55	3.07653	-4.54541	-4.58271
45	25	65	3.01409	-3.3358	-3.49361
45	25	75	3.59113	-3.33881	-3.75829
45	25	85	3.59544	-4.68499	-5.58779
45	35	5	3.41993	-4.70021	-5.57063
45	35	15	2.53928	-5.0221	-5.03071
45	35	25	2.29034	-3.41988	-3.43989
45	35	35	2.54868	-4.50771	-4.56968
45	35	45	2.85065	-5.10928	-5.34964
45	35	55	2.53269	-4.06187	-4.04261
45	35	65	2.4131	-2.75049	-2.56925
45	35	75	2.91345	-3.12994	-2.96394
45	35	85	3.53301	-4.32568	-5.38367
45	45	5	3.29633	-5.31951	-4.90561
45	45	15	2.75588	-5.22204	-4.98693
45	45	25	2.55157	-3.97803	-4.03899
45	45	35	2.53266	-4.71751	-4.72355
45	45	45	2.69103	-5.06399	-5.16441
45	45	55	2.63501	-4.62403	-4.66204
45	45	65	2.51027	-3.69724	-3.65525
45	45	75	2.97946	-3.95014	-3.5265
45	45	85	4.01217	-5.37694	-5.67733
45	55	5	3.88707	-6.36428	-5.09232
45	55	15	3.71336	-6.12204	-5.08139
45	55	25	3.69358	-5.41844	-4.9606
45	55	35	3.17504	-5.65023	-5.09548
45	55	45	3.45183	-5.91183	-5.17229
45	55	55	2.89267	-5.20026	-5.18108
45	55	65	2.75467	-5.11074	-4.94798
45	55	75	2.65138	-4.78615	-4.68135
45	55	85	3.26194	-5.3758	-5.06699
45	65	5	2.90399	-5.27877	-5.25227
45	65	15	3.63998	-5.26535	-4.76456
45	65	25	3.79739	-3.98296	-4.30109
45	65	35	3.11516	-5.35766	-5.19605
45	65	45	2.66742	-5.13512	-5.22273
45	65	55	2.78463	-5.19279	-5.24401
45	65	65	2.67308	-5.11992	-5.15877
45	65	75	2.57383	-4.97104	-5.00904
45	65	85	2.65663	-5.06715	-5.20146
45	75	5	3.56687	-5.52808	-4.93904
45	75	15	3.72279	-3.64843	-3.8043
45	75	25	3.22202	-3.41444	-3.83344
45	75	35	2.87828	-5.07675	-5.33033
45	75	45	2.75737	-5.10567	-5.32416
45	75	55	2.81361	-5.063	-5.28362
45	75	65	2.75163	-4.84055	-4.9609
45	75	75	2.65123	-4.4208	-4.48059
45	75	85	3.27222	-5.29345	-5.59345
45	85	5	2.85635	-3.74298	-3.97048
45	85	15	3.21966	-2.65225	-3.37178
45	85	25	2.71251	-3.44504	-3.64685
45	85	35	3.04599	-5.05635	-5.57543
45	85	45	2.77507	-5.18173	-5.32612
45	85	55	3.05384	-5.12244	-5.18484
45	85	65	3.43224	-3.71603	-4.27725
45	85	75	3.21466	-3.26746	-3.50703
45	85	85	2.93587	-4.77213	-5.25529
55	5	5	2.81386	-4.85264	-4.97903
55	5	15	2.65324	-3.81413	-3.95606
55	5	25	2.52692	-3.8684	-3.86901
55	5	35	2.80681	-5.14542	-5.2454
55	5	45	3.31119	-5.74123	-5.24174
55	5	55	3.43227	-5.66324	-4.88328
55	5	65	3.61344	-3.96004	-3.05846
55	5	75	3.09345	-3.03316	-2.85112
55	5	85	2.87345	-4.24373	-4.50171
55	15	5	2.8947	-4.89929	-5.16321
55	15	15	2.55346	-4.87768	-4.83929
55	15	25	2.55154	-4.54193	-4.52203
55	15	35	2.85165	-5.08272	-5.14294
55	15	45	2.95353	-5.26308	-5.36156
55	15	55	2.92428	-4.59206	-4.38407
55	15	65	2.82707	-3.06968	-2.91527
55	15	75	2.96306	-3.17315	-3.32195
55	15	85	2.79826	-4.27449	-4.50885
55	25	5	2.99393	-4.27942	-4.52216
55	25	15	2.55518	-4.92172	-4.92172
55	25	25	2.39399	-4.61868	-4.61677
55	25	35	2.53326	-5.00808	-5.04669
55	25	45	2.81471	-5.10254	-5.3806
55	25	55	2.59507	-4.56361	-4.62359
55	25	65	2.43475	-3.18891	-3.20566
55	25	75	2.91398	-3.80562	-4.00267
55	25	85	3.21233	-4.34566	-4.40678
55	35	5	3.1604	-4.17183	-4.74094
55	35	15	2.47456	-4.70024	-4.70342
55	35	25	2.31132	-4.20139	-4.22207
55	35	35	2.57117	-4.78397	-4.80478
55	35	45	2.61068	-5.09634	-5.19668
55	35	55	2.45269	-4.18151	-4.20351
55	35	65	2.0111	-2.60606	-2.44648
55	35	75	2.90987	-3.9235	-3.92269
55	35	85	3.21552	-4.54244	-5.00359
55	45	5	3.4839	-4.88609	-4.81853
55	45	15	2.77444	-4.694	-4.47743
55	45	25	2.71038	-4.60044	-4.6414
55	45	35	2.58866	-4.9516	-4.93245
55	45	45	2.53142	-5.11143	-5.25185
55	45	55	2.59221	-4.62139	-4.6226
55	45	65	2.35064	-3.48123	-3.44126
55	45	75	2.65745	-4.48498	-4.34461
55	45	85	3.29425	-5.19732	-5.48054
55	55	5	3.07914	-5.21953	-5.17965
55	55	15	3.46561	-5.40159	-4.58279
55	55	25	4.0393	-5.20604	-4.20232
55	55	35	3.73703	-6.02674	-4.84197
55	55	45	3.73461	-6.23842	-5.17524
55	55	55	3.27264	-5.80129	-5.0829
55	55	65	3.11109	-5.47202	-4.91207
55	55	75	2.66661	-5.05151	-5.01113
55	55	85	2.95654	-5.13108	-5.29548
55	65	5	2.62883	-5.05749	-5.05616
55	65	15	3.03159	-4.83386	-4.60934
55	65	25	3.21318	-3.38026	-3.24272
55	65	35	2.85404	-4.79252	-4.57522
55	65	45	2.85429	-5.44309	-5.22305
55	65	55	2.76987	-5.27825	-5.10427
55	65	65	2.60035	-5.04962	-5.0005
55	65	75	2.61784	-5.10536	-5.15856
55	65	85	3.14384	-5.10412	-5.69608
55	75	5	2.83371	-5.1035	-5.23045
55	75	15	2.66969	-3.46768	-3.41448
55	75	25	2.62538	-2.80014	-2.65265
55	75	35	2.74379	-4.5223	-4.53123
55	75	45	2.57955	-5.12757	-5.34075
55	75	55	2.57521	-5.08337	-5.10484
55	75	65	2.59163	-4.98251	-4.98217
55	75	75	2.55116	-4.9817	-4.98157
55	75	85	3.67469	-5.00104	-5.96177
55	85	5	2.78035	-3.79959	-3.91505
55	85	15	2.46325	-2.39656	-2.62464
55	85	25	2.19357	-2.78442	-2.78095
55	85	35	2.63464	-4.86894	-5.00462
55	85	45	2.61409	-5.12319	-5.18028
55	85	55	2.65547	-5.16287	-5.10685
55	85	65	2.65105	-4.20085	-4.06087
55	85	75	2.65185	-3.61684	-3.57601
55	85	85	3.13151	-3.9085	-4.56801
65	5	5	3.37945	-4.83857	-5.02458
65	5	15	2.60233	-3.61881	-3.64165
65	5	25	2.65604	-3.81685	-3.83596
65	5	35	2.47603	-4.96217	-4.94535
65	5	45	1.6516	-5.07818	-5.35865
65	5	55	2.1527	-4.94281	-4.84368
65	5	65	3.11264	-4.10325	-3.52167
65	5	75	3.31305	-3.58404	-2.82203
65	5	85	3.71183	-3.83193	-3.83072
65	15	5	2.67949	-4.38808	-4.50683
65	15	15	2.57789	-4.19946	-4.19824
65	15	25	2.63987	-4.56108	-4.48031
65	15	35	2.64086	-5.10027	-5.02449
65	15	45	2.69211	-5.2622	-5.20329
65	15	55	2.7095	-4.92243	-4.78291
65	15	65	2.66306	-3.17967	-3.09646
65	15	75	2.75589	-3.7844	-3.61919
65	15	85	2.91904	-3.98104	-4.07382
65	25	5	2.75691	-4.04841	-4.0866
65	25	15	2.60462	-3.82471	-3.84326
65	25	25	2.51259	-4.68662	-4.70843
65	25	35	2.56478	-4.92096	-4.97565
65	25	45	2.6746	-5.10257	-5.3007
65	25	55	2.5747	-4.5857	-4.64366
65	25	65	2.45298	-3.20804	-3.22684
65	25	75	2.59246	-4.35873	-4.39707
65	25	85	2.77321	-4.3226	-4.42123
65	35	5	2.65526	-4.4207	-4.52498
65	35	15	2.61891	-3.74458	-3.77048
65	35	25	2.48248	-4.73809	-4.81056
65	35	35	2.57333	-4.83558	-4.87897
65	35	45	2.59158	-5.10017	-5.24185
65	35	55	2.47068	-4.062	-4.08649
65	35	65	1.87106	-2.81125	-2.81167
65	35	75	2.65184	-4.82574	-4.84652
65	35	85	2.69234	-4.93456	-5.07567
65	45	5	2.75914	-4.52843	-4.65652
65	45	15	2.79554	-3.70305	-3.56752
65	45	25	2.85518	-4.45402	-4.15814
65	45	35	2.87034	-5.16725	-4.88853
65	45	45	2.93185	-5.37569	-5.21774
65	45	55	2.75305	-4.62194	-4.46598
65	45	65	2.37185	-3.52483	-3.54529
65	45	75	2.68865	-4.87891	-5.02054
65	45	85	2.95385	-5.0949	-5.51773
65	55	5	3.24273	-5.18116	-4.83005
65	55	15	3.60771	-4.91652	-3.95561
65	55	25	4.22673	-5.02268	-3.43199
65	55	35	4.56426	-6.20363	-4.23248
65	55	45	4.53861	-7.10627	-5.23989
65	55	55	3.69384	-6.06464	-5.00507
65	55	65	3.37353	-5.43283	-4.61376
65	55	75	3.17268	-5.53283	-5.23251
65	55	85	3.51426	-5.40796	-5.69039
65	65	5	3.0281	-4.76357	-5.07474
65	65	15	2.77839	-3.69218	-3.6927
65	65	25	2.91602	-3.05431	-2.81248
65	65	35	3.1182	-4.14555	-3.62003
65	65	45	3.10755	-5.69256	-5.29805
65	65	55	2.93393	-5.36551	-4.9884
65	65	65	2.61973	-4.88963	-4.82275
65	65	75	2.83505	-5.08225	-5.31826
65	65	85	3.7639	-5.10634	-6.30555
65	75	5	2.97355	-4.98635	-5.36113
65	75	15	2.61322	-3.40704	-3.43596
65	75	25	2.68086	-2.63614	-2.67255
65	75	35	2.83267	-3.66004	-3.54082
65	75	45	2.71086	-5.34848	-5.47226
65	75	55	2.70572	-5.17146	-5.04888
65	75	65	2.59342	-5.00339	-4.96233
65	75	75	2.67158	-5.00056	-5.12002
65	75	85	3.45436	-5.10331	-5.96397
65	85	5	3.28712	-4.27848	-4.7948
65	85	15	2.58414	-2.82177	-2.91234
65	85	25	2.3415	-2.61762	-2.63214
65	85	35	2.58606	-4.2288	-4.25941
65	85	45	2.69749	-5.13345	-5.34944
65	85	55	2.55879	-5.08332	-5.08965
65	85	65	2.61115	-4.56171	-4.50212
65	85	75	2.7111	-4.35932	-4.35924
65	85	85	3.83428	-4.10169	-5.14083
75	5	5	3.52227	-4.05844	-4.26919
75	5	15	2.91967	-3.86724	-3.76853
75	5	25	2.89551	-3.58286	-3.52123
75	5	35	2.65397	-5.03873	-4.87901
75	5	45	2.37309	-5.18481	-5.44713
75	5	55	2.35389	-5.0818	-5.0258
75	5	65	2.61149	-4.34209	-4.26166
75	5	75	2.79229	-3.7713	-3.65005
75	5	85	3.57274	-3.9069	-4.40559
75	15	5	2.98345	-4.09307	-4.36822
75	15	15	2.86685	-3.2828	-3.19365
75	15	25	3.13233	-3.96876	-3.77592
75	15	35	3.0907	-5.20875	-4.72189
75	15	45	3.07754	-5.62526	-5.18172
75	15	55	2.6659	-5.14761	-4.98197
75	15	65	2.73063	-3.87964	-3.69648
75	15	75	2.65228	-4.61208	-4.51045
75	15	85	2.97503	-4.33965	-4.59724
75	25	5	2.69793	-4.60196	-4.73827
75	25	15	2.76108	-3.15683	-3.34931
75	25	25	2.9323	-3.87438	-4.1755
75	25	35	2.64853	-4.65383	-4.76395
75	25	45	2.59815	-5.06293	-5.10333
75	25	55	2.55377	-4.84486	-4.86404
75	25	65	2.5524	-3.61564	-3.61687
75	25	75	2.57176	-4.76232	-4.78152
75	25	85	2.73342	-4.95358	-5.13279
75	35	5	2.85442	-4.70534	-5.0085
75	35	15	3.1362	-3.01997	-3.6038
75	35	25	2.6729	-4.17701	-4.41678
75	35	35	2.64417	-4.79456	-4.8861
75	35	45	2.61439	-5.09993	-5.18115
75	35	55	2.53227	-4.20241	-4.24403
75	35	65	2.37184	-3.73205	-3.73209
75	35	75	2.61146	-5.00655	-4.98694
75	35	85	2.65309	-5.0672	-5.16914
75	45	5	2.89588	-4.71869	-5.04355
75	45	15	3.23966	-3.30888	-3.79656
75	45	25	3.16436	-3.91533	-3.64737
75	45	35	3.29567	-5.27561	-4.70177
75	45	45	3.27561	-5.69677	-5.22126
75	45	55	2.97145	-4.40201	-4.02484
75	45	65	2.69184	-3.76364	-3.64372
75	45	75	2.65189	-5.00664	-5.02749
75	45	85	2.81425	-5.13573	-5.27893
75	55	5	3.11756	-5.06314	-4.9468
75	55	15	3.92536	-4.59746	-3.6368
75	55	25	4.27082	-4.40375	-2.77497
75	55	35	4.81391	-5.7035	-3.60476
75	55	45	4.99064	-7.27495	-5.1594
75	55	55	4.41709	-5.52753	-3.7864
75	55	65	3.81344	-5.18965	-4.09062
75	55	75	3.09269	-5.31411	-5.05498
75	55	85	3.15667	-5.27805	-5.48286
75	65	5	3.01223	-4.32845	-4.65546
75	65	15	2.89995	-3.33679	-3.23852
75	65	25	2.94797	-3.05303	-2.78023
75	65	35	2.91761	-3.49357	-3.16862
75	65	45	3.59366	-5.72566	-4.84624
75	65	55	3.56525	-4.13361	-3.29337
75	65	65	3.06611	-3.97126	-3.54232
75	65	75	2.78047	-4.89985	-4.95408
75	65	85	3.12389	-5.12909	-5.66666
75	75	5	3.35018	-4.82504	-5.4181
75	75	15	2.68464	-3.23799	-3.24286
75	75	25	2.65936	-2.67827	-2.65282
75	75	35	2.99065	-3.25423	-2.89542
75	75	45	3.06647	-5.20264	-4.99678
75	75	55	2.84761	-4.16391	-3.93815
75	75	65	2.6184	-3.88583	-3.82083
75	75	75	2.8365	-5.03979	-5.33856
75	75	85	3.24123	-5.10492	-5.78762
75	85	5	3.38858	-4.18153	-4.8977
75	85	15	2.77801	-3.11986	-3.14562
75	85	25	2.81424	-3.05079	-2.90964
75	85	35	2.77936	-3.64012	-3.5526
75	85	45	2.7597	-4.65387	-4.95159
75	85	55	2.62472	-4.7046	-4.69671
75	85	65	2.59176	-5.02096	-4.98067
75	85	75	2.71172	-4.87988	-4.89928
75	85	85	3.51483	-4.62139	-5.42283
85	5	5	3.03012	-3.17185	-3.32967
85	5	15	3.01478	-3.88471	-3.48389
85	5	25	3.1957	-3.72503	-3.12081
85	5	35	3.5549	-5.52083	-4.79658
85	5	45	3.88042	-5.75324	-5.71504
85	5	55	2.86311	-5.3914	-5.04141
85	5	65	2.77684	-5.07646	-4.77585
85	5	75	2.83202	-4.73969	-4.70093
85	5	85	3.45563	-4.79897	-5.56042
85	15	5	2.87828	-3.99251	-4.16015
85	15	15	2.8577	-2.85921	-2.67499
85	15	25	3.03115	-3.13213	-2.77373
85	15	35	3.19513	-4.8117	-4.40758
85	15	45	2.94749	-5.21201	-5.17791
85	15	55	2.68074	-5.03018	-4.84211
85	15	65	2.65202	-4.62331	-4.4818
85	15	75	2.61067	-5.04604	-5.08568
85	15	85	3.15104	-4.73182	-5.25181
85	25	5	2.72109	-4.82837	-4.99195
85	25	15	2.7781	-3.28612	-3.50193
85	25	25	2.90364	-2.85402	-3.14102
85	25	35	2.78934	-3.74536	-3.87585
85	25	45	2.62278	-4.68484	-4.65515
85	25	55	2.61713	-4.86727	-4.80318
85	25	65	2.57235	-4.06128	-4.04052
85	25	75	2.61065	-4.99396	-5.0136
85	25	85	2.71262	-5.05184	-5.23023
85	35	5	2.63488	-5.07964	-5.16269
85	35	15	3.13106	-3.41136	-4.01135
85	35	25	3.27657	-3.1673	-3.88419
85	35	35	2.78197	-4.15863	-4.30447
85	35	45	2.57476	-4.93547	-4.97426
85	35	55	2.63314	-4.06365	-4.14164
85	35	65	2.55233	-3.71774	-3.71733
85	35	75	2.61154	-4.93245	-4.95271
85	35	85	2.6323	-5.0957	-5.17603
85	45	5	2.79722	-4.94216	-5.14673
85	45	15	3.6553	-3.37631	-4.31619
85	45	25	3.54453	-3.48507	-3.70838
85	45	35	3.40048	-4.16811	-3.56958
85	45	45	3.65313	-5.91676	-4.93791
85	45	55	3.45195	-4.42202	-3.56486
85	45	65	2.87268	-3.76607	-3.48619
85	45	75	2.69199	-4.73866	-4.79878
85	45	85	2.73515	-5.11937	-5.26342
85	55	5	3.34151	-5.26399	-5.28953
85	55	15	3.55106	-4.04905	-4.33894
85	55	25	4.04104	-3.96399	-3.09437
85	55	35	4.52202	-5.01355	-3.49643
85	55	45	4.92151	-6.76114	-4.55402
85	55	55	4.64439	-5.11314	-3.06613
85	55	65	4.17634	-4.46248	-2.92317
85	55	75	3.31294	-4.95412	-4.51354
85	55	85	3.17447	-5.47977	-5.34234
85	65	5	3.09088	-4.66947	-4.8335
85	65	15	2.96922	-3.44703	-3.56003
85	65	25	2.87425	-3.22767	-3.11275
85	65	35	3.00811	-4.44957	-4.1967
85	65	45	3.61558	-5.05169	-4.23415
85	65	55	4.16395	-4.25177	-2.81148
85	65	65	3.71363	-3.79343	-2.75813
85	65	75	3.12229	-4.10993	-4.0617
85	65	85	2.96374	-5.2661	-5.34316
85	75	5	2.88694	-4.47136	-4.66862
85	75	15	2.68956	-3.15993	-3.22947
85	75	25	2.62259	-3.03335	-3.04275
85	75	35	2.73106	-3.19398	-3.15477
85	75	45	3.25734	-3.49965	-3.47338
85	75	55	2.99579	-3.1853	-3.05123
85	75	65	2.78321	-3.08428	-3.03607
85	75	75	2.83817	-4.29613	-4.53099
85	75	85	3.28846	-5.12841	-5.80152
85	85	5	3.11841	-4.64763	-5.02382
85	85	15	2.65568	-3.29708	-3.31643
85	85	25	2.75572	-3.10813	-2.94352
85	85	35	2.95425	-3.23542	-3.31222
85	85	45	3.30826	-3.1827	-3.94633
85	85	55	2.63332	-3.2923	-3.33209
85	85	65	2.63921	-4.27983	-4.38446
85	85	75	2.81626	-4.979	-5.27903
85	85	85	3.41981	-5.08391	-5.82634
