5	5	5	3.52007	-5.02206	-5.90844
5	5	15	2.75197	-4.6433	-4.6817
5	5	25	2.69583	-3.29728	-3.21641
5	5	35	2.83876	-3.11031	-2.90517
5	5	45	3.3231	-3.30351	-3.57303
5	5	55	3.76239	-3.94366	-4.66351
5	5	65	3.45853	-3.58133	-3.87869
5	5	75	2.73599	-4.46841	-4.35343
5	5	85	3.04021	-4.98182	-5.38015
5	15	5	3.51831	-4.91443	-5.76163
5	15	15	2.72427	-3.1324	-3.10405
5	15	25	2.75432	-3.66402	-3.54172
5	15	35	3.19624	-3.7448	-3.09999
5	15	45	3.51788	-5.48465	-4.75818
5	15	55	3.37927	-5.39445	-5.57349
5	15	65	3.11943	-5.28539	-5.32103
5	15	75	2.71346	-4.85696	-4.81195
5	15	85	2.69617	-4.58088	-4.6827
5	25	5	3.31951	-4.97342	-5.29949
5	25	15	3.19985	-4.41814	-4.06135
5	25	25	3.23556	-3.31782	-2.63419
5	25	35	3.31718	-3.47742	-2.83206
5	25	45	3.04204	-4.71248	-4.43363
5	25	55	3.18001	-5.28054	-5.46122
5	25	65	2.82197	-5.00181	-4.95027
5	25	75	2.82682	-4.72046	-4.51381
5	25	85	3.05933	-5.38604	-5.17194
5	35	5	3.20724	-5.16113	-5.59466
5	35	15	2.61007	-4.83933	-4.82838
5	35	25	3.08322	-3.77285	-3.32156
5	35	35	3.51594	-3.8267	-3.06422
5	35	45	3.06612	-4.27507	-3.82934
5	35	55	2.98116	-4.93512	-4.88361
5	35	65	2.80098	-4.94363	-4.95028
5	35	75	2.62556	-3.96326	-3.94976
5	35	85	2.70177	-5.03961	-5.05742
5	45	5	3.09159	-5.20971	-5.52051
5	45	15	2.79669	-5.2608	-5.14135
5	45	25	3.32399	-4.16487	-3.43211
5	45	35	3.15072	-3.82056	-3.50825
5	45	45	2.86217	-4.34488	-4.32802
5	45	55	2.80598	-5.01942	-5.10159
5	45	65	2.56691	-4.11199	-4.10706
5	45	75	2.70475	-3.54604	-3.48135
5	45	85	2.80727	-5.02312	-5.05935
5	55	5	3.35146	-5.69614	-5.30291
5	55	15	3.42386	-5.72802	-4.98752
5	55	25	4.19486	-4.83502	-3.47713
5	55	35	4.35264	-4.93504	-3.35298
5	55	45	4.25052	-4.93484	-3.70133
5	55	55	3.90803	-6.13753	-5.13204
5	55	65	3.46789	-4.26928	-3.93152
5	55	75	3.23441	-4.03628	-3.77759
5	55	85	3.3867	-5.06619	-5.15156
5	65	5	3.27562	-5.51473	-5.40917
5	65	15	3.3808	-5.213	-5.37981
5	65	25	3.63169	-4.46108	-4.00753
5	65	35	4.5564	-4.50356	-3.07177
5	65	45	5.08806	-5.36276	-3.79727
5	65	55	4.56238	-6.46037	-5.0539
5	65	65	4.11188	-4.12718	-3.59592
5	65	75	3.68661	-3.59494	-3.50394
5	65	85	3.96661	-4.72299	-5.40546
5	75	5	4.54847	-6.0485	-6.1455
5	75	15	3.92693	-5.49063	-4.84835
5	75	25	4.45898	-4.9467	-3.55012
5	75	35	4.42253	-4.65237	-3.23636
5	75	45	5.31497	-6.13604	-4.85797
5	75	55	5.53648	-6.47788	-5.49004
5	75	65	4.44309	-3.87908	-3.45531
5	75	75	3.24325	-3.16348	-2.91763
5	75	85	3.90233	-4.28838	-4.66575
5	85	5	4.51938	-5.57007	-6.5908
5	85	15	3.41218	-5.01535	-4.64987
5	85	25	3.30053	-3.8458	-3.15417
5	85	35	3.24958	-3.61889	-3.0842
5	85	45	4.03578	-3.79666	-3.95683
5	85	55	3.97731	-4.31564	-4.75738
5	85	65	3.12453	-2.99355	-3.37453
5	85	75	2.79645	-2.99831	-3.136
5	85	85	3.25689	-4.50556	-4.74109
15	5	5	4.02637	-5.16875	-6.47741
15	5	15	3.00028	-4.40395	-4.84917
15	5	25	2.66782	-3.22808	-3.2848
15	5	35	2.79458	-3.16252	-3.14605
15	5	45	3.51262	-3.50085	-3.94085
15	5	55	3.75665	-3.46589	-3.98512
15	5	65	3.35912	-3.36655	-3.71449
15	5	75	3.40503	-3.65707	-3.87283
15	5	85	3.46443	-4.90507	-5.44611
15	15	5	3.59544	-5.09915	-6.02273
15	15	15	2.70984	-3.46002	-3.49802
15	15	25	2.75616	-3.11165	-3.03597
15	15	35	2.7955	-3.5283	-3.36396
15	15	45	3.11944	-5.00569	-4.99808
15	15	55	3.85961	-5.24798	-6.12269
15	15	65	3.50814	-5.16146	-5.70358
15	15	75	2.80126	-4.92772	-5.05357
15	15	85	2.9979	-4.88762	-5.212
15	25	5	3.49704	-5.23478	-5.53361
15	25	15	3.14345	-4.42432	-3.88229
15	25	25	3.32114	-3.4507	-2.72068
15	25	35	3.15835	-3.27734	-2.71004
15	25	45	2.91833	-4.28687	-4.28443
15	25	55	3.65319	-4.97361	-6.05408
15	25	65	3.52666	-4.64261	-5.53702
15	25	75	2.80785	-4.60319	-4.6944
15	25	85	3.11429	-5.23588	-5.39752
15	35	5	3.35285	-5.6011	-5.40172
15	35	15	3.31815	-5.79936	-5.07785
15	35	25	3.69897	-4.82612	-3.71844
15	35	35	4.49838	-4.23598	-2.89673
15	35	45	3.59317	-4.43585	-3.87717
15	35	55	3.23613	-4.96656	-5.25166
15	35	65	3.5991	-4.28113	-4.68961
15	35	75	3.42665	-4.27723	-4.11205
15	35	85	3.37551	-5.43002	-5.33364
15	45	5	3.51115	-5.85714	-5.30191
15	45	15	3.41513	-5.94267	-5.12343
15	45	25	3.94575	-5.32977	-4.05713
15	45	35	4.32832	-3.72884	-3.41971
15	45	45	3.60891	-3.63127	-3.50514
15	45	55	3.29155	-4.6011	-4.69121
15	45	65	3.13954	-3.73629	-4.20001
15	45	75	3.13113	-3.70245	-3.55054
15	45	85	3.34676	-5.39043	-5.08208
15	55	5	4.0345	-6.42629	-5.25371
15	55	15	4.31006	-6.83595	-5.08689
15	55	25	4.30968	-5.53565	-4.14614
15	55	35	4.26359	-4.0635	-3.06555
15	55	45	3.90848	-3.75656	-3.25548
15	55	55	3.38831	-4.16686	-3.87767
15	55	65	3.22244	-3.70428	-3.48446
15	55	75	3.16551	-3.48483	-3.49372
15	55	85	3.49994	-5.07355	-4.69284
15	65	5	3.20766	-5.4422	-5.40206
15	65	15	3.21075	-5.5932	-5.2305
15	65	25	3.49449	-4.77289	-4.80744
15	65	35	3.8141	-3.81997	-3.85647
15	65	45	4.52724	-5.07293	-4.67302
15	65	55	4.07904	-5.37978	-4.80697
15	65	65	4.50083	-4.25153	-3.53653
15	65	75	4.47319	-3.66884	-3.79901
15	65	85	4.18329	-4.2233	-4.95157
15	75	5	4.22437	-5.84553	-6.00207
15	75	15	3.91984	-5.5928	-5.58
15	75	25	3.55677	-4.36365	-4.03736
15	75	35	3.86819	-4.44234	-3.70259
15	75	45	4.5048	-5.72704	-6.01813
15	75	55	4.40561	-5.86082	-5.48623
15	75	65	5.27972	-4.76885	-4.26991
15	75	75	4.81584	-3.75491	-4.39315
15	75	85	4.72041	-4.27325	-5.0554
15	85	5	4.16329	-5.34747	-6.41686
15	85	15	3.40244	-4.20869	-4.92666
15	85	25	3.00225	-3.0733	-3.39719
15	85	35	2.83995	-3.42796	-3.43274
15	85	45	3.81352	-4.48221	-5.10062
15	85	55	3.82242	-4.2661	-4.4099
15	85	65	3.99879	-4.09795	-4.96947
15	85	75	4.02171	-3.26806	-4.23147
15	85	85	4.41105	-4.11261	-4.97519
25	5	5	3.84834	-5.1348	-6.30708
25	5	15	3.95002	-4.30245	-5.65959
25	5	25	2.91413	-3.12332	-3.44547
25	5	35	2.59408	-3.48061	-3.48283
25	5	45	3.15182	-4.64652	-4.80572
25	5	55	3.93426	-4.92401	-5.50564
25	5	65	3.75024	-4.44086	-4.94645
25	5	75	3.99159	-3.31154	-4.00143
25	5	85	3.70239	-4.29005	-5.2219
25	15	5	3.95387	-5.13522	-6.45638
25	15	15	3.56903	-4.40172	-5.05971
25	15	25	3.09002	-3.72965	-3.54543
25	15	35	3.09479	-4.06776	-3.60433
25	15	45	3.03823	-5.00646	-4.76244
25	15	55	3.61585	-5.2284	-5.88602
25	15	65	3.33785	-4.96488	-5.66686
25	15	75	2.9731	-4.96358	-5.26395
25	15	85	3.29152	-4.98725	-5.44677
25	25	5	3.49302	-5.05813	-5.95693
25	25	15	2.81746	-4.0708	-4.27719
25	25	25	2.7704	-3.74402	-3.53134
25	25	35	2.96196	-3.13026	-2.75952
25	25	45	2.79866	-4.47169	-4.38887
25	25	55	2.89267	-5.05514	-5.51519
25	25	65	2.95224	-4.88043	-5.28243
25	25	75	2.83265	-4.43908	-4.7207
25	25	85	2.77182	-4.97811	-5.15731
25	35	5	3.4131	-5.70278	-5.3607
25	35	15	3.43733	-5.98211	-5.10065
25	35	25	3.63561	-5.32108	-4.23779
25	35	35	4.35701	-4.31839	-2.75563
25	35	45	3.77799	-4.83474	-3.73984
25	35	55	3.93269	-5.60245	-5.7833
25	35	65	3.50948	-4.25949	-4.70028
25	35	75	2.79381	-3.79203	-3.79484
25	35	85	2.97264	-4.93082	-4.75162
25	45	5	2.93192	-5.3399	-5.23979
25	45	15	2.95917	-5.50335	-5.10882
25	45	25	3.45629	-4.98363	-4.48385
25	45	35	4.34199	-3.33805	-3.72085
25	45	45	3.56913	-3.67471	-3.16711
25	45	55	3.43866	-4.77632	-4.73673
25	45	65	3.47506	-3.33735	-3.93736
25	45	75	3.035	-3.64043	-3.56205
25	45	85	2.75223	-4.47514	-4.39635
25	55	5	3.27261	-5.69676	-5.21836
25	55	15	3.02303	-5.50199	-5.134
25	55	25	3.81604	-5.00282	-5.14624
25	55	35	4.56831	-3.54313	-4.114
25	55	45	3.98155	-3.85819	-3.95976
25	55	55	3.2603	-4.42407	-4.32679
25	55	65	3.7771	-3.64635	-3.83077
25	55	75	3.35587	-3.77349	-3.33831
25	55	85	3.47263	-4.88593	-4.20834
25	65	5	3.48142	-5.76896	-5.33777
25	65	15	3.7003	-5.96237	-5.27084
25	65	25	3.95717	-5.16206	-5.48737
25	65	35	3.26116	-3.88009	-3.98851
25	65	45	3.67633	-5.25702	-5.53661
25	65	55	3.40822	-5.42375	-5.14655
25	65	65	3.86511	-4.28167	-4.13656
25	65	75	4.44748	-3.59637	-4.11044
25	65	85	3.98786	-4.22805	-4.33647
25	75	5	3.91265	-6.01144	-5.50104
25	75	15	3.57353	-5.57388	-5.45238
25	75	25	3.37673	-4.51805	-4.67094
25	75	35	3.14234	-4.34997	-4.57409
25	75	45	3.53468	-5.10779	-5.88413
25	75	55	3.52352	-5.1198	-5.8881
25	75	65	4.04968	-4.27678	-5.39506
25	75	75	4.9704	-3.94447	-5.55168
25	75	85	4.64548	-4.15749	-4.88788
25	85	5	3.76071	-5.38088	-5.972
25	85	15	3.70479	-4.769	-5.58825
25	85	25	3.08785	-3.23913	-3.57378
25	85	35	2.67458	-3.65578	-3.77569
25	85	45	3.55186	-4.96911	-5.96829
25	85	55	3.33509	-4.95796	-5.66194
25	85	65	4.28755	-4.69504	-6.11134
25	85	75	4.84349	-3.96706	-5.25161
25	85	85	5.25435	-4.19494	-4.98606
35	5	5	2.88123	-5.08939	-5.39038
35	5	15	3.38048	-4.12367	-4.86866
35	5	25	2.63841	-2.91259	-2.99887
35	5	35	2.63109	-3.56239	-3.4824
35	5	45	2.93105	-5.15189	-5.1731
35	5	55	3.65304	-5.18057	-5.72018
35	5	65	3.15747	-4.69919	-4.94398
35	5	75	3.03351	-3.01194	-3.25194
35	5	85	3.61396	-3.63179	-4.60967
35	15	5	3.49472	-5.1237	-5.98721
35	15	15	3.76238	-4.38155	-5.4331
35	15	25	3.18407	-4.3869	-4.01741
35	15	35	3.3511	-4.78207	-3.98052
35	15	45	3.21339	-5.30956	-4.88957
35	15	55	3.43381	-5.13087	-5.48889
35	15	65	2.85305	-4.83088	-5.05207
35	15	75	2.6519	-4.48232	-4.54233
35	15	85	3.29107	-4.75877	-5.49873
35	25	5	3.47143	-5.11734	-5.99694
35	25	15	3.5247	-4.62591	-5.39155
35	25	25	2.75403	-4.25883	-4.07305
35	25	35	2.82791	-3.20418	-3.08743
35	25	45	2.83138	-4.71002	-4.55282
35	25	55	2.81824	-5.09963	-5.27318
35	25	65	2.63304	-4.8005	-4.8409
35	25	75	2.57309	-4.2201	-4.19887
35	25	85	2.65104	-4.47806	-4.57807
35	35	5	3.37184	-5.09916	-5.91995
35	35	15	2.74354	-5.10595	-5.24803
35	35	25	2.62265	-4.80766	-4.7456
35	35	35	2.79863	-3.07681	-3.07192
35	35	45	2.79857	-4.19909	-4.03804
35	35	55	2.81409	-5.18876	-5.16656
35	35	65	2.81275	-4.50121	-4.4019
35	35	75	2.65186	-3.41841	-3.31763
35	35	85	2.63143	-3.84919	-3.80878
35	45	5	2.67226	-5.09265	-5.21381
35	45	15	2.58351	-5.10205	-5.13446
35	45	25	2.63178	-4.62203	-4.70266
35	45	35	2.89283	-2.70478	-2.96651
35	45	45	2.77433	-3.59315	-3.49552
35	45	55	2.83592	-5.05714	-4.89472
35	45	65	2.85586	-3.66404	-3.64088
35	45	75	2.61309	-3.0816	-3.10044
35	45	85	2.55146	-3.69388	-3.69304
35	55	5	3.11182	-5.30711	-5.4271
35	55	15	2.72826	-5.14199	-5.23923
35	55	25	2.91546	-4.88244	-5.20608
35	55	35	3.33528	-2.82682	-3.56868
35	55	45	2.79509	-4.01548	-4.17395
35	55	55	2.79506	-4.86106	-4.81945
35	55	65	3.05266	-3.92629	-3.70786
35	55	75	3.07146	-3.36351	-2.94395
35	55	85	3.13023	-4.14679	-3.60679
35	65	5	4.25301	-6.18333	-5.68213
35	65	15	3.56262	-5.88274	-5.29274
35	65	25	3.85524	-5.36204	-5.46546
35	65	35	3.67404	-5.18926	-4.67144
35	65	45	3.03104	-5.2164	-5.33642
35	65	55	2.99623	-5.22667	-5.30628
35	65	65	2.89783	-4.58562	-4.72202
35	65	75	3.18109	-4.09211	-3.70298
35	65	85	3.93542	-4.86747	-3.64307
35	75	5	3.79995	-5.8766	-5.51489
35	75	15	3.30156	-5.46589	-5.28817
35	75	25	3.37798	-4.88371	-4.98493
35	75	35	2.72788	-4.30684	-4.37488
35	75	45	3.14224	-5.16278	-5.5716
35	75	55	2.81704	-5.11829	-5.30109
35	75	65	2.81665	-4.55955	-4.82034
35	75	75	3.19832	-4.21672	-4.85266
35	75	85	3.22956	-4.35584	-4.63891
35	85	5	3.56423	-5.55751	-5.59472
35	85	15	3.14224	-4.58751	-4.92672
35	85	25	2.98353	-3.18648	-3.5261
35	85	35	2.575	-4.00756	-3.98368
35	85	45	3.09202	-5.08431	-5.58334
35	85	55	3.01477	-5.14022	-5.5237
35	85	65	3.25605	-4.68056	-5.30518
35	85	75	3.51309	-4.20254	-4.483
35	85	85	4.59889	-3.89782	-4.41158
45	5	5	2.81397	-5.06476	-5.32342
45	5	15	2.85865	-3.84621	-4.1446
45	5	25	2.47865	-2.8144	-2.81169
45	5	35	2.55293	-3.66419	-3.58132
45	5	45	2.79048	-5.13851	-5.2583
45	5	55	2.8923	-5.20128	-5.34254
45	5	65	2.73468	-4.94243	-4.88524
45	5	75	2.61273	-3.1537	-3.17363
45	5	85	2.83317	-3.09897	-3.33765
45	15	5	2.91238	-5.07194	-5.43299
45	15	15	2.91288	-4.64153	-4.96292
45	15	25	2.774	-4.26253	-4.08371
45	15	35	3.32798	-4.97427	-4.31518
45	15	45	3.42966	-5.70806	-4.90749
45	15	55	3.77269	-5.96027	-5.30034
45	15	65	2.95629	-5.00122	-4.72002
45	15	75	2.6119	-3.97079	-3.95082
45	15	85	2.91346	-4.44025	-4.63782
45	25	5	3.15433	-5.11565	-5.67801
45	25	15	3.1407	-4.92249	-5.51053
45	25	25	2.81522	-4.96685	-4.70942
45	25	35	2.99393	-4.02013	-3.7782
45	25	45	2.88474	-4.93207	-4.64092
45	25	55	2.82629	-5.27022	-5.13579
45	25	65	2.70507	-5.00899	-4.8998
45	25	75	2.57752	-3.96185	-3.93627
45	25	85	2.77153	-4.24973	-4.38926
45	35	5	3.07631	-5.13163	-5.57278
45	35	15	2.98389	-5.10395	-5.5328
45	35	25	2.55646	-4.99246	-4.99386
45	35	35	2.63523	-3.32454	-3.40225
45	35	45	2.57394	-4.44222	-4.461
45	35	55	2.63515	-5.09353	-5.13025
45	35	65	2.75479	-4.76402	-4.60226
45	35	75	2.73194	-3.59569	-3.39642
45	35	85	2.63193	-3.26484	-3.184
45	45	5	2.91641	-5.05597	-5.42098
45	45	15	2.81049	-5.12214	-5.3413
45	45	25	2.61903	-4.84168	-4.90955
45	45	35	2.73377	-3.03489	-3.1775
45	45	45	2.63268	-4.05905	-4.02063
45	45	55	2.75147	-5.17993	-5.10031
45	45	65	2.69387	-3.98216	-3.84254
45	45	75	2.51276	-2.88809	-2.88648
45	45	85	2.5912	-2.82652	-2.86637
45	55	5	3.39342	-5.29387	-5.69627
45	55	15	2.66586	-5.12185	-5.07669
45	55	25	2.67937	-4.92204	-4.97039
45	55	35	2.71293	-3.47244	-3.59435
45	55	45	2.63388	-4.5941	-4.63535
45	55	55	2.59305	-4.98865	-5.03068
45	55	65	2.71385	-4.49667	-4.3795
45	55	75	2.81154	-3.4304	-3.17011
45	55	85	3.09065	-3.78122	-3.36121
45	65	5	4.29982	-5.95854	-5.93374
45	65	15	4.01904	-6.28773	-5.22376
45	65	25	3.91056	-6.14844	-5.09518
45	65	35	3.75806	-5.88084	-4.80068
45	65	45	3.33229	-5.75652	-5.09697
45	65	55	3.19148	-5.63945	-5.15992
45	65	65	2.65345	-4.99476	-4.93639
45	65	75	2.67195	-4.51213	-4.39145
45	65	85	2.85502	-4.36167	-4.09767
45	75	5	3.44368	-5.42393	-5.61126
45	75	15	3.14207	-5.42148	-5.21283
45	75	25	2.98133	-4.7418	-4.57179
45	75	35	2.87402	-4.81729	-4.49618
45	75	45	2.86789	-5.28379	-5.20783
45	75	55	2.68033	-5.14995	-5.18081
45	75	65	2.58144	-5.02769	-5.04449
45	75	75	2.56147	-5.04005	-5.02962
45	75	85	2.6112	-4.67183	-4.65165
45	85	5	2.97789	-5.20963	-5.40356
45	85	15	2.98596	-4.61195	-4.58583
45	85	25	2.74542	-3.39196	-3.40252
45	85	35	2.51955	-3.93809	-3.91127
45	85	45	2.79286	-5.10641	-5.30553
45	85	55	2.71203	-5.10191	-5.26196
45	85	65	2.692	-4.86167	-4.88238
45	85	75	2.6331	-4.3128	-4.31156
45	85	85	2.79371	-3.60651	-3.72462
55	5	5	2.89315	-4.97262	-5.07128
55	5	15	2.68261	-3.68924	-3.80568
55	5	25	2.40567	-2.49944	-2.53047
55	5	35	2.4603	-3.25164	-3.23044
55	5	45	2.57898	-5.06073	-5.08604
55	5	55	2.65338	-5.16177	-5.14399
55	5	65	2.61196	-4.9421	-4.9229
55	5	75	2.7327	-3.71769	-3.57605
55	5	85	2.59232	-3.12671	-3.12544
55	15	5	2.73588	-5.006	-5.14195
55	15	15	2.69762	-4.84501	-4.94409
55	15	25	2.618	-4.09775	-4.08289
55	15	35	2.62316	-4.13904	-4.12947
55	15	45	2.73544	-5.15367	-5.09646
55	15	55	3.33447	-5.6832	-5.22342
55	15	65	3.3347	-5.40445	-4.70328
55	15	75	3.15266	-3.73725	-3.17726
55	15	85	2.89305	-3.76468	-3.50266
55	25	5	2.67589	-5.11081	-5.14837
55	25	15	2.75871	-5.06506	-5.0655
55	25	25	2.69872	-4.89324	-4.83932
55	25	35	2.68398	-4.20243	-4.133
55	25	45	2.75728	-5.14797	-5.02861
55	25	55	2.75637	-5.18103	-5.17913
55	25	65	2.75915	-4.76563	-4.60328
55	25	75	2.69946	-3.32118	-3.17358
55	25	85	2.6163	-3.30348	-3.35902
55	35	5	3.00219	-4.97253	-5.40701
55	35	15	2.72981	-5.01139	-5.17121
55	35	25	2.58327	-5.06619	-5.08293
55	35	35	2.61847	-4.03743	-4.09826
55	35	45	2.57561	-4.81724	-4.83446
55	35	55	2.67469	-5.09442	-5.21403
55	35	65	2.57552	-4.40276	-4.42395
55	35	75	2.61406	-3.27932	-3.21881
55	35	85	2.77651	-3.12257	-3.18035
55	45	5	3.09485	-4.76467	-5.30652
55	45	15	2.722	-4.70187	-4.8727
55	45	25	2.5989	-4.9821	-5.02986
55	45	35	2.59358	-3.35987	-3.40231
55	45	45	2.57227	-4.42643	-4.44767
55	45	55	2.65145	-5.10882	-5.12922
55	45	65	2.59228	-4.14143	-4.18263
55	45	75	2.53283	-2.75174	-2.75331
55	45	85	2.73206	-2.88849	-3.02917
55	55	5	3.71669	-5.15655	-5.92217
55	55	15	3.28797	-5.10114	-5.15804
55	55	25	2.98498	-5.32207	-5.15598
55	55	35	2.95201	-4.33684	-4.09782
55	55	45	2.75185	-4.9403	-4.78112
55	55	55	2.65223	-5.06038	-5.12079
55	55	65	2.55432	-4.6608	-4.66409
55	55	75	2.57172	-3.67682	-3.65752
55	55	85	2.85106	-3.57814	-3.79815
55	65	5	4.30185	-5.97486	-5.70803
55	65	15	4.60188	-6.71468	-5.49913
55	65	25	4.639	-7.01324	-5.11641
55	65	35	4.66195	-6.62564	-4.72057
55	65	45	3.75505	-6.15186	-5.15027
55	65	55	3.51343	-5.91227	-5.23307
55	65	65	3.01788	-5.48097	-5.02543
55	65	75	2.89207	-5.26753	-4.92778
55	65	85	3.19303	-5.20541	-4.8034
55	75	5	3.7665	-5.19584	-6.18275
55	75	15	3.53144	-5.40504	-5.73825
55	75	25	3.2492	-5.00679	-4.65226
55	75	35	3.19004	-4.17496	-3.62174
55	75	45	2.95786	-5.39836	-5.03797
55	75	55	2.72026	-5.16873	-5.20195
55	75	65	2.58148	-5.1256	-5.10804
55	75	75	2.55793	-5.08512	-5.07837
55	75	85	2.73397	-5.05078	-5.06783
55	85	5	3.19771	-5.13932	-5.61263
55	85	15	3.16594	-4.82873	-5.22904
55	85	25	2.73912	-3.28126	-3.0877
55	85	35	2.73212	-3.44747	-3.2113
55	85	45	2.72456	-5.17935	-5.014
55	85	55	2.7733	-5.1435	-5.28228
55	85	65	2.55205	-5.04257	-5.04249
55	85	75	2.57237	-4.82176	-4.80043
55	85	85	2.59549	-4.42506	-4.3806
65	5	5	3.03284	-4.38863	-4.66841
65	5	15	3.13743	-3.98386	-4.12465
65	5	25	2.86234	-3.02235	-2.95782
65	5	35	2.80173	-3.14868	-3.30765
65	5	45	2.62023	-4.96858	-4.95218
65	5	55	2.61523	-5.14072	-5.12389
65	5	65	2.6321	-5.16269	-5.08246
65	5	75	2.67283	-4.14223	-4.02126
65	5	85	2.59173	-3.4967	-3.45603
65	15	5	2.99551	-4.64579	-4.60292
65	15	15	2.87549	-4.97947	-4.93903
65	15	25	2.93446	-3.99498	-4.01573
65	15	35	2.92309	-3.91382	-4.20496
65	15	45	2.72548	-5.10736	-5.16175
65	15	55	2.59482	-5.22164	-5.12454
65	15	65	2.73311	-5.0433	-4.86286
65	15	75	2.81396	-3.24015	-2.97887
65	15	85	2.97188	-3.07197	-2.69113
65	25	5	2.88592	-4.76215	-4.71126
65	25	15	3.27159	-5.31692	-5.20291
65	25	25	3.58923	-5.35051	-5.44055
65	25	35	3.11909	-4.86877	-4.66158
65	25	45	2.80846	-5.10764	-5.03373
65	25	55	2.79794	-5.28507	-5.16317
65	25	65	2.69071	-4.48248	-4.42247
65	25	75	2.63427	-2.93605	-2.85367
65	25	85	2.66028	-3.13197	-3.06355
65	35	5	2.76303	-4.37477	-4.56918
65	35	15	2.94515	-4.23101	-4.5258
65	35	25	3.14309	-4.90315	-5.48738
65	35	35	2.72647	-4.5588	-4.72835
65	35	45	2.64007	-5.00487	-5.08822
65	35	55	2.69598	-5.10012	-5.24424
65	35	65	2.57306	-4.62236	-4.64278
65	35	75	2.57305	-3.31322	-3.33208
65	35	85	2.61761	-3.70919	-3.76432
65	45	5	3.0169	-4.64143	-5.106
65	45	15	2.77703	-4.18039	-4.40418
65	45	25	2.75905	-4.70106	-4.90704
65	45	35	2.59764	-4.18247	-4.22648
65	45	45	2.63354	-4.76112	-4.84277
65	45	55	2.69349	-5.0967	-5.23831
65	45	65	2.63432	-4.30188	-4.34511
65	45	75	2.63284	-2.98809	-3.06977
65	45	85	2.69242	-3.68448	-3.82562
65	55	5	3.19673	-5.09785	-5.54259
65	55	15	3.3832	-4.87655	-4.82618
65	55	25	3.33632	-5.17409	-4.63929
65	55	35	3.23315	-5.09969	-4.54172
65	55	45	2.97186	-5.26722	-4.88801
65	55	55	2.73303	-5.22893	-5.17014
65	55	65	2.67562	-4.66139	-4.70597
65	55	75	2.65412	-3.72284	-3.70591
65	55	85	2.71287	-4.37544	-4.49727
65	65	5	4.54518	-6.15847	-5.85722
65	65	15	4.96202	-6.63322	-5.61604
65	65	25	4.78069	-6.71564	-4.58447
65	65	35	4.90986	-6.29804	-4.02168
65	65	45	4.39744	-6.62635	-4.86074
65	65	55	3.89663	-6.27601	-5.26001
65	65	65	2.98645	-5.48121	-5.11582
65	65	75	2.75262	-5.11363	-4.9144
65	65	85	3.1748	-5.31479	-5.25526
65	75	5	3.65705	-5.31687	-5.97649
65	75	15	3.66437	-5.3538	-5.79819
65	75	25	3.06281	-4.84701	-4.62804
65	75	35	3.65328	-4.02185	-3.04125
65	75	45	3.56308	-5.444	-4.59276
65	75	55	3.30585	-5.57301	-5.38378
65	75	65	2.67113	-5.16944	-5.11433
65	75	75	2.57889	-5.02804	-5.00061
65	75	85	2.71817	-5.16564	-5.19859
65	85	5	3.45621	-5.12374	-5.90017
65	85	15	3.22894	-5.10835	-5.61284
65	85	25	3.07482	-3.84045	-3.60661
65	85	35	3.3029	-3.44026	-3.01084
65	85	45	2.87462	-4.69356	-4.49319
65	85	55	2.93962	-5.16649	-5.42269
65	85	65	2.55841	-5.08537	-5.08605
65	85	75	2.5548	-4.96579	-4.96205
65	85	85	2.69408	-5.04462	-5.02158
75	5	5	3.1541	-4.38189	-4.89965
75	5	15	2.98414	-4.32544	-4.39005
75	5	25	2.73525	-2.98324	-2.92185
75	5	35	2.69907	-3.03643	-3.05009
75	5	45	2.69428	-4.44026	-4.53699
75	5	55	2.75443	-5.09042	-5.29026
75	5	65	2.57446	-5.1046	-5.08285
75	5	75	2.61476	-4.58482	-4.5222
75	5	85	2.69707	-4.42484	-4.35968
75	15	5	3.17332	-4.21141	-3.94913
75	15	15	3.3653	-5.1504	-4.67539
75	15	25	3.6571	-4.49949	-3.87704
75	15	35	3.57563	-4.44089	-4.0571
75	15	45	3.11708	-5.30369	-5.10647
75	15	55	2.79588	-5.38214	-5.11976
75	15	65	2.79273	-5.0625	-4.86322
75	15	75	2.61409	-3.52383	-3.46252
75	15	85	2.73172	-2.96106	-2.86047
75	25	5	2.93829	-4.29987	-4.11424
75	25	15	3.09559	-4.82775	-4.4929
75	25	25	3.61449	-4.67924	-4.77611
75	25	35	3.46834	-4.75237	-5.2775
75	25	45	2.86634	-5.10518	-5.12507
75	25	55	2.73472	-5.22339	-5.12219
75	25	65	2.6119	-4.80244	-4.82288
75	25	75	2.5919	-3.09766	-3.05771
75	25	85	2.67226	-3.68039	-3.63996
75	35	5	2.72157	-4.40733	-4.56495
75	35	15	2.78986	-4.02404	-4.19757
75	35	25	3.62864	-3.89353	-4.86007
75	35	35	3.19078	-4.74886	-5.28595
75	35	45	2.74198	-4.97493	-5.03528
75	35	55	2.63471	-5.12048	-5.16088
75	35	65	2.59392	-4.62322	-4.62371
75	35	75	2.57349	-3.26925	-3.28849
75	35	85	2.65518	-4.38071	-4.47758
75	45	5	2.7743	-4.93434	-5.15708
75	45	15	2.98292	-4.4516	-4.83494
75	45	25	3.2397	-3.80738	-4.36855
75	45	35	2.86331	-4.64047	-4.94778
75	45	45	2.78041	-4.81358	-5.03804
75	45	55	2.61403	-5.10134	-5.16176
75	45	65	2.59416	-4.10214	-4.10579
75	45	75	2.59443	-3.13292	-3.17535
75	45	85	2.71223	-4.78683	-4.94684
75	55	5	2.87851	-5.15628	-5.31858
75	55	15	3.28651	-4.89796	-4.86316
75	55	25	3.52123	-4.28818	-3.8492
75	55	35	3.67606	-5.0949	-4.17815
75	55	45	3.53317	-5.78367	-5.00573
75	55	55	3.01513	-5.39603	-5.2585
75	55	65	2.67894	-4.56235	-4.60942
75	55	75	2.63506	-3.70608	-3.74924
75	55	85	2.83333	-4.86057	-5.10125
75	65	5	3.4514	-5.42221	-5.61239
75	65	15	3.97379	-5.82013	-4.92254
75	65	25	4.37888	-5.63277	-4.0125
75	65	35	4.86035	-5.67912	-3.45078
75	65	45	4.70304	-6.2812	-4.29
75	65	55	4.3631	-6.67979	-5.32698
75	65	65	3.30659	-5.58301	-5.1361
75	65	75	3.02344	-5.01287	-4.7244
75	65	85	3.19448	-5.45573	-5.33425
75	75	5	3.54923	-5.25206	-5.94508
75	75	15	3.23267	-4.89929	-5.14279
75	75	25	2.94878	-3.91417	-3.64035
75	75	35	3.51194	-3.69158	-2.77075
75	75	45	4.32369	-5.17226	-3.87963
75	75	55	4.40083	-6.1954	-5.84723
75	75	65	2.91978	-5.29165	-5.04091
75	75	75	2.82525	-4.98945	-4.928
75	75	85	3.06158	-5.24619	-5.38091
75	85	5	3.52895	-5.07668	-5.98519
75	85	15	2.92256	-5.01296	-5.28232
75	85	25	2.733	-3.60081	-3.50195
75	85	35	2.96773	-3.00592	-2.63006
75	85	45	2.98466	-3.81323	-3.65962
75	85	55	3.31647	-5.23049	-5.71545
75	85	65	2.58802	-5.06817	-5.05287
75	85	75	2.58619	-4.9942	-4.96424
75	85	85	2.76167	-5.06934	-5.14133
85	5	5	3.60576	-4.61227	-5.60247
85	5	15	2.74358	-4.17525	-4.13898
85	5	25	2.8048	-3.23157	-3.02069
85	5	35	2.76508	-3.12245	-2.91002
85	5	45	3.02087	-3.70204	-3.7522
85	5	55	3.17535	-5.03232	-5.4928
85	5	65	2.86217	-4.84288	-4.79188
85	5	75	2.64176	-4.98554	-5.02688
85	5	85	2.82167	-4.82871	-4.88041
85	15	5	3.03559	-3.80801	-4.20933
85	15	15	2.94442	-4.00924	-3.75773
85	15	25	3.57927	-4.56815	-3.62574
85	15	35	3.71566	-4.54183	-3.37682
85	15	45	3.43634	-5.6235	-4.89979
85	15	55	2.97924	-5.41444	-5.07046
85	15	65	2.70212	-5.08477	-4.98987
85	15	75	2.61412	-4.28255	-4.26383
85	15	85	2.59254	-3.63126	-3.63112
85	25	5	3.21472	-4.39842	-4.69809
85	25	15	2.96517	-4.37864	-4.14628
85	25	25	3.20441	-3.78302	-3.1706
85	25	35	3.54877	-4.50964	-3.95351
85	25	45	3.17953	-5.28122	-4.77675
85	25	55	2.87703	-5.36376	-5.15913
85	25	65	2.67688	-5.04404	-5.00576
85	25	75	2.61402	-3.71727	-3.65941
85	25	85	2.63283	-4.57043	-4.48984
85	35	5	2.824	-4.94205	-5.15492
85	35	15	2.57322	-4.61395	-4.60878
85	35	25	2.8264	-3.44188	-3.28902
85	35	35	3.11912	-4.23162	-4.42432
85	35	45	2.73838	-4.77561	-4.714
85	35	55	2.73719	-5.20237	-5.14209
85	35	65	2.63922	-4.90644	-4.86499
85	35	75	2.57835	-3.66286	-3.67575
85	35	85	2.61633	-4.76557	-4.78204
85	45	5	2.90093	-5.10824	-5.37675
85	45	15	2.78493	-4.83785	-4.81209
85	45	25	3.22962	-3.4171	-3.58115
85	45	35	3.06349	-4.64637	-4.69962
85	45	45	2.69803	-4.85877	-4.91615
85	45	55	2.63811	-5.10063	-5.18285
85	45	65	2.63542	-4.30286	-4.30549
85	45	75	2.59814	-3.57337	-3.57783
85	45	85	2.77749	-4.98758	-5.1696
85	55	5	3.05565	-5.19938	-5.45671
85	55	15	3.55227	-5.45374	-4.94487
85	55	25	4.05011	-4.25767	-3.73851
85	55	35	4.10057	-4.77815	-3.92114
85	55	45	4.07848	-6.01449	-4.6585
85	55	55	3.30094	-5.63643	-5.22594
85	55	65	2.81925	-4.20418	-4.22805
85	55	75	2.64352	-3.88384	-3.85194
85	55	85	2.72376	-5.00495	-5.13309
85	65	5	3.46444	-5.47293	-5.59408
85	65	15	3.46198	-5.35149	-5.00242
85	65	25	3.71219	-4.38409	-3.63759
85	65	35	4.44546	-4.541	-2.85679
85	65	45	4.7592	-5.6051	-3.72604
85	65	55	4.55843	-6.69062	-5.43293
85	65	65	3.68042	-4.67133	-3.90188
85	65	75	3.11321	-4.55794	-4.14512
85	65	85	3.18742	-5.30565	-5.15818
85	75	5	4.14706	-5.56809	-6.23088
85	75	15	3.47625	-4.99668	-4.45123
85	75	25	3.13035	-3.66757	-3.13816
85	75	35	3.59262	-3.7392	-2.73875
85	75	45	4.84684	-4.98238	-3.64984
85	75	55	4.94839	-6.54511	-5.58064
85	75	65	4.16197	-4.23421	-3.82063
85	75	75	2.9079	-3.82697	-3.56918
85	75	85	3.44315	-5.44095	-5.07648
85	85	5	3.96008	-5.38135	-6.23004
85	85	15	2.78262	-4.85503	-4.82054
85	85	25	2.76629	-3.40648	-3.196
85	85	35	2.69228	-2.75199	-2.61241
85	85	45	3.45198	-3.25475	-3.43624
85	85	55	3.66459	-4.97595	-5.76321
85	85	65	2.95971	-4.01131	-4.24124
85	85	75	2.81281	-3.94938	-3.95169
85	85	85	2.99072	-5.19544	-5.31713
