5	5	5	2.62931	-5.08519	-5.12561
5	5	15	2.45101	-4.54005	-4.52246
5	5	25	2.22907	-3.55602	-3.39488
5	5	35	2.85225	-3.79931	-3.55931
5	5	45	3.29661	-5.15609	-4.92087
5	5	55	3.01755	-4.8975	-4.92402
5	5	65	2.63808	-5.08204	-5.03119
5	5	75	2.33209	-3.99843	-4.16032
5	5	85	2.5254	-4.77993	-4.78157
5	15	5	3.29252	-5.81183	-5.17303
5	15	15	3.13347	-5.5803	-5.04273
5	15	25	2.63149	-5.00913	-4.92884
5	15	35	2.72539	-4.80173	-4.74134
5	15	45	3.33724	-5.1098	-5.3278
5	15	55	3.43987	-5.92585	-5.16351
5	15	65	3.90376	-6.26644	-5.14904
5	15	75	4.07892	-5.80404	-4.92117
5	15	85	3.71348	-6.17387	-5.11234
5	25	5	2.74824	-5.29715	-5.28159
5	25	15	2.62266	-5.15084	-5.12404
5	25	25	2.57792	-5.08512	-5.09843
5	25	35	2.56146	-4.97912	-4.96868
5	25	45	3.55353	-5.10171	-6.06474
5	25	55	3.12611	-5.43326	-5.30826
5	25	65	3.10308	-4.86023	-4.6129
5	25	75	3.07582	-3.8186	-3.74389
5	25	85	2.93512	-5.33724	-5.11724
5	35	5	2.53249	-5.1031	-5.14225
5	35	15	2.57431	-5.04249	-5.06562
5	35	25	2.65117	-4.80055	-4.88044
5	35	35	2.65228	-4.46185	-4.42059
5	35	45	3.13369	-4.91533	-5.57346
5	35	55	2.90509	-4.9059	-4.91704
5	35	65	2.89199	-3.15096	-3.25231
5	35	75	2.4235	-3.18036	-3.16902
5	35	85	2.63913	-5.05718	-5.14995
5	45	5	2.7312	-5.16254	-5.28224
5	45	15	2.73068	-5.00204	-4.98288
5	45	25	2.63226	-3.67686	-3.59645
5	45	35	2.67231	-2.98591	-3.14542
5	45	45	2.81275	-4.43062	-4.85049
5	45	55	2.71477	-3.59979	-3.78647
5	45	65	2.33788	-2.19084	-2.43015
5	45	75	2.13345	-3.08797	-3.08405
5	45	85	2.79208	-5.08038	-5.29867
5	55	5	3.53353	-5.82279	-5.34289
5	55	15	3.43624	-5.46403	-4.70526
5	55	25	3.01426	-3.49889	-3.13727
5	55	35	2.91267	-3.44549	-3.62267
5	55	45	2.87105	-4.99797	-5.21754
5	55	55	2.73279	-4.87859	-5.18284
5	55	65	2.33242	-3.87427	-3.91659
5	55	75	2.38723	-4.13027	-4.09069
5	55	85	3.28527	-5.62848	-5.24911
5	65	5	3.12275	-5.37031	-5.36039
5	65	15	2.8507	-4.45764	-4.32203
5	65	25	2.7203	-3.04321	-2.99406
5	65	35	2.87668	-3.30426	-3.53742
5	65	45	2.8727	-4.94921	-5.36915
5	65	55	2.85548	-4.9422	-5.28816
5	65	65	2.51185	-4.77323	-4.77495
5	65	75	2.16636	-4.30846	-4.26738
5	65	85	2.7493	-5.18957	-5.02623
5	75	5	2.61174	-5.07699	-5.15533
5	75	15	2.57678	-4.28449	-4.28276
5	75	25	2.35404	-3.07573	-3.05361
5	75	35	3.05148	-3.33839	-3.17875
5	75	45	3.2147	-4.62427	-5.06583
5	75	55	3.12035	-5.00318	-5.63355
5	75	65	2.47484	-5.06206	-5.06383
5	75	75	2.07071	-4.27665	-4.2767
5	75	85	2.40739	-4.85765	-4.87854
5	85	5	2.52903	-5.07096	-5.11136
5	85	15	2.23141	-3.78145	-3.76225
5	85	25	1.8727	-2.26927	-2.04927
5	85	35	2.76833	-3.08156	-2.83992
5	85	45	3.03515	-4.00411	-4.56643
5	85	55	2.98242	-4.6595	-5.13062
5	85	65	2.53414	-5.06214	-5.08545
5	85	75	2.02999	-3.48032	-3.54081
5	85	85	2.24149	-4.49101	-4.49144
15	5	5	2.6882	-5.27395	-5.21436
15	5	15	2.61143	-4.62145	-4.64309
15	5	25	2.29112	-3.40123	-3.40255
15	5	35	2.70348	-4.38857	-4.52983
15	5	45	3.09387	-4.99729	-5.58012
15	5	55	2.94234	-4.57848	-4.57057
15	5	65	2.89882	-4.69319	-4.52146
15	5	75	2.71194	-4.84087	-4.5886
15	5	85	2.78664	-5.25801	-5.00047
15	15	5	3.57257	-6.19929	-5.35889
15	15	15	3.37186	-5.90211	-5.107
15	15	25	3.0129	-5.37279	-4.91232
15	15	35	3.14903	-5.31354	-5.23317
15	15	45	4.39903	-5.53309	-6.35752
15	15	55	3.95316	-5.94191	-5.32924
15	15	65	4.25813	-6.06554	-4.62754
15	15	75	4.604	-5.93204	-4.04185
15	15	85	4.53781	-6.83518	-4.88803
15	25	5	2.79623	-5.48468	-5.52347
15	25	15	2.62427	-5.14984	-5.0891
15	25	25	2.57569	-5.02441	-5.00114
15	25	35	2.67786	-5.10541	-5.21858
15	25	45	3.73598	-5.13626	-6.27531
15	25	55	3.06456	-5.12959	-5.41856
15	25	65	2.97016	-4.68475	-4.53764
15	25	75	3.18028	-3.48676	-3.06375
15	25	85	3.16794	-5.04808	-4.61278
15	35	5	2.78169	-5.24934	-5.40194
15	35	15	2.59762	-5.12377	-5.09046
15	35	25	2.55163	-4.98259	-4.98212
15	35	35	2.69236	-5.02291	-5.12157
15	35	45	3.79709	-4.90385	-6.12097
15	35	55	3.23172	-5.04791	-5.63803
15	35	65	2.7097	-3.40852	-3.53349
15	35	75	2.75355	-2.84964	-2.73172
15	35	85	2.85166	-4.62899	-4.41239
15	45	5	2.67207	-5.12111	-5.42112
15	45	15	2.61155	-5.1421	-5.0849
15	45	25	2.6111	-4.20092	-4.10089
15	45	35	2.55349	-3.71847	-3.59602
15	45	45	3.19271	-3.7289	-4.10721
15	45	55	3.09879	-3.7384	-4.16588
15	45	65	2.34627	-2.50156	-2.5021
15	45	75	2.2853	-2.73381	-2.74329
15	45	85	2.60155	-4.91221	-4.91226
15	55	5	2.03414	-5.30201	-5.18353
15	55	15	2.41353	-5.28365	-4.70533
15	55	25	3.39306	-3.82007	-2.97806
15	55	35	3.15187	-3.17233	-2.63115
15	55	45	2.99303	-4.36371	-4.2417
15	55	55	2.61668	-4.79024	-4.85061
15	55	65	2.33398	-3.9333	-3.93407
15	55	75	2.45557	-3.95266	-3.89658
15	55	85	2.47934	-5.14781	-5.094
15	65	5	2.27055	-5.16269	-5.40301
15	65	15	2.5383	-4.44446	-4.36288
15	65	25	2.69988	-2.97927	-2.81287
15	65	35	2.69865	-3.12915	-3.04074
15	65	45	2.75629	-4.19213	-4.38769
15	65	55	2.59552	-4.94124	-5.0428
15	65	65	2.61821	-4.92157	-4.86283
15	65	75	2.55987	-4.81946	-4.68997
15	65	85	2.6063	-4.98228	-5.00518
15	75	5	2.61333	-5.10214	-5.26144
15	75	15	2.56666	-4.58322	-4.60489
15	75	25	2.31037	-3.08606	-3.08526
15	75	35	2.65356	-3.78084	-3.79942
15	75	45	2.81603	-3.88898	-4.10637
15	75	55	2.69943	-4.0837	-4.14303
15	75	65	2.51891	-4.8863	-4.96617
15	75	75	2.08639	-4.80198	-4.84923
15	75	85	2.55673	-4.97491	-5.03677
15	85	5	2.49177	-5.09802	-5.33927
15	85	15	2.43345	-4.14152	-4.16394
15	85	25	1.67211	-2.30525	-2.30647
15	85	35	2.71148	-3.84355	-3.96511
15	85	45	3.03444	-4.28098	-4.78319
15	85	55	2.74183	-4.06958	-4.22016
15	85	65	2.45602	-4.66031	-4.80574
15	85	75	2.11468	-4.52087	-4.75014
15	85	85	2.38509	-4.84919	-4.87129
25	5	5	3.01066	-5.47748	-5.36072
25	5	15	2.74945	-4.54236	-4.46846
25	5	25	2.5527	-3.66444	-3.68661
25	5	35	2.75029	-4.92132	-5.00258
25	5	45	3.03585	-5.07649	-5.54172
25	5	55	2.8952	-4.56609	-4.71051
25	5	65	3.23859	-3.741	-3.5477
25	5	75	3.15518	-4.67244	-4.05853
25	5	85	3.23073	-5.45327	-4.91574
25	15	5	4.31622	-6.90528	-5.34247
25	15	15	3.8128	-6.14271	-5.05413
25	15	25	3.01448	-5.01243	-4.67517
25	15	35	2.89329	-5.27366	-5.21511
25	15	45	3.45788	-5.40918	-5.65276
25	15	55	4.08842	-5.80685	-5.05085
25	15	65	4.35112	-5.48159	-3.93318
25	15	75	4.79431	-5.54505	-3.40797
25	15	85	4.88821	-6.50842	-4.23204
25	25	5	3.28626	-6.02782	-5.72259
25	25	15	3.05684	-5.43394	-4.99935
25	25	25	2.63974	-4.90923	-4.82278
25	25	35	2.88081	-5.08588	-5.36038
25	25	45	3.32457	-5.1466	-5.86596
25	25	55	3.47034	-4.88382	-5.35596
25	25	65	2.9547	-3.77312	-3.52947
25	25	75	2.93804	-3.07281	-2.76875
25	25	85	3.61325	-4.62022	-3.63881
25	35	5	2.93581	-5.30982	-5.59225
25	35	15	2.64933	-5.08822	-5.05816
25	35	25	2.55459	-4.96499	-4.96192
25	35	35	2.65484	-5.02377	-5.12007
25	35	45	3.6169	-5.16502	-6.0448
25	35	55	3.39346	-5.04585	-5.79952
25	35	65	2.74444	-3.44661	-3.52823
25	35	75	2.99067	-3.00603	-2.64848
25	35	85	3.20209	-3.98987	-3.51963
25	45	5	2.71543	-5.13061	-5.63062
25	45	15	2.59437	-5.12212	-5.08764
25	45	25	2.59168	-4.62228	-4.54169
25	45	35	2.69242	-4.36103	-4.33965
25	45	45	3.27212	-3.86073	-4.50044
25	45	55	3.20043	-3.997	-4.5672
25	45	65	2.85796	-3.14123	-3.06539
25	45	75	2.77938	-2.95676	-2.91051
25	45	85	2.63893	-4.20087	-4.27621
25	55	5	1.37356	-5.17698	-5.28104
25	55	15	1.71148	-4.98246	-4.92403
25	55	25	2.65272	-3.7629	-3.64209
25	55	35	2.81235	-3.10413	-2.84243
25	55	45	3.27267	-3.59357	-3.49352
25	55	55	3.13552	-4.73144	-4.85295
25	55	65	2.75714	-3.79477	-3.6956
25	55	75	2.85638	-3.77641	-3.75913
25	55	85	2.4775	-5.0009	-4.94683
25	65	5	1.95647	-5.34738	-5.18594
25	65	15	2.26823	-4.90563	-4.74325
25	65	25	2.63586	-3.19288	-3.09284
25	65	35	2.65346	-3.70278	-3.63998
25	65	45	2.84106	-3.94147	-4.01303
25	65	55	2.80311	-4.55172	-4.50123
25	65	65	2.98793	-4.31135	-4.25615
25	65	75	3.23028	-4.71309	-4.59101
25	65	85	3.01065	-5.42668	-5.09467
25	75	5	2.59233	-5.10371	-5.22144
25	75	15	2.57176	-4.58244	-4.62566
25	75	25	2.50369	-3.30562	-3.30526
25	75	35	2.57269	-4.3582	-4.37703
25	75	45	2.67671	-4.2645	-4.38121
25	75	55	2.88307	-3.89252	-4.16622
25	75	65	3.14233	-3.65281	-4.20163
25	75	75	2.69799	-4.50662	-4.73717
25	75	85	2.60269	-4.95582	-5.04709
25	85	5	2.5947	-5.09979	-5.2647
25	85	15	2.45253	-4.1424	-4.16764
25	85	25	2.19074	-3.33167	-3.35169
25	85	35	2.61176	-4.8061	-4.84693
25	85	45	2.73474	-4.91489	-5.11837
25	85	55	2.89656	-4.43636	-4.78056
25	85	65	3.06014	-3.66178	-4.24896
25	85	75	2.54348	-4.73727	-5.01043
25	85	85	2.55718	-4.90112	-4.98689
35	5	5	3.53232	-5.91844	-5.16012
35	5	15	2.87197	-4.22281	-3.94701
35	5	25	2.63466	-3.70527	-3.70877
35	5	35	2.75176	-4.99388	-5.15453
35	5	45	2.81526	-5.09653	-5.31915
35	5	55	3.04124	-4.78048	-5.10632
35	5	65	3.58112	-3.55381	-3.8137
35	5	75	3.605	-4.0174	-3.62382
35	5	85	3.79601	-5.59599	-4.80248
35	15	5	4.70548	-6.86827	-4.94118
35	15	15	4.19092	-5.28398	-3.79628
35	15	25	3.21506	-4.52887	-3.99137
35	15	35	3.19298	-5.29452	-5.17562
35	15	45	3.13838	-5.45971	-5.28215
35	15	55	3.26123	-5.07619	-5.07629
35	15	65	3.99614	-4.60915	-3.69499
35	15	75	4.37845	-4.44887	-2.82937
35	15	85	4.9423	-5.74983	-3.56395
35	25	5	4.21368	-5.83727	-4.77467
35	25	15	3.79958	-4.30099	-3.36559
35	25	25	2.95354	-3.78898	-3.57208
35	25	35	2.97987	-4.96006	-5.05327
35	25	45	3.24419	-5.28937	-5.60713
35	25	55	2.98581	-4.41395	-4.54353
35	25	65	2.89386	-3.33227	-3.23696
35	25	75	2.94688	-3.07151	-2.757
35	25	85	3.57228	-4.02809	-3.20768
35	35	5	3.45507	-4.42476	-5.12198
35	35	15	2.74629	-4.02178	-3.9502
35	35	25	2.66397	-3.82498	-3.92606
35	35	35	2.90583	-5.0686	-5.37907
35	35	45	3.40677	-5.1705	-5.88758
35	35	55	3.04632	-4.7563	-5.18258
35	35	65	2.64413	-3.22389	-3.25563
35	35	75	2.6911	-2.72841	-2.62843
35	35	85	3.14734	-3.07084	-2.93457
35	45	5	3.0599	-4.30886	-5.23158
35	45	15	2.56326	-4.66274	-4.67341
35	45	25	2.55661	-4.94304	-4.92344
35	45	35	2.67553	-4.94241	-5.02057
35	45	45	3.37945	-4.666	-5.50322
35	45	55	2.86894	-4.16389	-4.43691
35	45	65	2.73713	-3.16389	-3.0415
35	45	75	2.77466	-3.07079	-2.88843
35	45	85	2.71825	-3.45895	-3.53255
35	55	5	2.87345	-5.38392	-5.24388
35	55	15	2.67428	-5.30497	-4.9826
35	55	25	2.73161	-4.50172	-4.2622
35	55	35	2.67326	-3.77382	-3.73208
35	55	45	3.21048	-3.74624	-4.12561
35	55	55	3.23776	-4.05869	-3.88405
35	55	65	3.13711	-4.14257	-3.61943
35	55	75	3.43574	-3.96264	-3.21926
35	55	85	3.35443	-5.51958	-4.93618
35	65	5	2.53993	-5.28569	-5.11882
35	65	15	2.55066	-5.14359	-5.00316
35	65	25	2.54985	-3.76166	-3.74178
35	65	35	2.57027	-4.55364	-4.57328
35	65	45	2.81105	-4.33647	-4.43687
35	65	55	2.92067	-4.20788	-4.12748
35	65	65	3.27091	-3.46827	-3.17119
35	65	75	3.33313	-3.73667	-3.49418
35	65	85	2.88791	-5.08478	-4.83589
35	75	5	2.65194	-5.12329	-5.1001
35	75	15	2.6479	-4.88367	-4.9425
35	75	25	2.56816	-3.71604	-3.69651
35	75	35	2.59261	-4.78351	-4.82191
35	75	45	2.61428	-4.95524	-5.0136
35	75	55	2.62153	-4.62309	-4.7003
35	75	65	3.16223	-3.13981	-3.70702
35	75	75	3.28095	-3.31185	-4.00073
35	75	85	2.76505	-4.59247	-4.77277
35	85	5	2.61417	-5.0811	-5.14111
35	85	15	2.57226	-4.24286	-4.28528
35	85	25	2.53183	-4.03176	-4.03261
35	85	35	2.63197	-4.96696	-5.04705
35	85	45	2.69566	-5.06771	-5.21121
35	85	55	2.77585	-4.70546	-4.92978
35	85	65	3.65667	-2.90124	-3.97936
35	85	75	3.18119	-3.87466	-4.50001
35	85	85	2.65823	-4.79285	-4.93718
45	5	5	4.05496	-6.29626	-4.96017
45	5	15	3.17346	-4.16211	-3.62679
45	5	25	2.70047	-3.54702	-3.45248
45	5	35	2.79665	-4.74319	-4.9245
45	5	45	2.8009	-5.12079	-5.32776
45	5	55	2.77907	-5.04454	-5.02619
45	5	65	3.70541	-4.06719	-3.71544
45	5	75	3.8859	-3.90877	-3.26041
45	5	85	3.85537	-4.41876	-3.31805
45	15	5	4.7215	-6.11307	-4.18167
45	15	15	4.34788	-4.67243	-3.19366
45	15	25	3.53585	-3.82861	-2.91346
45	15	35	3.20983	-4.82078	-4.50464
45	15	45	3.30356	-5.49061	-5.54128
45	15	55	3.19651	-5.27675	-5.13176
45	15	65	3.71124	-4.32416	-4.224
45	15	75	3.85155	-3.73643	-3.13046
45	15	85	4.40562	-5.01511	-3.33156
45	25	5	4.56122	-5.56217	-3.96326
45	25	15	4.41186	-4.41199	-2.88196
45	25	25	3.63953	-3.70627	-2.77072
45	25	35	3.10325	-4.10587	-4.04351
45	25	45	3.91668	-5.70657	-5.85565
45	25	55	3.30141	-4.94818	-4.7657
45	25	65	3.49474	-4.0298	-3.50317
45	25	75	3.21023	-3.54262	-3.13378
45	25	85	3.71861	-5.05515	-4.23944
45	35	5	3.57042	-3.10227	-3.5006
45	35	15	3.35085	-3.06642	-3.50516
45	35	25	2.71199	-3.03341	-2.9757
45	35	35	2.92425	-4.39972	-4.53267
45	35	45	3.79908	-5.25485	-6.22491
45	35	55	3.01949	-4.6822	-4.59032
45	35	65	2.70774	-3.27747	-3.1689
45	35	75	2.80491	-3.25515	-3.04327
45	35	85	3.21271	-3.25475	-3.59559
45	45	5	3.65369	-3.20454	-3.98671
45	45	15	2.99186	-3.33852	-3.61752
45	45	25	2.84419	-4.4187	-4.38973
45	45	35	2.81562	-4.98029	-5.29707
45	45	45	3.66938	-5.11021	-6.03041
45	45	55	2.64427	-4.5743	-4.66379
45	45	65	2.64732	-3.40884	-3.29633
45	45	75	2.7638	-3.1358	-2.88472
45	45	85	3.26549	-3.26501	-3.57339
45	55	5	3.77715	-5.73197	-5.62985
45	55	15	3.06479	-5.45018	-5.19498
45	55	25	2.68002	-4.93542	-4.89967
45	55	35	2.71306	-4.63929	-4.73958
45	55	45	3.31313	-4.69841	-5.48127
45	55	55	2.60396	-2.93403	-3.00534
45	55	65	2.77328	-3.54409	-3.30383
45	55	75	3.49596	-4.10411	-3.17999
45	55	85	3.93526	-5.80159	-4.95576
45	65	5	3.07759	-5.48122	-5.01879
45	65	15	2.74198	-5.06536	-4.84849
45	65	25	2.63498	-4.70295	-4.64272
45	65	35	2.57014	-5.04407	-5.02473
45	65	45	2.95397	-4.75504	-4.99638
45	65	55	2.72555	-3.91413	-3.86426
45	65	65	2.81521	-2.83402	-2.57489
45	65	75	3.15948	-3.26162	-2.56996
45	65	85	3.10716	-4.85931	-4.30234
45	75	5	2.67298	-4.71748	-4.65291
45	75	15	2.69719	-4.90479	-4.8265
45	75	25	2.59601	-4.08486	-4.04267
45	75	35	2.57883	-4.98244	-4.99584
45	75	45	2.77633	-5.07471	-5.29276
45	75	55	2.64961	-4.91361	-4.95603
45	75	65	2.56436	-3.29213	-3.29973
45	75	75	2.96666	-2.81589	-2.8586
45	75	85	2.6987	-3.68918	-3.6407
45	85	5	2.51681	-4.95438	-4.93394
45	85	15	2.57394	-4.1236	-4.14333
45	85	25	2.61196	-3.65852	-3.63741
45	85	35	2.61323	-4.93527	-4.95485
45	85	45	2.73654	-5.09784	-5.31935
45	85	55	2.60265	-5.11977	-5.09077
45	85	65	2.72215	-3.54223	-3.49356
45	85	75	3.1871	-3.01745	-3.24212
45	85	85	2.82263	-4.09234	-3.948
55	5	5	4.05953	-4.69766	-3.3028
55	5	15	3.67217	-4.25824	-3.14375
55	5	25	3.18126	-3.72737	-3.18779
55	5	35	3.2263	-4.92139	-4.57783
55	5	45	3.47145	-5.4726	-5.72436
55	5	55	3.18932	-5.65877	-5.14497
55	5	65	3.33331	-4.72385	-3.98162
55	5	75	4.26365	-4.1376	-2.81113
55	5	85	4.35413	-4.42311	-2.94601
55	15	5	4.85799	-6.33384	-4.45885
55	15	15	4.64931	-4.64591	-3.28864
55	15	25	3.78927	-3.77614	-2.88567
55	15	35	3.58525	-4.38139	-4.22985
55	15	45	3.07846	-5.45938	-5.41649
55	15	55	3.03192	-5.49666	-5.14821
55	15	65	3.06635	-4.63076	-4.48144
55	15	75	3.43117	-3.97504	-3.31768
55	15	85	4.48683	-5.59827	-4.09263
55	25	5	5.01519	-6.70616	-5.14764
55	25	15	5.29559	-5.14709	-3.85939
55	25	25	4.29595	-4.11832	-3.50754
55	25	35	4.08998	-4.02621	-4.62788
55	25	45	3.49042	-5.59325	-5.7195
55	25	55	4.00274	-5.85222	-5.40349
55	25	65	3.93335	-4.70631	-4.07128
55	25	75	4.45013	-5.04618	-3.68069
55	25	85	4.64341	-6.54026	-5.34426
55	35	5	4.37372	-4.48295	-5.00108
55	35	15	3.86273	-4.28681	-4.61473
55	35	25	2.89451	-3.11047	-3.26145
55	35	35	3.47337	-3.62774	-4.44235
55	35	45	3.87393	-5.27073	-6.26333
55	35	55	3.42213	-4.61579	-4.55926
55	35	65	3.42388	-3.70335	-3.34878
55	35	75	3.53897	-4.00646	-3.57327
55	35	85	3.931	-4.8368	-4.98352
55	45	5	3.73591	-3.71357	-4.35549
55	45	15	3.37686	-3.35939	-3.69451
55	45	25	2.95053	-3.50267	-3.39206
55	45	35	2.99456	-4.80885	-5.11164
55	45	45	3.96986	-5.1296	-6.5404
55	45	55	2.71499	-4.44325	-4.62575
55	45	65	2.62183	-3.24932	-3.23878
55	45	75	2.657	-3.10574	-3.04603
55	45	85	3.64076	-3.58729	-4.28416
55	55	5	4.20468	-5.7699	-5.88745
55	55	15	3.24004	-5.20527	-5.5239
55	55	25	2.59242	-5.09184	-4.89971
55	55	35	3.07979	-4.93091	-5.32936
55	55	45	3.51641	-5.02119	-6.10805
55	55	55	2.68554	-3.48044	-3.53531
55	55	65	2.63305	-3.01125	-2.89289
55	55	75	2.67472	-3.36908	-3.32719
55	55	85	3.65384	-5.30009	-5.33767
55	65	5	3.438	-5.45889	-5.45759
55	65	15	3.03279	-4.78592	-4.86415
55	65	25	2.72817	-4.70213	-4.61962
55	65	35	2.81252	-5.27868	-5.22134
55	65	45	3.43707	-5.27238	-5.57883
55	65	55	2.783	-4.05559	-3.94404
55	65	65	2.9739	-3.14267	-2.71755
55	65	75	2.96988	-3.16612	-2.52207
55	65	85	3.39596	-5.00814	-4.24278
55	75	5	3.23174	-5.0057	-4.92835
55	75	15	2.84418	-4.08071	-4.03316
55	75	25	2.70553	-3.93803	-3.87102
55	75	35	2.74049	-5.03562	-5.09954
55	75	45	3.26307	-5.16696	-5.74779
55	75	55	2.8063	-5.18357	-5.22028
55	75	65	2.56528	-3.79131	-3.75507
55	75	75	3.00353	-3.02437	-2.50855
55	75	85	3.43626	-4.41474	-3.69226
55	85	5	2.80169	-4.25628	-4.27705
55	85	15	2.72434	-3.77625	-3.82045
55	85	25	2.60834	-3.16325	-3.16619
55	85	35	2.72407	-4.92963	-4.92551
55	85	45	3.20466	-5.20831	-5.68434
55	85	55	2.64751	-5.17431	-5.12506
55	85	65	2.75157	-4.19784	-4.07814
55	85	75	3.30625	-3.23924	-2.66756
55	85	85	3.02766	-3.25152	-2.72861
65	5	5	4.01537	-4.94854	-4.40488
65	5	15	3.68242	-3.7051	-3.62673
65	5	25	3.23116	-3.40106	-3.14832
65	5	35	3.01794	-4.28673	-4.30523
65	5	45	3.25703	-5.74081	-5.43842
65	5	55	3.84105	-6.35122	-5.10642
65	5	65	4.38595	-6.23606	-4.60291
65	5	75	5.02203	-4.31688	-3.57484
65	5	85	4.32017	-4.54458	-3.50278
65	15	5	4.03565	-6.08313	-5.18955
65	15	15	3.88552	-4.65216	-3.85072
65	15	25	4.17389	-4.21274	-3.17525
65	15	35	3.73098	-4.43879	-3.8273
65	15	45	3.05679	-5.52092	-5.24083
65	15	55	2.89837	-5.39035	-5.04614
65	15	65	3.24673	-5.13324	-4.80576
65	15	75	3.60478	-4.01328	-4.19895
65	15	85	3.62456	-5.44541	-5.31045
65	25	5	3.95992	-5.86883	-5.61511
65	25	15	4.36348	-5.19911	-4.78302
65	25	25	5.21348	-5.15303	-4.62612
65	25	35	4.48782	-4.26746	-4.57773
65	25	45	3.29515	-5.76892	-5.64549
65	25	55	3.45912	-5.76026	-5.15279
65	25	65	3.81198	-4.87285	-4.7518
65	25	75	4.01161	-4.85197	-4.94055
65	25	85	4.39002	-6.03255	-5.81472
65	35	5	3.77589	-5.25996	-5.84075
65	35	15	4.47091	-5.0979	-5.88938
65	35	25	4.35432	-3.75092	-4.97796
65	35	35	4.40572	-3.41244	-4.83986
65	35	45	3.98575	-5.58944	-6.38715
65	35	55	3.44406	-4.81275	-5.30452
65	35	65	2.95838	-3.20477	-3.47869
65	35	75	3.02501	-3.75802	-4.10388
65	35	85	3.83635	-5.13035	-6.13154
65	45	5	3.72262	-4.8252	-5.6356
65	45	15	4.29468	-4.47922	-5.47767
65	45	25	4.24496	-3.18597	-4.29975
65	45	35	4.05751	-4.43941	-5.58765
65	45	45	4.48306	-5.35887	-7.13533
65	45	55	3.5499	-4.30486	-5.18265
65	45	65	2.90111	-3.22405	-3.57172
65	45	75	2.69911	-3.56223	-3.68944
65	45	85	3.71151	-4.80573	-5.68619
65	55	5	2.14184	-5.29523	-5.93042
65	55	15	2.25998	-5.17618	-5.59127
65	55	25	3.21825	-5.111	-5.5816
65	55	35	3.1029	-4.86577	-5.57481
65	55	45	3.82115	-5.17402	-6.64484
65	55	55	2.94627	-4.14173	-4.65973
65	55	65	2.62668	-3.42884	-3.48531
65	55	75	2.93621	-3.98418	-3.88895
65	55	85	3.09503	-4.90647	-5.32326
65	65	5	3.76628	-5.28003	-6.23514
65	65	15	3.24948	-4.8593	-5.62925
65	65	25	2.57669	-4.37762	-4.54765
65	65	35	2.89225	-4.9989	-5.34413
65	65	45	3.36976	-5.21689	-6.08128
65	65	55	2.91537	-4.38319	-4.18361
65	65	65	3.12135	-4.13522	-3.61397
65	65	75	3.17955	-3.4075	-2.59508
65	65	85	3.36225	-5.03778	-4.5873
65	75	5	4.64785	-6.00242	-6.14249
65	75	15	3.76354	-4.25867	-4.89467
65	75	25	2.96314	-3.83083	-3.74443
65	75	35	3.26774	-5.01077	-4.99363
65	75	45	3.39175	-5.54156	-5.74434
65	75	55	3.01421	-5.53998	-5.16425
65	75	65	3.23335	-4.93975	-4.29517
65	75	75	3.53687	-3.62145	-2.59394
65	75	85	4.35546	-5.41689	-3.93474
65	85	5	3.6892	-4.7078	-4.81445
65	85	15	3.48578	-3.2977	-3.82215
65	85	25	2.93099	-3.22079	-3.55364
65	85	35	3.17945	-4.56311	-4.69917
65	85	45	3.36335	-5.59146	-5.46069
65	85	55	3.28865	-5.81888	-5.12443
65	85	65	3.39388	-5.14434	-4.30153
65	85	75	3.92713	-3.70836	-2.77753
65	85	85	3.89188	-4.23381	-3.04627
75	5	5	3.67025	-5.4593	-5.23705
75	5	15	3.79756	-4.04956	-4.40625
75	5	25	3.13271	-3.22111	-2.98109
75	5	35	3.12621	-4.01992	-3.56193
75	5	45	3.41088	-5.82667	-5.14747
75	5	55	3.19021	-5.74198	-5.10478
75	5	65	3.13405	-5.38204	-5.12531
75	5	75	3.97468	-3.32523	-3.73013
75	5	85	3.44068	-4.70831	-4.15916
75	15	5	3.35696	-5.46412	-5.42968
75	15	15	3.8227	-5.04593	-5.18385
75	15	25	3.44705	-4.35319	-3.82479
75	15	35	3.40606	-4.31172	-3.69933
75	15	45	3.33824	-5.74701	-5.26265
75	15	55	3.27181	-5.76272	-5.13634
75	15	65	4.1956	-5.70204	-5.50667
75	15	75	4.76469	-4.87044	-6.00332
75	15	85	3.48835	-5.33202	-5.69214
75	25	5	2.98529	-5.18012	-5.40768
75	25	15	3.29884	-4.66003	-5.20357
75	25	25	3.98648	-4.42189	-5.43692
75	25	35	3.59104	-4.54404	-4.77117
75	25	45	3.10127	-5.7527	-5.56072
75	25	55	3.68868	-5.91737	-5.23222
75	25	65	4.04875	-5.05285	-5.5074
75	25	75	3.84231	-4.58884	-5.20732
75	25	85	3.58151	-5.27519	-5.89847
75	35	5	3.46265	-5.10091	-6.01088
75	35	15	3.98033	-4.6808	-6.03002
75	35	25	4.86844	-4.00181	-6.03901
75	35	35	4.54179	-3.59511	-4.57799
75	35	45	3.75236	-6.02477	-5.83511
75	35	55	3.42483	-4.85119	-4.99605
75	35	65	3.44749	-3.32729	-3.88977
75	35	75	3.14064	-4.06432	-4.53337
75	35	85	3.45327	-5.08514	-5.94374
75	45	5	3.49582	-5.14017	-5.74417
75	45	15	4.71024	-4.91996	-6.27757
75	45	25	4.97075	-3.23748	-4.94358
75	45	35	4.74759	-3.785	-5.15009
75	45	45	3.342	-5.17334	-6.544
75	45	55	3.58125	-4.18433	-5.17594
75	45	65	3.04806	-3.01337	-3.4882
75	45	75	2.71284	-3.66203	-3.80451
75	45	85	3.69263	-5.01429	-6.13508
75	55	5	3.41731	-5.33723	-5.93642
75	55	15	3.74826	-5.01773	-5.9261
75	55	25	3.82188	-4.46436	-5.74957
75	55	35	3.52271	-4.6772	-5.84873
75	55	45	4.22792	-5.1241	-7.18081
75	55	55	3.94872	-4.42187	-5.8075
75	55	65	2.85322	-4.02445	-4.32746
75	55	75	2.93286	-4.54486	-4.1871
75	55	85	3.29333	-5.29395	-5.24995
75	65	5	3.78414	-5.27998	-6.15353
75	65	15	3.44583	-4.77936	-5.70455
75	65	25	2.80746	-3.99823	-4.52061
75	65	35	3.11223	-4.39686	-4.98006
75	65	45	4.26821	-5.09445	-6.97566
75	65	55	3.29339	-4.52306	-5.36826
75	65	65	2.63477	-4.36884	-4.48148
75	65	75	2.76162	-3.48339	-3.26835
75	65	85	3.02247	-4.94876	-4.71312
75	75	5	4.2928	-6.20951	-5.62815
75	75	15	3.81315	-5.0215	-4.74427
75	75	25	3.07207	-3.61684	-3.65841
75	75	35	2.98574	-3.92398	-3.96398
75	75	45	3.79133	-5.45833	-6.53873
75	75	55	3.32896	-5.68195	-5.33954
75	75	65	3.37533	-5.60502	-4.76539
75	75	75	3.63341	-4.17654	-3.01232
75	75	85	4.31246	-5.81784	-4.17434
75	85	5	4.11544	-5.64063	-5.63626
75	85	15	3.85703	-4.12446	-4.14205
75	85	25	2.87823	-3.28318	-3.14199
75	85	35	3.02982	-4.01142	-3.76903
75	85	45	2.89171	-5.333	-5.37219
75	85	55	2.76946	-5.36324	-5.14925
75	85	65	2.97161	-5.10324	-4.64262
75	85	75	3.29311	-3.32725	-2.72596
75	85	85	3.37432	-4.49159	-3.69155
85	5	5	2.60852	-5.01133	-5.09099
85	5	15	2.55504	-4.32073	-4.43754
85	5	25	2.8891	-3.66803	-3.22205
85	5	35	3.25304	-4.0056	-3.28439
85	5	45	3.45174	-5.63217	-5.17336
85	5	55	2.88067	-5.32185	-5.07269
85	5	65	2.65137	-4.94204	-4.96313
85	5	75	2.71229	-3.55324	-3.8158
85	5	85	2.52785	-4.56492	-4.57257
85	15	5	2.83214	-5.26012	-5.18136
85	15	15	2.87421	-5.09766	-5.05726
85	15	25	2.73387	-4.5373	-4.50974
85	15	35	3.09175	-4.57917	-4.10917
85	15	45	3.95504	-6.35413	-5.14973
85	15	55	3.80865	-6.12173	-5.1854
85	15	65	3.55617	-5.72284	-5.18744
85	15	75	3.85366	-5.33964	-5.46309
85	15	85	3.4887	-5.85132	-5.15621
85	25	5	2.88457	-5.19182	-5.34303
85	25	15	2.83342	-5.06249	-5.28169
85	25	25	2.67389	-5.032	-5.15005
85	25	35	2.63871	-4.63854	-4.71484
85	25	45	3.06903	-5.18877	-5.43224
85	25	55	3.52273	-5.82655	-5.32085
85	25	65	3.63882	-4.88576	-5.10598
85	25	75	3.84009	-4.8381	-5.40226
85	25	85	2.88705	-5.12141	-5.40862
85	35	5	2.83603	-5.12242	-5.38586
85	35	15	2.83317	-4.82167	-5.06434
85	35	25	3.27245	-4.31137	-4.95277
85	35	35	3.35303	-3.86504	-3.98544
85	35	45	3.54088	-5.70981	-5.44636
85	35	55	3.36063	-4.88941	-4.65583
85	35	65	3.42066	-3.40564	-4.00421
85	35	75	2.9019	-4.03606	-4.31327
85	35	85	3.11497	-5.08898	-5.64507
85	45	5	3.15465	-5.30128	-5.58489
85	45	15	3.57584	-5.0024	-5.68763
85	45	25	4.11391	-3.29444	-4.43408
85	45	35	3.95388	-3.07849	-4.25925
85	45	45	2.84115	-5.02554	-5.68783
85	45	55	3.01565	-3.78638	-4.251
85	45	65	2.91852	-2.69028	-3.15539
85	45	75	2.48883	-3.64055	-3.66084
85	45	85	3.06466	-5.13488	-5.61489
85	55	5	4.19216	-5.74182	-5.96063
85	55	15	3.49866	-5.00201	-5.32481
85	55	25	3.51267	-3.8508	-4.85202
85	55	35	3.51306	-4.41784	-5.43782
85	55	45	2.79586	-5.08664	-5.71179
85	55	55	3.25632	-4.60132	-5.39006
85	55	65	2.59676	-4.40213	-4.46937
85	55	75	2.96271	-4.7107	-4.35068
85	55	85	3.42458	-5.68838	-5.14719
85	65	5	3.30613	-5.21215	-5.67612
85	65	15	2.96064	-4.70632	-4.99948
85	65	25	3.03231	-3.81793	-4.37631
85	65	35	3.33106	-4.17047	-4.96805
85	65	45	3.53262	-5.09475	-6.21794
85	65	55	3.61704	-4.98161	-6.13686
85	65	65	2.62158	-4.81005	-4.90141
85	65	75	2.57943	-3.97049	-3.79937
85	65	85	2.82532	-4.91922	-4.8624
85	75	5	3.07328	-5.31583	-5.35185
85	75	15	2.87237	-4.60446	-4.50268
85	75	25	2.77074	-3.2753	-3.1548
85	75	35	2.81025	-3.36001	-3.24
85	75	45	3.61102	-5.06795	-6.12793
85	75	55	3.23988	-5.14152	-6.01277
85	75	65	2.51923	-5.07248	-5.0211
85	75	75	2.13233	-3.47174	-3.40773
85	75	85	2.72994	-4.6664	-4.56141
85	85	5	2.75065	-5.10193	-5.14186
85	85	15	2.67266	-3.9014	-3.74215
85	85	25	2.5578	-2.89124	-2.56486
85	85	35	2.66863	-2.90556	-2.78234
85	85	45	3.43142	-4.87413	-5.8549
85	85	55	2.69555	-5.102	-5.26847
85	85	65	2.47154	-4.88163	-4.88698
85	85	75	2.23038	-2.89607	-2.95662
85	85	85	2.26703	-4.05669	-4.0595
