5	5	5	-0.483179	-4.79774	-4.79257
5	5	15	0.351686	-4.02639	-4.13105
5	5	25	-0.0601481	-3.88709	-3.92775
5	5	35	2.80171	-5.16296	-5.80464
5	5	45	4.37263	-5.96691	-6.02203
5	5	55	1.61832	-6.51923	-5.36093
5	5	65	-1.22674	-6.64508	-4.34876
5	5	75	-1.72601	-6.06247	-4.61951
5	5	85	-1.54268	-5.82328	-6.63822
5	15	5	1.27125	-5.04905	-5.20722
5	15	15	0.345735	-4.01115	-3.83236
5	15	25	-0.0483018	-2.76377	-2.90116
5	15	35	2.42356	-5.17662	-5.15738
5	15	45	3.93546	-5.83796	-5.74309
5	15	55	3.20726	-5.22262	-4.79088
5	15	65	2.22416	-4.1276	-3.78543
5	15	75	1.30434	-5.11407	-5.23317
5	15	85	2.05943	-5.22028	-6.34728
5	25	5	2.36181	-5.02556	-5.35243
5	25	15	1.96348	-4.49725	-4.56461
5	25	25	1.75089	-2.66519	-2.66015
5	25	35	1.94996	-3.85654	-3.79646
5	25	45	2.771	-5.11272	-4.92989
5	25	55	2.63068	-3.79944	-3.76607
5	25	65	2.57518	-3.46075	-3.43665
5	25	75	2.47859	-4.55197	-5.094
5	25	85	2.76441	-5.10412	-6.35417
5	35	5	2.57473	-5.12208	-5.34555
5	35	15	2.37073	-4.3813	-4.44437
5	35	25	1.66735	-1.96506	-2.04229
5	35	35	1.92584	-3.33291	-3.28356
5	35	45	2.47247	-4.70312	-4.59411
5	35	55	2.48112	-3.05095	-3.02587
5	35	65	2.21351	-2.55203	-2.57173
5	35	75	2.40871	-4.21754	-4.60095
5	35	85	2.56921	-5.11518	-5.86692
5	45	5	2.64461	-5.16317	-5.20088
5	45	15	2.69148	-4.28209	-4.22269
5	45	25	3.09327	-3.01905	-2.69601
5	45	35	3.41053	-4.35311	-3.4634
5	45	45	3.3513	-4.82133	-3.87426
5	45	55	3.73153	-4.54942	-2.86813
5	45	65	3.03281	-3.19836	-2.39968
5	45	75	2.75272	-3.86244	-4.0834
5	45	85	2.67272	-5.11234	-5.75688
5	55	5	3.00097	-5.46513	-5.13389
5	55	15	3.4368	-4.70344	-4.86077
5	55	25	4.03831	-3.85321	-4.07637
5	55	35	3.68669	-5.12603	-4.47534
5	55	45	4.38176	-6.22191	-4.47193
5	55	55	4.69675	-5.12059	-2.79635
5	55	65	4.21002	-4.26636	-1.83775
5	55	75	3.43647	-4.19766	-3.17512
5	55	85	2.77744	-5.44723	-5.34882
5	65	5	3.41944	-5.207	-5.10018
5	65	15	4.40996	-3.94192	-4.91185
5	65	25	4.42143	-4.20676	-4.6473
5	65	35	3.23481	-5.46617	-5.12723
5	65	45	3.63923	-5.48867	-4.77359
5	65	55	4.65964	-5.00517	-3.52932
5	65	65	4.50458	-4.84441	-2.93396
5	65	75	3.7862	-4.03972	-3.29132
5	65	85	2.99297	-5.29934	-5.513
5	75	5	3.2713	-3.75845	-4.57822
5	75	15	4.15007	-3.20414	-4.38641
5	75	25	3.77915	-3.59551	-4.58406
5	75	35	2.94122	-4.65022	-4.69851
5	75	45	2.82495	-4.50504	-4.5621
5	75	55	3.06826	-4.33525	-4.28328
5	75	65	2.84004	-3.25904	-3.11277
5	75	75	2.91561	-2.64312	-3.047
5	75	85	2.36952	-4.8143	-5.73906
5	85	5	1.85023	-4.04336	-4.64791
5	85	15	2.96787	-3.17108	-3.93359
5	85	25	2.79222	-3.37918	-4.01487
5	85	35	3.09527	-4.03515	-4.36033
5	85	45	3.3686	-4.21913	-4.57186
5	85	55	3.23754	-3.52505	-4.09379
5	85	65	2.69207	-2.75951	-2.77847
5	85	75	1.61639	-3.47325	-4.13894
5	85	85	1.2695	-4.70785	-6.06885
15	5	5	1.18407	-4.80738	-4.97222
15	5	15	0.860463	-4.83584	-5.04127
15	5	25	-0.00748364	-4.49542	-5.31267
15	5	35	1.10867	-4.8371	-6.04061
15	5	45	-0.440353	-6.17811	-5.96728
15	5	55	-0.554117	-6.88529	-5.13022
15	5	65	0.994818	-4.4785	-2.37879
15	5	75	2.76708	-3.78166	-3.69595
15	5	85	1.88612	-5.11948	-6.48224
15	15	5	1.68558	-5.00048	-5.46102
15	15	15	1.45655	-4.80845	-5.00353
15	15	25	0.591762	-4.16884	-4.62172
15	15	35	2.64098	-5.13975	-6.14246
15	15	45	3.23652	-6.48906	-6.60506
15	15	55	2.62748	-6.12015	-4.92646
15	15	65	2.59374	-3.8742	-2.3796
15	15	75	2.32345	-4.49931	-4.51961
15	15	85	2.41611	-5.15341	-6.55457
15	25	5	2.54247	-5.14287	-5.70662
15	25	15	2.37661	-4.86218	-5.22554
15	25	25	1.6946	-4.057	-4.29819
15	25	35	2.50442	-4.69537	-4.77362
15	25	45	3.52924	-5.46337	-5.84055
15	25	55	3.36734	-4.63075	-4.32677
15	25	65	2.894	-3.26652	-2.94728
15	25	75	2.66461	-3.86773	-4.14337
15	25	85	2.85128	-5.07558	-6.2847
15	35	5	2.73957	-5.14239	-5.50037
15	35	15	2.47223	-4.74133	-4.90417
15	35	25	1.99087	-3.65675	-3.67359
15	35	35	2.47431	-4.52294	-4.13972
15	35	45	3.54885	-5.77136	-5.42385
15	35	55	2.9913	-4.24896	-4.02956
15	35	65	2.71216	-2.95946	-2.90903
15	35	75	2.62087	-3.20835	-3.39337
15	35	85	3.19542	-5.0268	-6.09719
15	45	5	2.81623	-5.2427	-5.15671
15	45	15	2.69385	-4.94582	-4.78341
15	45	25	2.73934	-3.95922	-3.74886
15	45	35	3.60862	-5.42508	-4.14771
15	45	45	4.24421	-6.59573	-4.99906
15	45	55	4.1285	-5.66344	-4.10279
15	45	65	3.78142	-4.34309	-3.07062
15	45	75	3.21638	-3.91711	-3.40047
15	45	85	3.2588	-5.18086	-5.68956
15	55	5	2.84307	-5.34906	-5.11635
15	55	15	2.88036	-4.77062	-4.56434
15	55	25	2.8057	-3.95918	-3.7457
15	55	35	3.40259	-5.69414	-5.05994
15	55	45	4.14003	-6.65575	-5.13637
15	55	55	4.59552	-5.77832	-3.72694
15	55	65	4.5877	-4.95994	-2.71229
15	55	75	3.88579	-4.3441	-3.05936
15	55	85	4.02131	-5.64125	-5.9554
15	65	5	3.15973	-5.34703	-4.97791
15	65	15	3.55771	-4.88909	-4.40606
15	65	25	3.72237	-5.02832	-4.33678
15	65	35	4.16244	-6.54329	-5.26824
15	65	45	4.17016	-6.58884	-5.21862
15	65	55	4.8236	-6.11122	-4.46044
15	65	65	4.77272	-5.80979	-3.67128
15	65	75	3.97145	-4.17094	-3.01036
15	65	85	3.37664	-5.15326	-5.38473
15	75	5	3.38452	-3.83883	-4.48999
15	75	15	3.69714	-3.16453	-3.57047
15	75	25	3.72618	-4.10039	-4.34987
15	75	35	3.50402	-5.69932	-5.46308
15	75	45	3.41059	-5.59678	-5.46529
15	75	55	4.43937	-5.17275	-5.70098
15	75	65	3.47492	-3.95635	-4.0156
15	75	75	3.60033	-2.67345	-3.548
15	75	85	2.88112	-3.71011	-4.61448
15	85	5	3.1467	-3.21225	-4.29061
15	85	15	2.94559	-2.53056	-3.36585
15	85	25	3.03363	-2.95819	-3.93938
15	85	35	3.24559	-4.91129	-5.78097
15	85	45	3.38722	-5.03672	-5.52331
15	85	55	3.93506	-4.44134	-5.34054
15	85	65	3.36162	-2.90785	-3.32628
15	85	75	3.85517	-2.58198	-3.71805
15	85	85	3.50568	-3.7125	-5.35605
25	5	5	3.16849	-4.82958	-6.27097
25	5	15	1.62448	-3.9579	-5.06789
25	5	25	1.54226	-2.61575	-4.30986
25	5	35	1.4797	-4.00521	-6.31785
25	5	45	1.5616	-4.53439	-6.49689
25	5	55	4.05246	-3.33813	-5.54408
25	5	65	4.66954	-2.7866	-4.23358
25	5	75	4.83265	-2.61775	-4.38258
25	5	85	3.92483	-4.96077	-6.4921
25	15	5	2.76748	-5.31937	-6.11883
25	15	15	1.84908	-5.0798	-5.83339
25	15	25	1.11005	-4.36987	-5.13267
25	15	35	1.53752	-4.89524	-6.14519
25	15	45	3.08943	-5.89771	-6.61991
25	15	55	3.93545	-4.78541	-4.90724
25	15	65	4.12243	-3.40112	-3.39813
25	15	75	3.68622	-3.16687	-3.49832
25	15	85	3.40575	-5.23594	-6.49998
25	25	5	2.68642	-5.14492	-5.61464
25	25	15	2.65138	-5.00563	-5.44047
25	25	25	2.1938	-4.56981	-4.84509
25	25	35	3.0927	-4.98303	-5.49236
25	25	45	5.01428	-6.30585	-6.75947
25	25	55	4.62662	-5.37438	-4.92526
25	25	65	3.42228	-3.53764	-3.31312
25	25	75	3.36545	-2.93309	-3.19501
25	25	85	3.15565	-4.69626	-5.42176
25	35	5	2.43665	-5.1291	-5.32575
25	35	15	2.51159	-5.04544	-5.14381
25	35	25	2.25606	-4.86872	-4.65844
25	35	35	3.16453	-5.53415	-5.13158
25	35	45	5.4591	-6.77031	-6.77777
25	35	55	4.38156	-5.02986	-5.18634
25	35	65	3.32045	-3.47297	-3.17605
25	35	75	2.95013	-2.8105	-3.10434
25	35	85	3.16446	-4.08309	-4.85843
25	45	5	3.08906	-5.40356	-5.14491
25	45	15	2.81078	-5.36589	-4.9414
25	45	25	2.77487	-5.04481	-4.55485
25	45	35	3.33597	-5.68397	-4.84312
25	45	45	4.38345	-6.37239	-5.77317
25	45	55	4.5204	-5.62209	-5.1562
25	45	65	3.8472	-4.51253	-4.03773
25	45	75	3.5225	-3.78478	-3.56071
25	45	85	3.7585	-4.46874	-4.78248
25	55	5	2.96821	-5.53447	-5.12355
25	55	15	2.76298	-5.077	-4.74266
25	55	25	2.44107	-4.80584	-4.53933
25	55	35	2.83013	-5.30509	-5.16589
25	55	45	3.48099	-5.61702	-5.64972
25	55	55	4.26863	-5.89223	-5.05143
25	55	65	3.84311	-4.93687	-4.05984
25	55	75	4.40585	-5.03589	-3.96421
25	55	85	4.00569	-5.73896	-5.26708
25	65	5	3.20517	-5.18953	-4.68429
25	65	15	3.50168	-5.07234	-4.38382
25	65	25	3.77711	-4.24779	-5.15856
25	65	35	3.36499	-5.72068	-5.60497
25	65	45	3.67414	-6.10508	-5.64167
25	65	55	3.64451	-5.4891	-4.83508
25	65	65	3.79819	-5.30966	-4.46793
25	65	75	4.31868	-5.49204	-4.03269
25	65	85	3.66961	-4.93598	-4.48637
25	75	5	3.01498	-3.94443	-3.61883
25	75	15	3.13519	-3.14853	-3.37027
25	75	25	3.73803	-3.74245	-5.51628
25	75	35	3.06439	-5.13849	-6.1674
25	75	45	3.02293	-5.28273	-6.20399
25	75	55	3.52362	-5.08175	-5.37692
25	75	65	4.20455	-4.56836	-5.0336
25	75	75	4.00311	-3.21967	-3.81761
25	75	85	3.0586	-3.1912	-3.22562
25	85	5	3.31124	-2.81688	-3.37499
25	85	15	3.44993	-2.21316	-3.50689
25	85	25	3.91596	-2.97261	-4.99878
25	85	35	3.45907	-5.04207	-6.99371
25	85	45	3.84993	-5.12003	-6.90812
25	85	55	4.2485	-4.76196	-6.12839
25	85	65	4.55978	-3.31303	-4.67471
25	85	75	4.93281	-2.63617	-4.36356
25	85	85	3.8056	-3.11424	-3.63933
35	5	5	2.58352	-2.76708	-4.57654
35	5	15	3.49607	-1.44402	-4.37655
35	5	25	3.96056	-1.16764	-4.46166
35	5	35	3.70157	-4.34834	-7.71686
35	5	45	3.75874	-4.99743	-7.88311
35	5	55	4.74591	-4.44157	-6.6211
35	5	65	5.31624	-2.61202	-5.31555
35	5	75	4.86263	-1.51585	-4.7863
35	5	85	3.76997	-3.63302	-5.00439
35	15	5	2.12021	-5.52683	-7.12814
35	15	15	2.2057	-4.29146	-5.39139
35	15	25	2.84803	-2.87007	-4.16633
35	15	35	3.76484	-4.53584	-6.24654
35	15	45	4.03762	-5.47777	-6.88794
35	15	55	5.26473	-4.13997	-5.73455
35	15	65	5.18901	-2.3916	-4.85605
35	15	75	4.57071	-2.27042	-4.37014
35	15	85	3.43692	-4.52459	-6.37661
35	25	5	4.09466	-5.24542	-6.37364
35	25	15	3.2514	-5.3888	-5.67432
35	25	25	2.7434	-4.66111	-4.43852
35	25	35	3.41784	-5.4161	-5.72464
35	25	45	4.71612	-6.34854	-6.98644
35	25	55	5.46273	-5.93764	-5.37705
35	25	65	5.40394	-4.38334	-4.23075
35	25	75	4.36886	-3.41713	-3.78676
35	25	85	4.9858	-4.07334	-5.26066
35	35	5	3.44071	-4.56402	-4.92996
35	35	15	2.12033	-5.11528	-5.03343
35	35	25	1.89237	-4.87426	-4.61778
35	35	35	2.49389	-5.55085	-5.22862
35	35	45	3.63725	-5.95559	-6.33582
35	35	55	4.14626	-5.01503	-4.88736
35	35	65	4.29315	-4.03054	-3.44753
35	35	75	3.72793	-3.30827	-3.0074
35	35	85	3.34513	-3.12587	-3.27115
35	45	5	3.26474	-4.65165	-4.06331
35	45	15	3.30787	-5.49187	-4.58296
35	45	25	2.81602	-5.60578	-4.69695
35	45	35	2.53022	-5.82123	-5.03227
35	45	45	3.3921	-5.88106	-6.11781
35	45	55	3.93547	-5.10523	-5.16927
35	45	65	3.47896	-4.4876	-4.14854
35	45	75	3.44127	-4.08791	-3.61786
35	45	85	3.36119	-4.22544	-3.61265
35	55	5	3.2808	-5.68705	-4.96102
35	55	15	3.13627	-5.38729	-4.743
35	55	25	2.95959	-5.41566	-4.72017
35	55	35	2.57444	-5.32068	-5.17435
35	55	45	2.93278	-5.18374	-5.92097
35	55	55	3.77089	-5.26063	-6.02729
35	55	65	3.19129	-5.14795	-4.9123
35	55	75	3.25769	-5.11708	-4.53471
35	55	85	3.42801	-5.52139	-4.7643
35	65	5	3.22571	-5.42338	-4.83997
35	65	15	3.73147	-4.76183	-4.20751
35	65	25	3.67576	-4.72489	-4.88582
35	65	35	2.99167	-5.51757	-5.60447
35	65	45	2.68541	-5.38207	-5.95463
35	65	55	3.1602	-5.1239	-6.01359
35	65	65	2.63809	-5.17342	-5.20215
35	65	75	2.81824	-4.86513	-4.69905
35	65	85	2.87426	-4.83869	-4.53311
35	75	5	3.74443	-4.36956	-3.2363
35	75	15	4.28354	-3.37945	-3.89503
35	75	25	4.43237	-3.64378	-5.83698
35	75	35	2.84348	-5.12666	-6.85553
35	75	45	2.08261	-5.08345	-6.59518
35	75	55	3.22902	-4.76319	-5.53035
35	75	65	3.37338	-4.37082	-5.1199
35	75	75	2.9743	-3.66679	-3.79278
35	75	85	3.05385	-3.80052	-3.53831
35	85	5	3.61404	-2.87285	-3.08513
35	85	15	4.48355	-2.42765	-4.47283
35	85	25	4.73517	-3.15228	-5.62002
35	85	35	3.66127	-5.0531	-7.75051
35	85	45	3.42564	-5.14099	-7.40937
35	85	55	4.02315	-4.88162	-6.37797
35	85	65	4.85331	-3.39599	-5.65826
35	85	75	4.74625	-3.30402	-4.75061
35	85	85	3.59082	-3.13311	-2.93846
45	5	5	2.28542	-1.27995	-2.14637
45	5	15	3.1924	-1.04476	-3.16921
45	5	25	3.58841	-1.71163	-4.04845
45	5	35	2.51063	-4.74541	-6.50988
45	5	45	2.03056	-5.00131	-6.78265
45	5	55	3.50255	-5.10479	-5.91375
45	5	65	4.47488	-3.28122	-4.68529
45	5	75	3.47496	-2.16269	-4.01273
45	5	85	2.7306	-2.01078	-2.75959
45	15	5	1.23973	-3.70379	-4.77661
45	15	15	3.20616	-1.75037	-3.69531
45	15	25	3.48249	-1.32037	-3.40368
45	15	35	3.01428	-4.67262	-6.46591
45	15	45	3.26401	-5.27466	-6.78354
45	15	55	4.37769	-3.9632	-6.12924
45	15	65	4.72235	-1.69	-4.70649
45	15	75	4.22413	-1.63422	-4.31067
45	15	85	2.92727	-2.90269	-4.34997
45	25	5	4.25533	-3.99612	-4.78416
45	25	15	3.43569	-4.35049	-4.51114
45	25	25	2.6417	-4.06488	-3.52876
45	25	35	3.17052	-5.59735	-5.6194
45	25	45	3.04578	-5.64442	-6.35238
45	25	55	4.37869	-4.45819	-6.13616
45	25	65	5.00698	-3.55908	-5.08515
45	25	75	4.97731	-3.7079	-4.80086
45	25	85	4.80415	-3.32131	-4.58269
45	35	5	4.6317	-3.66007	-4.43733
45	35	15	2.69558	-4.7446	-4.26206
45	35	25	1.91381	-4.582	-3.6725
45	35	35	0.708941	-4.74012	-4.49253
45	35	45	0.840509	-4.87296	-5.6745
45	35	55	3.21447	-3.91117	-4.86117
45	35	65	3.94297	-3.46224	-4.43635
45	35	75	3.318	-3.45035	-3.7619
45	35	85	4.88074	-3.83824	-5.17409
45	45	5	3.95556	-4.69138	-4.34178
45	45	15	3.89993	-5.35135	-3.86379
45	45	25	3.28295	-5.44089	-3.89551
45	45	35	0.78843	-5.46432	-4.52207
45	45	45	0.0739444	-4.86526	-5.24931
45	45	55	1.51579	-4.30402	-4.73553
45	45	65	2.69858	-3.62729	-3.93953
45	45	75	2.52774	-3.89172	-3.83403
45	45	85	3.78789	-4.74872	-5.46445
45	55	5	3.85472	-6.25026	-5.05216
45	55	15	4.05468	-6.17861	-4.68005
45	55	25	3.28576	-4.6232	-3.61312
45	55	35	2.7139	-5.10711	-4.90928
45	55	45	2.71756	-5.28401	-5.71582
45	55	55	2.65137	-5.17913	-5.53409
45	55	65	2.24033	-5.04052	-4.96729
45	55	75	2.40901	-4.92612	-4.86583
45	55	85	3.12571	-5.28985	-5.0838
45	65	5	2.73092	-5.16502	-5.06513
45	65	15	3.21529	-4.54052	-3.84519
45	65	25	2.96694	-3.51189	-3.05711
45	65	35	2.8502	-5.0019	-5.04245
45	65	45	2.32606	-5.18207	-5.88125
45	65	55	2.40654	-5.12378	-5.47979
45	65	65	2.54585	-5.05806	-5.20038
45	65	75	2.28027	-4.97338	-5.01218
45	65	85	2.52787	-5.03269	-5.10816
45	75	5	3.3693	-4.99523	-4.30505
45	75	15	3.30334	-3.36052	-2.67795
45	75	25	2.93567	-3.11917	-3.1744
45	75	35	2.16894	-4.76349	-5.34366
45	75	45	2.19277	-5.12531	-6.86475
45	75	55	2.74329	-5.04288	-5.5188
45	75	65	2.54253	-4.92002	-4.98135
45	75	75	2.2685	-4.68066	-4.68104
45	75	85	3.00728	-4.7137	-4.81396
45	85	5	2.62146	-2.64848	-2.61721
45	85	15	2.98149	-2.16851	-2.90217
45	85	25	3.38906	-2.90545	-4.0263
45	85	35	2.58672	-4.98435	-6.47184
45	85	45	1.71898	-5.10052	-7.16661
45	85	55	2.67422	-4.94164	-5.36312
45	85	65	2.85131	-4.01483	-4.19971
45	85	75	2.64966	-3.90628	-3.82746
45	85	85	2.60507	-3.16821	-2.92778
55	5	5	1.56898	-1.63669	-1.97027
55	5	15	1.67103	-1.28705	-1.87815
55	5	25	1.99622	-1.81386	-2.41413
55	5	35	1.76122	-4.5668	-5.15025
55	5	45	1.28506	-4.91822	-5.38386
55	5	55	2.28893	-5.1024	-5.18924
55	5	65	1.94739	-4.32083	-3.99851
55	5	75	2.25697	-4.71835	-4.53595
55	5	85	1.80699	-2.84222	-3.44058
55	15	5	2.30022	-1.53841	-2.24713
55	15	15	2.23296	-1.10646	-2.29255
55	15	25	2.08502	-1.0994	-2.12377
55	15	35	1.61428	-4.47377	-5.09826
55	15	45	1.28951	-5.01444	-5.56057
55	15	55	1.9089	-4.39765	-4.84047
55	15	65	2.56417	-2.71924	-3.75819
55	15	75	2.54576	-3.86916	-4.60678
55	15	85	1.92483	-2.18691	-2.70846
55	25	5	3.36296	-3.21464	-3.60586
55	25	15	3.4729	-3.09629	-2.80609
55	25	25	2.51115	-2.42984	-2.25595
55	25	35	1.20916	-4.18716	-4.63074
55	25	45	2.19797	-5.00703	-5.68926
55	25	55	2.03969	-3.81955	-4.76801
55	25	65	3.0158	-3.10196	-4.38648
55	25	75	3.33607	-3.70336	-4.84734
55	25	85	2.94202	-3.57386	-3.83624
55	35	5	3.35464	-4.21329	-4.65669
55	35	15	2.85127	-3.49559	-2.69879
55	35	25	1.56114	-2.34635	-2.00694
55	35	35	0.534486	-3.51035	-3.8719
55	35	45	1.02836	-4.28261	-5.30642
55	35	55	1.75391	-3.15688	-4.00632
55	35	65	3.0404	-3.1716	-4.47811
55	35	75	2.57403	-4.25112	-5.12043
55	35	85	3.05997	-4.27478	-4.85847
55	45	5	3.38635	-4.58978	-4.8588
55	45	15	3.54075	-4.02444	-2.84124
55	45	25	2.3306	-3.41186	-2.41338
55	45	35	0.779205	-3.40639	-3.20976
55	45	45	0.0786367	-3.5526	-3.74431
55	45	55	0.695407	-2.5075	-3.11534
55	45	65	1.7527	-2.61794	-3.13255
55	45	75	1.96158	-4.59117	-4.84258
55	45	85	3.28217	-5.08066	-5.7866
55	55	5	3.0768	-5.13364	-5.21648
55	55	15	3.12918	-4.58858	-4.04479
55	55	25	3.5153	-4.19774	-3.01055
55	55	35	3.21084	-4.32696	-3.20525
55	55	45	3.56489	-6.31218	-4.84399
55	55	55	2.45385	-5.19202	-5.1651
55	55	65	2.41989	-5.03229	-4.9827
55	55	75	2.50094	-5.06072	-5.12778
55	55	85	2.90877	-5.13397	-5.52539
55	65	5	2.70744	-4.92579	-5.10856
55	65	15	2.84624	-4.00568	-3.81002
55	65	25	2.84694	-3.06533	-2.67704
55	65	35	2.8082	-3.29575	-3.14809
55	65	45	2.88764	-5.09507	-5.13983
55	65	55	2.61382	-5.2578	-5.28
55	65	65	2.57304	-5.00687	-5.02373
55	65	75	2.48806	-5.09955	-5.29999
55	65	85	2.75608	-5.10072	-5.48351
55	75	5	2.69795	-4.80242	-4.90778
55	75	15	2.19342	-2.50384	-2.37914
55	75	25	2.66345	-2.64438	-2.21718
55	75	35	2.74422	-3.60785	-3.77758
55	75	45	2.19186	-4.97306	-5.43898
55	75	55	2.33361	-5.06372	-5.28685
55	75	65	2.34921	-5.0025	-5.04406
55	75	75	2.30983	-5.00082	-5.06156
55	75	85	2.89241	-5.02101	-5.64233
55	85	5	2.05547	-3.44961	-3.67591
55	85	15	1.78869	-1.82431	-1.86019
55	85	25	1.89171	-2.23098	-2.12855
55	85	35	2.51069	-4.35668	-4.77221
55	85	45	2.32874	-5.05198	-5.66105
55	85	55	2.37816	-5.10117	-5.15692
55	85	65	1.78456	-4.66084	-4.50144
55	85	75	2.20662	-4.75805	-4.51843
55	85	85	2.6279	-4.17652	-5.03685
65	5	5	2.19276	-3.09709	-4.2347
65	5	15	0.984267	-2.4454	-2.636
65	5	25	1.43289	-2.27859	-2.43548
65	5	35	2.05235	-4.90038	-4.99975
65	5	45	2.33103	-5.10596	-5.7495
65	5	55	2.2306	-5.10215	-5.13064
65	5	65	2.08704	-4.96205	-4.86174
65	5	75	2.01784	-5.05767	-5.13645
65	5	85	2.42058	-4.656	-6.19798
65	15	5	1.67963	-2.26771	-2.85211
65	15	15	1.52482	-1.49069	-1.6372
65	15	25	1.5419	-1.44849	-1.70884
65	15	35	1.18477	-4.09025	-4.41394
65	15	45	1.99944	-5.03235	-5.45597
65	15	55	1.8882	-4.90277	-4.906
65	15	65	1.1866	-3.98247	-4.00248
65	15	75	1.79934	-4.95123	-5.08881
65	15	85	1.18199	-4.19454	-5.23414
65	25	5	2.17205	-3.95829	-4.28751
65	25	15	2.59991	-2.67578	-2.6231
65	25	25	2.10527	-1.9148	-1.90489
65	25	35	1.54234	-3.15383	-3.34231
65	25	45	2.30217	-4.9451	-5.14907
65	25	55	1.18007	-4.18029	-4.28354
65	25	65	1.34216	-2.91646	-3.19659
65	25	75	1.67287	-4.6924	-4.85203
65	25	85	1.58249	-4.40669	-5.22709
65	35	5	2.80738	-4.40288	-4.82175
65	35	15	2.42816	-2.66004	-2.54506
65	35	25	1.76559	-1.743	-1.58672
65	35	35	1.69119	-2.48981	-2.67169
65	35	45	2.23103	-4.47182	-4.63784
65	35	55	0.562504	-2.34048	-2.52601
65	35	65	0.831584	-2.35883	-2.60135
65	35	75	1.7833	-4.61659	-4.77828
65	35	85	2.53773	-4.978	-5.68242
65	45	5	2.87745	-4.4861	-5.00195
65	45	15	2.46462	-3.03983	-2.96052
65	45	25	2.50176	-2.54248	-2.00904
65	45	35	1.81806	-2.35706	-1.90466
65	45	45	2.41089	-3.80205	-3.81507
65	45	55	1.34412	-2.47753	-2.68299
65	45	65	1.21274	-2.4288	-2.85667
65	45	75	2.09395	-4.63283	-5.03899
65	45	85	2.70641	-5.07168	-5.76417
65	55	5	2.80834	-4.88229	-4.92392
65	55	15	3.00914	-4.45048	-3.72079
65	55	25	4.00807	-4.66595	-2.86347
65	55	35	4.32059	-4.6746	-2.1338
65	55	45	4.71021	-5.34528	-3.021
65	55	55	4.10512	-6.03864	-4.81931
65	55	65	3.36751	-5.0836	-4.3897
65	55	75	2.99281	-5.22935	-5.48528
65	55	85	3.0532	-5.17415	-5.94716
65	65	5	3.03283	-4.61689	-5.01157
65	65	15	2.67875	-3.47091	-3.39634
65	65	25	2.89205	-2.82844	-2.77981
65	65	35	3.17987	-3.0565	-2.63723
65	65	45	3.17113	-3.77007	-3.15882
65	65	55	3.07751	-4.90364	-4.76801
65	65	65	2.68157	-4.65044	-4.72814
65	65	75	2.81485	-5.00043	-5.61977
65	65	85	3.60802	-5.10343	-6.64073
65	75	5	3.04189	-4.92635	-5.43609
65	75	15	2.35834	-3.0441	-3.13925
65	75	25	2.47925	-2.4402	-2.41866
65	75	35	2.89276	-2.83424	-2.83697
65	75	45	2.91702	-3.92216	-3.82484
65	75	55	2.67859	-5.00202	-5.00918
65	75	65	2.4123	-4.84335	-4.9051
65	75	75	2.3707	-5.03895	-5.49927
65	75	85	3.45404	-5.10304	-7.0684
65	85	5	3.2103	-4.72208	-5.54963
65	85	15	1.85215	-2.75694	-2.79664
65	85	25	2.05718	-2.44151	-2.48104
65	85	35	2.58488	-3.52453	-3.5527
65	85	45	2.54067	-4.69159	-5.05025
65	85	55	2.27434	-5.02042	-5.17615
65	85	65	1.83111	-4.92171	-4.8827
65	85	75	2.16826	-5.02129	-5.30125
65	85	85	3.12227	-5.12008	-6.74122
75	5	5	2.16412	-5.10038	-6.04526
75	5	15	1.83706	-5.0344	-4.72631
75	5	25	2.29227	-4.53193	-4.37036
75	5	35	2.41354	-4.9225	-5.07796
75	5	45	2.61312	-5.05034	-5.27022
75	5	55	2.51304	-5.09446	-5.15805
75	5	65	2.06782	-5.02077	-4.98245
75	5	75	1.9006	-5.09807	-5.6977
75	5	85	2.23383	-5.10165	-7.04724
75	15	5	1.56462	-4.19469	-5.01473
75	15	15	1.71276	-2.90236	-2.93245
75	15	25	1.86768	-2.40528	-2.50365
75	15	35	1.70865	-4.11399	-4.15156
75	15	45	2.34743	-4.89962	-5.03876
75	15	55	2.37063	-5.00289	-5.16566
75	15	65	2.23178	-4.72364	-4.74503
75	15	75	2.10296	-5.12004	-5.31934
75	15	85	1.61275	-4.67957	-6.32118
75	25	5	2.18547	-4.89381	-5.32396
75	25	15	2.16705	-2.94407	-3.06748
75	25	25	1.84977	-1.75033	-1.85435
75	25	35	1.90887	-2.6299	-2.63142
75	25	45	1.9957	-4.04432	-4.24462
75	25	55	1.88694	-4.54073	-4.70914
75	25	65	1.36736	-3.60202	-3.58906
75	25	75	1.62943	-4.73364	-4.93457
75	25	85	1.90123	-4.93987	-5.86357
75	35	5	2.57371	-4.73621	-5.06754
75	35	15	2.6484	-2.58601	-3.19414
75	35	25	1.91197	-1.20264	-1.9605
75	35	35	1.53823	-1.5709	-1.77756
75	35	45	2.13716	-3.51649	-3.78113
75	35	55	0.920353	-2.57289	-2.76377
75	35	65	1.06173	-2.07481	-2.08098
75	35	75	1.9997	-4.69117	-4.95411
75	35	85	2.01533	-5.09567	-5.70328
75	45	5	3.52736	-4.55968	-5.65393
75	45	15	3.56648	-2.78675	-4.14973
75	45	25	2.80752	-1.68991	-2.49773
75	45	35	2.68555	-2.51575	-2.0851
75	45	45	3.07839	-3.29943	-2.64921
75	45	55	1.96115	-2.77811	-2.48585
75	45	65	1.72562	-2.59679	-2.44056
75	45	75	2.28375	-4.4893	-4.90997
75	45	85	2.9014	-5.11508	-6.12231
75	55	5	2.25661	-4.90226	-5.11887
75	55	15	4.35663	-4.33266	-3.94981
75	55	25	4.84577	-4.20961	-3.3264
75	55	35	4.92117	-4.75539	-2.802
75	55	45	4.88749	-4.90768	-2.62991
75	55	55	4.57359	-5.01156	-2.96687
75	55	65	3.80473	-4.67787	-3.28222
75	55	75	2.22177	-5.18649	-5.04831
75	55	85	1.59719	-5.51464	-6.11272
75	65	5	3.22986	-4.24578	-4.87349
75	65	15	3.17935	-3.30361	-3.50254
75	65	25	3.28322	-3.05334	-3.23358
75	65	35	2.98351	-3.16092	-3.08019
75	65	45	3.6008	-3.73856	-2.79117
75	65	55	3.77524	-4.00129	-2.94707
75	65	65	3.33485	-3.42556	-3.34921
75	65	75	3.06987	-4.45261	-5.10456
75	65	85	3.3438	-5.13225	-6.31553
75	75	5	3.46558	-4.7654	-5.5552
75	75	15	2.74765	-3.27541	-3.26654
75	75	25	2.80343	-2.6956	-2.89322
75	75	35	2.88948	-2.88822	-2.7955
75	75	45	3.34677	-3.18405	-2.75362
75	75	55	3.06919	-3.60342	-3.35349
75	75	65	2.69724	-3.39375	-3.41317
75	75	75	2.7969	-4.73319	-5.63344
75	75	85	3.22489	-5.1023	-7.43762
75	85	5	3.46313	-4.68221	-5.73668
75	85	15	2.82338	-3.7974	-3.83213
75	85	25	2.80902	-3.36312	-3.28403
75	85	35	2.87653	-3.35663	-3.33031
75	85	45	2.78503	-3.5831	-3.61633
75	85	55	2.42126	-4.05273	-4.01974
75	85	65	2.0694	-4.07589	-4.05857
75	85	75	1.77082	-4.97621	-5.39655
75	85	85	2.96278	-5.14092	-7.49802
85	5	5	-1.81419	-6.08183	-5.45424
85	5	15	-0.105744	-4.95108	-4.21634
85	5	25	1.68673	-5.47415	-4.53246
85	5	35	2.70769	-5.52598	-5.14295
85	5	45	3.44049	-5.68405	-5.39187
85	5	55	2.60713	-5.13067	-5.04109
85	5	65	2.1932	-5.09971	-5.04074
85	5	75	1.10469	-5.23715	-5.15883
85	5	85	-0.348121	-6.27802	-7.06674
85	15	5	1.49941	-4.73959	-5.22661
85	15	15	1.23493	-4.37283	-4.3777
85	15	25	1.59154	-3.30348	-3.17272
85	15	35	1.834	-4.83696	-4.47247
85	15	45	3.0899	-5.43066	-5.08133
85	15	55	2.49592	-4.72871	-4.72296
85	15	65	2.09079	-4.5623	-4.56434
85	15	75	2.38226	-5.1004	-5.42133
85	15	85	2.28566	-5.1435	-6.40686
85	25	5	2.46013	-5.08205	-5.41865
85	25	15	1.7067	-3.61538	-3.73731
85	25	25	1.76629	-1.98769	-2.04219
85	25	35	1.77879	-3.15138	-3.09191
85	25	45	2.40949	-4.07936	-4.04704
85	25	55	2.37389	-3.60175	-3.68038
85	25	65	2.26983	-4.01848	-4.08383
85	25	75	2.26101	-4.93486	-5.24148
85	25	85	2.50481	-5.06198	-6.01258
85	35	5	2.36699	-5.08042	-5.35908
85	35	15	2.90553	-3.7388	-4.22161
85	35	25	2.01994	-1.46376	-2.12408
85	35	35	1.90353	-2.14109	-2.18269
85	35	45	2.26015	-3.01645	-2.97293
85	35	55	1.79062	-2.2179	-2.40421
85	35	65	1.47023	-2.24719	-2.39577
85	35	75	2.30979	-4.70242	-5.08791
85	35	85	2.26209	-5.07904	-5.9923
85	45	5	2.78732	-4.94194	-5.27539
85	45	15	4.06948	-3.17566	-5.0176
85	45	25	3.20064	-1.62231	-3.05186
85	45	35	2.93269	-2.81321	-2.52914
85	45	45	3.44379	-3.52058	-2.68445
85	45	55	3.16615	-3.37845	-2.42247
85	45	65	2.42624	-2.74504	-2.43157
85	45	75	2.50352	-4.33506	-4.57541
85	45	85	2.59063	-5.17428	-5.96519
85	55	5	3.73658	-5.10432	-5.87607
85	55	15	4.69146	-3.86249	-5.34028
85	55	25	5.6374	-3.93835	-4.50891
85	55	35	4.34625	-4.82137	-3.70748
85	55	45	4.86023	-5.37765	-3.27018
85	55	55	4.76657	-5.00373	-2.50662
85	55	65	4.0719	-4.25579	-2.2572
85	55	75	2.82751	-4.31778	-3.87869
85	55	85	2.35478	-5.48896	-5.8179
85	65	5	3.5833	-4.36954	-5.18788
85	65	15	3.95831	-3.41848	-4.52589
85	65	25	3.77649	-3.16079	-3.95059
85	65	35	3.0884	-4.68782	-4.47475
85	65	45	3.52033	-4.35867	-3.71694
85	65	55	4.35719	-4.29488	-2.83647
85	65	65	3.81566	-3.83391	-2.77046
85	65	75	3.2303	-3.64239	-3.91242
85	65	85	3.01213	-5.25308	-5.93333
85	75	5	3.17036	-4.20955	-4.86313
85	75	15	2.95101	-3.09402	-3.69302
85	75	25	2.79582	-3.1115	-3.53597
85	75	35	2.72205	-3.39323	-3.40857
85	75	45	3.07699	-3.19512	-3.04898
85	75	55	3.22146	-3.33373	-2.96591
85	75	65	2.80295	-2.8359	-2.90904
85	75	75	3.09919	-3.54427	-4.40182
85	75	85	2.51279	-5.07531	-6.06701
85	85	5	2.66986	-4.68441	-5.23914
85	85	15	2.59362	-3.61387	-3.82161
85	85	25	2.52	-3.26641	-3.44869
85	85	35	2.63544	-3.27492	-3.29702
85	85	45	3.41407	-3.03997	-3.52881
85	85	55	2.69805	-2.93602	-2.93425
85	85	65	2.53889	-2.98171	-3.04961
85	85	75	2.25346	-4.66592	-5.57041
85	85	85	1.75818	-5.15536	-6.51264
