5	5	5	0.739627	-2.83208	-3.61803
5	5	15	1.1445	-3.30818	-5.4337
5	5	25	1.81393	-1.51037	-4.34443
5	5	35	1.89917	-1.33759	-2.75623
5	5	45	0.905434	-1.5657	-2.61838
5	5	55	3.19312	-3.21706	-4.25889
5	5	65	3.31885	-2.91859	-2.84063
5	5	75	2.57008	-2.5423	-1.78812
5	5	85	1.85351	-1.78067	-1.60905
5	15	5	0.443539	-2.29806	-3.04874
5	15	15	-0.336941	-1.443	-4.84164
5	15	25	1.43903	-0.1713	-3.58834
5	15	35	0.396891	-0.237062	-1.65033
5	15	45	-0.0571929	-1.33499	-2.41951
5	15	55	2.65486	-4.25866	-5.24948
5	15	65	3.40807	-4.27285	-4.39273
5	15	75	3.60039	-4.09325	-3.02924
5	15	85	2.58496	-3.9903	-2.18972
5	25	5	2.56377	-6.78845	-5.11985
5	25	15	-2.73485	-6.16502	-6.46979
5	25	25	-1.78987	-4.78741	-5.59356
5	25	35	-0.394567	-3.40867	-3.99319
5	25	45	-0.0516246	-3.57881	-4.06926
5	25	55	3.26737	-5.19291	-6.19158
5	25	65	4.36364	-5.55427	-5.97798
5	25	75	3.67977	-5.73222	-4.63004
5	25	85	3.83831	-7.13137	-3.03966
5	35	5	2.72371	-4.6342	-5.80735
5	35	15	0.0647105	-4.8041	-6.0785
5	35	25	0.466101	-5.00096	-5.51588
5	35	35	1.5807	-4.74353	-5.1557
5	35	45	0.838193	-4.28289	-4.36126
5	35	55	3.47774	-5.07577	-6.63757
5	35	65	3.48695	-4.85297	-5.44252
5	35	75	3.03358	-3.76368	-3.26088
5	35	85	2.83149	-3.88274	-2.89895
5	45	5	1.90853	-4.28529	-5.69316
5	45	15	1.26721	-4.77487	-5.27508
5	45	25	1.36075	-4.89725	-5.14678
5	45	35	0.312529	-3.74477	-3.82226
5	45	45	0.204236	-3.94581	-3.85954
5	45	55	1.95746	-3.87537	-4.91415
5	45	65	2.91654	-3.69931	-4.25825
5	45	75	1.99612	-2.06975	-1.63758
5	45	85	2.26284	-2.49522	-2.44506
5	55	5	1.56163	-4.63469	-5.1182
5	55	15	1.42049	-4.9954	-5.30505
5	55	25	1.82622	-4.80049	-4.8813
5	55	35	0.451685	-2.65647	-2.47836
5	55	45	-0.235972	-3.45689	-3.51437
5	55	55	1.28734	-3.45844	-3.83881
5	55	65	2.329	-2.92751	-3.32975
5	55	75	1.03873	-1.16786	-0.806126
5	55	85	1.75414	-2.13559	-2.24202
5	65	5	2.08416	-4.61202	-5.05533
5	65	15	1.86407	-4.97899	-5.30267
5	65	25	2.30868	-3.81917	-4.32319
5	65	35	1.77572	-2.27925	-2.62208
5	65	45	0.57698	-2.64939	-3.35662
5	65	55	1.94706	-2.84975	-3.47297
5	65	65	2.08376	-1.9894	-2.36847
5	65	75	1.63706	-1.41053	-1.65228
5	65	85	1.88992	-1.58216	-2.10186
5	75	5	2.43915	-4.37353	-4.94436
5	75	15	1.85732	-4.45781	-5.12008
5	75	25	2.07409	-2.79357	-3.52087
5	75	35	1.87702	-2.11583	-3.30197
5	75	45	2.2658	-2.70913	-3.21374
5	75	55	3.43651	-2.38852	-3.25935
5	75	65	2.71926	-1.86951	-2.68073
5	75	75	2.00471	-1.56304	-1.63884
5	75	85	1.6169	-1.35716	-1.61044
5	85	5	2.43076	-3.6884	-4.07114
5	85	15	1.53466	-4.18655	-4.91839
5	85	25	1.93475	-2.52856	-4.03398
5	85	35	2.55131	-2.43073	-3.46247
5	85	45	2.25778	-2.0499	-2.95198
5	85	55	3.28476	-2.30676	-3.34768
5	85	65	3.40502	-2.60807	-2.66086
5	85	75	2.30869	-1.87472	-1.49597
5	85	85	2.32322	-2.14021	-1.93675
15	5	5	0.895242	-1.42063	-2.11037
15	5	15	0.0745901	-2.02247	-2.87223
15	5	25	0.437869	-1.25569	-2.22097
15	5	35	0.496297	-1.22065	-2.35135
15	5	45	1.65194	-3.38587	-5.35524
15	5	55	4.15699	-3.53285	-6.91639
15	5	65	4.08964	-2.2142	-4.57073
15	5	75	4.57988	-1.72807	-3.73067
15	5	85	2.9768	-1.22897	-2.46627
15	15	5	2.35828	-1.51918	-2.05662
15	15	15	-0.198864	-0.218333	-1.89642
15	15	25	0.536726	-1.08308	-2.437
15	15	35	0.492963	-0.759754	-2.9955
15	15	45	1.23236	-2.94733	-6.27484
15	15	55	4.5629	-5.12086	-8.17744
15	15	65	4.38913	-4.41724	-5.86066
15	15	75	4.65207	-3.29215	-4.30598
15	15	85	4.26088	-2.74026	-2.49027
15	25	5	5.78689	-5.29459	-3.1195
15	25	15	1.82578	-3.0793	-2.87844
15	25	25	1.77362	-3.57001	-4.75958
15	25	35	3.04565	-4.27559	-6.16017
15	25	45	3.23092	-5.35578	-7.00715
15	25	55	4.16974	-5.59303	-7.64222
15	25	65	4.78649	-6.05288	-6.70668
15	25	75	4.29164	-6.70083	-4.36334
15	25	85	5.41199	-6.16421	-2.44266
15	35	5	3.92477	-3.62537	-3.02818
15	35	15	1.47497	-3.26685	-3.67328
15	35	25	1.74771	-4.85563	-5.57018
15	35	35	2.95848	-4.94312	-5.862
15	35	45	2.51536	-5.2627	-5.90191
15	35	55	3.94916	-5.37719	-7.23989
15	35	65	3.69269	-5.21797	-6.48047
15	35	75	2.96644	-4.19218	-4.27437
15	35	85	3.63892	-3.86304	-2.39551
15	45	5	2.38451	-2.85254	-3.05285
15	45	15	1.73092	-4.40307	-4.54497
15	45	25	2.19617	-5.00235	-5.30156
15	45	35	1.67664	-4.44193	-4.62025
15	45	45	1.83418	-4.90544	-5.102
15	45	55	3.21461	-5.20778	-6.90314
15	45	65	3.51263	-4.88551	-6.16216
15	45	75	2.81586	-3.1942	-3.05782
15	45	85	3.61083	-3.34545	-2.57443
15	55	5	1.70722	-4.18978	-4.0499
15	55	15	0.427611	-5.24655	-4.64832
15	55	25	0.970233	-4.67213	-4.552
15	55	35	-0.31336	-3.66278	-3.63901
15	55	45	0.387621	-4.47093	-4.89042
15	55	55	2.54483	-4.9395	-6.45323
15	55	65	2.32566	-4.6595	-5.10199
15	55	75	1.9766	-3.47258	-3.10634
15	55	85	2.47023	-3.49711	-3.15832
15	65	5	0.622569	-4.87699	-4.31574
15	65	15	-1.66955	-6.27991	-4.33984
15	65	25	0.154	-5.07822	-4.17699
15	65	35	0.301715	-3.4875	-3.46836
15	65	45	0.299302	-4.12277	-4.40286
15	65	55	1.09468	-4.65016	-5.93296
15	65	65	2.12253	-4.61793	-4.76041
15	65	75	1.49171	-3.83921	-3.81645
15	65	85	1.68274	-3.88979	-3.8237
15	75	5	1.03519	-3.65416	-3.74119
15	75	15	0.15998	-4.46064	-4.61383
15	75	25	0.50177	-3.03211	-3.15134
15	75	35	-0.0378132	-2.1058	-2.27156
15	75	45	1.05306	-4.04815	-4.39338
15	75	55	1.54103	-4.27498	-5.42021
15	75	65	2.60394	-3.99484	-4.87773
15	75	75	2.28698	-2.2969	-3.119
15	75	85	2.12547	-1.93909	-2.21313
15	85	5	1.27274	-2.57456	-2.69071
15	85	15	-0.304508	-3.66807	-3.97596
15	85	25	0.457308	-2.01749	-2.40601
15	85	35	0.231184	-2.02874	-2.4953
15	85	45	1.0887	-3.86214	-4.43299
15	85	55	3.07322	-3.62232	-6.0028
15	85	65	3.77707	-2.71497	-4.9876
15	85	75	3.64779	-2.07648	-2.8767
15	85	85	2.9202	-1.938	-2.51339
25	5	5	1.03487	-0.443081	-1.15328
25	5	15	0.436273	-1.3713	-1.39866
25	5	25	0.0923079	-0.957452	-1.20807
25	5	35	0.258501	-2.18955	-2.39469
25	5	45	1.82933	-4.80718	-5.97064
25	5	55	2.40943	-4.59587	-6.54174
25	5	65	3.69876	-2.88838	-5.38102
25	5	75	4.58546	-0.839282	-4.74493
25	5	85	3.20706	-0.084123	-2.85152
25	15	5	1.85772	-0.942993	-0.973619
25	15	15	0.53956	-0.521236	-0.586657
25	15	25	0.734412	-1.76686	-1.95359
25	15	35	1.01926	-2.21253	-3.04101
25	15	45	2.59212	-4.67367	-7.13256
25	15	55	4.07795	-4.98438	-8.79531
25	15	65	5.17289	-3.25454	-6.14242
25	15	75	5.35465	-1.52941	-4.43752
25	15	85	4.6933	-0.157758	-3.39177
25	25	5	5.93242	-4.45215	-2.99264
25	25	15	3.69102	-3.18358	-1.34182
25	25	25	2.90323	-3.20449	-3.1416
25	25	35	2.98409	-3.84211	-4.41233
25	25	45	3.43336	-5.36557	-7.78199
25	25	55	4.32534	-6.35189	-9.36015
25	25	65	5.08805	-6.84889	-6.0205
25	25	75	5.86108	-5.05701	-4.67709
25	25	85	6.73077	-3.7323	-4.5282
25	35	5	5.06357	-4.03623	-2.99284
25	35	15	2.89149	-2.37366	-2.20767
25	35	25	2.91594	-3.77228	-3.99393
25	35	35	3.4302	-4.2669	-4.82469
25	35	45	2.60235	-5.16647	-6.35752
25	35	55	3.41418	-5.33516	-8.21456
25	35	65	4.11927	-5.13345	-6.04195
25	35	75	3.37446	-4.26431	-4.55826
25	35	85	4.53966	-3.77177	-3.59355
25	45	5	2.88973	-2.45204	-2.30055
25	45	15	2.13921	-3.3546	-3.58816
25	45	25	2.31467	-4.74382	-4.95716
25	45	35	2.11887	-3.74619	-3.7628
25	45	45	2.31691	-4.72455	-5.41993
25	45	55	2.15249	-5.04445	-6.91483
25	45	65	3.41592	-5.0612	-6.09169
25	45	75	2.45647	-2.79606	-3.15094
25	45	85	3.18482	-2.84507	-2.42048
25	55	5	0.628937	-3.24894	-2.36455
25	55	15	0.582383	-4.69003	-3.76666
25	55	25	1.99718	-5.32664	-4.80401
25	55	35	0.781105	-3.60023	-3.40162
25	55	45	1.76556	-4.83261	-5.27564
25	55	55	1.38484	-5.0187	-7.26534
25	55	65	1.52772	-5.04094	-6.06167
25	55	75	0.928351	-3.64049	-3.46264
25	55	85	1.60973	-3.62459	-3.15801
25	65	5	-4.1646	-7.15393	-3.21149
25	65	15	-1.36771	-6.67839	-3.77469
25	65	25	0.701103	-4.97592	-3.90902
25	65	35	0.252804	-4.02109	-3.88145
25	65	45	0.564361	-4.62481	-4.70648
25	65	55	1.04012	-4.97877	-6.16166
25	65	65	-0.377398	-5.23968	-5.55061
25	65	75	-1.02667	-5.36045	-5.04161
25	65	85	-2.8201	-6.63063	-5.05269
25	75	5	-1.46374	-4.50853	-2.28871
25	75	15	0.107693	-4.69881	-3.73646
25	75	25	0.0296407	-3.86394	-3.82941
25	75	35	0.653657	-3.44864	-3.45146
25	75	45	0.712976	-4.57831	-4.68005
25	75	55	0.595552	-4.83745	-5.40637
25	75	65	0.972445	-4.81517	-5.5538
25	75	75	1.88468	-4.37511	-4.91824
25	75	85	0.372752	-4.28107	-3.61866
25	85	5	1.29343	-1.98323	-1.95495
25	85	15	0.401039	-2.69496	-2.68577
25	85	25	0.181941	-2.28834	-2.54873
25	85	35	0.554604	-2.2508	-2.3949
25	85	45	1.42646	-4.9114	-5.55472
25	85	55	1.61864	-4.91185	-6.3076
25	85	65	2.59088	-4.33064	-5.63053
25	85	75	4.11869	-2.45685	-4.96036
25	85	85	2.7775	-1.69422	-2.76334
35	5	5	1.17271	-1.05818	-1.2549
35	5	15	1.80837	-2.06313	-2.08026
35	5	25	0.615363	-1.02154	-1.14915
35	5	35	1.33376	-1.83994	-1.94717
35	5	45	1.59181	-4.27187	-5.11666
35	5	55	1.82688	-4.95348	-6.14468
35	5	65	1.4365	-4.08025	-4.21198
35	5	75	2.12178	-1.96483	-3.08832
35	5	85	0.910574	-0.393581	-1.01535
35	15	5	2.07874	-1.61245	-1.09776
35	15	15	1.93252	-1.60556	-0.929888
35	15	25	1.56	-1.65881	-1.50404
35	15	35	1.92565	-2.28415	-2.39505
35	15	45	2.20978	-3.88308	-4.93416
35	15	55	1.99347	-4.96226	-6.4535
35	15	65	4.16286	-4.43539	-4.7446
35	15	75	5.00871	-2.49201	-3.69585
35	15	85	3.3939	-1.41123	-2.30394
35	25	5	4.87403	-4.13266	-2.61685
35	25	15	4.9698	-3.55729	-2.49269
35	25	25	3.65266	-3.24589	-2.74973
35	25	35	3.6621	-3.55801	-3.031
35	25	45	3.66231	-4.08299	-4.72689
35	25	55	3.77902	-5.04662	-6.24835
35	25	65	5.347	-4.55706	-5.66677
35	25	75	6.28835	-3.45137	-4.97436
35	25	85	6.15764	-3.48043	-4.25148
35	35	5	5.45623	-4.54222	-3.26218
35	35	15	5.02987	-3.49415	-3.25865
35	35	25	3.85217	-3.06228	-3.25918
35	35	35	3.05141	-3.05426	-2.87655
35	35	45	3.35615	-3.32821	-5.52868
35	35	55	4.18925	-4.78594	-7.09328
35	35	65	4.18851	-4.31415	-5.48116
35	35	75	5.28023	-3.78896	-4.95503
35	35	85	5.9171	-4.19307	-4.57939
35	45	5	2.43147	-1.50305	-1.95196
35	45	15	2.8481	-2.27993	-2.86834
35	45	25	2.6125	-3.01595	-3.26759
35	45	35	2.87646	-2.83116	-2.93981
35	45	45	2.53385	-3.42517	-4.77221
35	45	55	1.52217	-4.80845	-7.36938
35	45	65	2.12155	-4.90762	-5.79491
35	45	75	3.12111	-3.12587	-3.90999
35	45	85	3.66256	-2.36839	-3.66019
35	55	5	0.644513	-1.6614	-1.29452
35	55	15	2.1248	-2.9399	-2.54164
35	55	25	2.1139	-3.78835	-3.4318
35	55	35	2.14164	-4.07183	-3.4713
35	55	45	1.1345	-4.72206	-4.71882
35	55	55	-0.857312	-5.27248	-6.43527
35	55	65	0.0753144	-4.04359	-4.58127
35	55	75	1.28953	-2.70643	-2.51078
35	55	85	1.70105	-2.39872	-2.50269
35	65	5	-3.75776	-5.18029	-3.06779
35	65	15	-0.759195	-7.38596	-4.52902
35	65	25	3.6313	-6.90494	-4.06496
35	65	35	1.81873	-6.42842	-4.69923
35	65	45	-0.604638	-6.24985	-5.26924
35	65	55	-2.2503	-6.01837	-5.82216
35	65	65	-2.82581	-5.04405	-5.12676
35	65	75	-2.60017	-5.08404	-4.75982
35	65	85	-2.55503	-4.44845	-3.62277
35	75	5	-1.46412	-4.59614	-2.79718
35	75	15	2.01674	-5.29273	-4.19636
35	75	25	1.95776	-4.38894	-3.87792
35	75	35	1.86682	-4.87559	-4.90577
35	75	45	0.169989	-4.98288	-5.34474
35	75	55	-0.125372	-4.86432	-5.95608
35	75	65	-1.39302	-4.66608	-5.31864
35	75	75	-1.89372	-4.15673	-3.9227
35	75	85	-2.02849	-3.78922	-2.02537
35	85	5	0.619016	-1.6864	-1.45784
35	85	15	1.69892	-2.86824	-2.78211
35	85	25	1.36844	-2.32882	-2.56104
35	85	35	2.02505	-3.34728	-3.39916
35	85	45	0.861268	-4.80991	-5.59539
35	85	55	1.6218	-5.07791	-6.56199
35	85	65	0.832491	-4.37494	-4.64532
35	85	75	1.21256	-3.11529	-3.32682
35	85	85	0.438975	-1.15325	-1.0145
45	5	5	1.11943	-2.32354	-2.16892
45	5	15	1.95843	-3.14055	-2.96699
45	5	25	1.65863	-1.6853	-1.78022
45	5	35	2.27985	-2.34677	-2.30498
45	5	45	1.54371	-3.8609	-4.54676
45	5	55	1.78594	-4.98612	-5.96867
45	5	65	1.95322	-4.98171	-5.07163
45	5	75	1.00895	-3.22431	-3.14001
45	5	85	0.864288	-1.47472	-1.41703
45	15	5	2.69314	-3.29581	-1.99147
45	15	15	2.64102	-3.17675	-2.29607
45	15	25	2.45143	-1.89054	-2.18644
45	15	35	2.37831	-2.24892	-2.35871
45	15	45	2.15251	-3.01544	-3.57647
45	15	55	1.76744	-4.82394	-5.53532
45	15	65	2.82891	-5.15788	-4.86261
45	15	75	3.80243	-4.67819	-3.35869
45	15	85	3.54101	-3.56194	-1.93692
45	25	5	4.24378	-4.54935	-2.85967
45	25	15	4.60426	-4.49163	-2.77147
45	25	25	4.74614	-3.33711	-3.45483
45	25	35	3.991	-3.66281	-2.82677
45	25	45	3.96959	-3.14868	-3.49125
45	25	55	2.85323	-4.10568	-4.82468
45	25	65	3.5625	-4.25442	-4.5776
45	25	75	4.10437	-3.75757	-3.85182
45	25	85	4.39042	-4.05646	-2.52237
45	35	5	5.54977	-5.89194	-4.13202
45	35	15	5.73479	-4.79796	-4.34973
45	35	25	4.43295	-3.24316	-3.69692
45	35	35	3.83952	-3.08551	-3.21682
45	35	45	5.10701	-2.2017	-4.6881
45	35	55	4.30791	-2.71976	-6.45832
45	35	65	4.69234	-4.38366	-5.22411
45	35	75	4.85325	-3.51577	-4.24996
45	35	85	5.29983	-4.76061	-4.24359
45	45	5	4.33897	-2.86972	-3.75966
45	45	15	4.80135	-2.4751	-4.44229
45	45	25	3.97731	-2.35061	-3.60618
45	45	35	2.99724	-2.59142	-2.80472
45	45	45	4.43628	-2.7026	-4.56763
45	45	55	4.21591	-3.15603	-5.36321
45	45	65	3.26156	-3.93761	-5.03458
45	45	75	3.95644	-3.48338	-4.46728
45	45	85	4.03848	-3.28401	-4.47604
45	55	5	2.7902	-2.01702	-2.83285
45	55	15	3.52752	-2.59389	-3.5391
45	55	25	3.20066	-2.63314	-2.651
45	55	35	2.67293	-3.10232	-2.51714
45	55	45	1.89182	-3.82107	-4.18363
45	55	55	0.759159	-4.37751	-5.78787
45	55	65	0.907359	-3.1045	-4.09941
45	55	75	0.992419	-1.52822	-1.92016
45	55	85	1.41191	-1.23303	-1.87379
45	65	5	-2.14224	-4.14812	-3.71074
45	65	15	0.287979	-5.09018	-4.79099
45	65	25	3.94639	-5.40144	-3.07117
45	65	35	2.51389	-5.9242	-3.6538
45	65	45	-2.78882	-6.14665	-5.31337
45	65	55	-2.68271	-5.56262	-5.86201
45	65	65	-1.73888	-4.47155	-5.00367
45	65	75	-1.50212	-2.63513	-2.49614
45	65	85	-1.05789	-1.57203	-1.37996
45	75	5	-0.243924	-4.62865	-3.70609
45	75	15	2.7568	-5.64983	-4.9495
45	75	25	2.94367	-4.50973	-3.65486
45	75	35	2.03883	-4.28376	-3.66456
45	75	45	-1.11248	-4.93748	-5.50949
45	75	55	-1.78422	-5.12707	-6.57391
45	75	65	-2.19562	-4.64761	-5.40745
45	75	75	-1.53343	-3.13261	-3.03217
45	75	85	-1.06218	-2.70387	-1.87881
45	85	5	1.09047	-2.86343	-2.20453
45	85	15	2.07784	-4.1466	-3.7415
45	85	25	2.02545	-2.60684	-2.36909
45	85	35	2.52538	-3.55716	-3.5958
45	85	45	0.619516	-4.01974	-5.0332
45	85	55	0.947501	-5.03727	-6.74935
45	85	65	1.30685	-4.94546	-5.20939
45	85	75	1.17619	-3.99439	-3.99464
45	85	85	0.0917753	-1.70293	-1.17967
55	5	5	2.19657	-5.03728	-4.28966
55	5	15	2.64281	-5.07765	-4.99803
55	5	25	2.07605	-3.2662	-3.09889
55	5	35	2.30601	-2.56976	-2.40728
55	5	45	2.30596	-2.59538	-3.31041
55	5	55	1.22643	-5.02888	-5.81786
55	5	65	2.17795	-5.0428	-5.03179
55	5	75	2.00807	-4.77037	-4.68304
55	5	85	1.29761	-3.75123	-3.37626
55	15	5	3.29109	-5.72535	-4.52342
55	15	15	3.40817	-5.7504	-5.12882
55	15	25	2.45566	-3.04725	-3.23566
55	15	35	2.66295	-2.55853	-2.51654
55	15	45	2.27515	-2.63219	-2.74924
55	15	55	2.18001	-5.04814	-5.25929
55	15	65	2.39667	-5.02506	-4.98798
55	15	75	2.77228	-5.0319	-4.52015
55	15	85	3.36249	-4.84791	-3.12922
55	25	5	3.30019	-5.10807	-4.66294
55	25	15	3.83559	-5.77679	-4.96623
55	25	25	4.79885	-2.79379	-4.52797
55	25	35	4.13671	-3.05119	-3.57408
55	25	45	3.78502	-2.75127	-3.03794
55	25	55	3.15327	-4.81243	-4.56601
55	25	65	2.87649	-4.91082	-4.51196
55	25	75	2.58351	-3.5751	-3.23993
55	25	85	2.79196	-2.84596	-2.37939
55	35	5	4.73284	-5.97447	-5.74668
55	35	15	4.79293	-6.43669	-5.18265
55	35	25	6.08413	-4.19718	-5.52895
55	35	35	5.53722	-3.20553	-4.74081
55	35	45	6.08743	-1.29754	-4.84269
55	35	55	5.12272	-4.13419	-5.20764
55	35	65	4.15002	-4.26796	-4.32775
55	35	75	4.35116	-3.84668	-3.69814
55	35	85	4.11054	-3.57773	-3.62759
55	45	5	4.82071	-4.66962	-6.47359
55	45	15	4.83044	-4.82419	-6.09391
55	45	25	5.31043	-2.99705	-5.20683
55	45	35	4.8759	-2.58841	-4.30274
55	45	45	5.7414	-3.00754	-4.95882
55	45	55	5.38159	-3.1083	-4.94486
55	45	65	4.6867	-3.02019	-4.80238
55	45	75	4.02754	-2.95689	-4.28468
55	45	85	4.12299	-2.86672	-5.85675
55	55	5	4.17978	-3.3985	-6.19243
55	55	15	4.7403	-3.38105	-5.75955
55	55	25	4.65797	-3.15564	-4.94045
55	55	35	4.48921	-3.1484	-3.80116
55	55	45	4.68939	-2.53824	-4.45763
55	55	55	3.72725	-2.49908	-5.04029
55	55	65	3.47171	-1.89596	-4.26054
55	55	75	2.44156	-2.04678	-3.69305
55	55	85	2.05821	-1.50653	-3.35246
55	65	5	1.49103	-2.5877	-4.46413
55	65	15	3.60076	-3.46728	-5.77921
55	65	25	4.41354	-3.27616	-4.33737
55	65	35	5.07461	-4.41444	-3.11331
55	65	45	0.902861	-4.49008	-4.89211
55	65	55	-1.15388	-4.86757	-6.55071
55	65	65	-0.17232	-3.13843	-4.4727
55	65	75	0.130568	-1.57752	-2.58614
55	65	85	0.327004	-0.962271	-2.16438
55	75	5	0.0212628	-5.42671	-4.8743
55	75	15	2.74674	-5.93858	-5.51965
55	75	25	4.48585	-5.36503	-4.89089
55	75	35	3.46905	-3.44942	-2.70948
55	75	45	1.37542	-3.84639	-4.48741
55	75	55	-1.25569	-5.0323	-7.30321
55	75	65	-1.00461	-4.60145	-5.54665
55	75	75	-0.193914	-4.21391	-4.41779
55	75	85	0.298412	-4.16968	-3.94775
55	85	5	1.75336	-4.56483	-3.93538
55	85	15	3.19048	-5.39714	-5.45107
55	85	25	2.82651	-4.41174	-4.16293
55	85	35	2.96012	-3.39045	-3.23282
55	85	45	1.92141	-2.9109	-3.9899
55	85	55	0.285542	-4.96204	-6.57641
55	85	65	1.16896	-5.10611	-5.2297
55	85	75	2.25229	-5.14909	-5.11237
55	85	85	1.61455	-4.11992	-3.68339
65	5	5	3.16907	-6.30841	-4.76402
65	5	15	4.13024	-6.44655	-5.59062
65	5	25	3.90981	-4.99745	-5.32545
65	5	35	2.72308	-2.74882	-2.60056
65	5	45	2.8784	-2.91197	-2.28519
65	5	55	1.81953	-4.01224	-3.97229
65	5	65	1.58272	-5.20866	-5.05785
65	5	75	2.11997	-5.53931	-5.04376
65	5	85	2.34662	-5.8816	-4.48087
65	15	5	3.19019	-6.49974	-5.02202
65	15	15	3.85359	-6.72731	-5.6451
65	15	25	2.92272	-5.47252	-5.14789
65	15	35	2.18127	-3.74156	-3.68848
65	15	45	2.37023	-3.69729	-3.2934
65	15	55	2.18005	-4.64472	-4.34155
65	15	65	2.30332	-5.6486	-4.91853
65	15	75	3.05634	-6.19924	-4.88091
65	15	85	3.02307	-5.75623	-4.41575
65	25	5	2.80685	-5.37857	-5.99668
65	25	15	3.22651	-5.22684	-7.30655
65	25	25	3.27878	-3.02232	-5.52764
65	25	35	4.15066	-1.30603	-4.5997
65	25	45	3.31392	-2.66038	-3.21348
65	25	55	3.74223	-5.4089	-4.41951
65	25	65	3.37644	-5.89491	-4.75942
65	25	75	3.12712	-5.43945	-4.06185
65	25	85	2.53481	-5.21645	-4.25341
65	35	5	3.49261	-5.01557	-7.43042
65	35	15	3.5294	-5.18538	-8.12889
65	35	25	5.22831	-4.07116	-7.19226
65	35	35	5.76048	-2.11403	-6.03116
65	35	45	5.74768	-2.85082	-4.76953
65	35	55	4.38837	-4.51274	-3.63277
65	35	65	3.36131	-4.55104	-4.28947
65	35	75	3.25102	-1.64845	-3.70455
65	35	85	3.68903	-0.922304	-5.0968
65	45	5	4.46397	-4.47533	-8.80363
65	45	15	4.26571	-5.07442	-8.4783
65	45	25	5.2807	-3.88613	-6.6718
65	45	35	5.82168	-3.06885	-5.67166
65	45	45	6.70405	-3.90711	-4.98483
65	45	55	4.9506	-3.37136	-3.66991
65	45	65	4.77472	-1.48847	-4.84952
65	45	75	5.04393	0.714064	-4.7965
65	45	85	5.14585	0.928324	-6.91598
65	55	5	4.75758	-3.63092	-8.61909
65	55	15	4.83554	-4.43868	-7.49986
65	55	25	5.60659	-3.39163	-6.23325
65	55	35	6.09571	-3.03963	-5.29331
65	55	45	6.88126	-2.51239	-4.94108
65	55	55	5.17963	-0.383082	-3.7973
65	55	65	4.24979	-0.570774	-4.17826
65	55	75	4.84355	-0.562107	-5.25293
65	55	85	5.11597	-0.154547	-6.01218
65	65	5	3.62623	-2.83954	-5.68928
65	65	15	4.94511	-4.13995	-7.43592
65	65	25	5.28239	-2.92922	-5.84009
65	65	35	5.90492	-2.55543	-5.20686
65	65	45	6.75108	-2.52011	-4.44435
65	65	55	3.10642	-1.26607	-4.65872
65	65	65	1.78967	-0.848101	-3.93125
65	65	75	2.44627	0.320058	-3.47435
65	65	85	2.54679	0.805221	-3.64503
65	75	5	1.7309	-4.86457	-4.08828
65	75	15	4.60908	-4.37642	-5.90883
65	75	25	5.82599	-4.59363	-6.17417
65	75	35	6.40405	-4.2571	-4.79781
65	75	45	5.57666	-3.53413	-3.47976
65	75	55	2.1249	-4.12845	-5.44946
65	75	65	-0.375979	-4.99077	-5.51826
65	75	75	-0.256283	-5.18804	-5.83261
65	75	85	0.121877	-5.03839	-4.52767
65	85	5	2.85531	-6.06754	-4.40449
65	85	15	4.57787	-6.35497	-5.79791
65	85	25	5.32663	-5.34292	-5.82748
65	85	35	4.20465	-3.65138	-3.98285
65	85	45	3.17704	-2.67531	-2.60274
65	85	55	1.59192	-3.96737	-4.15117
65	85	65	1.68712	-5.14797	-5.13107
65	85	75	2.27085	-5.43017	-5.23915
65	85	85	1.54589	-5.67243	-4.36316
75	5	5	0.362343	-4.94483	-3.69918
75	5	15	0.727293	-5.39001	-5.18642
75	5	25	3.70656	-4.42676	-4.90351
75	5	35	3.72335	-3.69807	-3.19981
75	5	45	3.76908	-3.739	-2.5467
75	5	55	3.2077	-3.79006	-2.52398
75	5	65	1.90291	-5.41891	-4.85139
75	5	75	0.114272	-6.35363	-4.94323
75	5	85	0.0749627	-5.276	-3.20226
75	15	5	-0.285681	-5.6642	-4.8078
75	15	15	-0.744012	-5.44494	-6.03844
75	15	25	1.04177	-4.95401	-5.59561
75	15	35	1.42382	-4.93737	-4.15702
75	15	45	2.45933	-5.14663	-3.28037
75	15	55	2.94209	-5.70839	-3.22153
75	15	65	3.35086	-6.62958	-4.31696
75	15	75	2.77782	-6.28732	-4.62784
75	15	85	1.41689	-5.88087	-4.58118
75	25	5	0.362526	-4.94528	-6.40934
75	25	15	1.01806	-5.076	-7.7848
75	25	25	1.67987	-4.85285	-5.85463
75	25	35	1.97655	-4.88179	-5.0062
75	25	45	2.84121	-4.42753	-4.03321
75	25	55	3.02787	-5.37202	-4.36887
75	25	65	3.20824	-6.12844	-4.72145
75	25	75	3.80007	-6.07624	-4.50567
75	25	85	2.6686	-5.8818	-4.40193
75	35	5	1.12499	-5.0319	-7.79962
75	35	15	2.46685	-5.00636	-8.4686
75	35	25	3.05841	-4.93095	-6.49431
75	35	35	3.3914	-4.20213	-5.91878
75	35	45	3.42965	-3.85072	-3.92487
75	35	55	3.17052	-3.67054	-2.66671
75	35	65	3.66937	-4.82039	-3.55022
75	35	75	2.74431	-3.94208	-3.3753
75	35	85	2.0941	-4.30989	-4.83406
75	45	5	1.39522	-4.94606	-8.50928
75	45	15	3.2606	-4.83407	-8.22514
75	45	25	4.66989	-4.45051	-6.96924
75	45	35	4.7907	-3.70142	-5.64185
75	45	45	5.12041	-3.50726	-4.08098
75	45	55	3.15114	-2.59324	-1.60509
75	45	65	2.97813	-2.61245	-2.22905
75	45	75	3.34823	-0.193324	-3.39392
75	45	85	2.67945	-2.75366	-5.54453
75	55	5	3.18494	-4.78789	-8.37567
75	55	15	4.66304	-4.82812	-7.69818
75	55	25	5.01131	-3.48194	-6.40364
75	55	35	5.28772	-1.52062	-5.16169
75	55	45	5.65229	-0.449392	-4.37822
75	55	55	4.56355	0.511256	-2.01559
75	55	65	3.10378	-0.0425247	-2.41132
75	55	75	3.58619	1.00686	-3.60596
75	55	85	3.18445	-0.457191	-4.91658
75	65	5	4.38018	-4.21992	-7.06384
75	65	15	5.04717	-4.28568	-7.0525
75	65	25	5.58996	-2.50297	-5.89824
75	65	35	5.14478	0.134049	-4.8473
75	65	45	5.8548	1.0782	-4.20997
75	65	55	5.1318	1.06063	-3.06398
75	65	65	2.51112	0.412485	-1.56458
75	65	75	2.25289	0.804335	-2.40964
75	65	85	2.70396	0.514212	-3.6946
75	75	5	4.14836	-4.06518	-4.89904
75	75	15	5.47413	-4.85598	-6.47764
75	75	25	5.48966	-3.82886	-5.77413
75	75	35	5.96771	-2.9937	-5.15103
75	75	45	6.63995	-2.97037	-4.1473
75	75	55	5.78158	-3.28413	-3.33336
75	75	65	2.03192	-4.68003	-4.83002
75	75	75	-0.183771	-4.31056	-4.13411
75	75	85	1.20888	-2.3491	-2.95454
75	85	5	2.69482	-4.73142	-3.72396
75	85	15	3.77022	-5.50987	-6.13029
75	85	25	5.11251	-4.54831	-5.83496
75	85	35	4.79533	-3.67901	-4.17709
75	85	45	4.41563	-3.66829	-3.12271
75	85	55	3.67035	-3.82166	-2.63788
75	85	65	2.54606	-5.68189	-4.98596
75	85	75	0.0371254	-6.48896	-4.9008
75	85	85	0.933954	-4.63296	-2.42515
85	5	5	1.28032	-3.50554	-3.28197
85	5	15	1.08559	-4.14819	-5.29007
85	5	25	2.67952	-2.30058	-4.3107
85	5	35	2.85569	-2.60401	-3.18234
85	5	45	2.89373	-2.84415	-2.73795
85	5	55	2.92183	-2.87393	-2.31032
85	5	65	3.47063	-4.11448	-2.85829
85	5	75	1.61009	-4.28755	-3.19803
85	5	85	1.32976	-2.45752	-1.76036
85	15	5	-1.29812	-3.67721	-3.63159
85	15	15	-0.0511633	-3.80318	-6.19051
85	15	25	0.185412	-2.47434	-3.84948
85	15	35	0.522072	-2.35857	-2.21268
85	15	45	1.18893	-3.00474	-2.16017
85	15	55	2.37255	-4.13303	-2.78506
85	15	65	3.75374	-4.53091	-3.14711
85	15	75	3.44007	-5.42793	-3.86395
85	15	85	0.30519	-5.05741	-3.86556
85	25	5	-1.83853	-4.07824	-6.43129
85	25	15	-1.02246	-5.34507	-7.61565
85	25	25	-2.20563	-5.24156	-5.50818
85	25	35	-2.31504	-5.39832	-4.59434
85	25	45	-1.05998	-5.30308	-3.46817
85	25	55	2.23501	-5.63074	-4.64308
85	25	65	3.63442	-6.0676	-5.06635
85	25	75	3.27396	-5.5402	-4.42302
85	25	85	1.81975	-5.1994	-4.33749
85	35	5	0.989072	-4.45539	-7.96707
85	35	15	0.675902	-4.98886	-7.85143
85	35	25	1.23693	-4.79412	-5.65873
85	35	35	0.623733	-4.37648	-4.56091
85	35	45	0.490212	-3.4609	-3.4632
85	35	55	0.919058	-3.07464	-2.98595
85	35	65	2.77386	-3.97154	-3.12482
85	35	75	2.78628	-3.26521	-2.44844
85	35	85	1.68833	-3.94797	-4.00872
85	45	5	1.0335	-4.93679	-7.47236
85	45	15	1.6424	-4.97734	-7.02051
85	45	25	1.7595	-4.77486	-5.68947
85	45	35	1.64756	-3.55253	-3.73714
85	45	45	0.435581	-2.33691	-2.39836
85	45	55	0.911457	-1.59239	-1.56487
85	45	65	2.45015	-2.37372	-1.98795
85	45	75	1.71347	-1.68742	-1.17691
85	45	85	1.40759	-2.86622	-3.36336
85	55	5	2.51604	-4.98485	-6.51772
85	55	15	2.90038	-5.01534	-6.63719
85	55	25	3.67837	-4.01154	-5.40723
85	55	35	2.58084	-1.28458	-2.73496
85	55	45	1.20285	-0.406181	-1.5763
85	55	55	1.43549	-0.568713	-1.00916
85	55	65	2.0004	-1.07582	-1.22899
85	55	75	1.8757	-0.677189	-1.48781
85	55	85	1.56761	-1.8297	-2.52955
85	65	5	3.33591	-4.80766	-6.46199
85	65	15	3.92009	-4.86009	-6.31389
85	65	25	4.54007	-3.25502	-5.2275
85	65	35	4.2004	-0.296973	-3.86271
85	65	45	2.67689	-0.115104	-2.27845
85	65	55	2.60776	-0.394516	-1.46263
85	65	65	2.77343	-0.690301	-1.63877
85	65	75	2.21169	-0.938625	-2.04537
85	65	85	2.16173	-1.05435	-2.72459
85	75	5	4.15207	-4.59348	-6.42217
85	75	15	4.419	-3.98698	-5.96417
85	75	25	4.54192	-3.04624	-5.03955
85	75	35	4.92794	-1.83682	-4.58315
85	75	45	5.32463	-2.73868	-3.98321
85	75	55	5.18248	-2.92319	-2.5981
85	75	65	3.90012	-2.72908	-2.27146
85	75	75	2.32934	-1.92813	-1.80658
85	75	85	2.36815	-1.34316	-2.27052
85	85	5	3.38811	-4.2896	-4.5925
85	85	15	2.95263	-4.2546	-5.40395
85	85	25	4.03895	-3.69029	-5.25556
85	85	35	4.82602	-3.26227	-4.5624
85	85	45	4.61443	-3.19125	-3.62555
85	85	55	3.91199	-2.95878	-2.55886
85	85	65	3.57369	-4.54999	-3.31903
85	85	75	2.01883	-4.14789	-2.32691
85	85	85	2.58571	-2.69682	-1.67927
