5	5	5	3.00338	-5.10316	-5.42206
5	5	15	3.59869	-5.16484	-6.08517
5	5	25	2.7915	-4.86406	-4.8204
5	5	35	2.93779	-3.51565	-3.25833
5	5	45	3.15489	-3.19537	-2.67163
5	5	55	3.11954	-3.18314	-3.17542
5	5	65	3.92631	-5.06643	-5.93444
5	5	75	3.79936	-4.42065	-4.67155
5	5	85	3.01051	-4.09108	-4.00769
5	15	5	2.9155	-4.72125	-5.08169
5	15	15	3.21348	-4.62004	-5.20242
5	15	25	2.71624	-4.20086	-4.08604
5	15	35	2.83187	-3.28004	-3.05929
5	15	45	2.89424	-3.27241	-2.94922
5	15	55	2.94353	-3.70227	-3.65462
5	15	65	3.97146	-5.26951	-6.05171
5	15	75	3.67283	-4.84799	-5.59743
5	15	85	2.80839	-5.04379	-5.13446
5	25	5	2.99548	-3.69083	-3.97449
5	25	15	3.05265	-3.92679	-4.10761
5	25	25	2.77824	-3.8912	-3.70959
5	25	35	2.81917	-3.85084	-3.58296
5	25	45	3.10201	-3.62454	-3.68166
5	25	55	3.00026	-5.02729	-5.06152
5	25	65	3.05832	-5.11013	-5.57304
5	25	75	3.34075	-5.06302	-5.73025
5	25	85	2.98667	-4.32206	-4.59689
5	35	5	3.36195	-5.05646	-4.73293
5	35	15	3.50475	-4.96768	-4.41886
5	35	25	3.16037	-4.6423	-4.07781
5	35	35	2.79692	-3.33498	-3.21116
5	35	45	3.30595	-3.75355	-4.46679
5	35	55	3.05812	-4.75593	-5.1806
5	35	65	3.04914	-5.18124	-5.51376
5	35	75	3.27796	-5.16279	-5.48809
5	35	85	3.08873	-3.98124	-3.87175
5	45	5	3.57945	-5.48547	-5.02525
5	45	15	3.8343	-6.03982	-5.06744
5	45	25	4.19932	-6.24357	-4.60526
5	45	35	3.55601	-4.04818	-3.41234
5	45	45	3.10834	-4.24392	-4.40123
5	45	55	3.29921	-4.97113	-5.07931
5	45	65	3.32548	-5.59956	-5.3732
5	45	75	3.27725	-5.30205	-5.10742
5	45	85	3.36371	-4.13622	-3.94771
5	55	5	4.57298	-5.80782	-6.14643
5	55	15	4.19296	-6.40123	-5.3758
5	55	25	3.74275	-5.75124	-4.85653
5	55	35	3.63204	-3.75184	-3.64885
5	55	45	3.52601	-4.74197	-5.06655
5	55	55	3.40157	-4.87635	-5.6021
5	55	65	3.39463	-5.4642	-5.57579
5	55	75	3.76047	-4.83402	-4.93938
5	55	85	4.33487	-4.30972	-4.57821
5	65	5	5.78084	-6.7363	-6.45802
5	65	15	5.04005	-6.64981	-5.99067
5	65	25	4.58429	-6.05394	-5.37669
5	65	35	3.82002	-4.17782	-3.58828
5	65	45	3.40298	-4.13811	-3.86359
5	65	55	4.11908	-5.01838	-5.69519
5	65	65	3.61382	-5.35902	-5.81622
5	65	75	4.39071	-4.74681	-5.25688
5	65	85	5.33218	-5.12967	-5.25477
5	75	5	4.42353	-5.4249	-6.27499
5	75	15	4.34629	-5.53124	-6.4176
5	75	25	3.94901	-5.33476	-5.50617
5	75	35	4.12665	-4.61831	-3.8178
5	75	45	3.74829	-3.80209	-2.89852
5	75	55	4.82387	-4.89388	-4.50193
5	75	65	4.15462	-5.95407	-5.76567
5	75	75	4.16307	-4.1739	-4.88195
5	75	85	4.11727	-4.41844	-5.28789
5	85	5	3.96905	-5.50346	-5.53987
5	85	15	4.60903	-5.76748	-6.49347
5	85	25	4.02672	-5.2898	-4.70858
5	85	35	3.47912	-3.94454	-3.20996
5	85	45	3.78916	-3.83277	-2.84172
5	85	55	4.86565	-4.78203	-3.86901
5	85	65	4.24674	-5.67748	-5.74662
5	85	75	3.82266	-3.89556	-3.77997
5	85	85	3.84432	-4.27804	-4.05452
15	5	5	3.31829	-4.43765	-4.8704
15	5	15	4.01411	-5.19734	-6.45825
15	5	25	3.39084	-4.40385	-5.24003
15	5	35	2.72925	-3.12606	-3.30262
15	5	45	2.63124	-3.06231	-3.06244
15	5	55	2.83274	-3.29448	-3.25597
15	5	65	3.95622	-4.30732	-4.70461
15	5	75	4.25154	-3.85339	-3.64169
15	5	85	3.22153	-3.25332	-3.30526
15	15	5	2.77195	-4.95732	-5.13639
15	15	15	3.4915	-5.00081	-5.90113
15	15	25	2.80786	-4.58244	-4.79844
15	15	35	2.77517	-3.43524	-3.21779
15	15	45	2.97192	-3.28468	-2.90397
15	15	55	2.98026	-3.39945	-3.13505
15	15	65	3.40723	-4.01324	-4.11877
15	15	75	3.06239	-3.38602	-3.67946
15	15	85	2.89516	-4.38096	-4.60006
15	25	5	2.85224	-4.73922	-4.68042
15	25	15	3.17262	-5.21599	-5.11438
15	25	25	3.11704	-3.5952	-3.03402
15	25	35	2.8973	-3.84685	-3.50187
15	25	45	2.91585	-3.344	-3.2224
15	25	55	2.63946	-4.68139	-4.705
15	25	65	3.21309	-5.13066	-5.85106
15	25	75	3.39234	-5.1591	-5.72023
15	25	85	2.71469	-4.79409	-4.87605
15	35	5	2.64225	-5.05485	-5.08604
15	35	15	2.90744	-4.94823	-4.87261
15	35	25	2.94948	-4.30698	-3.92214
15	35	35	2.91901	-2.79898	-2.83648
15	35	45	3.65871	-2.79246	-3.85854
15	35	55	2.80625	-4.32752	-4.58277
15	35	65	2.93459	-5.05634	-5.48037
15	35	75	3.32986	-4.86178	-5.60338
15	35	85	2.77547	-4.50165	-4.68287
15	45	5	3.55772	-5.85704	-5.09596
15	45	15	3.75656	-6.13372	-5.17138
15	45	25	4.2874	-6.4887	-4.85634
15	45	35	4.41617	-4.44205	-3.98532
15	45	45	4.44552	-3.56343	-4.25708
15	45	55	3.57749	-4.05508	-4.5607
15	45	65	2.97702	-4.79429	-4.98029
15	45	75	3.55587	-5.12238	-5.52722
15	45	85	3.33786	-4.54131	-4.12408
15	55	5	3.72479	-5.31405	-5.68514
15	55	15	3.50316	-5.79735	-5.34444
15	55	25	3.48398	-5.78233	-5.30711
15	55	35	4.1796	-4.17486	-4.27773
15	55	45	3.42391	-3.82817	-3.77384
15	55	55	3.41549	-4.34289	-4.88333
15	55	65	3.12223	-5.21423	-5.22302
15	55	75	3.29551	-4.20158	-4.66607
15	55	85	3.99676	-3.71732	-4.6821
15	65	5	4.38265	-5.11024	-6.10307
15	65	15	3.53743	-5.66012	-5.52493
15	65	25	3.72473	-5.64456	-5.37185
15	65	35	3.7048	-3.99863	-3.82346
15	65	45	3.36202	-3.64648	-3.65092
15	65	55	3.95185	-3.98917	-4.34834
15	65	65	4.04145	-5.5363	-5.78669
15	65	75	4.65949	-4.42196	-4.93044
15	65	85	5.16432	-4.18524	-5.59934
15	75	5	5.21825	-5.27604	-6.10286
15	75	15	3.99182	-5.64004	-6.00002
15	75	25	3.83839	-5.18237	-5.86803
15	75	35	3.40962	-4.11683	-4.12972
15	75	45	3.23996	-3.35217	-2.90671
15	75	55	4.28063	-4.0411	-4.31151
15	75	65	3.98625	-5.42266	-5.47548
15	75	75	4.87184	-3.72552	-4.71754
15	75	85	5.02033	-3.66244	-4.77016
15	85	5	4.16464	-4.37341	-4.84301
15	85	15	4.12223	-5.43468	-6.33307
15	85	25	4.11269	-4.66514	-5.85961
15	85	35	2.99731	-3.39809	-3.63706
15	85	45	2.67576	-3.11071	-3.03124
15	85	55	3.12121	-4.30523	-4.49503
15	85	65	3.95954	-4.83732	-5.43366
15	85	75	4.12546	-3.40319	-3.61397
15	85	85	4.55227	-3.63045	-3.75967
25	5	5	3.41703	-3.73989	-4.3539
25	5	15	3.50106	-5.12247	-5.97963
25	5	25	3.68661	-4.14589	-5.27362
25	5	35	2.70378	-3.05062	-3.16141
25	5	45	2.59122	-3.30602	-3.26596
25	5	55	2.71285	-4.20038	-4.28179
25	5	65	3.51225	-4.0431	-4.32273
25	5	75	3.57968	-4.57568	-4.07023
25	5	85	3.11945	-3.50242	-3.09489
25	15	5	2.69368	-4.76152	-4.8189
25	15	15	3.45157	-5.08596	-5.98541
25	15	25	3.50071	-4.48195	-5.27159
25	15	35	2.73965	-3.40805	-3.23666
25	15	45	2.91189	-3.36291	-3.16177
25	15	55	2.7723	-3.41968	-3.3209
25	15	65	2.89269	-3.26393	-3.36311
25	15	75	2.65476	-3.1782	-3.19688
25	15	85	2.55606	-3.34256	-3.33837
25	25	5	2.65193	-4.90727	-4.84637
25	25	15	3.87268	-5.53959	-5.85953
25	25	25	3.51954	-4.20083	-3.56692
25	25	35	3.13821	-3.55365	-2.97603
25	25	45	2.93199	-3.5843	-3.44325
25	25	55	2.63183	-4.75525	-4.75847
25	25	65	2.27184	-5.00144	-5.12144
25	25	75	2.35227	-4.9328	-5.01397
25	25	85	2.59194	-4.90642	-4.86557
25	35	5	2.65464	-5.13868	-5.03507
25	35	15	2.86662	-5.10558	-5.03238
25	35	25	2.7803	-4.05392	-3.88954
25	35	35	2.85053	-2.91945	-2.78133
25	35	45	2.90006	-2.7369	-2.99219
25	35	55	2.6146	-4.12316	-4.16438
25	35	65	2.45341	-4.97394	-5.01394
25	35	75	2.64386	-4.6014	-4.74224
25	35	85	2.62588	-4.54078	-4.58084
25	45	5	2.5957	-4.99441	-4.9896
25	45	15	2.95827	-5.16734	-5.4409
25	45	25	2.81451	-5.18089	-5.19188
25	45	35	3.09936	-3.9026	-4.04235
25	45	45	3.45672	-2.73531	-3.35574
25	45	55	2.93321	-3.81596	-3.83709
25	45	65	2.75265	-4.86736	-4.86777
25	45	75	2.74944	-4.02154	-4.10274
25	45	85	2.61051	-3.75643	-3.81686
25	55	5	2.63064	-4.83843	-4.91838
25	55	15	3.15148	-5.09953	-5.69986
25	55	25	2.80186	-5.14104	-5.3118
25	55	35	3.41532	-4.15656	-4.69991
25	55	45	3.07688	-2.90928	-2.98783
25	55	55	3.01503	-3.20326	-3.33926
25	55	65	2.85505	-4.31751	-4.53831
25	55	75	2.77386	-3.65433	-3.89549
25	55	85	2.63146	-3.2965	-3.43691
25	65	5	3.07023	-4.44794	-4.88874
25	65	15	3.01543	-5.11906	-5.54186
25	65	25	2.85863	-5.1031	-5.3683
25	65	35	3.05791	-4.00437	-4.42565
25	65	45	2.81629	-2.85106	-2.83069
25	65	55	3.41107	-3.18732	-3.32731
25	65	65	3.25543	-4.06362	-3.80803
25	65	75	3.35423	-3.79866	-3.48187
25	65	85	3.37264	-3.40123	-3.80285
25	75	5	4.63264	-4.57251	-5.05253
25	75	15	3.67662	-5.69422	-5.61903
25	75	25	3.83665	-5.9024	-5.5472
25	75	35	3.11708	-4.49843	-4.70449
25	75	45	2.73387	-3.38948	-3.20673
25	75	55	3.17664	-3.99007	-4.40527
25	75	65	3.48423	-4.81897	-4.73298
25	75	75	4.56025	-4.22273	-3.62315
25	75	85	4.29389	-3.87364	-3.4133
25	85	5	4.03556	-4.04376	-4.60004
25	85	15	3.23949	-5.44999	-5.41272
25	85	25	3.39265	-4.9564	-5.68922
25	85	35	2.72905	-3.78883	-3.78446
25	85	45	2.59307	-3.45549	-3.41432
25	85	55	2.75466	-4.89812	-5.09693
25	85	65	3.37751	-4.79191	-5.60704
25	85	75	3.17437	-3.35237	-3.58025
25	85	85	3.71758	-3.74654	-3.30246
35	5	5	3.06156	-3.46935	-3.51883
35	5	15	3.04415	-5.20352	-5.4328
35	5	25	2.92032	-4.62941	-4.94337
35	5	35	2.51446	-2.9994	-3.02012
35	5	45	2.53284	-3.59443	-3.65529
35	5	55	2.67179	-5.04841	-5.00891
35	5	65	2.87355	-4.95957	-5.19878
35	5	75	2.67534	-4.59801	-4.59776
35	5	85	2.69793	-3.58956	-3.48353
35	15	5	2.77586	-4.22511	-4.36031
35	15	15	3.15903	-5.11745	-5.65511
35	15	25	3.18287	-4.32451	-4.87038
35	15	35	2.53524	-3.08367	-3.04623
35	15	45	2.58992	-3.3786	-3.33908
35	15	55	2.67033	-4.52374	-4.4446
35	15	65	2.65233	-4.54409	-4.60362
35	15	75	2.59519	-4.11578	-4.11648
35	15	85	2.55362	-2.93832	-2.93662
35	25	5	2.57129	-4.867	-4.84679
35	25	15	3.21514	-5.27528	-5.57759
35	25	25	3.7015	-4.94173	-4.65256
35	25	35	3.39604	-4.20964	-3.37146
35	25	45	3.59038	-4.50136	-3.66312
35	25	55	2.9123	-4.98129	-4.65891
35	25	65	2.61227	-5.06604	-5.06564
35	25	75	2.31386	-4.96449	-4.92406
35	25	85	2.552	-4.90286	-4.90354
35	35	5	2.59145	-4.95773	-4.99732
35	35	15	3.15664	-5.27694	-5.40173
35	35	25	3.13275	-4.38319	-4.28049
35	35	35	2.91138	-3.84042	-3.57593
35	35	45	2.94775	-2.95427	-2.9213
35	35	55	2.70426	-4.43809	-4.3281
35	35	65	2.63788	-5.06079	-5.09477
35	35	75	2.59193	-4.92051	-4.88164
35	35	85	2.56556	-4.45873	-4.43832
35	45	5	2.61334	-4.63282	-4.69041
35	45	15	3.17544	-5.10273	-5.7431
35	45	25	2.58909	-5.10146	-5.13306
35	45	35	2.66145	-4.23921	-4.34549
35	45	45	2.69664	-2.65772	-2.75592
35	45	55	2.79564	-3.85676	-3.73546
35	45	65	2.79314	-5.20214	-5.04406
35	45	75	2.65473	-4.07993	-4.02189
35	45	85	2.5732	-3.71452	-3.67254
35	55	5	2.57116	-4.33528	-4.35513
35	55	15	3.41308	-5.09946	-5.96139
35	55	25	2.79312	-5.14208	-5.30403
35	55	35	2.7642	-4.34113	-4.43423
35	55	45	2.77409	-2.774	-2.717
35	55	55	2.75311	-3.05309	-2.97271
35	55	65	2.63316	-4.31439	-4.39317
35	55	75	2.57321	-3.1955	-3.21736
35	55	85	2.47134	-3.31941	-3.31935
35	65	5	2.65062	-4.16633	-4.10633
35	65	15	3.13102	-5.13678	-5.63678
35	65	25	2.76222	-5.10199	-5.27319
35	65	35	2.68197	-4.46282	-4.55217
35	65	45	2.55117	-2.81992	-2.82007
35	65	55	2.81187	-3.33371	-3.31456
35	65	65	2.91151	-4.28119	-4.12087
35	65	75	3.05465	-3.60554	-3.14913
35	65	85	2.77103	-3.33347	-3.11348
35	75	5	3.99742	-4.83003	-3.74442
35	75	15	4.07782	-6.29459	-5.40859
35	75	25	3.89903	-6.18557	-5.24637
35	75	35	3.39391	-5.34205	-4.74412
35	75	45	3.11188	-4.13923	-3.58009
35	75	55	2.8519	-4.91456	-5.05465
35	75	65	2.83235	-4.97735	-5.01708
35	75	75	2.91587	-3.83567	-3.63252
35	75	85	3.47824	-3.79157	-2.94519
35	85	5	3.21128	-3.87529	-3.73586
35	85	15	3.11198	-5.37559	-5.33623
35	85	25	3.17628	-5.32393	-5.30508
35	85	35	2.74989	-4.37806	-4.1841
35	85	45	2.62077	-4.21559	-4.18689
35	85	55	2.73845	-5.01094	-5.18476
35	85	65	2.80273	-5.02814	-5.25897
35	85	75	2.65443	-4.12636	-4.14942
35	85	85	2.94451	-3.89103	-3.57919
45	5	5	2.69834	-3.23807	-3.17078
45	5	15	2.93226	-5.31034	-5.22992
45	5	25	2.93249	-4.72014	-4.58435
45	5	35	2.60653	-3.18948	-3.0661
45	5	45	2.52406	-3.92538	-3.89492
45	5	55	2.61518	-5.06388	-5.12694
45	5	65	2.7342	-5.12142	-5.26192
45	5	75	2.63673	-4.68482	-4.6816
45	5	85	2.65855	-3.94841	-3.88256
45	15	5	2.61901	-3.59684	-3.64967
45	15	15	2.64405	-5.07659	-5.14599
45	15	25	2.69992	-4.12667	-4.1855
45	15	35	2.43923	-2.71336	-2.79892
45	15	45	2.48285	-3.38203	-3.33372
45	15	55	2.63455	-5.01355	-5.01693
45	15	65	2.83441	-5.10103	-5.02109
45	15	75	2.6144	-4.55965	-4.54045
45	15	85	2.63318	-2.97245	-2.89114
45	25	5	2.71641	-4.78248	-4.90036
45	25	15	2.99476	-5.10452	-5.54643
45	25	25	2.74118	-4.3223	-4.47075
45	25	35	2.75632	-4.00644	-3.97013
45	25	45	3.23677	-4.60407	-4.0466
45	25	55	3.31435	-5.51083	-4.78931
45	25	65	3.25348	-5.46932	-5.01015
45	25	75	2.89548	-5.11248	-4.8129
45	25	85	2.57674	-4.48634	-4.46315
45	35	5	2.81631	-4.58248	-4.63892
45	35	15	3.21467	-5.21774	-5.63977
45	35	25	2.82313	-4.62309	-4.69279
45	35	35	2.78045	-4.22604	-4.13225
45	35	45	2.71715	-3.11099	-3.06987
45	35	55	2.7575	-4.67653	-4.51253
45	35	65	2.73945	-5.20084	-5.11324
45	35	75	2.59713	-4.78498	-4.82134
45	35	85	2.59636	-4.24211	-4.20015
45	45	5	2.82053	-3.79826	-4.0488
45	45	15	3.50442	-5.1069	-6.06479
45	45	25	2.95128	-5.08406	-5.47766
45	45	35	2.64864	-4.7445	-4.83475
45	45	45	2.63403	-2.95258	-3.03154
45	45	55	2.5735	-3.99644	-4.01561
45	45	65	2.69361	-5.10791	-5.12694
45	45	75	2.63777	-4.40454	-4.32398
45	45	85	2.56007	-3.32595	-3.3183
45	55	5	2.6711	-3.69393	-3.81385
45	55	15	3.29308	-5.09267	-5.83461
45	55	25	2.96833	-5.10207	-5.51967
45	55	35	2.64661	-4.62197	-4.71754
45	55	45	2.67396	-2.70476	-2.74767
45	55	55	2.65227	-3.43271	-3.5339
45	55	65	2.69274	-4.83359	-4.97508
45	55	75	2.57685	-3.50022	-3.4857
45	55	85	2.53266	-3.02097	-3.02063
45	65	5	2.99104	-3.928	-3.68798
45	65	15	3.95225	-5.38673	-6.1879
45	65	25	3.52785	-5.422	-5.7588
45	65	35	2.88285	-5.04205	-5.01386
45	65	45	2.61432	-2.82602	-2.84852
45	65	55	2.57425	-3.97268	-3.9959
45	65	65	2.67226	-4.73824	-4.81947
45	65	75	2.59748	-3.60627	-3.5727
45	65	85	2.75112	-3.12393	-2.92399
45	75	5	4.18423	-5.19547	-3.56228
45	75	15	5.10342	-7.07414	-5.64173
45	75	25	5.06664	-7.08994	-5.58955
45	75	35	3.6611	-5.86445	-4.76891
45	75	45	3.41429	-5.18964	-4.41131
45	75	55	3.01632	-5.4976	-5.0405
45	75	65	3.07195	-5.38427	-5.2244
45	75	75	3.0735	-5.00243	-4.48089
45	75	85	3.55985	-4.59134	-3.58252
45	85	5	2.89465	-4.4817	-4.17811
45	85	15	3.29777	-5.59763	-5.29168
45	85	25	3.27116	-5.59788	-5.12578
45	85	35	2.97748	-4.90446	-4.56368
45	85	45	2.64307	-4.32044	-4.27647
45	85	55	2.60166	-5.09559	-5.09822
45	85	65	2.60014	-5.08352	-5.11897
45	85	75	2.65484	-4.64008	-4.578
45	85	85	2.68532	-4.32532	-4.23105
55	5	5	2.65775	-3.63094	-3.56423
55	5	15	3.13065	-5.46198	-5.28397
55	5	25	3.28369	-4.97208	-4.52344
55	5	35	3.01508	-3.66202	-3.60212
55	5	45	2.94882	-4.05661	-4.32202
55	5	55	2.6688	-5.08841	-5.19947
55	5	65	2.59813	-5.10519	-5.14478
55	5	75	2.6349	-4.88459	-4.80236
55	5	85	2.61623	-4.33552	-4.27197
55	15	5	2.79425	-3.30004	-3.09765
55	15	15	2.88096	-5.25054	-5.20463
55	15	25	2.89977	-3.88726	-4.14507
55	15	35	3.15795	-2.89204	-3.41335
55	15	45	2.77198	-3.68292	-3.82284
55	15	55	2.72343	-5.15992	-5.17104
55	15	65	2.73492	-5.22265	-5.16378
55	15	75	2.63376	-4.8627	-4.86404
55	15	85	2.65248	-3.23383	-3.13324
55	25	5	2.79433	-4.54027	-4.41867
55	25	15	2.97558	-5.29313	-5.275
55	25	25	2.93595	-4.66176	-4.96576
55	25	35	3.19921	-4.12166	-4.64978
55	25	45	2.80397	-4.33869	-4.43074
55	25	55	2.81848	-5.0509	-4.95584
55	25	65	2.89767	-5.28158	-5.12401
55	25	75	2.97311	-5.07924	-4.69962
55	25	85	2.81517	-4.17405	-3.95084
55	35	5	3.10958	-4.62652	-4.35051
55	35	15	3.49073	-5.56966	-5.5604
55	35	25	3.16355	-5.3093	-5.14657
55	35	35	2.9245	-4.8725	-4.91304
55	35	45	2.78034	-3.86172	-3.72302
55	35	55	2.73435	-4.72089	-4.70173
55	35	65	2.75587	-5.13818	-5.17741
55	35	75	2.70273	-4.94662	-4.92104
55	35	85	2.82566	-4.1287	-4.01756
55	45	5	2.74253	-3.23364	-3.32581
55	45	15	3.10016	-5.09348	-5.63478
55	45	25	2.94489	-5.1049	-5.49284
55	45	35	2.67913	-4.99329	-5.11569
55	45	45	2.61351	-3.32171	-3.38336
55	45	55	2.57264	-4.44096	-4.46096
55	45	65	2.61424	-5.07143	-5.13143
55	45	75	2.64132	-4.56676	-4.64565
55	45	85	2.60289	-3.4244	-3.45869
55	55	5	2.83426	-2.82746	-3.10848
55	55	15	3.3985	-5.0568	-5.90223
55	55	25	3.24924	-5.10329	-5.7989
55	55	35	2.6007	-4.84205	-4.89087
55	55	45	2.59268	-3.01524	-3.05606
55	55	55	2.61145	-4.01904	-4.03941
55	55	65	2.71589	-5.03997	-5.2047
55	55	75	2.58617	-3.84105	-3.87594
55	55	85	2.55285	-2.90707	-2.90759
55	65	5	3.09235	-3.74207	-3.40085
55	65	15	4.0939	-5.73393	-5.9567
55	65	25	3.94993	-5.6619	-5.82072
55	65	35	3.09746	-5.28207	-5.02845
55	65	45	2.75225	-3.59284	-3.51327
55	65	55	2.67144	-4.6133	-4.6537
55	65	65	2.89383	-5.04867	-5.27145
55	65	75	2.60353	-4.37667	-4.38917
55	65	85	2.65172	-3.27009	-3.16982
55	75	5	4.32512	-5.79257	-4.13849
55	75	15	5.57225	-7.25218	-5.91257
55	75	25	5.45983	-7.33934	-5.61294
55	75	35	4.50201	-6.74806	-5.08702
55	75	45	3.89306	-5.91805	-4.89847
55	75	55	3.01305	-5.43652	-5.09773
55	75	65	3.07384	-5.27987	-5.40185
55	75	75	2.8967	-5.25602	-4.9184
55	75	85	3.69874	-5.53903	-4.39134
55	85	5	2.88552	-4.96613	-4.63167
55	85	15	3.2972	-5.43662	-5.45205
55	85	25	3.95605	-6.06307	-5.38523
55	85	35	3.60606	-5.37329	-4.56503
55	85	45	3.22788	-4.96726	-4.70007
55	85	55	2.66504	-5.17499	-5.11379
55	85	65	2.60236	-5.12838	-5.12442
55	85	75	2.61855	-5.08798	-5.0213
55	85	85	2.77465	-5.25281	-5.03003
65	5	5	2.64216	-4.43168	-4.42064
65	5	15	2.87145	-5.19305	-5.23265
65	5	25	3.11694	-5.11771	-4.89106
65	5	35	3.08645	-3.41405	-3.36227
65	5	45	3.01168	-3.42908	-3.60924
65	5	55	2.76158	-5.03605	-5.19432
65	5	65	2.60443	-5.13391	-5.12299
65	5	75	2.64157	-5.11135	-5.06323
65	5	85	2.5866	-4.83512	-4.80129
65	15	5	2.77568	-3.28968	-3.14583
65	15	15	2.77465	-4.97369	-4.9517
65	15	25	2.72227	-3.74886	-3.78612
65	15	35	3.15445	-2.69089	-3.2478
65	15	45	3.27403	-3.36979	-4.08923
65	15	55	2.74123	-5.08241	-5.22742
65	15	65	2.65546	-5.16488	-5.14296
65	15	75	2.69788	-5.00763	-4.94329
65	15	85	2.59415	-3.59869	-3.5565
65	25	5	3.29619	-4.1073	-3.56318
65	25	15	3.57937	-5.84581	-5.16563
65	25	25	3.4814	-5.54545	-5.02744
65	25	35	3.95474	-4.43847	-5.07891
65	25	45	3.46307	-4.42061	-4.68541
65	25	55	2.87677	-5.23334	-5.15851
65	25	65	2.25525	-5.12377	-5.16363
65	25	75	2.71336	-4.76267	-4.64372
65	25	85	3.01418	-3.59873	-3.17731
65	35	5	3.15135	-3.73831	-3.45923
65	35	15	3.25733	-5.53046	-5.27017
65	35	25	3.15475	-5.15754	-5.36906
65	35	35	3.32406	-4.94054	-5.41735
65	35	45	3.00368	-4.24409	-4.41103
65	35	55	2.79876	-5.00598	-5.21208
65	35	65	2.65314	-5.11779	-5.13908
65	35	75	2.64564	-4.58081	-4.52378
65	35	85	2.87919	-3.45922	-3.21649
65	45	5	2.84514	-3.07135	-3.30021
65	45	15	2.85145	-5.01972	-5.20907
65	45	25	2.9527	-5.05323	-5.35225
65	45	35	2.88195	-5.12374	-5.32405
65	45	45	2.67681	-4.05576	-4.13827
65	45	55	2.67433	-4.83476	-4.91566
65	45	65	2.71594	-5.09402	-5.25568
65	45	75	2.64217	-4.38476	-4.469
65	45	85	2.62088	-3.16361	-3.22075
65	55	5	2.83629	-2.89259	-3.1293
65	55	15	3.16005	-4.82743	-5.30896
65	55	25	2.8161	-4.70428	-4.96438
65	55	35	2.65728	-4.9845	-5.08584
65	55	45	2.59282	-3.36111	-3.40031
65	55	55	2.65158	-4.44657	-4.50684
65	55	65	2.78114	-5.06929	-5.31844
65	55	75	2.70595	-4.162	-4.31573
65	55	85	2.64327	-2.79149	-2.88319
65	65	5	3.25881	-3.92327	-3.86077
65	65	15	4.10122	-5.66111	-5.80214
65	65	25	4.03449	-5.78201	-5.22369
65	65	35	3.49304	-5.90209	-5.08401
65	65	45	2.87189	-4.31765	-4.03688
65	65	55	2.83146	-4.80072	-5.00031
65	65	65	3.32229	-5.06042	-5.7908
65	65	75	2.63084	-4.66161	-4.70021
65	65	85	2.74	-3.71942	-3.7432
65	75	5	3.85252	-5.84357	-4.82471
65	75	15	5.21831	-6.69008	-5.90924
65	75	25	5.1403	-7.35031	-5.40193
65	75	35	4.66419	-7.09244	-5.0624
65	75	45	4.15389	-6.20008	-4.63807
65	75	55	3.29228	-5.65029	-5.18906
65	75	65	3.55667	-5.47191	-5.73667
65	75	75	2.94434	-5.40225	-5.03102
65	75	85	2.90872	-5.28223	-4.92973
65	85	5	2.81054	-5.1869	-5.00827
65	85	15	3.44722	-5.41736	-5.64198
65	85	25	3.74075	-6.02231	-5.33029
65	85	35	4.14509	-6.01309	-4.54185
65	85	45	3.73087	-4.67783	-3.6597
65	85	55	2.98077	-5.32449	-5.13474
65	85	65	2.92048	-5.26856	-5.32234
65	85	75	2.73979	-5.28951	-5.10243
65	85	85	2.70418	-5.23089	-5.07885
75	5	5	2.70476	-5.09461	-4.98226
75	5	15	3.20684	-5.27223	-5.5023
75	5	25	2.76239	-5.16205	-5.09258
75	5	35	2.95369	-3.82136	-3.50457
75	5	45	2.71419	-2.99277	-2.82962
75	5	55	2.7212	-4.52096	-4.51238
75	5	65	2.72328	-5.23043	-5.14242
75	5	75	2.73812	-5.24102	-5.11011
75	5	85	2.8534	-5.24221	-4.98423
75	15	5	2.66604	-3.57042	-3.45662
75	15	15	3.26504	-4.51994	-4.7693
75	15	25	2.85516	-3.9743	-3.85195
75	15	35	2.78135	-3.00427	-2.81491
75	15	45	2.83375	-3.16433	-3.30322
75	15	55	2.79412	-5.10685	-4.9878
75	15	65	2.63642	-5.1249	-5.16089
75	15	75	2.70428	-5.19151	-5.12582
75	15	85	2.58585	-4.05311	-4.02341
75	25	5	2.87438	-2.95358	-2.71203
75	25	15	3.73927	-5.38744	-4.60503
75	25	25	3.72456	-5.96204	-4.80553
75	25	35	3.4176	-4.61895	-3.8749
75	25	45	3.33672	-4.27865	-4.25335
75	25	55	2.75649	-5.18956	-5.10903
75	25	65	2.23487	-5.0621	-5.08414
75	25	75	2.27522	-4.86286	-4.86541
75	25	85	2.59236	-2.99927	-2.99815
75	35	5	3.07854	-3.36638	-3.24739
75	35	15	3.49194	-5.22096	-4.89846
75	35	25	3.43203	-5.67657	-5.0037
75	35	35	3.53884	-5.44292	-5.29775
75	35	45	3.09921	-4.74646	-4.764
75	35	55	2.73528	-5.02401	-5.04413
75	35	65	2.69611	-5.16109	-5.18532
75	35	75	2.66734	-4.44203	-4.40435
75	35	85	2.75323	-3.03406	-2.87823
75	45	5	2.71504	-3.71715	-3.85394
75	45	15	3.14611	-4.58008	-4.74695
75	45	25	2.98491	-4.36864	-4.42713
75	45	35	3.16547	-5.02371	-5.38919
75	45	45	3.02052	-4.67907	-4.90212
75	45	55	2.70158	-5.06685	-5.08776
75	45	65	2.70797	-5.10694	-5.28942
75	45	75	2.7215	-4.64598	-4.7676
75	45	85	2.61203	-3.34007	-3.34111
75	55	5	2.92532	-3.81298	-3.92761
75	55	15	3.32558	-4.85805	-5.11806
75	55	25	3.06117	-4.40849	-4.46023
75	55	35	2.80317	-4.74485	-4.90737
75	55	45	2.65857	-4.1836	-4.28628
75	55	55	2.75646	-4.80156	-4.92524
75	55	65	2.94721	-5.1176	-5.47113
75	55	75	2.75322	-4.26407	-4.42182
75	55	85	2.6664	-3.02832	-3.06231
75	65	5	3.56991	-5.11088	-4.61966
75	65	15	4.68956	-6.00649	-6.12678
75	65	25	3.94419	-5.63855	-4.62516
75	65	35	4.01771	-5.95576	-4.53899
75	65	45	3.15181	-5.05985	-4.50022
75	65	55	3.15484	-4.98938	-5.34883
75	65	65	3.32967	-5.15073	-5.80498
75	65	75	3.172	-4.64367	-5.22006
75	65	85	2.72422	-3.80688	-3.73279
75	75	5	3.46174	-5.60275	-5.25344
75	75	15	4.63373	-5.9646	-6.13964
75	75	25	4.4389	-6.70846	-5.01768
75	75	35	4.59704	-6.57885	-4.53762
75	75	45	4.18441	-5.61299	-3.98128
75	75	55	4.04167	-5.76976	-5.36156
75	75	65	3.98894	-5.58271	-6.04562
75	75	75	3.26227	-5.47274	-5.40011
75	75	85	3.0792	-5.30895	-5.04486
75	85	5	3.44754	-5.83388	-5.25972
75	85	15	4.12786	-5.64804	-6.11614
75	85	25	3.65019	-6.04035	-5.09747
75	85	35	4.38665	-6.29581	-4.50308
75	85	45	4.23275	-4.66134	-2.98123
75	85	55	3.8237	-5.52462	-4.77277
75	85	65	3.40076	-5.40831	-5.64339
75	85	75	3.2894	-5.69013	-5.2119
75	85	85	3.08369	-5.46703	-5.06644
85	5	5	3.28782	-5.61333	-5.12349
85	5	15	4.17884	-5.76254	-5.94922
85	5	25	3.2401	-5.5785	-5.03432
85	5	35	3.25382	-4.12268	-3.50089
85	5	45	3.0641	-3.10191	-2.63043
85	5	55	2.76769	-3.61587	-3.64001
85	5	65	3.10854	-5.14412	-5.5939
85	5	75	3.08821	-5.25719	-5.32405
85	5	85	3.08355	-5.43545	-5.02035
85	15	5	2.7594	-4.38051	-4.46635
85	15	15	3.22114	-4.46207	-4.88651
85	15	25	2.96429	-4.40763	-4.28801
85	15	35	2.78275	-3.11171	-2.86089
85	15	45	2.81679	-3.215	-2.98924
85	15	55	2.94217	-4.70166	-4.52267
85	15	65	3.12583	-5.25861	-5.49347
85	15	75	2.70615	-5.12743	-5.19171
85	15	85	2.62692	-4.56297	-4.55621
85	25	5	2.7361	-2.92122	-2.9047
85	25	15	3.25869	-3.93192	-4.31399
85	25	25	3.16029	-5.09097	-4.5298
85	25	35	3.43833	-4.48209	-3.67567
85	25	45	2.97644	-4.06009	-3.83671
85	25	55	2.85168	-5.18803	-4.95633
85	25	65	2.84366	-5.20224	-5.28783
85	25	75	2.70099	-4.90367	-5.01031
85	25	85	2.64158	-3.52168	-3.49216
85	35	5	3.20047	-4.10277	-3.7458
85	35	15	3.66079	-4.69751	-4.4391
85	35	25	3.31949	-5.0934	-4.45115
85	35	35	2.95606	-4.58088	-4.21604
85	35	45	2.91886	-4.78042	-4.69996
85	35	55	2.85941	-5.11871	-5.10461
85	35	65	2.96081	-5.32216	-5.2495
85	35	75	2.9177	-5.14243	-4.7867
85	35	85	2.81794	-3.27885	-3.10256
85	45	5	3.04657	-4.41207	-4.83756
85	45	15	3.24636	-4.8926	-4.60447
85	45	25	3.48088	-4.85548	-4.05795
85	45	35	3.15441	-4.29841	-3.98096
85	45	45	2.90162	-4.93835	-4.80731
85	45	55	2.90567	-5.03128	-5.14262
85	45	65	2.7708	-5.14286	-5.2746
85	45	75	2.92704	-4.66849	-4.91157
85	45	85	2.87551	-3.41857	-3.52037
85	55	5	3.78264	-4.96876	-5.83526
85	55	15	3.6134	-5.68694	-5.24358
85	55	25	3.50573	-4.88373	-4.92562
85	55	35	3.02858	-3.90762	-4.05718
85	55	45	2.92422	-4.72438	-4.92478
85	55	55	3.0472	-4.82153	-5.29689
85	55	65	2.96268	-5.20925	-5.40249
85	55	75	3.21623	-4.19201	-4.63719
85	55	85	3.1894	-3.22732	-3.63593
85	65	5	4.22205	-5.64643	-5.70411
85	65	15	5.09911	-6.57453	-6.12089
85	65	25	4.60968	-6.20386	-4.87883
85	65	35	4.27322	-5.05009	-3.83928
85	65	45	3.96002	-5.25525	-4.30175
85	65	55	3.92128	-5.53094	-5.64656
85	65	65	4.02087	-5.56625	-6.09402
85	65	75	3.66033	-4.87708	-5.23608
85	65	85	3.37105	-4.28167	-3.90804
85	75	5	3.3532	-5.40515	-5.54436
85	75	15	4.81267	-5.83422	-6.56166
85	75	25	4.51745	-6.37853	-4.90779
85	75	35	4.63123	-5.95997	-3.93765
85	75	45	4.34187	-5.11919	-3.49222
85	75	55	4.41955	-5.25565	-5.03206
85	75	65	4.09833	-5.71064	-6.03136
85	75	75	3.39523	-5.34833	-5.45942
85	75	85	3.15766	-5.04751	-4.82399
85	85	5	4.00387	-6.06735	-5.50202
85	85	15	5.131	-6.75172	-6.02717
85	85	25	4.31446	-6.32398	-4.7999
85	85	35	4.614	-5.59939	-3.62035
85	85	45	4.59896	-4.73735	-2.812
85	85	55	4.22974	-4.79753	-4.16041
85	85	65	3.98567	-5.56545	-6.06201
85	85	75	3.66042	-5.48887	-5.58434
85	85	85	3.53624	-5.77184	-4.85661
