5	5	5	-0.110235	-0.255908	-0.0603167
5	5	15	-0.200303	-1.30601	-0.237292
5	5	25	-0.968687	-1.45513	-3.9442
5	5	35	-1.13708	-0.935775	-2.09071
5	5	45	-0.478329	-0.0917541	-0.406716
5	5	55	-0.291843	-0.0883493	0.104107
5	5	65	-2.17785	-0.957518	0.21414
5	5	75	-4.19485	-1.73411	-3.23107
5	5	85	-0.807428	-0.836237	-1.29053
5	15	5	-0.248892	0.95407	-0.258664
5	15	15	-0.202047	1.42158	-0.405559
5	15	25	-1.72138	4.99995	-1.78134
5	15	35	-0.833556	3.56796	-1.49443
5	15	45	0.0503564	0.631825	-0.244414
5	15	55	0.00759898	0.486622	0.00685137
5	15	65	-1.29773	3.46634	0.715859
5	15	75	-2.99107	5.49807	-2.20755
5	15	85	-1.54719	3.04534	-0.1465
5	25	5	0.326423	-0.413055	-0.482768
5	25	15	0.407398	0.0393755	-1.91953
5	25	25	-0.0119616	1.19335	-1.06454
5	25	35	0.48458	0.606591	1.07678
5	25	45	0.364796	0.0036955	1.06461
5	25	55	0.0946833	-0.0804009	-1.03936
5	25	65	-0.849667	-0.505285	-2.12657
5	25	75	-1.37187	-0.781837	-1.06767
5	25	85	-0.403455	-0.274268	0.0124438
5	35	5	0.219498	-1.12552	-0.517426
5	35	15	0.801747	-2.76514	0.33649
5	35	25	3.6059	-6.56974	3.0093
5	35	35	3.2544	-6.15113	1.72983
5	35	45	1.10553	-1.63938	0.943307
5	35	55	0.581671	-1.33621	-0.919292
5	35	65	-0.595165	-4.77319	-2.20312
5	35	75	-2.10326	-6.40552	-3.94208
5	35	85	-0.334578	-3.79792	-0.992964
5	45	5	0.0282372	-0.446546	0.00984085
5	45	15	0.56094	-2.123	1.12754
5	45	25	4.74615	-4.69963	5.26534
5	45	35	4.32118	-3.1091	1.76964
5	45	45	0.979783	-1.12341	-0.199346
5	45	55	0.271706	-1.2903	-0.714825
5	45	65	-0.28346	-0.85279	-3.52782
5	45	75	-2.42449	-3.17745	-5.55383
5	45	85	-0.735757	-2.2915	-0.963016
5	55	5	-0.241857	0.388526	0.317566
5	55	15	0.630494	1.46043	1.19274
5	55	25	4.80521	4.23494	3.5063
5	55	35	4.30608	2.26167	0.0566493
5	55	45	0.894538	1.17355	0.00519747
5	55	55	0.566142	1.13397	0.0043066
5	55	65	-0.135374	1.91605	-0.887756
5	55	75	-3.01566	4.23132	-5.07754
5	55	85	-0.386482	2.83643	-1.35524
5	65	5	0.154368	0.907915	0.433227
5	65	15	0.57078	1.62185	0.0612141
5	65	25	3.29071	5.87047	1.06241
5	65	35	2.57576	4.97593	-0.357383
5	65	45	0.580275	1.74257	0.379367
5	65	55	-0.0196467	1.29585	-0.257444
5	65	65	0.102002	4.51067	0.149147
5	65	75	-2.17724	6.12942	-2.63098
5	65	85	-0.35725	3.21045	-0.181508
5	75	5	0.198478	-0.797805	-0.222397
5	75	15	0.845287	-2.98256	-1.73002
5	75	25	0.409191	-5.1519	-2.28266
5	75	35	-0.222048	-3.50403	-0.0426729
5	75	45	-0.0815834	-0.911055	0.376206
5	75	55	0.000726678	-1.24587	-0.0949227
5	75	65	-0.63981	-2.66792	-0.408356
5	75	75	-1.13175	-3.3951	0.17419
5	75	85	0.120313	-2.2774	0.496673
5	85	5	-0.131779	-1.58622	-0.130945
5	85	15	0.707324	-4.30175	0.659279
5	85	25	-0.893879	-7.85048	-2.20527
5	85	35	-1.19017	-5.45497	-2.36811
5	85	45	-0.297902	-1.1125	-0.290632
5	85	55	-0.279143	-1.31815	0.0915959
5	85	65	-1.20375	-4.56246	1.19668
5	85	75	-2.87983	-7.22646	-1.5422
5	85	85	-0.956837	-4.76291	-1.38792
15	5	5	-0.565252	-0.298765	-0.609779
15	5	15	1.10142	-0.0698428	-0.723974
15	5	25	6.2355	-0.395728	-1.66403
15	5	35	0.341918	-0.00255775	-0.370195
15	5	45	-0.667539	-0.182742	-0.100968
15	5	55	-0.221523	-0.302741	-0.205157
15	5	65	2.54086	-0.111201	-0.177056
15	5	75	4.90602	-0.407557	-0.328679
15	5	85	-0.22581	-0.323311	-0.180534
15	15	5	-0.247715	-0.202558	-0.46869
15	15	15	0.92402	1.42746	-1.18871
15	15	25	3.79442	4.29054	-1.89342
15	15	35	0.724376	1.68769	-0.107772
15	15	45	-0.573067	0.226533	0.52345
15	15	55	-0.153653	0.202492	-0.598305
15	15	65	1.80362	1.69963	-0.510318
15	15	75	2.52644	3.11799	-0.415301
15	15	85	0.42704	1.00571	0.209797
15	25	5	-0.743427	-1.06539	-0.424076
15	25	15	1.36887	0.155102	-1.97155
15	25	25	3.45641	0.161649	-0.939271
15	25	35	1.70104	-0.659991	1.97625
15	25	45	0.0957088	-0.621662	1.508
15	25	55	0.28567	-0.704107	-1.14949
15	25	65	1.79674	-0.792699	-2.75991
15	25	75	0.953462	-0.844408	-0.0762364
15	25	85	0.0952813	-0.805862	0.442478
15	35	5	0.0138725	-1.08739	-0.361705
15	35	15	0.940293	-2.56487	-0.61257
15	35	25	4.16654	-5.28824	2.77576
15	35	35	4.5963	-5.28109	2.59405
15	35	45	1.60625	-1.6612	1.24992
15	35	55	0.820846	-1.26474	-0.225373
15	35	65	2.72098	-4.07931	-2.65464
15	35	75	-0.621821	-4.31622	-2.46252
15	35	85	0.54388	-2.40418	-0.518124
15	45	5	-0.518395	-0.616806	-0.0699494
15	45	15	0.874249	-1.70884	0.33121
15	45	25	5.81716	-3.66376	3.38471
15	45	35	6.94722	-3.75423	-0.230173
15	45	45	1.47149	-0.955435	0.0900327
15	45	55	1.09068	-0.22933	-0.0326368
15	45	65	4.86967	-1.64263	-2.76963
15	45	75	1.63586	-2.74199	-3.53613
15	45	85	0.113112	-1.30364	-0.667993
15	55	5	-0.376801	0.0606224	-0.126338
15	55	15	0.660882	0.957881	0.0478837
15	55	25	6.07915	3.2828	2.83459
15	55	35	6.7326	3.43214	-1.44046
15	55	45	1.7134	1.77096	-0.0864
15	55	55	0.903434	1.02374	0.395952
15	55	65	4.84601	2.05011	0.379268
15	55	75	2.30673	3.70099	-2.93371
15	55	85	1.10293	1.66251	-0.495801
15	65	5	0.116724	0.396922	-0.10016
15	65	15	1.59435	0.924811	-0.768979
15	65	25	4.74652	4.63767	0.276068
15	65	35	4.63841	4.70194	0.0102447
15	65	45	1.37971	2.36242	0.685029
15	65	55	0.818506	1.1008	0.0602156
15	65	65	3.37528	4.29884	-0.139524
15	65	75	1.71957	3.93719	-1.07518
15	65	85	1.08513	1.8291	0.556824
15	75	5	-0.0993725	-0.578246	-0.783751
15	75	15	2.24255	-1.23026	-2.39588
15	75	25	4.08992	-2.16578	-1.75746
15	75	35	1.23769	-1.57438	1.00345
15	75	45	0.0173685	0.0273086	1.12593
15	75	55	-0.0410271	0.0825329	-0.629173
15	75	65	1.77711	-0.383629	-0.868305
15	75	75	3.03641	-1.69442	0.871214
15	75	85	0.981306	-1.00065	0.923775
15	85	5	-0.347445	-0.330066	-0.364656
15	85	15	1.00825	-2.36462	-1.14464
15	85	25	3.31603	-5.6776	-2.11942
15	85	35	0.333548	-2.4928	-0.274151
15	85	45	-0.802352	-0.295086	0.125775
15	85	55	-0.458656	-0.25423	-0.0134704
15	85	65	1.28019	-2.29768	0.182869
15	85	75	2.19196	-4.61214	-0.138486
15	85	85	0.00286787	-1.46081	0.326917
25	5	5	-0.185954	0.215768	-0.566868
25	5	15	0.642345	0.352252	-2.42812
25	5	25	1.07103	0.498935	-0.637053
25	5	35	-2.09221	0.520263	2.75947
25	5	45	-0.655235	0.0968309	0.214936
25	5	55	-0.351282	-0.406606	-1.52626
25	5	65	1.13383	-0.426477	-2.69132
25	5	75	3.66199	-0.329487	1.11624
25	5	85	0.0503231	-0.305205	0.382435
25	15	5	-0.342563	-0.427723	-0.685237
25	15	15	0.629141	1.5068	-2.92433
25	15	25	0.438792	3.86287	-1.06111
25	15	35	-1.33349	2.30198	2.90324
25	15	45	-0.526981	-0.0762972	0.943465
25	15	55	-0.380434	-0.181118	-1.73325
25	15	65	1.30301	2.34958	-3.33224
25	15	75	1.97983	2.68385	0.925823
25	15	85	0.397068	-0.0259069	1.27271
25	25	5	-1.00289	-0.783754	-1.22256
25	25	15	-0.575172	0.361118	-4.65337
25	25	25	0.213682	0.522308	-1.00203
25	25	35	0.160701	-0.121947	4.8257
25	25	45	0.238295	-0.52445	2.45728
25	25	55	0.399592	-0.622385	-3.21648
25	25	65	0.7129	0.415835	-3.12426
25	25	75	-0.0534949	0.0493731	1.25037
25	25	85	-0.885751	-0.582502	2.11521
25	35	5	-0.729749	-0.485013	-0.726531
25	35	15	-2.09012	-2.2762	-2.8385
25	35	25	-0.97638	-5.35098	-0.444785
25	35	35	2.59703	-3.76444	3.46269
25	35	45	1.12035	-1.19866	2.3181
25	35	55	0.646371	-1.30101	-1.6492
25	35	65	1.85467	-3.69246	-2.93973
25	35	75	-0.685434	-3.73936	0.46027
25	35	85	-1.81685	-1.67221	1.53313
25	45	5	-0.771981	-0.762754	-0.66633
25	45	15	-1.44439	-1.51297	-1.97578
25	45	25	-0.319934	-3.90751	-0.650375
25	45	35	3.41389	-2.68061	2.08466
25	45	45	0.766613	-0.237527	1.25504
25	45	55	0.963756	-0.0150614	-0.184342
25	45	65	3.55889	-2.28234	-2.53338
25	45	75	-0.113796	-2.257	0.281492
25	45	85	-1.46765	-0.869397	0.781402
25	55	5	-0.547248	-1.02344	-0.507135
25	55	15	-1.84296	-0.132943	-2.71595
25	55	25	0.440446	2.47567	-0.768136
25	55	35	4.16216	2.7694	1.49818
25	55	45	0.846095	0.830874	0.742996
25	55	55	1.02196	0.747233	-0.518736
25	55	65	3.71482	2.21094	-1.59709
25	55	75	0.783087	2.39939	0.638453
25	55	85	-1.23462	0.278541	1.50691
25	65	5	-0.33489	-0.38743	-0.2265
25	65	15	-0.684868	0.920212	-3.97097
25	65	25	1.94179	3.39154	-1.57974
25	65	35	3.16176	3.63323	2.53211
25	65	45	0.720873	1.06231	1.52851
25	65	55	0.68467	1.00506	-1.45442
25	65	65	2.95119	3.59452	-2.21341
25	65	75	2.34988	3.5965	1.87565
25	65	85	-0.199333	1.59981	3.02404
25	75	5	-0.426019	0.705247	-0.565663
25	75	15	1.14364	-1.17358	-4.89427
25	75	25	2.06459	-1.5128	-1.64409
25	75	35	-0.0274951	-0.279955	3.75022
25	75	45	0.478372	0.707681	2.53447
25	75	55	-0.158076	0.183201	-2.61699
25	75	65	0.670607	-0.557448	-2.94416
25	75	75	1.76012	-0.977117	1.89571
25	75	85	0.461931	0.120038	3.46928
25	85	5	-0.38096	0.364052	-1.02857
25	85	15	1.14469	-1.66978	-3.04717
25	85	25	0.505734	-3.92571	-0.682367
25	85	35	-1.84143	-2.26591	2.95669
25	85	45	-0.567957	0.135092	0.742558
25	85	55	-0.784547	-0.0603897	-1.47038
25	85	65	0.481927	-2.92353	-2.92354
25	85	75	3.00152	-3.30248	1.23157
25	85	85	0.138559	-0.319167	1.10682
35	5	5	0.449757	0.0825982	-0.734985
35	5	15	-0.664293	0.848597	-0.748898
35	5	25	-6.39882	1.7348	2.24343
35	5	35	-2.26564	0.715224	2.12898
35	5	45	0.267605	0.221069	-0.0289653
35	5	55	0.478973	-0.184444	-1.40926
35	5	65	-3.38363	0.966048	-4.29689
35	5	75	-1.86313	0.533568	-0.378612
35	5	85	0.197037	0.23638	-0.172449
35	15	5	0.0851541	-0.00157621	-0.889399
35	15	15	-1.06741	1.5864	-0.76615
35	15	25	-4.74106	4.48636	1.82168
35	15	35	-2.2074	2.5095	2.08498
35	15	45	0.205464	-0.114719	0.60189
35	15	55	0.244678	0.741202	-1.79315
35	15	65	-1.96006	3.97359	-4.14493
35	15	75	-1.3328	3.26972	-0.662155
35	15	85	0.241223	0.680228	0.472506
35	25	5	-0.45917	-0.398911	-0.752106
35	25	15	-2.35478	0.577059	-3.34015
35	25	25	-5.28715	0.460144	-1.24198
35	25	35	-3.19813	0.37572	2.86697
35	25	45	0.243279	0.359226	1.29049
35	25	55	0.325404	0.738	-2.89406
35	25	65	-2.05722	0.808102	-3.14529
35	25	75	-2.51036	0.178574	0.155985
35	25	85	-0.862868	-0.970968	2.13684
35	35	5	-0.422746	-0.636172	-0.862873
35	35	15	-2.58049	-2.6628	-1.30499
35	35	25	-5.14642	-5.76612	-0.788536
35	35	35	-1.22873	-2.51948	1.21001
35	35	45	0.692959	-0.313563	1.25164
35	35	55	0.669845	-0.496986	-1.32763
35	35	65	-0.380275	-2.63665	-1.25515
35	35	75	-3.04269	-5.13992	0.880499
35	35	85	-1.32834	-2.16215	0.752302
35	45	5	-0.417942	-0.772525	-0.390719
35	45	15	-2.64843	-2.38268	-0.367446
35	45	25	-6.64908	-5.09192	-1.45654
35	45	35	-1.5296	-1.78434	-0.458767
35	45	45	0.690543	-0.222828	0.70576
35	45	55	1.16316	-0.400605	-0.596669
35	45	65	-0.258666	-2.36282	-0.442255
35	45	75	-4.89653	-3.53934	1.9667
35	45	85	-0.958517	-1.39036	0.679335
35	55	5	-0.378112	-0.41165	-0.361096
35	55	15	-2.51396	0.56373	-1.38402
35	55	25	-7.09486	1.41207	-1.75949
35	55	35	-0.94338	1.42084	-0.376156
35	55	45	0.508681	0.327711	0.493292
35	55	55	1.16973	0.827241	-0.833976
35	55	65	-0.493413	2.10405	-0.217594
35	55	75	-4.75451	3.32735	2.21382
35	55	85	-1.60952	0.533626	1.84208
35	65	5	-0.221396	0.133249	-0.181981
35	65	15	-2.44687	1.92699	-2.62163
35	65	25	-4.17631	4.38289	-2.05906
35	65	35	-0.58645	2.56151	0.42499
35	65	45	1.09673	0.580919	1.08948
35	65	55	1.04945	0.879307	-1.40831
35	65	65	-0.605557	3.1606	-1.20758
35	65	75	-2.71738	3.75097	2.28773
35	65	85	-1.24772	2.23419	3.30834
35	75	5	0.380904	0.724504	-0.618492
35	75	15	-1.73965	0.507789	-2.9845
35	75	25	-3.99077	-0.538601	-0.778472
35	75	35	-1.14843	-0.505141	2.64329
35	75	45	0.506129	0.41774	1.36839
35	75	55	0.469293	-0.274372	-2.77039
35	75	65	-1.87612	-0.235891	-2.78534
35	75	75	-2.56045	-0.499517	1.26837
35	75	85	-0.141142	0.610522	2.97922
35	85	5	0.181252	0.679419	-1.01223
35	85	15	-0.859137	-0.702742	-1.03979
35	85	25	-5.14209	-3.0319	1.59423
35	85	35	-2.24513	-1.80536	2.30941
35	85	45	0.810446	0.172981	0.199588
35	85	55	0.0265401	-0.486841	-1.53024
35	85	65	-2.1323	-3.22669	-3.71107
35	85	75	-1.45684	-3.14994	-0.521587
35	85	85	0.566276	-0.749851	0.741048
45	5	5	0.159102	0.198507	-0.370183
45	5	15	-1.32833	0.946571	0.904513
45	5	25	-7.09927	4.20822	4.19944
45	5	35	-1.09556	1.88384	0.714244
45	5	45	0.697405	0.0685441	-0.270717
45	5	55	0.570387	0.20597	-0.594014
45	5	65	-1.55773	2.34186	-5.23975
45	5	75	-0.351904	1.7196	-4.18497
45	5	85	0.226648	0.118963	-0.999135
45	15	5	-0.274183	0.412734	-0.532403
45	15	15	-1.12612	2.36095	0.447357
45	15	25	-3.83195	5.82173	2.75717
45	15	35	-0.240868	4.00977	0.582208
45	15	45	0.701428	0.373593	-0.0542611
45	15	55	0.550364	0.847975	-0.797442
45	15	65	-0.319933	3.96156	-2.75851
45	15	75	0.946584	5.21773	-3.33729
45	15	85	-0.275933	2.2721	-0.853256
45	25	5	-0.398882	-0.481696	-0.328529
45	25	15	-1.96697	-0.597348	-1.74358
45	25	25	-3.39792	0.809637	-0.664692
45	25	35	-1.41625	0.898447	1.44354
45	25	45	0.288718	0.196217	0.580202
45	25	55	0.185206	0.622167	-0.930979
45	25	65	-1.10809	1.61862	-3.19799
45	25	75	-0.215328	0.960385	-0.612371
45	25	85	-0.0788335	-0.560661	0.761179
45	35	5	-0.442274	-2.1919	-0.606058
45	35	15	-2.89727	-5.23395	1.09439
45	35	25	-3.45872	-7.32944	-1.30952
45	35	35	-2.4696	-4.44704	-1.72536
45	35	45	-0.116501	-1.20951	-0.048413
45	35	55	-0.194029	-0.899555	-0.0199638
45	35	65	-0.569005	-3.48773	0.524732
45	35	75	-1.03614	-6.75722	0.249792
45	35	85	0.0442408	-3.12658	-0.62307
45	45	5	-0.00640827	-0.938101	0.0913509
45	45	15	-3.69441	-3.18179	1.70733
45	45	25	-5.23936	-3.55902	-2.91721
45	45	35	-2.50154	-4.04653	-2.88301
45	45	45	-0.475752	-0.788759	-0.476418
45	45	55	0.0259386	-0.816088	0.336985
45	45	65	-1.81076	-3.97369	2.13521
45	45	75	-3.18578	-3.61351	1.80482
45	45	85	-0.536127	-2.07981	-0.20962
45	55	5	-0.528787	0.0599563	0.0991424
45	55	15	-3.48202	0.876004	-0.164917
45	55	25	-6.55842	0.479833	-3.75105
45	55	35	-2.27386	1.72985	-3.16663
45	55	45	-0.48229	0.729088	-0.811837
45	55	55	-0.0551595	0.341005	0.455977
45	55	65	-2.10941	2.69242	2.24175
45	55	75	-2.56883	2.58076	3.47321
45	55	85	-1.06006	1.36295	0.710222
45	65	5	-0.400957	0.692696	0.401181
45	65	15	-2.03747	2.10428	-1.03956
45	65	25	-3.27348	5.06584	-2.84264
45	65	35	-1.63808	3.80163	-1.69895
45	65	45	0.341426	0.99793	-0.0344592
45	65	55	0.161794	0.699816	-0.187659
45	65	65	-1.02094	3.34947	0.352773
45	65	75	-1.20837	4.61049	2.40491
45	65	85	-0.682287	1.66763	1.11161
45	75	5	0.323246	0.300414	0.242142
45	75	15	-1.71737	0.215312	-1.13548
45	75	25	-2.91791	0.464918	-1.03787
45	75	35	-0.61314	0.488908	0.59352
45	75	45	0.643199	0.105519	0.0814257
45	75	55	0.79001	-0.221016	-0.907193
45	75	65	-0.436394	-1.2195	-1.7499
45	75	75	-0.296113	-1.6089	-0.414435
45	75	85	0.16126	-0.516204	0.880603
45	85	5	0.148787	-0.241328	-0.460813
45	85	15	-1.40833	-1.70305	0.545046
45	85	25	-4.65614	-3.88222	1.66661
45	85	35	-0.229854	-2.16925	0.775852
45	85	45	0.92845	-0.269455	-0.452704
45	85	55	0.618365	-0.698711	-0.933328
45	85	65	-0.54397	-2.1211	-3.17588
45	85	75	1.2765	-3.92475	-2.92561
45	85	85	-0.190466	-1.20172	-0.988151
55	5	5	0.442538	0.164793	0.0517904
55	5	15	1.17955	0.595741	1.24617
55	5	25	3.94936	1.89511	3.58899
55	5	35	5.6531	1.53334	-0.255081
55	5	45	1.02943	0.225568	-0.45596
55	5	55	1.28047	0.504344	-0.3745
55	5	65	6.37953	0.26106	-3.63702
55	5	75	6.43672	0.860769	-4.94968
55	5	85	2.25059	0.775706	-0.969445
55	15	5	0.637064	0.839524	-0.181734
55	15	15	1.45115	1.76257	0.411252
55	15	25	2.14079	4.75846	1.81656
55	15	35	3.92549	4.73207	-1.19263
55	15	45	1.77092	1.53541	0.0389716
55	15	55	1.64501	1.98591	-0.440418
55	15	65	3.95854	3.87594	-1.79073
55	15	75	4.52144	5.20583	-3.43582
55	15	85	2.98986	3.09085	-1.0768
55	25	5	0.261968	-0.345	-0.10349
55	25	15	0.793018	-1.10877	-1.0689
55	25	25	2.11722	0.155357	-0.775154
55	25	35	2.59985	1.09484	0.857637
55	25	45	0.845134	0.637958	0.557918
55	25	55	0.691577	0.542453	-0.700527
55	25	65	2.42854	1.48459	-1.84881
55	25	75	3.90279	0.585745	-0.777557
55	25	85	1.69897	-0.222876	0.693292
55	35	5	0.639165	-2.36265	0.627642
55	35	15	-1.06692	-5.17845	1.2703
55	35	25	-1.14819	-8.1234	-1.42596
55	35	35	-0.113095	-5.12082	-1.33433
55	35	45	0.546034	-1.31027	-0.256239
55	35	55	0.239669	-1.13082	-0.542672
55	35	65	1.83758	-4.36128	0.730766
55	35	75	3.18975	-7.07481	-0.489663
55	35	85	1.86884	-4.63369	-0.20483
55	45	5	-0.226081	-0.888611	0.478644
55	45	15	0.640732	-2.81834	0.623352
55	45	25	0.98913	-4.4567	-3.49215
55	45	35	1.37329	-4.5402	-2.8535
55	45	45	-0.0303104	-0.736775	-0.600882
55	45	55	0.413536	-0.662363	0.131916
55	45	65	2.36677	-3.30908	1.55528
55	45	75	5.26327	-2.64623	1.90328
55	45	85	1.79712	-1.40621	-0.371063
55	55	5	-0.123938	0.137751	0.37798
55	55	15	0.174502	1.13951	-1.4834
55	55	25	1.09323	1.04389	-5.36509
55	55	35	1.54908	1.64164	-2.76059
55	55	45	0.185321	0.547038	-0.920548
55	55	55	0.190053	0.336969	0.0517131
55	55	65	3.23179	2.36744	2.06703
55	55	75	4.94452	2.95522	3.29648
55	55	85	1.71859	2.15691	0.839729
55	65	5	-0.200709	0.696899	0.263783
55	65	15	-0.0622578	2.17642	-1.04235
55	65	25	-0.180969	5.50459	-3.08425
55	65	35	0.272278	3.64912	-1.58494
55	65	45	-0.139697	0.816636	-0.538241
55	65	55	0.24313	0.931553	-0.372909
55	65	65	1.2342	2.76062	0.446466
55	65	75	2.61611	5.0231	1.08317
55	65	85	0.845587	2.0407	1.66847
55	75	5	0.159389	0.158253	0.183335
55	75	15	0.628876	-0.0777785	-1.1043
55	75	25	1.60752	-0.130436	-1.24788
55	75	35	1.68218	-0.240695	0.341813
55	75	45	0.76363	0.00619172	-0.644307
55	75	55	0.880505	-0.205731	-0.860056
55	75	65	2.87516	-1.33042	-1.96836
55	75	75	3.14944	-2.13928	-0.842701
55	75	85	1.14871	-0.88698	0.937619
55	85	5	0.308949	-0.568389	0.176912
55	85	15	0.467626	-1.53205	0.670107
55	85	25	2.57733	-2.87869	1.54676
55	85	35	3.58904	-3.03646	-0.715641
55	85	45	1.55886	-0.674359	-0.367662
55	85	55	1.5162	-0.840749	-0.461561
55	85	65	4.50099	-2.32937	-2.64139
55	85	75	3.94359	-4.28519	-3.24044
55	85	85	2.12856	-2.41101	-0.668775
65	5	5	0.319084	-0.281847	-0.0200343
65	5	15	1.00517	0.173472	-0.120703
65	5	25	7.28999	1.41684	0.891231
65	5	35	7.70259	1.50778	-2.04688
65	5	45	1.85512	0.51007	-0.360082
65	5	55	2.11763	1.33686	-0.627243
65	5	65	8.62553	0.505176	-0.0458895
65	5	75	6.61842	-0.0311528	-2.12247
65	5	85	0.980789	-0.523772	0.00348201
65	15	5	0.542612	-0.166469	0.200437
65	15	15	1.51161	0.172495	-0.962717
65	15	25	4.91088	3.73863	0.30742
65	15	35	5.19153	3.93586	-1.40127
65	15	45	2.08109	2.12526	-0.62945
65	15	55	1.84243	1.90647	-0.259198
65	15	65	5.64166	3.86316	-1.38286
65	15	75	4.70124	2.87803	-1.81336
65	15	85	1.58398	1.11491	0.286759
65	25	5	0.779183	-0.505719	0.239211
65	25	15	2.01963	-0.89267	-2.07875
65	25	25	4.45613	-0.0837872	-1.42721
65	25	35	3.71418	1.01276	1.18763
65	25	45	0.363601	0.136324	0.82071
65	25	55	1.16486	0.902411	-2.01252
65	25	65	4.43085	1.59284	-2.66534
65	25	75	5.00478	0.567095	-1.04692
65	25	85	1.79172	0.0369279	1.71646
65	35	5	0.298965	-0.700646	0.604473
65	35	15	1.19059	-2.16327	-0.80688
65	35	25	3.61733	-6.20361	-0.748089
65	35	35	0.585589	-2.89666	0.947848
65	35	45	-0.179732	0.204991	0.406269
65	35	55	0.177091	-0.815778	-1.93567
65	35	65	2.06499	-2.67496	-1.76123
65	35	75	5.01929	-5.51108	-0.0322066
65	35	85	1.67325	-2.467	1.3804
65	45	5	0.0282272	-0.530651	0.551755
65	45	15	1.26008	-1.81407	-0.279687
65	45	25	5.14615	-5.03959	-2.50181
65	45	35	1.0579	-1.77671	-0.381604
65	45	45	-0.169695	0.0611357	-0.453615
65	45	55	-0.667742	-0.705688	-1.49995
65	45	65	1.71055	-2.94105	-1.00177
65	45	75	5.86393	-3.77936	0.84087
65	45	85	1.1023	-1.2472	0.816478
65	55	5	-0.0708066	-0.60419	0.691967
65	55	15	1.17102	0.151718	-1.27474
65	55	25	4.23872	2.31782	-2.83351
65	55	35	0.396457	0.763352	-0.595929
65	55	45	-0.0486879	-0.118534	-0.153854
65	55	55	-0.403465	-0.149227	-1.5489
65	55	65	1.56399	0.922643	-0.884837
65	55	75	5.72146	3.07189	1.52273
65	55	85	1.2813	1.38632	1.99188
65	65	5	-0.664968	-0.124171	0.401677
65	65	15	1.03294	2.19003	-2.52543
65	65	25	3.01747	3.96334	-2.30126
65	65	35	0.353923	1.83338	0.785372
65	65	45	-0.343051	0.318203	0.202684
65	65	55	-0.222522	0.40214	-1.93962
65	65	65	1.71499	2.48041	-2.20645
65	65	75	3.99654	3.99743	2.07589
65	65	85	0.679017	1.30782	2.82368
65	75	5	-0.744151	0.144456	0.044055
65	75	15	1.22279	0.140978	-3.13925
65	75	25	3.50042	-0.457096	-1.08602
65	75	35	2.33998	-0.662399	1.40682
65	75	45	0.060733	0.277189	0.424821
65	75	55	0.943215	-0.221982	-2.21136
65	75	65	2.99842	-1.43372	-2.4198
65	75	75	3.29351	-1.31004	0.353103
65	75	85	0.0594671	-0.538402	2.44084
65	85	5	-0.20425	0.198707	0.102438
65	85	15	1.22464	-1.06585	-0.842074
65	85	25	5.58216	-2.1647	-0.257326
65	85	35	5.20987	-2.68857	-0.571273
65	85	45	1.30031	-0.739006	-0.224934
65	85	55	1.59911	-0.779311	-1.10675
65	85	65	6.2369	-2.62384	-1.99844
65	85	75	4.25708	-3.06901	-1.26277
65	85	85	0.289183	-1.3744	0.799686
75	5	5	0.346478	-0.804247	-0.217272
75	5	15	0.115424	-0.792472	-2.23902
75	5	25	2.01674	-1.26246	-2.97576
75	5	35	4.00934	-0.552308	0.755406
75	5	45	1.29481	-0.116911	0.260362
75	5	55	2.36153	0.0704073	-1.73094
75	5	65	3.82329	-0.906216	-3.09149
75	5	75	-1.68187	-1.38956	1.76827
75	5	85	-0.549998	-0.427093	2.26226
75	15	5	0.551552	-0.89014	-0.30115
75	15	15	0.530486	0.85509	-3.46542
75	15	25	1.3476	4.44162	-2.99224
75	15	35	3.53165	3.10666	1.41534
75	15	45	1.32865	0.316089	0.667032
75	15	55	1.60864	1.07903	-1.75729
75	15	65	2.97056	3.87444	-3.3673
75	15	75	0.0607713	3.87587	2.06329
75	15	85	-0.173199	1.05752	2.40738
75	25	5	0.867001	-1.0253	0.0343828
75	25	15	0.590905	0.195089	-4.07292
75	25	25	0.859348	2.0444	-2.25324
75	25	35	1.16286	1.38673	3.25221
75	25	45	0.28441	0.520399	2.06882
75	25	55	0.480902	0.657147	-3.7345
75	25	65	0.427553	1.75283	-4.73465
75	25	75	-0.271992	1.26801	1.49337
75	25	85	0.507696	0.0811269	4.10291
75	35	5	0.60417	-0.0750267	0.340808
75	35	15	1.33773	-1.48876	-2.10125
75	35	25	1.52614	-4.30243	-0.197536
75	35	35	-1.268	-3.11751	4.09335
75	35	45	-0.357927	0.143027	0.929235
75	35	55	0.0820552	-0.635749	-3.30408
75	35	65	-0.427695	-3.46322	-5.51145
75	35	75	1.02527	-4.28553	1.06966
75	35	85	0.650503	-2.32856	3.3516
75	45	5	0.10792	0.0203785	0.36775
75	45	15	1.26493	-0.999412	-1.12347
75	45	25	0.397545	-3.20412	-0.604037
75	45	35	-1.7647	-1.673	2.19655
75	45	45	-0.0588882	0.281815	-0.103779
75	45	55	0.0229476	-0.157035	-1.86174
75	45	65	-2.34974	-2.68608	-4.27697
75	45	75	-0.872664	-3.22921	0.56815
75	45	85	0.669073	-0.92666	1.75262
75	55	5	0.342972	-0.423357	0.502143
75	55	15	1.03919	0.345692	-1.85968
75	55	25	-0.750039	2.19559	-0.741655
75	55	35	-1.32154	1.38341	1.83549
75	55	45	-0.0967443	-0.361686	-0.131707
75	55	55	-0.134881	0.131494	-1.57325
75	55	65	-2.77415	1.59383	-4.31908
75	55	75	-2.76788	2.5105	0.199337
75	55	85	0.262076	0.323276	2.08147
75	65	5	-0.000380573	-0.849456	-0.160835
75	65	15	0.15764	1.29972	-3.62322
75	65	25	-1.57525	3.23234	-2.06198
75	65	35	-0.987588	1.52019	2.34644
75	65	45	-0.0583367	-0.344588	0.566349
75	65	55	0.200921	0.0945161	-3.4384
75	65	65	-2.03301	2.63748	-4.89735
75	65	75	-2.20711	3.42344	1.21287
75	65	85	-0.482712	0.994991	3.18735
75	75	5	-0.100352	-0.381587	-0.342382
75	75	15	-0.832702	-1.10631	-4.11537
75	75	25	-0.734971	-2.95002	-1.58974
75	75	35	0.497249	-1.9293	2.6814
75	75	45	0.544444	-0.702005	1.97284
75	75	55	0.76406	-0.789205	-3.58569
75	75	65	-0.76536	-1.84718	-3.87419
75	75	75	-2.70824	-3.22124	2.08496
75	75	85	-1.77725	-1.57166	4.15812
75	85	5	0.164924	0.0581735	-0.105611
75	85	15	0.00619394	-2.07702	-2.23336
75	85	25	0.737241	-5.44696	-1.72565
75	85	35	2.5351	-3.8801	2.37309
75	85	45	1.27498	-0.67821	0.263579
75	85	55	1.31305	-1.31693	-2.5341
75	85	65	1.43428	-3.85938	-3.40371
75	85	75	-1.46274	-5.46676	1.24136
75	85	85	-0.844756	-1.93629	2.37499
85	5	5	0.278446	-0.81945	0.0408557
85	5	15	-1.81455	-0.921677	-0.79203
85	5	25	-6.45152	-1.86623	-2.86781
85	5	35	-2.50053	-0.903941	-1.20507
85	5	45	0.0849521	-0.124132	0.130491
85	5	55	-0.0592009	0.0612519	-0.494487
85	5	65	-5.20103	-1.50453	1.27722
85	5	75	-8.31176	-2.40241	-0.936957
85	5	85	-1.62636	-0.844295	-0.0600475
85	15	5	0.200054	0.329427	0.0372133
85	15	15	-0.740379	2.01018	-1.56104
85	15	25	-3.99422	4.06772	-2.19015
85	15	35	-1.69902	2.97091	-1.05118
85	15	45	0.549439	0.713679	0.151955
85	15	55	0.0633097	1.19087	-0.614583
85	15	65	-3.25307	2.99713	0.203686
85	15	75	-5.81933	3.92198	-0.562164
85	15	85	-1.63826	1.60188	0.436479
85	25	5	0.367961	-0.382494	-0.182787
85	25	15	-0.298902	1.16749	-2.69618
85	25	25	-2.33052	2.23879	-1.47028
85	25	35	-1.85255	1.64321	1.7535
85	25	45	0.601475	0.385622	1.44637
85	25	55	-0.423032	0.586416	-1.87041
85	25	65	-2.98655	1.68523	-2.43597
85	25	75	-3.53589	0.483094	-0.447752
85	25	85	-0.338995	-0.182147	1.04539
85	35	5	0.426983	-0.0825499	-0.125148
85	35	15	0.531303	-1.79756	-1.03693
85	35	25	0.591981	-5.17086	1.99168
85	35	35	-0.218077	-3.66945	2.90026
85	35	45	0.362775	-0.380804	0.968669
85	35	55	-0.117801	-0.621306	-1.32994
85	35	65	-2.63346	-3.4539	-2.38955
85	35	75	-2.8142	-4.29857	-1.32654
85	35	85	-0.43837	-1.79559	0.455876
85	45	5	0.310995	-0.264145	0.526065
85	45	15	-0.402362	-1.3053	0.324915
85	45	25	-1.0483	-4.26968	2.74709
85	45	35	-1.21445	-3.06114	2.55688
85	45	45	0.535093	-0.0299339	0.114129
85	45	55	0.142707	-0.349297	-0.968672
85	45	65	-3.95491	-2.06522	-2.24474
85	45	75	-4.89086	-2.60397	-2.66591
85	45	85	-1.09149	-1.00705	-0.302584
85	55	5	0.211739	-0.255968	0.0876274
85	55	15	-0.276103	0.590045	0.390209
85	55	25	-1.75761	3.2677	1.95761
85	55	35	-1.97082	1.79675	1.78608
85	55	45	0.397726	0.290551	0.0120267
85	55	55	-0.0403299	0.289524	-0.650828
85	55	65	-4.16564	2.88459	-0.934805
85	55	75	-5.71069	2.3475	-2.83181
85	55	85	-1.08471	0.85398	-0.262004
85	65	5	0.101287	0.014377	-0.0800432
85	65	15	-1.06676	0.921024	-1.26174
85	65	25	-2.32284	3.49263	-0.186356
85	65	35	-0.981721	2.32557	1.10794
85	65	45	-0.0148096	0.197886	0.560966
85	65	55	-0.258544	0.140342	-1.18465
85	65	65	-3.05342	3.02008	-2.10892
85	65	75	-3.97342	3.41404	-1.39926
85	65	85	-1.62938	1.78385	0.140743
85	75	5	-0.0186139	-0.881163	-0.162838
85	75	15	-1.10636	-2.75562	-2.56358
85	75	25	-3.35803	-5.09743	-2.07172
85	75	35	-1.73412	-2.9445	0.19521
85	75	45	1.06064	-1.44872	1.06152
85	75	55	-0.0649829	-0.84843	-0.903938
85	75	65	-2.63312	-2.64208	-1.38584
85	75	75	-5.21424	-3.19582	0.343312
85	75	85	-1.76869	-2.1639	1.65057
85	85	5	-0.189519	-1.23992	-0.101181
85	85	15	-1.0179	-4.07569	-0.365821
85	85	25	-4.14372	-6.89345	-1.88598
85	85	35	-2.0562	-4.69892	-1.15843
85	85	45	0.668435	-1.97613	0.190248
85	85	55	-0.0498336	-2.03851	-0.813257
85	85	65	-3.42334	-4.9174	0.794911
85	85	75	-5.34097	-6.85586	-0.0736085
85	85	85	-0.916199	-3.3889	0.303359
