5	5	5	0.121347	0.0363427	0.202075
5	5	15	0.0025317	-0.0202744	-0.579714
5	5	25	0.0770194	-0.303846	-0.950951
5	5	35	-0.0334525	-0.172448	-0.455904
5	5	45	0.140541	-0.00525371	-0.35894
5	5	55	-0.0822671	-0.325148	0.179377
5	5	65	-0.45861	-0.408662	0.659533
5	5	75	-0.663507	-0.294901	0.382595
5	5	85	-0.0547364	-0.0579395	0.094988
5	15	5	0.0827771	-0.764532	0.0188083
5	15	15	0.324134	0.383121	-1.72368
5	15	25	0.498554	2.75012	-2.38584
5	15	35	0.278658	1.85762	-0.53691
5	15	45	-0.262857	0.551374	-0.266904
5	15	55	-0.424327	0.69685	-0.0447164
5	15	65	-0.764371	1.41633	0.501674
5	15	75	-1.08166	1.64241	1.74638
5	15	85	-0.200606	0.123453	0.616626
5	25	5	0.865564	-1.15928	0.0212149
5	25	15	0.562771	1.01543	-3.54046
5	25	25	1.11676	2.41464	-3.74228
5	25	35	0.357744	1.88069	0.55101
5	25	45	-0.16114	1.87564	0.987247
5	25	55	-0.741354	1.45038	-0.394413
5	25	65	-0.712247	1.18416	-0.902217
5	25	75	-0.988407	0.827992	2.15484
5	25	85	0.122865	-0.3806	1.81995
5	35	5	0.250124	-0.756211	-0.280044
5	35	15	0.139031	-1.07772	-0.0558453
5	35	25	0.419394	-2.06653	1.63513
5	35	35	0.145081	-2.3061	4.36417
5	35	45	0.242472	0.835749	1.64618
5	35	55	-0.299171	1.67509	-0.47693
5	35	65	-0.336726	-2.17132	-3.32417
5	35	75	-0.0861558	-2.06107	-1.58094
5	35	85	0.148273	-1.55346	-0.356337
5	45	5	0.269282	-0.216593	-0.0986971
5	45	15	0.0899922	-0.353587	0.810378
5	45	25	0.285086	-0.945267	0.691268
5	45	35	0.142476	-1.34977	1.78931
5	45	45	0.138858	0.302386	-0.0301762
5	45	55	-0.0152647	0.603528	-0.270037
5	45	65	0.279624	-1.03189	-1.49304
5	45	75	-0.0836434	-1.08133	-0.832035
5	45	85	0.0500891	-0.601142	-0.719354
5	55	5	0.423187	0.242088	-0.0184884
5	55	15	-0.0609109	0.055014	0.445165
5	55	25	-0.340503	0.882903	0.935074
5	55	35	0.175846	1.21554	1.68937
5	55	45	0.321182	0.242817	0.2524
5	55	55	0.286062	-0.0992818	-0.106138
5	55	65	0.35487	1.41126	-1.47797
5	55	75	0.0710478	0.976292	-0.616553
5	55	85	0.383116	0.225807	-0.729284
5	65	5	0.404869	0.560955	0.0576237
5	65	15	0.0213793	1.07927	-0.486196
5	65	25	-0.303861	2.58456	0.833053
5	65	35	-0.373138	2.55766	4.01452
5	65	45	0.101104	-0.769776	1.54186
5	65	55	0.100878	-0.354654	-0.25886
5	65	65	0.00490191	1.9603	-2.51003
5	65	75	-0.263671	2.05291	-0.924189
5	65	85	0.201925	1.2954	0.52686
5	75	5	0.304404	1.45485	-0.420487
5	75	15	1.00548	-1.09344	-4.38245
5	75	25	1.81837	-2.28778	-4.01228
5	75	35	0.320384	-2.47568	0.0480124
5	75	45	-0.297563	-1.86653	0.577563
5	75	55	0.381624	-1.66917	-0.149996
5	75	65	-0.774858	-2.1545	-0.797937
5	75	75	-1.38329	-1.93092	2.46506
5	75	85	-0.620701	-0.340941	2.33982
5	85	5	0.119609	0.447252	-0.0224818
5	85	15	0.74758	-0.789131	-1.62723
5	85	25	0.84284	-3.05194	-1.77676
5	85	35	0.0406927	-2.06751	-0.38953
5	85	45	-0.103193	-0.978431	-0.317191
5	85	55	-0.0591969	-1.24302	0.110099
5	85	65	-0.918064	-2.31601	0.196583
5	85	75	-1.30166	-2.90293	2.38046
5	85	85	-0.238851	-1.03188	1.32457
15	5	5	0.230489	0.23369	0.0211735
15	5	15	1.74869	0.13371	-1.2287
15	5	25	2.10509	-0.090207	-0.74313
15	5	35	-0.11704	-0.111717	-0.0159884
15	5	45	-1.53879	-0.267654	0.415782
15	5	55	-1.25678	-0.406603	-0.437426
15	5	65	-0.127056	-0.00234369	-0.530432
15	5	75	1.91178	-0.452262	0.336348
15	5	85	1.74658	-0.15229	0.697593
15	15	5	-0.152667	-1.12664	-0.022019
15	15	15	2.57375	1.11412	-2.41609
15	15	25	3.2087	2.85441	-2.15287
15	15	35	0.294696	1.64497	0.246276
15	15	45	-1.86061	0.221891	0.460672
15	15	55	-1.73623	-0.169853	-0.800512
15	15	65	0.435756	1.24421	-0.776394
15	15	75	2.58893	2.188	1.01405
15	15	85	1.5818	0.269287	1.06497
15	25	5	-0.182019	-1.47421	-0.377579
15	25	15	3.36024	0.726129	-4.25715
15	25	25	5.1991	0.997315	-2.88119
15	25	35	2.49941	0.989379	1.75413
15	25	45	-0.885544	0.577915	2.74237
15	25	55	0.0742044	0.330889	-1.65234
15	25	65	2.61017	-0.245905	-2.29895
15	25	75	4.24008	-0.0451732	0.511868
15	25	85	1.65448	-0.956704	2.87355
15	35	5	-2.3546	-0.874506	-0.339195
15	35	15	-0.219583	-1.58678	-1.48207
15	35	25	2.94565	-3.13323	0.973351
15	35	35	4.43936	-2.76165	4.41009
15	35	45	1.22971	0.708742	2.02354
15	35	55	1.28931	0.291129	-1.13007
15	35	65	3.71072	-2.54328	-3.15143
15	35	75	2.55706	-3.55768	-1.57752
15	35	85	-0.458696	-2.02132	1.11395
15	45	5	-2.48108	0.328708	0.138048
15	45	15	-0.889183	-0.55491	-0.265001
15	45	25	1.02441	-1.81104	0.644725
15	45	35	3.46511	-1.79326	2.09973
15	45	45	0.910849	0.0813886	0.517142
15	45	55	0.949656	0.322008	-0.17304
15	45	65	3.09537	-1.59948	-1.92939
15	45	75	1.47838	-1.86433	-1.29496
15	45	85	-1.22023	-0.548757	-0.00845883
15	55	5	-1.69106	0.167673	-0.420456
15	55	15	-0.942342	0.521326	-0.40165
15	55	25	1.30896	1.98992	0.456601
15	55	35	3.32907	2.13831	2.34158
15	55	45	1.17847	-0.225776	0.488481
15	55	55	1.23202	0.383184	-0.472584
15	55	65	3.42184	1.8259	-2.23342
15	55	75	1.28326	1.71391	-0.885419
15	55	85	-0.723812	0.621303	0.497948
15	65	5	-2.29186	0.254507	-0.622012
15	65	15	0.16756	1.26625	-1.92917
15	65	25	3.38055	3.67506	1.08232
15	65	35	4.60514	4.28086	4.88728
15	65	45	1.69652	0.502681	2.49402
15	65	55	1.63469	-0.00830283	-1.30672
15	65	65	4.28596	2.59528	-3.5147
15	65	75	3.49704	3.18135	-0.921658
15	65	85	-0.176884	1.25795	0.875384
15	75	5	-0.199286	0.909832	-0.362051
15	75	15	3.39899	-0.675114	-4.75646
15	75	25	4.98069	-1.53029	-3.18396
15	75	35	3.43646	-2.03738	0.700655
15	75	45	-0.383623	-1.45213	2.24913
15	75	55	-0.341576	-1.27859	-1.46475
15	75	65	2.21502	-1.34723	-0.855743
15	75	75	4.22708	-0.631356	1.70562
15	75	85	2.27776	-0.167271	2.58669
15	85	5	0.565082	0.545836	-0.140105
15	85	15	2.55478	-0.913381	-1.77398
15	85	25	3.52831	-3.40544	-2.20224
15	85	35	1.224	-2.11597	-0.0932867
15	85	45	-1.39578	-0.700476	0.516849
15	85	55	-1.66205	-0.89987	-0.981901
15	85	65	0.568709	-1.91798	-0.625925
15	85	75	2.52634	-2.4811	1.54898
15	85	85	2.38339	-1.48146	2.11276
25	5	5	1.1989	0.0336282	-0.462519
25	5	15	2.166	0.389689	-2.13866
25	5	25	1.44605	-0.0701564	-0.60922
25	5	35	-1.67441	-0.121046	2.91658
25	5	45	-1.80394	0.0196569	1.29316
25	5	55	-1.88347	-0.140345	-1.29036
25	5	65	-1.07567	-0.218559	-2.36584
25	5	75	3.11729	-0.634677	-0.126198
25	5	85	2.09923	-0.0608202	1.08352
25	15	5	1.03103	-0.601231	-0.245264
25	15	15	3.33004	1.90348	-4.11609
25	15	25	2.0913	3.62051	-1.25852
25	15	35	-1.03955	3.07325	3.20898
25	15	45	-2.61922	0.263691	2.22052
25	15	55	-2.0215	0.241724	-2.74531
25	15	65	-0.707615	2.332	-3.62736
25	15	75	3.05151	3.1158	1.18188
25	15	85	2.66526	1.54089	2.82316
25	25	5	-0.341633	-0.278769	-0.127267
25	25	15	2.39449	1.89374	-7.48639
25	25	25	2.68075	1.46432	-2.6906
25	25	35	0.417322	1.49456	5.98684
25	25	45	-1.184	1.06642	5.14067
25	25	55	-0.059641	-0.146307	-5.26817
25	25	65	1.14026	0.239496	-6.71061
25	25	75	2.3223	0.207189	1.66906
25	25	85	1.49762	0.6964	5.76821
25	35	5	-2.65459	0.307302	-0.966064
25	35	15	-2.84224	-1.70521	-5.22354
25	35	25	0.979557	-3.05999	-1.93009
25	35	35	3.74745	-2.33749	4.0368
25	35	45	2.61742	-0.540342	4.01213
25	35	55	1.89812	-0.438304	-3.47497
25	35	65	2.95	-3.42318	-4.94338
25	35	75	0.431192	-3.49242	1.47546
25	35	85	-3.46584	-2.01399	4.42065
25	45	5	-2.44012	0.44243	0.434746
25	45	15	-2.68027	-1.07035	-2.3227
25	45	25	-0.377537	-2.99324	-1.08786
25	45	35	4.34354	-2.30259	1.52431
25	45	45	2.33824	0.351118	1.28878
25	45	55	2.01985	0.0596564	-0.928972
25	45	65	4.12763	-2.34819	-1.42896
25	45	75	0.464194	-2.29522	1.43815
25	45	85	-3.11132	-1.57165	2.68947
25	55	5	-2.24051	-0.686438	-0.10691
25	55	15	-2.71078	0.762445	-1.80069
25	55	25	-0.551807	2.94259	-0.312272
25	55	35	3.92691	2.48609	2.48411
25	55	45	2.35758	0.721965	0.665118
25	55	55	2.27505	0.00624435	-0.885497
25	55	65	4.20334	1.94094	-1.46275
25	55	75	1.59367	2.10448	1.20886
25	55	85	-2.44521	0.950036	2.17976
25	65	5	-2.2513	-0.598078	-0.726106
25	65	15	-1.76732	0.889458	-6.49862
25	65	25	0.617801	3.77076	-2.15456
25	65	35	4.43252	4.54412	5.60011
25	65	45	2.83214	1.6636	3.47539
25	65	55	2.62382	0.926899	-3.32865
25	65	65	4.75807	3.71848	-4.26222
25	65	75	2.68474	3.78397	1.45481
25	65	85	-1.61779	1.66729	4.64426
25	75	5	0.280054	-0.683567	-1.28395
25	75	15	2.07528	-1.88446	-7.9168
25	75	25	3.14293	-2.01549	-2.67946
25	75	35	1.01867	-1.29696	5.41837
25	75	45	-0.716415	0.054018	4.6346
25	75	55	-1.48193	0.319984	-4.71134
25	75	65	1.07631	-0.510503	-4.86966
25	75	75	3.61203	-0.951928	2.67427
25	75	85	1.96375	-1.25009	6.7963
25	85	5	1.57016	0.305636	-0.650491
25	85	15	3.18564	-1.99285	-4.92793
25	85	25	1.55825	-4.17901	-1.52293
25	85	35	-1.53383	-2.95565	3.36655
25	85	45	-2.39347	-0.825632	1.84759
25	85	55	-2.52508	-0.785954	-2.81771
25	85	65	-0.521038	-2.45117	-3.92847
25	85	75	3.54379	-3.10191	1.16149
25	85	85	3.24319	-1.6996	3.63289
35	5	5	2.18566	0.123255	-0.545849
35	5	15	1.52763	0.231585	-1.84281
35	5	25	-1.10396	0.491298	-0.60885
35	5	35	-2.67332	-0.301052	2.34318
35	5	45	-0.437631	-0.247136	0.360436
35	5	55	-0.919648	-0.254331	-0.9224
35	5	65	-2.74471	-0.480819	-2.96819
35	5	75	0.805333	0.152338	0.055838
35	5	85	2.53556	-0.0223409	1.22772
35	15	5	2.00376	0.283017	-0.703495
35	15	15	1.66462	2.10478	-2.70823
35	15	25	-0.936289	4.29474	-0.626612
35	15	35	-3.16399	3.24042	3.79589
35	15	45	-0.814564	-0.176791	1.38873
35	15	55	-0.930462	0.463145	-1.91406
35	15	65	-3.03301	3.78639	-4.45169
35	15	75	0.283621	4.18616	0.285562
35	15	85	2.16173	1.95471	2.2978
35	25	5	1.43137	1.16774	-0.124391
35	25	15	-0.155063	1.35234	-4.50782
35	25	25	-2.91107	2.36671	-1.2611
35	25	35	-3.76911	1.66741	4.75308
35	25	45	-0.365174	0.743263	3.70013
35	25	55	-0.0771382	1.44759	-4.91298
35	25	65	-3.52002	1.93872	-5.26119
35	25	75	-2.39834	1.68144	0.737969
35	25	85	0.0397628	1.59381	3.92702
35	35	5	-0.808838	1.43007	-0.831145
35	35	15	-3.7338	-1.64708	-5.93941
35	35	25	-3.37696	-2.94988	-3.88946
35	35	35	-0.0590568	-2.04745	1.91884
35	35	45	1.93977	-0.128345	2.33975
35	35	55	2.14661	-0.89008	-2.80011
35	35	65	-0.528319	-2.65354	-1.94935
35	35	75	-4.0279	-3.83079	3.28995
35	35	85	-3.40106	-1.75075	4.34538
35	45	5	-0.756732	0.623588	-0.0395979
35	45	15	-2.67229	-0.875858	-2.08972
35	45	25	-2.81423	-2.84423	-2.30326
35	45	35	0.988453	-1.59837	0.230276
35	45	45	2.58968	-0.262977	1.12697
35	45	55	2.31375	-0.250099	-0.96569
35	45	65	1.33005	-1.51538	-0.879289
35	45	75	-2.67658	-2.58265	1.83637
35	45	85	-2.35404	-0.789481	1.89602
35	55	5	-0.913852	-0.902562	0.318358
35	55	15	-2.58656	0.328794	-1.5246
35	55	25	-2.61792	1.73838	-1.49724
35	55	35	1.01511	0.722244	0.635579
35	55	45	2.66654	0.0624827	0.886212
35	55	55	2.33004	0.106959	-0.568278
35	55	65	1.92518	1.50698	-0.498498
35	55	75	-2.07194	2.11139	2.34207
35	55	85	-2.70909	0.503203	2.43399
35	65	5	-0.117171	-1.14975	-0.177228
35	65	15	-3.11928	1.22506	-5.0855
35	65	25	-3.2484	3.05352	-2.50223
35	65	35	0.579438	2.1359	1.607
35	65	45	3.09954	1.34778	2.74828
35	65	55	3.14551	1.04524	-2.71538
35	65	65	0.381284	2.70913	-2.63962
35	65	75	-3.061	3.74733	3.66234
35	65	85	-2.58288	2.17117	5.37537
35	75	5	1.9713	-0.444473	-0.727234
35	75	15	-1.86727	-1.49934	-5.29063
35	75	25	-4.4929	-1.7116	-1.56255
35	75	35	-2.95263	-0.405264	2.92335
35	75	45	1.65132	1.23003	2.85395
35	75	55	0.554469	0.153293	-4.43226
35	75	65	-3.13649	-0.75411	-4.67674
35	75	75	-1.76594	-0.917353	1.11627
35	75	85	0.704029	-1.06607	4.95747
35	85	5	2.31634	-0.0804451	-0.644511
35	85	15	0.93476	-1.3155	-2.84731
35	85	25	-3.6261	-3.34326	-0.541744
35	85	35	-3.39888	-3.17681	3.26295
35	85	45	-0.548044	0.462095	1.07034
35	85	55	-1.27649	-0.521944	-1.95442
35	85	65	-3.1991	-3.41754	-4.29279
35	85	75	-0.187091	-3.358	-0.00622963
35	85	85	2.70986	-1.92148	2.823
45	5	5	1.15592	0.0399614	-0.0822963
45	5	15	0.0435491	0.00315867	0.265606
45	5	25	-1.1128	0.148464	0.452172
45	5	35	-1.48577	0.0895471	0.802065
45	5	45	-0.0439148	0.119177	0.067352
45	5	55	-0.109634	0.0176838	-0.112481
45	5	65	-1.0303	-0.153115	-1.57102
45	5	75	-0.237348	0.392738	-1.02823
45	5	85	0.643537	0.14722	-0.258136
45	15	5	1.34018	1.30153	-0.220149
45	15	15	-0.102258	1.24578	0.0883027
45	15	25	-1.05573	2.49091	0.825342
45	15	35	-2.00604	2.12859	2.48519
45	15	45	-0.360144	-0.641554	0.820033
45	15	55	-0.122893	-4.48926e-05	-0.595988
45	15	65	-1.68035	2.66462	-3.17596
45	15	75	-0.420728	2.56325	-1.33049
45	15	85	0.847543	1.60759	-0.0147086
45	25	5	0.866406	1.78729	-0.357985
45	25	15	-0.643688	1.63197	-1.18993
45	25	25	-2.19035	1.35	0.679656
45	25	35	-3.17255	0.160244	3.83703
45	25	45	-0.0608082	-1.27716	1.36267
45	25	55	0.0807908	-0.994317	-2.27075
45	25	65	-2.12054	1.17012	-3.95516
45	25	75	-1.50463	1.84185	-1.13037
45	25	85	-0.33437	1.40064	1.78189
45	35	5	-0.196846	1.69172	-0.0012317
45	35	15	-2.10066	-1.25876	-4.20576
45	35	25	-1.74402	-3.83035	-5.39915
45	35	35	-1.50694	-3.46295	-0.290242
45	35	45	1.25845	-1.73923	0.0147947
45	35	55	1.20939	-1.45926	-1.09414
45	35	65	-0.615874	-3.05677	0.603887
45	35	75	-2.28386	-3.75206	4.21218
45	35	85	-1.81758	-1.02797	3.3861
45	45	5	-0.427786	0.402962	0.235669
45	45	15	-1.38016	-0.79115	-1.73414
45	45	25	-1.24129	-2.10043	-2.43198
45	45	35	0.000405806	-1.04593	-0.511432
45	45	45	0.922457	-0.28223	0.0157267
45	45	55	1.07954	-0.581372	0.0379251
45	45	65	0.100372	-0.886514	0.900905
45	45	75	-1.30508	-1.98509	2.55521
45	45	85	-1.05651	-0.487659	1.01648
45	55	5	-0.204522	-0.724365	0.618875
45	55	15	-1.56786	0.561168	-1.31311
45	55	25	-1.13374	1.53094	-1.84404
45	55	35	-0.0678176	0.791006	-0.494229
45	55	45	1.02567	0.101535	-0.781653
45	55	55	1.02094	0.475191	0.396668
45	55	65	0.108065	1.06418	0.354186
45	55	75	-1.43841	1.68807	2.27614
45	55	85	-0.878253	0.72196	1.30104
45	65	5	-0.798072	-1.35249	0.242419
45	65	15	-1.70404	0.498382	-2.47533
45	65	25	-0.703555	3.31772	-3.3288
45	65	35	-0.654273	2.61073	-0.125498
45	65	45	0.961756	1.36148	0.00522221
45	65	55	0.92643	1.05709	-0.34998
45	65	65	-0.900834	2.26049	0.0998751
45	65	75	-1.95199	2.69233	3.53735
45	65	85	-1.62861	1.05653	3.70439
45	75	5	0.577593	-1.18525	0.258406
45	75	15	-1.82496	-1.39435	-1.90545
45	75	25	-3.23177	-0.439043	-1.07843
45	75	35	-1.7008	0.682397	1.47471
45	75	45	0.518382	2.10402	0.497755
45	75	55	0.199688	1.02074	-1.90998
45	75	65	-1.9241	-0.390091	-3.46055
45	75	75	-2.4441	-2.01104	-1.69533
45	75	85	-0.876456	-2.06048	1.25797
45	85	5	1.02868	-0.879657	0.161007
45	85	15	-0.19407	-1.5016	-0.258333
45	85	25	-1.71865	-2.30799	0.779716
45	85	35	-2.07955	-1.7052	2.0288
45	85	45	-0.238488	0.646883	0.417146
45	85	55	-0.383583	0.480104	-0.460948
45	85	65	-1.27832	-2.28024	-3.17784
45	85	75	-0.297862	-2.53688	-1.19043
45	85	85	0.620773	-1.47931	-0.0902353
55	5	5	-1.06987	-0.0287289	-0.18366
55	5	15	-0.467042	0.258809	-0.107709
55	5	25	0.316759	0.126587	0.61078
55	5	35	1.13849	0.218625	0.735144
55	5	45	0.0690249	-0.094592	-0.0316377
55	5	55	0.330681	0.222544	-0.406578
55	5	65	1.89417	-0.00541089	-1.74245
55	5	75	0.432453	-0.109351	-0.726623
55	5	85	-0.278347	-0.0250864	-0.494197
55	15	5	-0.724713	0.46312	-0.219233
55	15	15	-0.31471	1.18956	0.0423324
55	15	25	0.491246	2.67172	0.749511
55	15	35	1.9975	2.44976	2.68671
55	15	45	0.325258	-0.622057	0.013282
55	15	55	0.442723	-0.405026	-0.294891
55	15	65	2.8995	2.55059	-2.98797
55	15	75	1.61302	2.3248	-1.33511
55	15	85	0.158035	1.02058	-0.108364
55	25	5	-0.663648	1.04701	0.100057
55	25	15	0.642905	1.43716	-0.781828
55	25	25	2.31781	1.35462	0.637535
55	25	35	2.50616	1.37763	3.14807
55	25	45	-0.0812387	-1.20282	1.44143
55	25	55	0.0023795	-1.1176	-1.76395
55	25	65	2.99067	1.3056	-3.68
55	25	75	2.9053	1.81779	-1.82417
55	25	85	0.837599	1.42589	1.20185
55	35	5	-0.0788353	1.3221	0.179639
55	35	15	2.62231	-1.62999	-3.54662
55	35	25	1.83622	-3.65437	-3.88821
55	35	35	0.961205	-2.16377	0.0814101
55	35	45	-0.957671	-1.38575	0.757246
55	35	55	-0.950745	-0.68599	-0.71722
55	35	65	0.176522	-2.58106	-0.0327039
55	35	75	2.29295	-3.64032	4.38555
55	35	85	2.03179	-0.848625	3.26454
55	45	5	-0.0170336	0.559819	-0.00107242
55	45	15	1.41733	-1.01294	-1.99543
55	45	25	2.22116	-2.34164	-2.22266
55	45	35	0.188113	-1.13221	-0.456562
55	45	45	-1.04934	0.107413	0.287747
55	45	55	-1.18911	0.0471028	0.0955084
55	45	65	-0.174459	-1.01383	0.370839
55	45	75	1.6631	-1.65699	1.58995
55	45	85	1.19679	-0.532005	0.910703
55	55	5	-0.102265	-0.664333	0.200884
55	55	15	1.74121	0.73093	-1.74314
55	55	25	1.43594	1.31693	-1.27587
55	55	35	0.104844	0.627674	-0.652845
55	55	45	-1.07197	0.312642	-0.0481421
55	55	55	-1.45382	0.0117485	0.378424
55	55	65	-0.120166	0.593182	0.534903
55	55	75	1.64245	1.53092	1.67446
55	55	85	1.52658	0.764269	1.73165
55	65	5	-1.14109	-1.62083	-0.173595
55	65	15	1.53969	1.832	-4.11251
55	65	25	2.17173	3.54556	-3.27656
55	65	35	0.756298	2.79737	0.23824
55	65	45	-1.07392	0.920672	0.426386
55	65	55	-1.02511	0.679385	-0.417707
55	65	65	0.786755	1.96775	-0.21616
55	65	75	2.03392	1.63911	2.71008
55	65	85	1.90944	0.659924	3.6802
55	75	5	-1.85409	-1.63364	-0.580832
55	75	15	0.573966	-1.11489	-2.48954
55	75	25	1.91178	-1.37685	-0.104988
55	75	35	1.49776	-0.572032	2.69516
55	75	45	-0.325271	1.47869	1.38502
55	75	55	0.477614	0.729933	-1.64672
55	75	65	2.44375	-1.50282	-3.8989
55	75	75	1.88701	-2.54896	-2.2425
55	75	85	0.403753	-2.41488	1.35374
55	85	5	-1.19082	-0.769522	0.355996
55	85	15	-0.855257	-1.4807	-0.212695
55	85	25	0.904398	-2.215	0.964317
55	85	35	1.92166	-1.8082	2.60354
55	85	45	0.361445	0.264014	0.238862
55	85	55	0.286155	0.543267	-0.425241
55	85	65	2.42998	-2.46553	-3.29428
55	85	75	1.24907	-2.94635	-1.64703
55	85	85	-0.186453	-1.47555	0.12194
65	5	5	-1.94026	-0.224353	-0.240005
65	5	15	-1.62731	0.0806627	-1.60864
65	5	25	0.721083	0.563979	-0.270349
65	5	35	2.97452	0.244823	2.13078
65	5	45	0.861335	0.00643413	0.691679
65	5	55	0.76989	0.260469	-0.381014
65	5	65	3.17867	-0.336846	-1.7606
65	5	75	1.66051	-0.250865	0.269287
65	5	85	-2.06314	-0.363688	1.92798
65	15	5	-2.17723	-0.351926	-0.162812
65	15	15	-1.46134	1.21784	-2.33704
65	15	25	1.61763	2.40196	-0.744252
65	15	35	3.40938	3.29219	3.68449
65	15	45	1.20774	-0.06522	1.86391
65	15	55	0.996977	-0.145643	-1.39235
65	15	65	4.14055	2.71504	-3.16785
65	15	75	1.94889	2.74057	0.640687
65	15	85	-1.96202	1.25619	1.90908
65	25	5	-1.42969	-0.409496	-0.638705
65	25	15	0.752047	0.107393	-4.22658
65	25	25	3.01376	0.751825	-0.760797
65	25	35	3.13022	1.85772	4.52357
65	25	45	0.0687634	0.905444	3.56574
65	25	55	0.93806	1.13879	-4.60218
65	25	65	3.62776	2.16548	-5.15936
65	25	75	3.44855	1.91061	0.698531
65	25	85	0.988173	0.39376	5.18543
65	35	5	0.718004	0.0284737	0.177216
65	35	15	3.6614	-3.00308	-5.23189
65	35	25	3.48152	-2.3757	-1.53193
65	35	35	0.0568568	-1.23869	2.49434
65	35	45	-2.66619	-0.0444583	2.73838
65	35	55	-2.70383	0.861994	-3.24776
65	35	65	-0.0296173	-1.06991	-3.15103
65	35	75	3.61277	-3.37617	2.56397
65	35	85	3.61548	-2.75687	5.95356
65	45	5	0.596621	0.223256	0.0416706
65	45	15	2.52696	-1.41344	-2.68301
65	45	25	0.924515	-2.18023	-2.12606
65	45	35	-1.4462	-1.43965	1.42348
65	45	45	-2.85433	0.160726	1.7172
65	45	55	-3.10291	0.35536	-0.823306
65	45	65	-0.907708	-0.90523	-1.36566
65	45	75	2.50931	-2.53422	1.50027
65	45	85	2.50181	-1.39165	2.76449
65	55	5	0.838616	-0.683383	0.440817
65	55	15	2.3397	1.24117	-2.18855
65	55	25	1.15183	2.28865	-1.49543
65	55	35	-1.30645	0.861022	1.10479
65	55	45	-2.44831	0.264909	0.767858
65	55	55	-2.7672	0.26567	-0.801314
65	55	65	-0.639751	0.609937	-1.00841
65	55	75	2.1916	1.41684	0.913053
65	55	85	2.08776	1.59968	2.9659
65	65	5	0.329965	-0.80968	0.864473
65	65	15	3.99066	2.65631	-6.477
65	65	25	3.23382	2.80713	-2.76387
65	65	35	-0.355791	1.54369	2.60829
65	65	45	-2.48266	-0.679221	2.80124
65	65	55	-2.45822	-0.842382	-2.76285
65	65	65	0.605311	1.43626	-3.5098
65	65	75	3.61477	2.57878	2.57889
65	65	85	3.05327	2.21307	6.24391
65	75	5	-2.35702	-0.392479	-0.0580238
65	75	15	0.527977	-1.26129	-5.85213
65	75	25	3.35682	-2.4008	-0.916542
65	75	35	2.64196	-2.10907	5.0828
65	75	45	-0.527404	-1.48709	4.49608
65	75	55	0.375139	-0.796869	-3.86625
65	75	65	3.50737	-2.21455	-5.35479
65	75	75	2.87472	-1.91735	0.1726
65	75	85	-0.666833	-1.0598	4.34806
65	85	5	-2.52233	-0.347812	-0.0380082
65	85	15	-2.51018	-1.54505	-3.08021
65	85	25	1.14821	-2.8854	-0.0211715
65	85	35	3.35585	-3.21784	3.94185
65	85	45	0.664528	-0.0146766	1.6696
65	85	55	0.791412	-0.558703	-1.31051
65	85	65	3.99457	-3.37341	-3.42583
65	85	75	1.53037	-3.14212	-0.200124
65	85	85	-2.13141	-1.86916	1.86543
75	5	5	-1.17887	-0.507137	-0.40608
75	5	15	-1.72528	-0.285711	-1.49512
75	5	25	-1.37908	-0.294526	-0.613413
75	5	35	1.91456	-0.39077	2.24214
75	5	45	2.11114	-0.254382	0.722116
75	5	55	2.23384	-0.0780253	-1.85636
75	5	65	2.42822	-0.772932	-2.01057
75	5	75	-2.21094	-0.665315	2.58718
75	5	85	-1.72694	-0.524388	2.65887
75	15	5	-0.908983	-0.0613635	0.0631077
75	15	15	-2.83473	1.79722	-4.09253
75	15	25	-1.00505	3.3681	-1.20464
75	15	35	2.46941	2.91498	3.00457
75	15	45	2.76516	0.246475	1.57561
75	15	55	2.0055	0.971682	-2.30784
75	15	65	2.01973	3.57046	-2.58025
75	15	75	-2.52678	4.27175	3.70564
75	15	85	-2.72915	2.11652	4.50982
75	25	5	0.901626	0.474438	-0.49919
75	25	15	-1.42803	1.61477	-6.95422
75	25	25	-1.05357	2.04982	-2.44896
75	25	35	0.0605381	0.98205	4.82496
75	25	45	1.48802	0.62043	4.30058
75	25	55	0.681297	1.20316	-4.84214
75	25	65	-0.485123	3.04753	-5.26399
75	25	75	-3.14968	2.90309	3.33241
75	25	85	-1.40188	2.31002	6.94713
75	35	5	3.11376	0.16159	-0.880384
75	35	15	1.51586	-1.65237	-5.16031
75	35	25	-0.439909	-1.63266	-1.92727
75	35	35	-2.30085	-1.70216	4.8643
75	35	45	-1.89091	0.227705	3.46102
75	35	55	-1.98807	0.750519	-3.86307
75	35	65	-3.17764	-1.03447	-4.82077
75	35	75	-1.07306	-1.79281	1.90503
75	35	85	1.7462	-0.406845	4.88586
75	45	5	2.18617	-0.0583947	0.0606486
75	45	15	3.11549	-0.967717	-2.86775
75	45	25	-1.05809	-1.61404	-1.52171
75	45	35	-3.09002	-0.928809	2.10874
75	45	45	-2.57203	0.510847	1.15923
75	45	55	-2.22719	0.805258	-1.53593
75	45	65	-2.89828	-1.39839	-2.56373
75	45	75	-0.471251	-1.46731	0.825683
75	45	85	1.95823	-0.588135	2.42949
75	55	5	3.14001	-0.324043	0.476813
75	55	15	3.02099	1.13203	-2.42668
75	55	25	-0.984587	1.30381	-1.37083
75	55	35	-3.29062	1.27662	1.90991
75	55	45	-1.84811	-0.0209715	0.814697
75	55	55	-2.01707	0.474452	-1.59233
75	55	65	-2.73434	1.14652	-2.15726
75	55	75	-1.14865	1.96049	1.67917
75	55	85	1.79663	0.882042	3.07365
75	65	5	2.52778	-0.986031	0.467579
75	65	15	2.20576	0.959122	-5.54627
75	65	25	-1.77848	2.31427	-2.34606
75	65	35	-3.24726	1.87507	4.7184
75	65	45	-1.42168	-0.116783	3.47081
75	65	55	-1.47091	-0.0268937	-3.76894
75	65	65	-4.12439	1.4045	-4.95232
75	65	75	-2.54558	1.66643	2.96968
75	65	85	0.690473	0.661765	6.14113
75	75	5	0.117562	-0.80079	0.908055
75	75	15	-2.31092	-2.68131	-6.89507
75	75	25	-2.98223	-1.60796	-2.15578
75	75	35	-0.918171	-0.599751	5.17782
75	75	45	1.92556	-0.642838	4.41302
75	75	55	1.48717	-1.91014	-4.32821
75	75	65	-0.459345	-3.51057	-5.47795
75	75	75	-2.8788	-4.02457	3.3016
75	75	85	-3.61938	-3.49185	7.13563
75	85	5	-1.15386	-0.123591	0.00764658
75	85	15	-3.03057	-1.90789	-3.2772
75	85	25	-3.10324	-4.30632	-0.367556
75	85	35	0.827626	-2.67253	3.2475
75	85	45	1.94358	-0.600866	2.07495
75	85	55	1.92036	-1.28288	-2.14161
75	85	65	2.35251	-4.09649	-3.73851
75	85	75	-2.9851	-5.68216	2.40026
75	85	85	-3.22165	-2.76952	4.30969
85	5	5	-0.13083	-0.106604	0.122032
85	5	15	-1.45783	-0.321767	-0.484878
85	5	25	-1.53881	-0.339251	-0.848882
85	5	35	0.50862	-0.0878801	-0.246014
85	5	45	1.77291	0.122104	0.0891235
85	5	55	1.99904	-0.103265	-0.682711
85	5	65	-0.553439	-0.225453	-0.27015
85	5	75	-2.63435	-0.815404	0.800646
85	5	85	-1.19036	-0.26482	1.01301
85	15	5	0.343216	-0.765118	0.102296
85	15	15	-2.03367	0.966996	-2.43982
85	15	25	-1.77156	2.314	-1.93713
85	15	35	0.576717	1.69719	0.263992
85	15	45	1.89099	0.793316	0.0153316
85	15	55	1.25011	0.693928	-0.696172
85	15	65	-0.762162	1.91954	-0.360149
85	15	75	-4.03472	2.78935	2.29084
85	15	85	-1.78243	0.665644	1.82839
85	25	5	1.29453	-0.950543	-0.339166
85	25	15	-2.53687	1.18106	-4.37608
85	25	25	-3.18371	1.58737	-2.62741
85	25	35	-1.48045	1.44574	1.26167
85	25	45	1.03006	1.65038	2.5228
85	25	55	0.399662	1.4515	-1.3105
85	25	65	-3.2419	2.22148	-1.01248
85	25	75	-4.52786	1.71268	2.80671
85	25	85	-1.24769	0.388216	3.26287
85	35	5	2.65431	0.19187	-0.48001
85	35	15	0.544724	-0.483936	-1.46104
85	35	25	-1.91198	-1.76061	0.631483
85	35	35	-3.38681	-2.08536	3.6008
85	35	45	-0.353681	0.89354	2.07327
85	35	55	-0.828057	0.682795	-1.24801
85	35	65	-3.40727	-1.5957	-2.98441
85	35	75	-2.93609	-1.42092	-0.50723
85	35	85	0.593154	-1.36751	0.889006
85	45	5	2.31874	0.0209123	0.260437
85	45	15	0.955402	-0.48863	-0.356717
85	45	25	-1.21713	-1.076	0.356889
85	45	35	-3.08918	-1.60571	1.94771
85	45	45	-0.750942	0.532406	0.218137
85	45	55	-0.82804	0.466991	-0.282086
85	45	65	-2.62688	-0.81713	-1.81727
85	45	75	-1.23991	-1.10083	-0.522675
85	45	85	0.779551	-0.552805	0.169593
85	55	5	2.69795	-0.15551	-0.12241
85	55	15	0.692632	0.106625	-0.254607
85	55	25	-1.31515	0.727608	0.518109
85	55	35	-2.77912	1.07257	1.08547
85	55	45	-0.513002	-0.198342	0.484389
85	55	55	-0.868265	-0.27971	-0.301263
85	55	65	-3.53515	1.38443	-1.74652
85	55	75	-1.30723	1.11707	-0.457834
85	55	85	0.654895	0.450679	0.332322
85	65	5	2.55352	-0.537122	-0.216334
85	65	15	0.263016	0.659024	-1.22988
85	65	25	-2.70809	2.35947	0.434919
85	65	35	-4.0234	1.97161	3.17913
85	65	45	-0.883725	-0.749616	1.62428
85	65	55	-0.507195	-0.272305	-1.46927
85	65	65	-3.73276	1.52108	-2.97188
85	65	75	-2.9458	1.69162	-0.520655
85	65	85	-0.0904746	0.739351	1.37238
85	75	5	0.20564	-0.13268	-0.0999749
85	75	15	-3.01011	-1.10015	-4.23602
85	75	25	-2.90043	-1.12294	-2.20525
85	75	35	-1.60904	-1.45364	0.910464
85	75	45	1.34817	-1.80383	1.54725
85	75	55	0.485574	-1.50585	-2.02715
85	75	65	-2.59423	-2.80755	-1.69804
85	75	75	-5.17189	-2.15357	2.74722
85	75	85	-2.71536	-1.18311	3.60814
85	85	5	-0.30715	0.642582	0.114025
85	85	15	-2.15096	-0.965222	-1.91621
85	85	25	-1.83899	-2.69313	-1.42934
85	85	35	-0.173573	-1.79969	0.481785
85	85	45	1.81229	-0.919173	0.496018
85	85	55	1.43608	-0.848892	-1.06458
85	85	65	-1.0584	-2.94958	-1.14667
85	85	75	-3.91951	-4.23787	2.7368
85	85	85	-2.41526	-1.68872	2.45376
