5	5	5	0.841058	-4.88694	-6.62861
5	5	15	1.58431	-4.3195	-4.55271
5	5	25	1.9926	-3.35473	-3.38734
5	5	35	2.08544	-3.14814	-3.23184
5	5	45	3.63134	-3.34538	-4.10125
5	5	55	3.91603	-2.96144	-4.04674
5	5	65	3.66306	-3.25409	-3.43792
5	5	75	2.69958	-3.12349	-2.97557
5	5	85	0.866152	-4.16383	-4.91094
5	15	5	-1.43734	-5.45234	-6.3609
5	15	15	-0.713267	-4.55738	-4.61814
5	15	25	0.58491	-4.18854	-4.05783
5	15	35	0.178226	-4.83103	-3.8688
5	15	45	2.77323	-5.89792	-5.15437
5	15	55	3.36322	-6.13122	-5.54424
5	15	65	1.20789	-6.38023	-5.27131
5	15	75	-1.78303	-6.70357	-4.65854
5	15	85	-2.02854	-6.01419	-5.3639
5	25	5	2.09064	-5.27807	-6.6215
5	25	15	1.17394	-4.86238	-5.23058
5	25	25	0.544729	-4.25937	-4.00741
5	25	35	0.498226	-3.8269	-2.82284
5	25	45	2.55006	-5.63602	-4.4947
5	25	55	3.534	-5.97184	-5.30345
5	25	65	2.75894	-5.03729	-4.8325
5	25	75	1.92958	-4.59867	-4.70003
5	25	85	1.22059	-5.20596	-5.70853
5	35	5	2.7367	-5.10423	-6.2773
5	35	15	2.53642	-5.06507	-5.21851
5	35	25	2.36755	-4.25316	-4.11434
5	35	35	2.29182	-2.64547	-2.17795
5	35	45	2.62371	-4.15616	-3.70553
5	35	55	3.05618	-4.54768	-4.29347
5	35	65	2.67536	-3.60133	-3.58642
5	35	75	2.43574	-3.87695	-4.0475
5	35	85	2.46045	-4.759	-5.34618
5	45	5	3.23061	-5.15835	-6.04419
5	45	15	2.57398	-5.10471	-5.13427
5	45	25	2.66349	-3.95241	-3.80042
5	45	35	2.52668	-2.6557	-2.17017
5	45	45	2.56475	-3.06647	-2.71294
5	45	55	2.57636	-3.47124	-3.40632
5	45	65	2.64069	-2.91795	-2.98387
5	45	75	2.63578	-3.12198	-3.17024
5	45	85	2.63599	-4.61681	-4.84407
5	55	5	3.04841	-5.25633	-5.69469
5	55	15	2.84014	-5.17186	-5.03874
5	55	25	3.91558	-4.66042	-3.81859
5	55	35	4.33425	-4.30167	-2.76701
5	55	45	4.08781	-4.09539	-2.59635
5	55	55	3.83725	-4.02956	-2.81759
5	55	65	3.50124	-3.31782	-2.88761
5	55	75	2.82356	-2.88297	-2.75618
5	55	85	2.87192	-4.36133	-4.44106
5	65	5	2.97221	-5.35003	-6.0088
5	65	15	3.49785	-5.09615	-5.59254
5	65	25	4.07142	-4.33801	-4.36496
5	65	35	4.74033	-4.30838	-3.36135
5	65	45	4.96158	-5.43371	-3.67955
5	65	55	4.98211	-5.25845	-3.46576
5	65	65	5.22888	-4.22057	-3.69801
5	65	75	3.31012	-2.98612	-2.56622
5	65	85	3.64872	-3.96725	-4.65009
5	75	5	4.56513	-5.92237	-6.91081
5	75	15	4.50354	-5.20698	-5.32066
5	75	25	4.95762	-4.77552	-4.20286
5	75	35	5.06101	-4.51108	-3.92573
5	75	45	5.24749	-6.25207	-5.10483
5	75	55	5.41311	-5.76236	-4.16393
5	75	65	5.0018	-3.95196	-3.63848
5	75	75	3.78065	-3.15581	-3.34984
5	75	85	4.47591	-3.71505	-4.95301
5	85	5	3.51163	-5.16791	-7.39531
5	85	15	3.39336	-4.55419	-4.67954
5	85	25	3.61103	-3.95892	-3.74326
5	85	35	3.76362	-3.75735	-4.01648
5	85	45	4.43	-3.95626	-4.59302
5	85	55	3.87723	-3.25252	-3.6897
5	85	65	3.60363	-2.9757	-3.92362
5	85	75	2.81975	-2.66239	-2.94703
5	85	85	3.47524	-3.39245	-4.44239
15	5	5	3.20368	-4.36889	-6.61112
15	5	15	3.02314	-3.79205	-5.06332
15	5	25	2.62582	-2.77122	-3.6334
15	5	35	2.43347	-2.85479	-4.03044
15	5	45	3.98233	-3.90551	-5.36413
15	5	55	4.29414	-4.26429	-5.51111
15	5	65	4.74089	-3.92517	-4.93944
15	5	75	4.35402	-3.08318	-3.79769
15	5	85	3.30616	-2.97377	-4.11212
15	15	5	0.279242	-5.02392	-6.05089
15	15	15	0.827474	-4.42273	-5.17675
15	15	25	0.588114	-4.44192	-5.08584
15	15	35	-0.950874	-4.98735	-5.12297
15	15	45	-1.17415	-6.45287	-5.253
15	15	55	-1.62608	-8.00726	-6.32322
15	15	65	-1.31313	-6.7101	-4.98017
15	15	75	1.17246	-3.96531	-2.9804
15	15	85	1.80561	-4.67031	-4.72861
15	25	5	2.12344	-5.14342	-6.33112
15	25	15	1.83036	-5.10887	-5.277
15	25	25	1.72989	-4.85025	-4.90938
15	25	35	1.22092	-4.76842	-3.68124
15	25	45	2.46182	-6.16853	-5.0277
15	25	55	3.36675	-6.53771	-6.3384
15	25	65	2.70024	-5.32619	-5.36396
15	25	75	2.23064	-3.38659	-3.16852
15	25	85	1.56425	-4.77894	-5.23516
15	35	5	2.97843	-5.1195	-6.0183
15	35	15	2.61127	-5.06661	-5.20842
15	35	25	2.54349	-4.8374	-4.67965
15	35	35	2.71535	-4.14694	-2.98586
15	35	45	3.44248	-5.56778	-4.19245
15	35	55	3.56517	-5.44795	-5.47811
15	35	65	3.60802	-3.97297	-4.45161
15	35	75	3.04342	-3.41756	-3.66851
15	35	85	2.77081	-4.33994	-4.8593
15	45	5	2.81144	-5.13507	-5.83573
15	45	15	2.6923	-5.2908	-5.17042
15	45	25	2.96697	-4.96123	-4.44276
15	45	35	3.43117	-4.25424	-2.38567
15	45	45	3.21042	-4.78632	-3.95304
15	45	55	3.42491	-5.17211	-5.1396
15	45	65	3.07114	-3.15457	-3.53116
15	45	75	2.81897	-2.85546	-3.0235
15	45	85	2.93976	-4.04287	-4.47804
15	55	5	3.15361	-5.45324	-5.8175
15	55	15	3.01799	-5.53111	-5.21689
15	55	25	3.28502	-4.95889	-4.2852
15	55	35	4.12933	-3.70681	-2.99693
15	55	45	4.00134	-4.78766	-3.81862
15	55	55	3.77608	-4.91589	-4.34719
15	55	65	3.38499	-3.99711	-3.61475
15	55	75	3.28954	-3.20483	-2.9681
15	55	85	3.06533	-4.06247	-3.77003
15	65	5	2.98644	-5.35166	-5.89539
15	65	15	2.8857	-5.45448	-5.30306
15	65	25	3.11859	-4.41617	-4.83892
15	65	35	4.12208	-3.1645	-4.41215
15	65	45	4.50804	-5.4419	-4.93099
15	65	55	4.1798	-5.56112	-5.02193
15	65	65	4.63624	-4.48954	-3.56424
15	65	75	4.5726	-3.54694	-3.5179
15	65	85	3.83191	-3.6629	-4.2363
15	75	5	4.22624	-5.94142	-6.49926
15	75	15	3.85692	-5.22663	-5.52368
15	75	25	4.30913	-4.0194	-4.49372
15	75	35	5.20086	-3.96591	-5.15397
15	75	45	4.52946	-5.83904	-6.2644
15	75	55	4.96843	-5.63746	-6.04905
15	75	65	5.74579	-4.81748	-4.78008
15	75	75	5.01638	-3.67269	-4.40013
15	75	85	5.05604	-3.50567	-4.72395
15	85	5	4.33501	-4.61246	-6.53049
15	85	15	4.27948	-3.52785	-5.29247
15	85	25	3.68138	-2.9097	-3.96891
15	85	35	4.27954	-3.56453	-5.04855
15	85	45	4.36077	-4.8361	-6.16535
15	85	55	4.75281	-5.06717	-6.02703
15	85	65	5.08107	-4.39257	-6.31379
15	85	75	4.75827	-3.0991	-4.90263
15	85	85	5.28406	-2.6249	-4.80235
25	5	5	4.42458	-3.47901	-5.5484
25	5	15	4.22393	-2.89481	-5.39435
25	5	25	4.11287	-1.78752	-4.49282
25	5	35	3.98482	-2.26041	-4.89265
25	5	45	4.07976	-4.71957	-6.84442
25	5	55	4.62285	-4.90658	-7.20383
25	5	65	5.47681	-4.3301	-6.67888
25	5	75	5.63271	-2.88731	-5.12916
25	5	85	5.2413	-2.03828	-4.60506
25	15	5	3.37389	-4.96848	-6.94173
25	15	15	2.45395	-4.99012	-6.66964
25	15	25	0.502709	-4.49363	-5.63333
25	15	35	-1.12422	-3.7618	-4.25946
25	15	45	-0.528536	-4.88566	-4.9954
25	15	55	0.772669	-5.27067	-6.36195
25	15	65	3.12139	-3.05607	-4.9066
25	15	75	4.31087	-2.34355	-3.91584
25	15	85	3.28759	-2.79693	-3.99917
25	25	5	2.32077	-5.2458	-5.73199
25	25	15	2.56914	-5.28125	-6.0237
25	25	25	1.69002	-5.49043	-5.25471
25	25	35	0.634872	-6.1515	-4.61785
25	25	45	0.713927	-6.29232	-4.97369
25	25	55	2.33075	-5.71902	-6.26322
25	25	65	3.1141	-3.88224	-4.65616
25	25	75	3.27263	-2.6546	-2.7503
25	25	85	2.78245	-3.81291	-4.088
25	35	5	2.83256	-5.45488	-5.28735
25	35	15	2.57966	-5.27179	-5.1905
25	35	25	2.80275	-5.43595	-4.92224
25	35	35	3.22666	-5.70756	-4.57893
25	35	45	3.95489	-6.51541	-4.8883
25	35	55	5.07813	-6.49319	-6.31693
25	35	65	4.02246	-4.64844	-4.80272
25	35	75	3.50662	-3.52516	-3.21721
25	35	85	3.22307	-4.15474	-3.92134
25	45	5	2.45323	-5.17789	-5.24571
25	45	15	2.53877	-5.29443	-5.06999
25	45	25	2.7436	-5.24069	-4.74274
25	45	35	2.79868	-5.1983	-4.15614
25	45	45	3.17263	-5.61964	-4.65827
25	45	55	4.01993	-6.10427	-5.81003
25	45	65	4.35984	-4.62657	-4.88644
25	45	75	3.12476	-3.23921	-3.03528
25	45	85	2.92481	-3.43683	-3.12404
25	55	5	3.41029	-5.72368	-5.17772
25	55	15	3.14919	-5.84997	-5.1331
25	55	25	3.05356	-5.29183	-4.96646
25	55	35	3.50642	-4.25453	-4.29459
25	55	45	3.04945	-4.85099	-4.48575
25	55	55	3.43125	-5.6114	-5.57126
25	55	65	4.15569	-4.84333	-4.99184
25	55	75	3.29265	-3.79431	-3.21064
25	55	85	3.28431	-3.94818	-3.3539
25	65	5	3.25837	-5.47655	-5.2143
25	65	15	3.08387	-5.61692	-5.19095
25	65	25	3.8553	-4.38966	-5.9281
25	65	35	4.2497	-3.03404	-6.2486
25	65	45	3.70678	-5.25395	-6.08365
25	65	55	3.22566	-5.45492	-5.75424
25	65	65	3.90955	-4.4829	-4.39634
25	65	75	3.9341	-3.60194	-3.63429
25	65	85	3.4805	-3.79899	-3.31834
25	75	5	3.74892	-5.22127	-4.94149
25	75	15	3.75969	-5.42674	-5.5135
25	75	25	4.90138	-4.12247	-5.81398
25	75	35	5.21942	-2.92441	-6.36987
25	75	45	4.14638	-5.13665	-7.19972
25	75	55	4.18115	-5.08768	-6.84605
25	75	65	4.22757	-4.41775	-5.68004
25	75	75	5.1557	-3.98362	-5.88044
25	75	85	4.93018	-3.56017	-4.28106
25	85	5	4.56218	-3.84392	-4.74971
25	85	15	4.49653	-3.65779	-5.34471
25	85	25	4.79786	-2.63042	-4.93921
25	85	35	4.95338	-3.10354	-5.68552
25	85	45	4.49668	-5.00141	-7.40586
25	85	55	4.42505	-5.0979	-7.4195
25	85	65	4.98882	-4.65147	-6.73571
25	85	75	5.6407	-3.80871	-6.17798
25	85	85	6.28011	-3.71201	-4.96631
35	5	5	4.17612	-2.35388	-3.82694
35	5	15	3.80367	-2.20088	-3.8275
35	5	25	4.02804	-1.38188	-4.08314
35	5	35	4.07868	-2.41692	-4.84307
35	5	45	3.93698	-4.87161	-7.15528
35	5	55	4.29541	-5.07874	-7.05491
35	5	65	4.81183	-4.60119	-6.77762
35	5	75	5.13165	-2.79235	-5.3152
35	5	85	4.49862	-1.65085	-4.21925
35	15	5	3.01036	-4.34159	-6.40686
35	15	15	1.28512	-3.57308	-5.56942
35	15	25	1.40129	-2.50363	-4.31642
35	15	35	2.24206	-1.79203	-3.32709
35	15	45	2.88096	-3.88856	-5.39712
35	15	55	3.23643	-4.99844	-6.72733
35	15	65	4.45056	-3.57978	-5.80231
35	15	75	4.53574	-1.52109	-4.50725
35	15	85	3.84595	-1.22958	-3.8305
35	25	5	2.73299	-5.27079	-6.68217
35	25	15	1.57019	-5.44021	-6.71584
35	25	25	0.170178	-5.05546	-4.9262
35	25	35	0.892189	-3.80521	-3.23215
35	25	45	1.80618	-4.42714	-4.32195
35	25	55	2.13633	-4.88186	-5.85271
35	25	65	3.19694	-3.16684	-4.53726
35	25	75	3.44305	-1.85633	-3.33818
35	25	85	3.29005	-2.66725	-3.03281
35	35	5	4.03538	-5.2012	-5.4978
35	35	15	3.01667	-5.76387	-5.67165
35	35	25	2.61867	-5.71276	-4.88899
35	35	35	2.6945	-5.54258	-4.43094
35	35	45	2.86227	-5.77974	-4.79116
35	35	55	2.31277	-5.75141	-5.3678
35	35	65	3.65771	-4.52716	-4.37672
35	35	75	3.39661	-3.41346	-3.36978
35	35	85	3.25625	-3.29373	-2.55748
35	45	5	3.23701	-4.58225	-4.16545
35	45	15	2.39353	-5.59369	-5.14816
35	45	25	1.80118	-5.28899	-4.8476
35	45	35	1.51095	-5.06142	-4.61358
35	45	45	1.60494	-5.05288	-4.8904
35	45	55	1.77357	-5.26133	-5.46358
35	45	65	2.94819	-4.37989	-4.42686
35	45	75	3.06335	-3.39552	-2.89303
35	45	85	3.05951	-3.27216	-2.63267
35	55	5	4.03976	-5.35262	-4.05081
35	55	15	3.81353	-6.3647	-5.15002
35	55	25	2.97968	-5.78282	-5.00833
35	55	35	1.72218	-5.03402	-4.71734
35	55	45	1.63889	-5.18709	-5.04838
35	55	55	1.54454	-5.03168	-5.36454
35	55	65	2.56467	-4.39773	-4.61487
35	55	75	2.88458	-3.85409	-3.73534
35	55	85	3.40048	-4.06955	-3.21491
35	65	5	4.28571	-6.16875	-4.99848
35	65	15	3.57341	-6.09163	-5.37568
35	65	25	2.78809	-5.24442	-5.29117
35	65	35	2.58372	-4.87839	-5.22365
35	65	45	2.27055	-5.10336	-5.73145
35	65	55	3.01	-5.19494	-6.67947
35	65	65	2.90436	-4.67091	-5.10768
35	65	75	2.91175	-4.25635	-3.95237
35	65	85	3.71302	-4.93432	-3.65559
35	75	5	3.22139	-4.47804	-3.81481
35	75	15	3.17715	-4.97241	-4.75153
35	75	25	3.61868	-4.18879	-4.84888
35	75	35	3.17424	-4.33321	-5.77636
35	75	45	3.13041	-5.17266	-6.75877
35	75	55	2.45077	-5.15929	-6.51741
35	75	65	2.66919	-4.54104	-4.99519
35	75	75	2.715	-4.3393	-4.63885
35	75	85	2.69272	-4.0259	-3.91554
35	85	5	3.70212	-3.64226	-3.2563
35	85	15	3.17728	-3.38225	-3.64137
35	85	25	3.75828	-2.61392	-4.00098
35	85	35	4.06367	-3.65497	-5.52539
35	85	45	3.28199	-5.0497	-7.46853
35	85	55	3.15744	-5.08091	-6.8986
35	85	65	3.66552	-4.79949	-5.91321
35	85	75	4.31261	-4.20112	-5.53073
35	85	85	4.54115	-3.65537	-3.92308
45	5	5	2.2711	-1.99759	-2.31831
45	5	15	2.62008	-2.23825	-2.4603
45	5	25	2.4204	-1.5815	-2.42236
45	5	35	2.53159	-2.27026	-3.49387
45	5	45	2.52786	-5.0653	-6.13263
45	5	55	2.12748	-5.23944	-5.68758
45	5	65	2.74388	-5.06085	-5.2645
45	5	75	2.74822	-3.13451	-3.63648
45	5	85	2.52984	-2.53898	-2.97969
45	15	5	1.98664	-2.18957	-2.83071
45	15	15	2.30803	-1.51853	-2.76546
45	15	25	2.12449	-1.01843	-2.18397
45	15	35	1.71411	-1.63113	-2.29543
45	15	45	2.20049	-4.73307	-5.17698
45	15	55	1.88447	-5.16003	-5.46191
45	15	65	3.11733	-4.50002	-5.32449
45	15	75	3.20648	-1.71087	-3.53326
45	15	85	3.36337	-2.13467	-3.49826
45	25	5	0.766533	-3.80576	-4.20816
45	25	15	-0.215704	-4.52461	-5.55707
45	25	25	1.08483	-2.24396	-2.43805
45	25	35	1.52598	-1.86768	-1.97003
45	25	45	1.28923	-4.22104	-4.61889
45	25	55	1.93461	-4.9093	-5.80813
45	25	65	2.34897	-2.95391	-4.25729
45	25	75	2.86542	-1.39512	-3.04278
45	25	85	3.20738	-2.0657	-3.13451
45	35	5	3.58502	-4.00369	-3.86629
45	35	15	2.77877	-5.22984	-5.1029
45	35	25	1.69033	-5.09992	-4.62504
45	35	35	1.44703	-4.006	-3.62625
45	35	45	1.02547	-4.64779	-4.72476
45	35	55	0.723254	-4.55858	-5.05866
45	35	65	2.14836	-3.11197	-3.81755
45	35	75	2.9001	-2.51766	-3.09508
45	35	85	3.03722	-2.9118	-2.70472
45	45	5	3.7781	-3.56915	-3.08905
45	45	15	2.99642	-4.56747	-4.18941
45	45	25	1.1473	-5.04448	-4.77542
45	45	35	0.421493	-4.21618	-4.10369
45	45	45	-0.302779	-4.26295	-4.46547
45	45	55	-0.210259	-4.2011	-4.77663
45	45	65	1.92914	-3.36473	-3.97627
45	45	75	2.38702	-2.58623	-2.70169
45	45	85	2.39446	-2.43604	-2.22229
45	55	5	3.73607	-4.51305	-3.60784
45	55	15	3.73419	-4.9307	-4.00248
45	55	25	2.28823	-5.15994	-4.65625
45	55	35	0.695203	-4.35561	-4.46418
45	55	45	-0.12193	-4.20067	-4.79091
45	55	55	-0.431542	-3.95636	-4.70436
45	55	65	0.0166878	-3.0262	-3.3647
45	55	75	1.45046	-3.30611	-3.29138
45	55	85	2.2854	-3.49251	-3.18985
45	65	5	3.5458	-5.25088	-5.25642
45	65	15	3.76441	-6.02611	-5.25933
45	65	25	3.34723	-5.59465	-4.85563
45	65	35	2.50995	-5.0948	-5.12256
45	65	45	2.30316	-5.10347	-6.06249
45	65	55	2.32677	-5.18898	-5.98944
45	65	65	2.29232	-4.90276	-5.01924
45	65	75	2.01363	-4.66897	-4.60888
45	65	85	2.39354	-4.63434	-4.40792
45	75	5	3.46523	-4.76162	-5.25244
45	75	15	3.16705	-5.02595	-4.89754
45	75	25	2.78335	-3.95835	-3.71991
45	75	35	2.44723	-4.17442	-4.18285
45	75	45	2.63853	-5.26548	-6.23757
45	75	55	2.16468	-5.14393	-5.94018
45	75	65	2.12669	-5.0012	-5.06748
45	75	75	2.42524	-5.03312	-5.05203
45	75	85	2.364	-4.68506	-4.69806
45	85	5	3.07276	-3.42406	-3.86037
45	85	15	3.07453	-3.42575	-3.10874
45	85	25	2.45297	-2.2726	-2.31504
45	85	35	2.33608	-3.21775	-3.59179
45	85	45	1.94899	-5.02596	-6.33033
45	85	55	1.71094	-5.08221	-6.15585
45	85	65	2.56542	-4.74162	-4.98562
45	85	75	2.48322	-4.31387	-4.37285
45	85	85	2.25335	-3.41052	-3.38877
55	5	5	2.44914	-2.8347	-3.51339
55	5	15	2.55167	-2.35238	-2.90767
55	5	25	1.81098	-1.69289	-1.70641
55	5	35	2.0608	-2.34007	-2.51242
55	5	45	2.25315	-4.91099	-5.19299
55	5	55	2.44661	-5.1201	-5.46209
55	5	65	2.3695	-5.04168	-4.92525
55	5	75	1.84828	-3.9173	-3.7974
55	5	85	2.34948	-4.11121	-4.02877
55	15	5	2.01096	-1.92043	-2.35641
55	15	15	1.64782	-1.32321	-1.62752
55	15	25	1.25085	-0.970094	-1.18874
55	15	35	1.71393	-1.68874	-1.91313
55	15	45	1.47544	-4.72211	-5.02827
55	15	55	1.44494	-4.8826	-5.02338
55	15	65	2.20862	-4.96201	-4.90926
55	15	75	2.28824	-3.45805	-3.33901
55	15	85	2.24135	-3.34549	-3.42311
55	25	5	2.14808	-1.73203	-2.29322
55	25	15	1.64505	-1.81433	-2.30463
55	25	25	1.55772	-1.49196	-1.79726
55	25	35	1.4581	-1.35817	-1.53687
55	25	45	0.898668	-4.35144	-4.46306
55	25	55	0.984421	-4.97729	-5.40031
55	25	65	1.78994	-4.09806	-4.32394
55	25	75	1.80345	-2.16808	-2.36692
55	25	85	2.10097	-2.69303	-2.81188
55	35	5	2.73178	-2.66467	-2.83473
55	35	15	2.56352	-2.77973	-2.93955
55	35	25	2.05699	-3.31759	-3.34716
55	35	35	1.72432	-2.5174	-2.59515
55	35	45	0.417763	-4.13075	-4.32092
55	35	55	1.69535	-4.84379	-5.31591
55	35	65	1.0199	-3.57979	-3.90546
55	35	75	1.70154	-2.55593	-3.02163
55	35	85	1.99852	-2.73925	-2.92372
55	45	5	3.31748	-3.48904	-3.93999
55	45	15	3.03737	-3.22184	-3.06208
55	45	25	1.52978	-3.59286	-3.66904
55	45	35	0.960247	-2.31927	-2.48784
55	45	45	-0.0681665	-3.62995	-4.2154
55	45	55	0.770334	-4.37483	-4.76677
55	45	65	0.634831	-1.89704	-2.62728
55	45	75	1.07908	-1.55833	-2.12905
55	45	85	2.10859	-3.03299	-3.33004
55	55	5	3.84002	-4.68198	-5.82417
55	55	15	3.4592	-4.42889	-4.23957
55	55	25	2.76488	-3.88678	-3.52761
55	55	35	1.54199	-3.34824	-3.26269
55	55	45	0.244505	-3.60901	-4.19941
55	55	55	-0.307253	-3.6011	-4.25499
55	55	65	-0.00536338	-2.61449	-3.13478
55	55	75	1.04722	-2.0359	-2.38886
55	55	85	2.43834	-3.6984	-4.26937
55	65	5	4.37199	-5.28962	-6.42809
55	65	15	4.31225	-6.28411	-5.50106
55	65	25	4.34691	-6.26664	-4.85202
55	65	35	4.40994	-5.78747	-3.40463
55	65	45	3.38189	-5.7533	-4.99154
55	65	55	2.69078	-5.89022	-5.99977
55	65	65	2.65207	-5.34362	-5.18632
55	65	75	2.403	-4.97747	-4.99961
55	65	85	2.80414	-5.03601	-5.17571
55	75	5	3.89751	-5.12103	-6.3889
55	75	15	3.67117	-5.19206	-5.95697
55	75	25	3.17263	-4.21895	-3.85885
55	75	35	3.21097	-3.39271	-2.87885
55	75	45	2.59286	-4.65304	-4.94909
55	75	55	1.68044	-5.18599	-6.34244
55	75	65	2.46063	-5.12481	-5.20307
55	75	75	2.49145	-5.0411	-5.07814
55	75	85	2.62037	-5.05063	-5.11655
55	85	5	3.77336	-4.48071	-5.79531
55	85	15	3.43447	-4.21566	-5.00967
55	85	25	2.58562	-2.54904	-2.42726
55	85	35	2.53475	-2.83392	-2.61065
55	85	45	2.43694	-4.59912	-5.05275
55	85	55	1.90825	-5.05873	-5.84587
55	85	65	2.22781	-5.04202	-5.072
55	85	75	2.33123	-4.90264	-4.92171
55	85	85	2.39482	-4.82589	-4.84231
65	5	5	2.63792	-4.85458	-5.73484
65	5	15	3.21336	-4.26985	-4.79994
65	5	25	2.64451	-2.92975	-2.77384
65	5	35	2.61741	-3.01895	-2.98734
65	5	45	2.55145	-4.29814	-4.47496
65	5	55	2.52992	-5.10749	-5.5322
65	5	65	2.35196	-5.10248	-5.08717
65	5	75	1.89197	-4.88338	-4.8225
65	5	85	2.02918	-4.80021	-4.89923
65	15	5	1.98141	-3.38543	-4.60542
65	15	15	2.24083	-2.53427	-2.85989
65	15	25	2.095	-2.42426	-2.44219
65	15	35	2.23829	-2.51247	-2.69678
65	15	45	1.97184	-4.61743	-4.79861
65	15	55	2.4102	-5.13857	-5.30014
65	15	65	2.33021	-5.12327	-5.12407
65	15	75	1.96702	-4.56126	-4.44055
65	15	85	2.09943	-4.72675	-4.70679
65	25	5	1.60244	-2.91463	-3.37542
65	25	15	1.99571	-1.78914	-2.15477
65	25	25	2.26369	-1.74015	-2.24463
65	25	35	2.11696	-1.69138	-2.11533
65	25	45	1.10872	-4.25506	-4.45349
65	25	55	2.00357	-5.01445	-5.17704
65	25	65	2.10781	-4.82325	-4.82971
65	25	75	1.64337	-3.62004	-3.60131
65	25	85	2.12448	-4.33429	-4.35475
65	35	5	2.36894	-3.14395	-4.08759
65	35	15	3.4078	-3.0022	-4.25318
65	35	25	3.27961	-2.14991	-3.33602
65	35	35	2.55925	-1.49075	-2.58433
65	35	45	1.55136	-3.59089	-3.89209
65	35	55	2.1252	-5.02417	-5.30058
65	35	65	1.57921	-3.94152	-4.06735
65	35	75	1.16493	-2.82965	-2.91386
65	35	85	1.88644	-3.90018	-4.12084
65	45	5	2.87266	-4.3051	-5.09757
65	45	15	3.23123	-3.99153	-5.02597
65	45	25	3.0881	-2.12421	-3.45222
65	45	35	1.90323	-0.853202	-2.23324
65	45	45	1.54433	-3.10227	-3.75331
65	45	55	2.20584	-4.87669	-5.14965
65	45	65	0.6369	-2.44008	-2.83355
65	45	75	0.697378	-2.64162	-2.94966
65	45	85	2.3207	-4.584	-5.20833
65	55	5	3.41711	-5.11463	-6.19598
65	55	15	3.45686	-4.52415	-5.03938
65	55	25	3.4033	-3.29767	-3.17354
65	55	35	3.02949	-2.72989	-2.69014
65	55	45	2.51047	-3.26406	-3.05011
65	55	55	2.25617	-4.93184	-4.96569
65	55	65	1.37569	-3.17999	-3.48486
65	55	75	1.64043	-2.46755	-3.26404
65	55	85	2.66009	-4.70761	-5.35814
65	65	5	4.64155	-5.84456	-6.57864
65	65	15	4.93745	-6.54539	-5.81723
65	65	25	4.60247	-6.42214	-3.9905
65	65	35	4.9934	-5.82513	-2.86166
65	65	45	4.55641	-5.50362	-2.94103
65	65	55	3.87527	-6.18217	-5.40052
65	65	65	3.07845	-5.52191	-5.40676
65	65	75	2.74232	-5.0216	-4.98869
65	65	85	3.40089	-5.17165	-6.03635
65	75	5	4.09444	-5.31737	-6.80461
65	75	15	3.91721	-5.20508	-5.9626
65	75	25	2.96261	-4.00989	-3.93293
65	75	35	3.6379	-3.71192	-2.84855
65	75	45	3.8511	-4.10801	-3.24193
65	75	55	2.92957	-5.10078	-5.45892
65	75	65	2.61488	-5.16737	-5.25496
65	75	75	2.53513	-4.94763	-4.96335
65	75	85	2.70197	-5.1519	-5.42023
65	85	5	3.51495	-5.10401	-6.48162
65	85	15	3.60755	-4.84694	-5.83197
65	85	25	2.8588	-3.07569	-3.05212
65	85	35	3.24423	-3.22641	-2.63521
65	85	45	3.03361	-3.57971	-3.51274
65	85	55	2.7169	-5.02117	-5.80733
65	85	65	2.55572	-5.08541	-5.13517
65	85	75	2.41323	-5.06466	-5.06254
65	85	85	2.1133	-5.00391	-5.06123
75	5	5	2.20577	-5.01918	-6.26286
75	5	15	2.853	-4.72002	-5.31563
75	5	25	2.61347	-3.59669	-3.51782
75	5	35	2.67676	-3.1249	-2.89808
75	5	45	2.65601	-3.51684	-3.51105
75	5	55	2.65202	-4.72293	-4.9027
75	5	65	2.39124	-5.03853	-5.12229
75	5	75	2.03011	-4.90355	-4.88512
75	5	85	1.69171	-5.08235	-5.36178
75	15	5	1.23109	-4.73453	-5.73648
75	15	15	1.63822	-4.11814	-4.62249
75	15	25	2.38414	-4.2641	-4.18248
75	15	35	2.43246	-3.69951	-3.57809
75	15	45	2.37149	-4.98112	-4.93786
75	15	55	2.53143	-5.14473	-5.2831
75	15	65	2.589	-5.18177	-5.25131
75	15	75	2.14789	-5.00217	-4.9671
75	15	85	1.63746	-4.97856	-5.05894
75	25	5	1.27362	-4.69057	-5.19783
75	25	15	1.35267	-3.20374	-3.37424
75	25	25	2.48833	-2.51661	-2.71766
75	25	35	2.44331	-2.49483	-2.57118
75	25	45	1.78489	-4.2161	-4.23083
75	25	55	2.34723	-5.03658	-5.45723
75	25	65	2.36817	-5.10117	-5.45276
75	25	75	2.47172	-4.68204	-4.72866
75	25	85	2.06134	-4.99365	-5.17856
75	35	5	1.68575	-4.81037	-5.37724
75	35	15	2.42004	-4.30068	-4.70686
75	35	25	3.59858	-2.13216	-4.02476
75	35	35	2.9115	-1.54525	-2.87796
75	35	45	1.85779	-2.82454	-3.05635
75	35	55	2.01766	-4.64453	-5.18856
75	35	65	2.08661	-4.74071	-5.04917
75	35	75	1.98483	-3.55844	-3.70551
75	35	85	1.76666	-4.78361	-5.16391
75	45	5	2.36792	-4.98402	-5.6966
75	45	15	3.32377	-4.3377	-5.48652
75	45	25	4.37619	-2.49563	-4.88658
75	45	35	3.27727	-0.787428	-3.25493
75	45	45	1.91974	-1.97135	-2.46026
75	45	55	2.05773	-3.90563	-4.29248
75	45	65	1.28078	-2.83945	-3.02807
75	45	75	1.18756	-2.46524	-2.49857
75	45	85	2.06978	-4.75379	-5.11531
75	55	5	2.83053	-5.11306	-5.94373
75	55	15	3.83169	-4.63311	-5.49061
75	55	25	4.2884	-3.48042	-4.31993
75	55	35	4.05828	-2.76961	-3.09992
75	55	45	3.37462	-3.38424	-2.49572
75	55	55	2.67944	-3.5782	-3.34346
75	55	65	2.23641	-2.89352	-3.11083
75	55	75	2.08828	-3.32437	-3.41532
75	55	85	2.85953	-4.732	-5.63623
75	65	5	1.49289	-6.28891	-6.67433
75	65	15	2.96765	-6.18067	-5.12724
75	65	25	4.16084	-5.66721	-3.67907
75	65	35	5.17569	-5.04597	-3.00936
75	65	45	5.03981	-4.92776	-2.55839
75	65	55	4.762	-5.06439	-3.35329
75	65	65	2.74249	-5.27815	-4.46033
75	65	75	2.49342	-4.63028	-4.22792
75	65	85	2.18994	-5.61228	-5.77651
75	75	5	3.27895	-5.2701	-6.76003
75	75	15	3.38267	-4.7704	-5.32678
75	75	25	3.17139	-3.77984	-3.66106
75	75	35	3.47407	-3.41101	-2.77525
75	75	45	4.33862	-4.20275	-2.68081
75	75	55	4.45964	-4.17076	-3.67439
75	75	65	2.86224	-4.68745	-4.6584
75	75	75	2.84482	-4.65953	-4.6722
75	75	85	3.24444	-5.11525	-5.88113
75	85	5	3.15647	-5.11026	-6.83402
75	85	15	3.16901	-4.86989	-5.60645
75	85	25	2.45102	-3.15586	-3.20139
75	85	35	2.82634	-2.83153	-2.51567
75	85	45	3.25134	-3.1549	-2.81652
75	85	55	3.06313	-3.63646	-3.98725
75	85	65	2.47025	-4.7946	-4.92845
75	85	75	2.54077	-4.81064	-4.82756
75	85	85	2.13895	-5.04588	-5.90101
85	5	5	1.29062	-5.09162	-6.71197
85	5	15	1.71281	-4.55418	-4.81681
85	5	25	2.33626	-3.70728	-3.62311
85	5	35	2.3843	-3.2988	-3.14733
85	5	45	3.02464	-3.20262	-3.59362
85	5	55	3.35669	-3.53354	-4.05429
85	5	65	2.66023	-3.98536	-4.03717
85	5	75	2.23427	-3.85738	-3.94149
85	5	85	1.59396	-4.90122	-5.33704
85	15	5	-0.0297095	-5.97938	-6.33043
85	15	15	-1.25358	-5.64172	-4.88511
85	15	25	-0.42295	-4.17418	-3.63623
85	15	35	0.700029	-4.8482	-3.62366
85	15	45	2.49513	-5.5329	-5.06672
85	15	55	2.79589	-5.43551	-5.14777
85	15	65	2.5396	-5.11499	-5.2172
85	15	75	2.11279	-5.02003	-5.06625
85	15	85	1.28278	-5.17504	-5.34296
85	25	5	2.00649	-5.10274	-5.93257
85	25	15	1.33481	-4.76923	-4.86558
85	25	25	1.31472	-3.38446	-3.10965
85	25	35	0.939501	-2.56896	-1.59571
85	25	45	2.47448	-4.96802	-4.35184
85	25	55	2.69439	-5.08756	-5.01921
85	25	65	2.49153	-4.92378	-5.19126
85	25	75	2.05029	-4.74287	-5.07398
85	25	85	2.24065	-5.09883	-5.62887
85	35	5	2.34969	-5.02096	-5.95394
85	35	15	2.27675	-4.93998	-5.08052
85	35	25	1.99697	-3.18801	-3.20424
85	35	35	2.17644	-2.05474	-2.13458
85	35	45	2.00737	-2.82236	-2.64657
85	35	55	2.53098	-3.89505	-4.21075
85	35	65	2.51137	-4.35956	-4.78836
85	35	75	2.48947	-4.12122	-4.3955
85	35	85	2.10462	-4.95204	-5.61523
85	45	5	2.36617	-5.09709	-5.76968
85	45	15	2.47385	-4.78319	-4.88012
85	45	25	3.03177	-3.11562	-3.59287
85	45	35	2.63465	-1.66073	-2.45678
85	45	45	2.18938	-2.02895	-2.22269
85	45	55	2.30754	-2.92248	-3.12344
85	45	65	2.31188	-3.25178	-3.57839
85	45	75	2.17598	-2.75321	-2.77053
85	45	85	2.53161	-4.71392	-5.25965
85	55	5	2.82887	-5.21591	-5.80369
85	55	15	3.57322	-5.12458	-5.01403
85	55	25	4.86982	-3.91738	-4.4456
85	55	35	4.31269	-3.06867	-3.37389
85	55	45	4.01167	-3.88252	-2.50919
85	55	55	3.32851	-3.18629	-2.33113
85	55	65	2.59481	-2.78934	-2.86008
85	55	75	2.37548	-2.88876	-2.93474
85	55	85	2.73921	-4.448	-4.89504
85	65	5	2.16482	-5.477	-6.39406
85	65	15	3.91566	-4.92376	-5.29466
85	65	25	4.82427	-4.03955	-4.52973
85	65	35	5.41992	-4.391	-3.73766
85	65	45	5.01658	-4.93329	-2.84699
85	65	55	4.85965	-4.74408	-2.82358
85	65	65	3.78279	-3.69553	-2.52305
85	65	75	2.51516	-3.11927	-2.62111
85	65	85	2.60632	-4.65382	-4.66657
85	75	5	3.51798	-5.47733	-7.15663
85	75	15	3.55038	-4.70081	-4.65104
85	75	25	3.79108	-3.57501	-3.79867
85	75	35	4.1023	-3.66166	-3.42852
85	75	45	4.84967	-4.75581	-3.44903
85	75	55	5.07278	-4.68633	-3.29534
85	75	65	4.1474	-3.79516	-3.45209
85	75	75	2.95931	-3.21349	-3.09124
85	75	85	3.63926	-4.76548	-5.35027
85	85	5	2.49322	-5.22074	-6.95716
85	85	15	2.6811	-4.69364	-5.08035
85	85	25	3.00002	-3.32037	-3.43446
85	85	35	2.77211	-2.74596	-2.85102
85	85	45	3.70346	-2.99839	-3.44039
85	85	55	3.9025	-2.80081	-3.71254
85	85	65	2.94442	-3.08537	-3.48066
85	85	75	2.67313	-3.29589	-3.52029
85	85	85	2.90913	-4.76783	-5.63201
