5	5	5	2.98337	-5.10316	-5.44246
5	5	15	3.45949	-5.16524	-5.94556
5	5	25	2.8163	-4.86366	-4.8452
5	5	35	2.93782	-3.49565	-3.23837
5	5	45	3.15489	-3.17378	-2.65045
5	5	55	3.13954	-3.06312	-3.0754
5	5	65	3.94588	-4.60522	-5.4936
5	5	75	3.84014	-4.40064	-4.67354
5	5	85	2.97207	-4.05068	-4.00894
5	15	5	2.9151	-4.88045	-5.2221
5	15	15	3.11386	-4.58084	-5.1032
5	15	25	2.73584	-4.28086	-4.14604
5	15	35	2.73191	-3.22004	-3.03973
5	15	45	2.91383	-3.1912	-2.84841
5	15	55	3.04352	-3.76226	-3.63461
5	15	65	3.99026	-4.78671	-5.62851
5	15	75	3.7336	-4.90957	-5.5982
5	15	85	2.78797	-5.00379	-5.1141
5	25	5	2.97428	-3.71043	-3.99369
5	25	15	3.05226	-3.82559	-3.92642
5	25	25	2.75584	-3.8804	-3.67841
5	25	35	2.67906	-3.83036	-3.60238
5	25	45	3.02161	-3.58694	-3.62288
5	25	55	2.91742	-5.04491	-4.99547
5	25	65	3.13711	-5.12572	-5.6874
5	25	75	3.3395	-5.12301	-5.79303
5	25	85	2.9674	-4.32207	-4.61775
5	35	5	3.36275	-5.09966	-4.77534
5	35	15	3.48552	-5.00893	-4.3989
5	35	25	3.22232	-4.67271	-4.02667
5	35	35	2.81607	-3.2556	-3.11126
5	35	45	3.32235	-3.47152	-4.32596
5	35	55	3.00367	-4.73506	-5.10811
5	35	65	3.06495	-5.17879	-5.55155
5	35	75	3.29594	-5.20235	-5.51089
5	35	85	3.04743	-3.98044	-3.89223
5	45	5	3.55981	-5.4862	-5.04643
5	45	15	3.71238	-6.00025	-5.06466
5	45	25	4.21813	-6.28036	-4.57962
5	45	35	3.59518	-4.00846	-3.31222
5	45	45	3.18791	-3.88271	-4.32121
5	45	55	3.26285	-4.94676	-5.10582
5	45	65	3.28631	-5.51956	-5.51568
5	45	75	3.27167	-5.30244	-5.11624
5	45	85	3.34489	-4.09619	-3.92815
5	55	5	4.53703	-5.78859	-6.12967
5	55	15	4.05481	-6.3012	-5.33685
5	55	25	3.84198	-5.84884	-4.85373
5	55	35	3.65601	-3.59368	-3.48709
5	55	45	3.24721	-4.23835	-4.84615
5	55	55	3.17718	-4.81432	-5.58211
5	55	65	3.25125	-5.40462	-5.87663
5	55	75	3.71924	-4.71359	-4.9642
5	55	85	4.33606	-4.64931	-4.95907
5	65	5	5.82534	-6.7207	-6.48649
5	65	15	5.18226	-6.67175	-6.11127
5	65	25	4.56589	-6.03516	-5.37749
5	65	35	3.8837	-4.18127	-3.52893
5	65	45	3.46501	-3.9397	-3.74355
5	65	55	4.08946	-5.06038	-5.7168
5	65	65	3.53322	-5.32032	-6.21913
5	65	75	4.54785	-4.64719	-5.36167
5	65	85	5.29301	-4.93087	-5.11722
5	75	5	4.4471	-5.42485	-6.3186
5	75	15	4.66795	-5.53237	-6.74012
5	75	25	4.07701	-5.33481	-5.63341
5	75	35	4.10758	-4.61827	-3.79696
5	75	45	3.78752	-3.79808	-2.89689
5	75	55	4.83946	-4.81228	-4.50193
5	75	65	4.13396	-5.75414	-6.14534
5	75	75	4.32372	-4.17388	-5.04314
5	75	85	4.14164	-4.33604	-5.2315
5	85	5	3.96936	-5.48298	-5.52021
5	85	15	4.48899	-5.78739	-6.35383
5	85	25	4.05428	-5.28977	-4.73618
5	85	35	3.51919	-3.94455	-3.25001
5	85	45	3.80886	-3.83203	-2.86129
5	85	55	4.84648	-4.74245	-3.80859
5	85	65	4.2266	-5.21712	-5.3666
5	85	75	3.92542	-3.89559	-3.8832
5	85	85	3.88672	-4.25764	-4.07696
15	5	5	3.31948	-4.43683	-4.87079
15	5	15	4.35371	-5.15653	-6.83785
15	5	25	3.41364	-4.42385	-5.24283
15	5	35	2.72925	-3.12606	-3.30263
15	5	45	2.63125	-3.04231	-3.04244
15	5	55	2.79114	-3.21447	-3.19436
15	5	65	4.09619	-3.3461	-3.88339
15	5	75	4.37272	-3.84337	-3.75328
15	5	85	3.28192	-3.29332	-3.30568
15	15	5	2.71196	-4.99772	-5.19639
15	15	15	3.6715	-5.04081	-6.18113
15	15	25	2.72946	-4.52244	-4.76044
15	15	35	2.71473	-3.45483	-3.27775
15	15	45	2.97112	-3.32347	-2.94278
15	15	55	2.99865	-3.43862	-3.15261
15	15	65	3.50763	-3.53123	-3.69556
15	15	75	3.14399	-3.37679	-3.74944
15	15	85	2.81513	-4.32056	-4.5389
15	25	5	2.74945	-4.65843	-4.67843
15	25	15	3.17101	-5.13879	-4.97718
15	25	25	3.13744	-3.55361	-2.93483
15	25	35	2.87403	-3.74642	-3.32382
15	25	45	2.87468	-3.28443	-3.1408
15	25	55	2.55742	-4.6781	-4.70094
15	25	65	2.75233	-5.07021	-5.84907
15	25	75	2.57313	-5.15024	-5.69138
15	25	85	2.71464	-4.81367	-4.91651
15	35	5	2.63944	-5.07324	-5.08604
15	35	15	2.84702	-4.94902	-4.77341
15	35	25	2.86621	-4.24653	-3.83409
15	35	35	2.91943	-2.81916	-2.77591
15	35	45	3.47349	-2.67243	-3.61691
15	35	55	2.70416	-4.24549	-4.46112
15	35	65	2.59335	-4.9978	-5.45907
15	35	75	3.25905	-4.86167	-5.64451
15	35	85	2.72253	-4.56244	-4.72464
15	45	5	3.53541	-5.85704	-5.09556
15	45	15	3.81658	-6.17459	-5.19229
15	45	25	4.30176	-6.58867	-4.91274
15	45	35	4.43461	-4.44147	-4.0039
15	45	45	4.70471	-3.34105	-4.17389
15	45	55	3.36303	-3.92465	-4.28072
15	45	65	3.05655	-4.79345	-5.00027
15	45	75	3.56543	-5.12196	-5.50842
15	45	85	3.29434	-4.62087	-4.20497
15	55	5	3.64586	-5.332	-5.58674
15	55	15	3.44354	-5.81854	-5.26485
15	55	25	3.56278	-5.88393	-5.28631
15	55	35	4.27999	-4.25559	-4.33765
15	55	45	3.59026	-3.50817	-3.59623
15	55	55	3.41109	-4.20965	-4.79133
15	55	65	3.06212	-5.25329	-5.20329
15	55	75	3.3727	-4.26159	-4.69089
15	55	85	4.01565	-3.91687	-4.92218
15	65	5	4.44903	-5.11343	-6.18065
15	65	15	3.45656	-5.67967	-5.5049
15	65	25	3.76273	-5.66374	-5.39065
15	65	35	3.84553	-3.97891	-3.9034
15	65	45	3.38688	-3.42568	-3.44887
15	65	55	3.80185	-3.77791	-4.19506
15	65	65	4.01601	-5.51415	-5.88614
15	65	75	4.69427	-4.36158	-4.91766
15	65	85	5.2447	-4.04124	-5.53938
15	75	5	5.22489	-5.27036	-6.10919
15	75	15	4.01023	-5.63942	-6.01865
15	75	25	3.85838	-5.18157	-5.88962
15	75	35	3.428	-4.11521	-4.14971
15	75	45	3.26085	-3.35147	-2.92551
15	75	55	4.33982	-3.97909	-4.3455
15	75	65	4.04592	-4.9838	-5.0758
15	75	75	4.95296	-3.70553	-4.78116
15	75	85	5.22071	-3.55804	-4.8694
15	85	5	4.22984	-4.37057	-4.90538
15	85	15	4.50207	-5.43457	-6.71296
15	85	25	4.13589	-4.68515	-5.86281
15	85	35	3.03727	-3.39808	-3.67704
15	85	45	2.67577	-3.1107	-3.03122
15	85	55	3.1412	-4.26475	-4.47455
15	85	65	4.01939	-4.31529	-5.01161
15	85	75	4.36582	-3.39796	-3.85154
15	85	85	4.71264	-3.62965	-3.92008
25	5	5	3.43703	-3.75988	-4.35389
25	5	15	3.60147	-5.14281	-6.15958
25	5	25	3.6854	-4.14589	-5.27242
25	5	35	2.6638	-3.11062	-3.22142
25	5	45	2.57122	-3.28602	-3.24596
25	5	55	2.69125	-4.24038	-4.34019
25	5	65	3.53226	-4.08229	-4.38192
25	5	75	3.65968	-4.60364	-4.09819
25	5	85	3.39986	-3.52232	-3.35516
25	15	5	2.61287	-4.72032	-4.7985
25	15	15	3.55197	-5.08635	-6.12539
25	15	25	3.49911	-4.48194	-5.27198
25	15	35	2.62006	-3.26805	-3.09707
25	15	45	2.66749	-3.13891	-2.95857
25	15	55	2.84866	-3.59647	-3.41566
25	15	65	2.95227	-3.52313	-3.6819
25	15	75	2.69635	-3.18096	-3.19805
25	15	85	2.61606	-3.30234	-3.33817
25	25	5	2.57072	-4.86526	-4.84516
25	25	15	3.85108	-5.45999	-5.96033
25	25	25	3.51674	-4.22163	-3.56572
25	25	35	3.17793	-3.61244	-2.91538
25	25	45	2.84638	-3.6003	-3.35845
25	25	55	2.4486	-4.73204	-4.71565
25	25	65	1.67302	-4.98302	-5.08182
25	25	75	1.65267	-4.88314	-4.94391
25	25	85	2.53112	-4.9254	-4.88538
25	35	5	2.59264	-5.09868	-5.03627
25	35	15	2.92421	-5.08438	-5.15237
25	35	25	2.73748	-4.05038	-3.88481
25	35	35	2.78911	-2.91626	-2.7995
25	35	45	2.84202	-2.67451	-2.88861
25	35	55	2.55701	-4.18154	-4.16675
25	35	65	2.0902	-4.97508	-5.05388
25	35	75	2.17026	-4.60178	-4.76221
25	35	85	2.45103	-4.53897	-4.53949
25	45	5	2.59264	-4.97401	-5.01161
25	45	15	2.67427	-5.16456	-5.2409
25	45	25	2.85648	-5.21969	-5.21391
25	45	35	3.03861	-3.94055	-3.96031
25	45	45	3.2947	-2.45368	-3.13331
25	45	55	2.95239	-3.89275	-3.6947
25	45	65	2.75261	-4.76567	-4.72688
25	45	75	2.74258	-3.99954	-4.08395
25	45	85	2.52019	-3.73727	-3.81738
25	55	5	2.60844	-4.81724	-4.89879
25	55	15	2.91184	-5.09952	-5.50028
25	55	25	2.78186	-5.12106	-5.31181
25	55	35	3.33529	-4.09818	-4.6615
25	55	45	3.15567	-2.60564	-3.01019
25	55	55	3.07462	-3.03717	-3.01078
25	55	65	2.79543	-4.17531	-4.3361
25	55	75	2.55305	-3.53271	-3.79547
25	55	85	2.29121	-2.91572	-3.07623
25	65	5	3.05142	-4.43715	-4.87875
25	65	15	2.89415	-5.11819	-5.4418
25	65	25	2.85664	-5.10191	-5.36793
25	65	35	3.1979	-3.94438	-4.60566
25	65	45	2.71749	-2.65066	-2.7931
25	65	55	3.44947	-3.15848	-3.25367
25	65	65	3.37262	-3.95814	-3.58215
25	65	75	3.39262	-3.71824	-3.38185
25	65	85	3.38703	-3.33883	-3.88049
25	75	5	4.5866	-4.56366	-5.02407
25	75	15	3.61666	-5.69412	-5.55933
25	75	25	3.83583	-5.90239	-5.5468
25	75	35	3.21791	-4.47924	-4.80451
25	75	45	2.73308	-3.38789	-3.20513
25	75	55	3.19379	-3.98314	-4.41755
25	75	65	3.48417	-4.73473	-4.64874
25	75	75	4.61979	-4.22152	-3.68436
25	75	85	4.73426	-3.81323	-3.81331
25	85	5	3.99595	-4.0417	-4.55839
25	85	15	3.2994	-5.44946	-5.51219
25	85	25	3.37225	-4.93639	-5.68881
25	85	35	2.74908	-3.78883	-3.8045
25	85	45	2.63307	-3.45549	-3.45432
25	85	55	2.77344	-4.89807	-5.11569
25	85	65	3.43748	-4.67061	-5.56614
25	85	75	3.31396	-3.33997	-3.70865
25	85	85	4.19718	-3.74534	-3.78167
35	5	5	3.06196	-3.40974	-3.45882
35	5	15	2.88416	-5.16348	-5.51277
35	5	25	2.94232	-4.64941	-4.94536
35	5	35	2.37445	-2.8994	-2.92013
35	5	45	2.29244	-3.49403	-3.47489
35	5	55	2.59178	-4.98841	-5.0289
35	5	65	2.93356	-5.03957	-5.2188
35	5	75	2.67452	-4.59557	-4.59532
35	5	85	2.79754	-3.66892	-3.50329
35	15	5	2.69585	-4.16469	-4.34071
35	15	15	2.91862	-5.07745	-5.6355
35	15	25	3.12327	-4.26451	-4.83158
35	15	35	2.23525	-2.96367	-2.88623
35	15	45	2.28873	-3.2994	-3.18029
35	15	55	2.67115	-4.72454	-4.64542
35	15	65	2.65192	-4.60489	-4.64481
35	15	75	2.67439	-4.17616	-4.13686
35	15	85	2.55321	-2.91805	-2.89638
35	25	5	2.55049	-4.845	-4.84479
35	25	15	3.13395	-5.21487	-5.57719
35	25	25	3.6599	-4.90213	-4.69416
35	25	35	3.27484	-4.20924	-3.41147
35	25	45	3.46838	-4.48136	-3.58032
35	25	55	2.88751	-4.9773	-4.6153
35	25	65	2.53428	-5.03004	-5.00763
35	25	75	2.43386	-5.03006	-4.96925
35	25	85	2.4924	-4.90289	-4.90315
35	35	5	2.59065	-4.97852	-4.99772
35	35	15	2.91663	-5.19652	-5.4013
35	35	25	2.95913	-4.24441	-4.30891
35	35	35	2.78969	-3.77923	-3.53628
35	35	45	2.86852	-2.85465	-2.86049
35	35	55	2.68146	-4.43613	-4.32614
35	35	65	2.65707	-5.0804	-5.09438
35	35	75	2.51032	-4.81931	-4.80045
35	35	85	2.58793	-4.4381	-4.3973
35	45	5	2.61378	-4.63403	-4.69119
35	45	15	3.07582	-5.10356	-5.82353
35	45	25	2.59508	-5.10067	-5.1399
35	45	35	2.66145	-4.21993	-4.38548
35	45	45	2.73543	-2.49728	-2.81588
35	45	55	2.63522	-3.79547	-3.75496
35	45	65	2.91229	-5.26331	-5.02443
35	45	75	2.67433	-4.08075	-4.0019
35	45	85	2.39237	-3.49292	-3.47093
35	55	5	2.54718	-4.31453	-4.33433
35	55	15	3.4331	-5.09953	-6.26145
35	55	25	2.75511	-5.10208	-5.30604
35	55	35	2.64373	-4.2815	-4.41414
35	55	45	2.59409	-2.51476	-2.47816
35	55	55	2.71271	-3.07109	-3.0519
35	55	65	2.85274	-4.45354	-4.39272
35	55	75	2.41436	-3.03263	-3.03533
35	55	85	1.77132	-2.57898	-2.59893
35	65	5	2.65662	-4.13271	-4.09271
35	65	15	3.091	-5.13641	-5.67641
35	65	25	2.76102	-5.10199	-5.27199
35	65	35	2.76115	-4.46202	-4.69215
35	65	45	2.51077	-2.65955	-2.6597
35	65	55	2.80945	-3.35011	-3.31055
35	65	65	2.8711	-4.21546	-4.05554
35	65	75	3.07544	-3.60228	-3.12587
35	65	85	2.52904	-2.99224	-2.79226
35	75	5	3.97338	-4.80642	-3.74082
35	75	15	4.0377	-6.29418	-5.40898
35	75	25	3.89823	-6.18557	-5.24637
35	75	35	3.4539	-5.34205	-4.80411
35	75	45	3.11148	-4.13884	-3.58009
35	75	55	2.8511	-4.91256	-5.05305
35	75	65	2.81153	-4.9959	-5.01604
35	75	75	2.89627	-3.86995	-3.6468
35	75	85	3.49824	-3.74956	-2.96318
35	85	5	3.23128	-3.85448	-3.73465
35	85	15	3.03195	-5.37551	-5.37615
35	85	25	3.19668	-5.34394	-5.30629
35	85	35	2.74989	-4.37806	-4.18409
35	85	45	2.60077	-4.21519	-4.16649
35	85	55	2.73846	-5.01093	-5.18476
35	85	65	2.78275	-5.02801	-5.25886
35	85	75	2.67443	-4.12466	-4.16772
35	85	85	2.96451	-3.89101	-3.59917
45	5	5	2.69794	-3.19769	-3.15077
45	5	15	2.89186	-5.28951	-5.32949
45	5	25	2.93088	-4.72014	-4.58515
45	5	35	2.56651	-3.18948	-3.0661
45	5	45	2.50446	-3.90538	-3.89532
45	5	55	2.59641	-5.06387	-5.12816
45	5	65	2.73422	-5.14142	-5.26194
45	5	75	2.61634	-4.66482	-4.6816
45	5	85	2.65853	-3.94838	-3.88251
45	15	5	2.55981	-3.45724	-3.49007
45	15	15	2.62445	-5.07579	-5.40479
45	15	25	2.67993	-4.18667	-4.24551
45	15	35	2.37923	-2.77336	-2.81895
45	15	45	2.34245	-3.42283	-3.41412
45	15	55	2.67535	-5.09435	-5.03854
45	15	65	2.69441	-5.06183	-5.0415
45	15	75	2.7144	-4.66045	-4.54125
45	15	85	2.6324	-2.97202	-2.87111
45	25	5	2.73521	-4.78128	-4.87955
45	25	15	3.05356	-5.12412	-5.58603
45	25	25	2.68038	-4.3623	-4.55155
45	25	35	2.73587	-4.06563	-3.92974
45	25	45	3.07638	-4.66527	-4.1482
45	25	55	3.33395	-5.53246	-4.77134
45	25	65	3.21308	-5.49373	-5.03416
45	25	75	2.81427	-5.0133	-4.71413
45	25	85	2.5967	-4.46636	-4.46316
45	35	5	2.81711	-4.52287	-4.57931
45	35	15	3.19587	-5.2393	-5.77973
45	35	25	2.8619	-4.70307	-4.73438
45	35	35	2.69961	-4.28564	-4.19225
45	35	45	2.61473	-3.19099	-3.11107
45	35	55	2.7359	-4.67733	-4.51294
45	35	65	2.73865	-5.22044	-5.13324
45	35	75	2.6175	-4.84381	-4.86057
45	35	85	2.53559	-4.20383	-4.18147
45	45	5	2.81931	-3.77745	-4.02799
45	45	15	3.70759	-5.10969	-6.3252
45	45	25	2.92528	-5.08485	-5.48085
45	45	35	2.64861	-4.76531	-4.87552
45	45	45	2.57444	-2.9734	-3.03275
45	45	55	2.53269	-4.07604	-4.09521
45	45	65	2.67361	-5.08831	-5.12734
45	45	75	2.65733	-4.34451	-4.24358
45	45	85	2.41804	-3.3435	-3.31788
45	55	5	2.67111	-3.69194	-3.81183
45	55	15	3.39308	-5.09269	-6.47463
45	55	25	2.94913	-5.10207	-5.50246
45	55	35	2.60618	-4.58197	-4.69753
45	55	45	2.57315	-2.56436	-2.72728
45	55	55	2.67107	-3.65194	-3.69311
45	55	65	2.67309	-4.85516	-4.95626
45	55	75	2.45607	-3.37947	-3.38452
45	55	85	1.85267	-2.50058	-2.48026
45	65	5	2.98664	-3.9196	-3.67958
45	65	15	3.95265	-5.38636	-6.40793
45	65	25	3.48425	-5.402	-5.73681
45	65	35	2.90281	-5.14205	-5.13387
45	65	45	2.55351	-2.80603	-2.82813
45	65	55	2.57304	-3.97111	-4.01353
45	65	65	2.71224	-4.79981	-4.92104
45	65	75	2.57707	-3.60505	-3.59148
45	65	85	2.5695	-2.88106	-2.66111
45	75	5	4.16302	-5.19069	-3.59749
45	75	15	4.98302	-7.07366	-5.76205
45	75	25	5.04424	-7.08993	-5.61114
45	75	35	3.70109	-5.88445	-4.82892
45	75	45	3.41429	-5.17084	-4.39251
45	75	55	3.01591	-5.49561	-5.0385
45	75	65	3.07192	-5.38463	-5.24475
45	75	75	3.0739	-5.00152	-4.48038
45	75	85	3.55983	-4.63085	-3.62205
45	85	5	2.87467	-4.44127	-4.19769
45	85	15	3.15737	-5.61721	-5.45166
45	85	25	3.26836	-5.59789	-5.12778
45	85	35	2.97746	-4.88446	-4.56366
45	85	45	2.66306	-4.32044	-4.29647
45	85	55	2.60206	-5.09559	-5.09862
45	85	65	2.60014	-5.08349	-5.11895
45	85	75	2.65486	-4.64087	-4.5784
45	85	85	2.68453	-4.3252	-4.23173
55	5	5	2.63813	-3.59133	-3.56424
55	5	15	3.09105	-5.32198	-5.14356
55	5	25	3.30049	-4.99207	-4.52503
55	5	35	3.01468	-3.56202	-3.50172
55	5	45	2.96882	-4.07661	-4.36202
55	5	55	2.6688	-5.08841	-5.19947
55	5	65	2.59895	-5.10519	-5.14561
55	5	75	2.6349	-4.90459	-4.80236
55	5	85	2.617	-4.33554	-4.27276
55	15	5	2.75383	-3.21963	-3.01765
55	15	15	2.66056	-5.18975	-5.22343
55	15	25	2.85818	-3.82726	-4.08506
55	15	35	3.13708	-2.81204	-3.35458
55	15	45	2.83318	-3.70332	-3.90524
55	15	55	2.70462	-5.16032	-5.17263
55	15	65	2.67494	-5.20265	-5.1638
55	15	75	2.65216	-4.8827	-4.86364
55	15	85	2.65207	-3.23343	-3.13324
55	25	5	2.81555	-4.54148	-4.39868
55	25	15	2.95437	-5.30952	-5.2918
55	25	25	2.97355	-4.70173	-4.92852
55	25	35	3.15838	-4.20287	-4.73102
55	25	45	2.78436	-4.34069	-4.49314
55	25	55	2.6789	-5.01452	-4.97987
55	25	65	2.87767	-5.282	-5.14442
55	25	75	2.95311	-5.03965	-4.68083
55	25	85	2.81516	-4.15407	-3.95083
55	35	5	3.00758	-4.56532	-4.35011
55	35	15	3.39033	-5.58884	-5.56
55	35	25	3.30192	-5.4689	-5.16737
55	35	35	2.92368	-4.93329	-4.95407
55	35	45	2.70112	-3.8433	-3.70421
55	35	55	2.71474	-4.78532	-4.76576
55	35	65	2.75467	-5.13861	-5.19745
55	35	75	2.68112	-4.7471	-4.72072
55	35	85	2.80439	-4.10633	-3.97634
55	45	5	2.74209	-3.23326	-3.32545
55	45	15	3.09928	-4.99385	-5.57318
55	45	25	2.93967	-5.1053	-5.50244
55	45	35	2.6391	-4.99408	-5.11652
55	45	45	2.5523	-3.5641	-3.62576
55	45	55	2.53141	-4.48377	-4.50377
55	45	65	2.59342	-5.07147	-5.15148
55	45	75	2.6217	-4.44677	-4.52726
55	45	85	2.62364	-3.30676	-3.35945
55	55	5	2.85419	-2.8294	-3.13047
55	55	15	3.01807	-4.97636	-5.96261
55	55	25	3.24478	-5.10327	-5.8033
55	55	35	2.58063	-4.86206	-4.93087
55	55	45	2.53227	-3.05564	-3.09647
55	55	55	2.61062	-4.21984	-4.24021
55	55	65	2.71465	-5.06194	-5.18668
55	55	75	2.52533	-3.78106	-3.81595
55	55	85	2.35205	-2.70548	-2.706
55	65	5	3.07192	-3.72245	-3.40164
55	65	15	3.9735	-5.65389	-6.35706
55	65	25	3.94473	-5.6419	-5.80514
55	65	35	3.09692	-5.30206	-5.04883
55	65	45	2.73185	-3.71284	-3.63327
55	65	55	2.67023	-4.6329	-4.6733
55	65	65	2.87383	-5.05227	-5.25506
55	65	75	2.60391	-4.3963	-4.41
55	65	85	2.59171	-3.31047	-3.21021
55	75	5	4.28551	-5.75093	-4.13645
55	75	15	5.21265	-7.2113	-6.21169
55	75	25	5.45661	-7.33933	-5.61615
55	75	35	4.48193	-6.74806	-5.06703
55	75	45	3.87306	-5.92005	-4.88047
55	75	55	3.01304	-5.43732	-5.09854
55	75	65	3.07383	-5.28025	-5.42223
55	75	75	2.8951	-5.25724	-4.91923
55	75	85	3.71872	-5.5994	-4.43172
55	85	5	2.88552	-4.96732	-4.63246
55	85	15	3.1176	-5.39735	-5.59277
55	85	25	3.93526	-6.04306	-5.38603
55	85	35	3.60594	-5.35329	-4.54498
55	85	45	3.22747	-4.96765	-4.70006
55	85	55	2.66504	-5.17461	-5.11341
55	85	65	2.62237	-5.12835	-5.16439
55	85	75	2.61855	-5.08799	-5.02131
55	85	85	2.77462	-5.25318	-5.02961
65	5	5	2.62215	-4.43168	-4.44064
65	5	15	2.83107	-5.03229	-5.11347
65	5	25	3.11215	-5.11732	-4.91027
65	5	35	3.06646	-3.43446	-3.3627
65	5	45	3.01166	-3.44868	-3.62886
65	5	55	2.76198	-5.03606	-5.19473
65	5	65	2.60444	-5.13391	-5.16299
65	5	75	2.62157	-5.11135	-5.06323
65	5	85	2.5866	-4.83512	-4.80132
65	15	5	2.73608	-3.19008	-3.06583
65	15	15	2.71465	-4.65329	-4.6109
65	15	25	2.68149	-3.70526	-3.76292
65	15	35	3.15491	-2.6713	-3.22789
65	15	45	3.27443	-3.50819	-4.22723
65	15	55	2.76203	-5.08281	-5.26902
65	15	65	2.65548	-5.16488	-5.14299
65	15	75	2.73668	-5.00763	-4.98249
65	15	85	2.59411	-3.59868	-3.55647
65	25	5	3.27622	-4.0273	-3.5032
65	25	15	3.53855	-5.78381	-5.14361
65	25	25	3.47939	-5.54423	-5.06621
65	25	35	3.95432	-4.39687	-5.13732
65	25	45	3.50227	-4.41901	-4.74421
65	25	55	2.75757	-5.25334	-5.14014
65	25	65	1.45485	-5.10378	-5.10364
65	25	75	2.15335	-4.82267	-4.68372
65	25	85	3.0142	-3.49873	-3.07733
65	35	5	3.1506	-3.75789	-3.4389
65	35	15	3.27736	-5.45127	-5.20978
65	35	25	3.1935	-5.23585	-5.38938
65	35	35	3.32358	-4.94013	-5.41677
65	35	45	2.94047	-4.42532	-4.61346
65	35	55	2.69757	-5.00601	-5.21255
65	35	65	2.6495	-5.11824	-5.17993
65	35	75	2.60762	-4.34001	-4.30258
65	35	85	2.84565	-3.39843	-3.17576
65	45	5	2.8456	-3.07212	-3.29981
65	45	15	2.84823	-4.61772	-4.80948
65	45	25	2.95223	-5.05203	-5.35787
65	45	35	2.8611	-5.12372	-5.32428
65	45	45	2.6352	-4.23579	-4.33871
65	45	55	2.63148	-4.85357	-4.95527
65	45	65	2.63394	-5.07528	-5.21697
65	45	75	2.61809	-4.26437	-4.34581
65	45	85	2.61974	-3.25881	-3.31723
65	55	5	2.83634	-2.89027	-3.12696
65	55	15	3.27926	-4.30664	-5.02893
65	55	25	2.81569	-4.70227	-4.97396
65	55	35	2.65717	-5.08449	-5.20605
65	55	45	2.53197	-3.68112	-3.72112
65	55	55	2.61154	-4.59263	-4.6729
65	55	65	2.82029	-5.07014	-5.39968
65	55	75	2.70471	-4.08199	-4.27654
65	55	85	2.64318	-2.88866	-2.9804
65	65	5	3.25877	-3.92281	-3.86035
65	65	15	3.9812	-5.46073	-5.74178
65	65	25	4.04968	-5.77998	-5.21048
65	65	35	3.49305	-5.88209	-5.08417
65	65	45	2.87188	-4.39846	-4.11768
65	65	55	2.83106	-4.78273	-5.00232
65	65	65	3.32068	-5.06405	-5.87444
65	65	75	2.63086	-4.62124	-4.66068
65	65	85	2.73959	-3.83862	-3.86324
65	75	5	3.87217	-5.86522	-4.82672
65	75	15	5.05832	-6.59011	-5.90926
65	75	25	5.1539	-7.34789	-5.38353
65	75	35	4.66408	-7.09205	-5.06234
65	75	45	4.15389	-6.20048	-4.63848
65	75	55	3.29188	-5.6531	-5.19187
65	75	65	3.55663	-5.47229	-5.81746
65	75	75	2.9447	-5.40228	-5.05147
65	75	85	2.90868	-5.28261	-4.93015
65	85	5	2.81053	-5.18771	-5.00908
65	85	15	3.34602	-5.41651	-5.86154
65	85	25	3.75872	-6.04185	-5.34946
65	85	35	4.14507	-5.99304	-4.52236
65	85	45	3.73088	-4.61784	-3.59972
65	85	55	2.98077	-5.30453	-5.13478
65	85	65	2.88044	-5.26857	-5.30234
65	85	75	2.73978	-5.28951	-5.10324
65	85	85	2.70415	-5.2309	-5.07922
75	5	5	2.68436	-5.09421	-4.98226
75	5	15	3.16644	-5.09225	-5.32192
75	5	25	2.7836	-5.16166	-5.07458
75	5	35	2.93407	-3.82174	-3.52494
75	5	45	2.73459	-3.01277	-2.82922
75	5	55	2.72039	-4.49975	-4.49038
75	5	65	2.72327	-5.23004	-5.142
75	5	75	2.73689	-5.24102	-5.12928
75	5	85	2.85344	-5.24221	-4.98427
75	15	5	2.62604	-3.67042	-3.55662
75	15	15	3.12504	-4.00034	-4.1297
75	15	25	2.83556	-3.9115	-3.79035
75	15	35	2.74132	-2.88424	-2.71488
75	15	45	2.85375	-3.14473	-3.30362
75	15	55	2.75454	-5.02725	-4.92861
75	15	65	2.57567	-5.10409	-5.20094
75	15	75	2.70466	-5.19151	-5.12621
75	15	85	2.58549	-4.13311	-4.10304
75	25	5	2.81438	-2.89358	-2.67203
75	25	15	3.69727	-5.08384	-4.28303
75	25	25	3.74776	-5.95484	-4.76072
75	25	35	3.31718	-4.57808	-3.87443
75	25	45	3.37631	-4.31785	-4.31296
75	25	55	2.4365	-5.15193	-5.11219
75	25	65	1.99375	-5.10129	-5.16465
75	25	75	2.39323	-4.80286	-4.80382
75	25	85	2.55196	-2.95887	-2.97816
75	35	5	3.05496	-3.34158	-3.24381
75	35	15	3.51031	-4.91852	-4.49687
75	35	25	3.25162	-5.51494	-4.94284
75	35	35	3.418	-5.40372	-5.25812
75	35	45	2.97639	-4.82482	-4.88356
75	35	55	2.67575	-5.02442	-5.08414
75	35	65	2.61055	-5.12071	-5.22458
75	35	75	2.64695	-4.38164	-4.34516
75	35	85	2.71686	-2.99566	-2.86067
75	45	5	2.71196	-3.73275	-3.87241
75	45	15	3.14887	-4.20244	-4.40655
75	45	25	2.90731	-4.32862	-4.42877
75	45	35	3.18345	-5.02412	-5.42973
75	45	45	3.01889	-4.91905	-5.14292
75	45	55	2.61829	-5.0309	-5.11142
75	45	65	2.60559	-5.10694	-5.30908
75	45	75	2.72301	-4.60559	-4.73201
75	45	85	2.61447	-3.31568	-3.31915
75	55	5	2.9054	-3.85491	-3.98958
75	55	15	3.40397	-4.65599	-4.99805
75	55	25	3.05837	-4.38009	-4.43305
75	55	35	2.78085	-4.74406	-4.90809
75	55	45	2.59858	-4.38359	-4.50717
75	55	55	2.71717	-4.82595	-4.99045
75	55	65	2.58795	-5.11842	-5.55314
75	55	75	2.73603	-4.26372	-4.44429
75	55	85	2.66769	-3.12633	-3.16161
75	65	5	3.56876	-5.13162	-4.64163
75	65	15	4.87164	-5.96848	-6.30672
75	65	25	3.92621	-5.58737	-4.57956
75	65	35	4.01635	-5.91491	-4.55907
75	65	45	3.15174	-5.1622	-4.60305
75	65	55	3.13206	-5.03539	-5.41447
75	65	65	3.27043	-5.15243	-5.78909
75	65	75	3.17076	-4.62328	-5.20046
75	65	85	2.72502	-3.72485	-3.65202
75	75	5	3.46178	-5.60518	-5.25583
75	75	15	4.59413	-5.96458	-6.14002
75	75	25	4.40085	-6.6836	-5.05727
75	75	35	4.61534	-6.57596	-4.55632
75	75	45	4.18357	-5.59175	-3.96129
75	75	55	4.02243	-5.77175	-5.38358
75	75	65	3.9897	-5.58194	-6.08646
75	75	75	3.26226	-5.47281	-5.40139
75	75	85	3.07877	-5.30769	-5.04406
75	85	5	3.44753	-5.83389	-5.25973
75	85	15	4.0283	-5.64811	-6.05659
75	85	25	3.60621	-5.97836	-5.09147
75	85	35	4.40699	-6.29577	-4.50267
75	85	45	4.25312	-4.6817	-2.98123
75	85	55	3.80329	-5.50462	-4.77237
75	85	65	3.40074	-5.40834	-5.68345
75	85	75	3.28899	-5.69013	-5.2115
75	85	85	3.08372	-5.46704	-5.06686
85	5	5	3.30861	-5.63373	-5.16388
85	5	15	3.95884	-5.76254	-5.72923
85	5	25	3.2385	-5.5785	-5.03273
85	5	35	3.2538	-4.08222	-3.46125
85	5	45	3.04332	-3.10152	-2.60963
85	5	55	2.76769	-3.49588	-3.52001
85	5	65	3.08853	-5.14331	-5.6131
85	5	75	3.0486	-5.21719	-5.32605
85	5	85	3.08316	-5.43545	-5.04036
85	15	5	2.69941	-4.28052	-4.38636
85	15	15	3.26153	-4.02247	-4.4873
85	15	25	2.88349	-4.32363	-4.32441
85	15	35	2.82234	-3.25131	-2.96046
85	15	45	2.73678	-3.01539	-2.76964
85	15	55	2.86134	-4.44166	-4.28185
85	15	65	3.04456	-5.27858	-5.49138
85	15	75	2.68453	-5.10623	-5.19648
85	15	85	2.60694	-4.54297	-4.53623
85	25	5	2.73571	-2.92283	-2.8863
85	25	15	3.23869	-3.29472	-3.81679
85	25	25	3.09709	-5.05818	-4.53821
85	25	35	3.35873	-4.40202	-3.61442
85	25	45	2.93844	-4.09969	-3.87552
85	25	55	2.83409	-5.16683	-4.93835
85	25	65	2.86265	-5.20268	-5.30599
85	25	75	2.62095	-4.90367	-4.99267
85	25	85	2.54198	-3.60206	-3.5722
85	35	5	3.20089	-4.10397	-3.72542
85	35	15	3.63998	-4.39589	-4.37711
85	35	25	3.41783	-5.24697	-4.46426
85	35	35	2.91521	-4.57952	-4.17506
85	35	45	2.89804	-4.68081	-4.64076
85	35	55	2.84264	-5.1187	-5.10984
85	35	65	2.82023	-5.34222	-5.33098
85	35	75	2.85611	-5.12283	-4.77197
85	35	85	2.73751	-3.23765	-3.08141
85	45	5	3.04741	-4.3917	-4.81761
85	45	15	3.24766	-4.77379	-4.48369
85	45	25	3.3201	-4.66904	-3.94992
85	45	35	3.19358	-4.27798	-3.96094
85	45	45	2.8196	-4.89675	-4.78735
85	45	55	2.88526	-5.0524	-5.14627
85	45	65	2.71082	-5.16325	-5.47625
85	45	75	2.983	-4.64806	-4.95757
85	45	85	2.87514	-3.43739	-3.53999
85	55	5	3.78107	-4.96627	-5.83479
85	55	15	3.6547	-5.62768	-5.34482
85	55	25	3.61053	-4.97851	-4.92001
85	55	35	3.04696	-3.88718	-4.07598
85	55	45	2.7842	-4.84438	-5.04558
85	55	55	2.98358	-4.84472	-5.3237
85	55	65	2.84144	-5.20933	-5.92259
85	55	75	3.35709	-4.29161	-4.84005
85	55	85	3.17261	-3.42612	-3.85875
85	65	5	4.20057	-5.66639	-5.74658
85	65	15	5.06159	-6.57777	-6.08262
85	65	25	4.6162	-6.17913	-4.88006
85	65	35	4.27335	-4.92631	-3.7409
85	65	45	3.93796	-5.23407	-4.38135
85	65	55	3.87889	-5.43497	-5.69259
85	65	65	4.07875	-5.56551	-6.3353
85	65	75	3.72352	-4.8167	-5.24213
85	65	85	3.35388	-4.26169	-3.91164
85	75	5	3.3545	-5.40395	-5.54359
85	75	15	4.91229	-5.83426	-6.68209
85	75	25	4.4759	-6.37939	-4.86497
85	75	35	4.65263	-5.95974	-3.91718
85	75	45	4.34309	-5.11842	-3.45222
85	75	55	4.47755	-5.25572	-5.0741
85	75	65	4.0159	-5.71118	-6.17228
85	75	75	3.43437	-5.32757	-5.48066
85	75	85	3.15972	-5.02672	-4.80565
85	85	5	4.0239	-6.06734	-5.54203
85	85	15	5.191	-6.71177	-6.08721
85	85	25	4.31168	-6.32399	-4.7975
85	85	35	4.61485	-5.54005	-3.56113
85	85	45	4.63892	-4.75648	-2.83118
85	85	55	4.28974	-4.75712	-4.22
85	85	65	4.02563	-5.56547	-6.14282
85	85	75	3.6608	-5.48886	-5.58512
85	85	85	3.53667	-5.77186	-4.85706
