5	5	5	6.98107	0.328561	-4.49835
5	5	15	5.95064	-0.348419	-4.29468
5	5	25	5.28941	-2.47623	-3.88448
5	5	35	3.79478	-4.08288	-4.90285
5	5	45	4.56663	-2.10518	-5.56955
5	5	55	5.78966	1.25518	-5.18684
5	5	65	5.4625	0.897512	-5.29248
5	5	75	7.05087	1.01087	-4.99519
5	5	85	8.12223	0.533468	-5.09533
5	15	5	8.08391	-0.0669622	-4.50202
5	15	15	7.56834	0.192312	-4.13364
5	15	25	8.22567	0.559398	-4.1219
5	15	35	7.10902	-1.05137	-4.92698
5	15	45	4.88655	0.734139	-4.31569
5	15	55	4.87717	1.60215	-4.38434
5	15	65	5.07361	1.63515	-4.47787
5	15	75	6.75001	1.46605	-4.37235
5	15	85	8.69143	1.10116	-4.0358
5	25	5	7.53301	-1.76286	-4.83635
5	25	15	6.97839	-0.22079	-5.00836
5	25	25	6.30659	2.91755	-3.82286
5	25	35	5.17537	4.02035	-3.76516
5	25	45	3.83329	2.77205	-3.3248
5	25	55	3.20615	1.91094	-2.93124
5	25	65	3.3439	1.22718	-2.45098
5	25	75	5.71591	0.182082	-2.4347
5	25	85	8.1415	-1.26415	-4.10213
5	35	5	5.86257	-2.47985	-4.43801
5	35	15	3.80536	-0.60225	-3.55158
5	35	25	2.3463	1.46451	-2.64971
5	35	35	1.5902	2.30837	-2.50385
5	35	45	2.01513	1.9013	-2.28225
5	35	55	1.324	0.848349	-1.47655
5	35	65	1.06878	0.0449582	-0.731719
5	35	75	2.70293	-2.09259	-2.60021
5	35	85	5.1223	-2.28659	-4.07336
5	45	5	5.23128	-4.67657	-2.66799
5	45	15	2.70554	-2.90684	-2.55712
5	45	25	0.810189	-3.0187	-3.33633
5	45	35	-2.086	-5.14042	-4.38238
5	45	45	-3.36344	-5.1609	-4.16995
5	45	55	-1.58847	-3.43708	-2.342
5	45	65	0.179541	-2.24242	-1.44124
5	45	75	1.40447	-3.72694	-1.67059
5	45	85	4.58905	-4.75811	-3.13658
5	55	5	4.76861	-4.71708	-2.89839
5	55	15	2.90661	-2.88739	-2.09661
5	55	25	1.73526	-3.15234	-2.89607
5	55	35	-2.65028	-5.74545	-4.90718
5	55	45	-4.49276	-6.97879	-4.79122
5	55	55	-2.08837	-5.8632	-3.42337
5	55	65	1.55446	-3.2633	-1.93911
5	55	75	3.37565	-4.5288	-1.59143
5	55	85	5.283	-5.29647	-3.53664
5	65	5	4.28259	-3.267	-2.39405
5	65	15	2.72482	-2.49589	-2.30051
5	65	25	1.61911	-3.36818	-3.4639
5	65	35	-2.57044	-5.36929	-5.22899
5	65	45	-3.9181	-6.37903	-4.9738
5	65	55	0.133733	-5.96751	-3.87357
5	65	65	3.10486	-4.82184	-2.88495
5	65	75	4.49469	-5.0515	-2.00703
5	65	85	6.30853	-4.03898	-3.86785
5	75	5	5.05319	-1.39944	-3.37935
5	75	15	3.47861	-2.18324	-3.11788
5	75	25	2.18309	-3.15838	-3.99849
5	75	35	-2.68373	-5.68665	-5.72752
5	75	45	-2.42929	-6.20828	-4.19808
5	75	55	2.42294	-5.549	-3.67869
5	75	65	3.08466	-4.9384	-3.60349
5	75	75	3.61189	-4.2783	-2.93487
5	75	85	5.60687	-2.82456	-3.3352
5	85	5	5.34882	0.896794	-4.17275
5	85	15	4.16028	-1.23806	-3.81586
5	85	25	2.95717	-2.97006	-3.32763
5	85	35	-0.496561	-5.19053	-4.84737
5	85	45	0.737983	-5.53073	-4.00017
5	85	55	3.55164	-3.37985	-3.70457
5	85	65	3.0512	-2.73072	-3.52133
5	85	75	4.33701	-3.2668	-3.37707
5	85	85	5.60854	-0.672712	-3.6389
15	5	5	5.63364	-1.69284	-5.01798
15	5	15	5.70449	-1.83095	-4.13939
15	5	25	5.08309	-2.83118	-1.62735
15	5	35	1.22043	-4.06238	0.266097
15	5	45	-0.838152	-5.15669	-1.39497
15	5	55	1.57006	-3.16502	-4.19677
15	5	65	1.65652	-3.6444	-6.34607
15	5	75	3.00929	-3.17789	-6.88795
15	5	85	5.1093	-2.77745	-6.65923
15	15	5	6.41406	1.88965	-5.06389
15	15	15	7.9531	1.82916	-4.22723
15	15	25	8.73535	1.1393	-2.9328
15	15	35	2.82645	-0.28764	-0.421235
15	15	45	0.822387	-0.795399	-1.99419
15	15	55	2.43392	0.867354	-3.50126
15	15	65	1.78576	-0.137672	-5.07679
15	15	75	4.01511	-1.2526	-7.40556
15	15	85	6.25259	0.329425	-6.67149
15	25	5	6.45097	1.25272	-5.37355
15	25	15	5.57878	2.52503	-3.56889
15	25	25	5.015	2.85545	-1.80106
15	25	35	2.98356	2.34451	-0.924636
15	25	45	1.07149	1.58091	-0.889307
15	25	55	1.87703	1.81507	-2.32963
15	25	65	2.82685	0.880955	-4.55078
15	25	75	5.37957	-2.17428	-7.69964
15	25	85	6.14651	-1.10236	-8.17251
15	35	5	5.04218	-0.818797	-3.9001
15	35	15	4.55888	0.541477	-3.14609
15	35	25	3.33497	2.13235	-1.88198
15	35	35	2.12514	1.44863	-0.44079
15	35	45	1.27257	0.642123	-1.09692
15	35	55	1.42895	0.740401	-1.55497
15	35	65	1.26671	-0.0588357	-2.68882
15	35	75	4.60801	-3.64715	-6.59958
15	35	85	5.41741	-2.21535	-6.06865
15	45	5	4.20862	-3.80556	-3.05948
15	45	15	4.15031	-3.39929	-2.84878
15	45	25	3.35746	-3.27393	-2.10307
15	45	35	1.27072	-3.16364	-1.54089
15	45	45	-0.143598	-2.90892	-2.51516
15	45	55	0.708065	-1.48726	-1.6346
15	45	65	0.150982	-1.57244	-1.67474
15	45	75	2.56386	-4.32888	-4.42944
15	45	85	4.67139	-4.3988	-4.80824
15	55	5	4.46679	-4.62404	-3.60344
15	55	15	3.88159	-3.80981	-2.28513
15	55	25	3.12609	-3.52828	-1.59954
15	55	35	0.109753	-5.82954	-2.75556
15	55	45	-4.12542	-6.82752	-3.94441
15	55	55	-0.824114	-3.10092	-1.57017
15	55	65	0.610875	-2.30759	-2.18462
15	55	75	3.08414	-4.04757	-4.89474
15	55	85	4.38852	-5.54369	-5.13309
15	65	5	4.73184	-4.1295	-3.77806
15	65	15	3.85626	-3.79176	-2.85612
15	65	25	3.62475	-3.86947	-2.18215
15	65	35	-0.340289	-5.60316	-3.17555
15	65	45	-3.07825	-5.66171	-3.59641
15	65	55	-0.464223	-2.52985	-1.91283
15	65	65	0.448183	-2.58623	-2.82898
15	65	75	3.13126	-4.01727	-5.03969
15	65	85	5.64609	-5.1857	-5.95679
15	75	5	6.06135	-4.05147	-4.63982
15	75	15	4.44061	-3.81602	-3.21527
15	75	25	3.21403	-4.19059	-1.7019
15	75	35	-1.05339	-4.93661	-2.16143
15	75	45	-2.77878	-5.39913	-2.88471
15	75	55	-0.37791	-4.88636	-3.90381
15	75	65	-0.0312113	-4.09384	-4.01599
15	75	75	1.55916	-4.49539	-4.96356
15	75	85	5.42547	-4.26969	-5.48619
15	85	5	6.02865	-4.05249	-5.76126
15	85	15	4.61098	-4.66901	-3.70897
15	85	25	1.30177	-4.91289	-0.324814
15	85	35	-1.76101	-5.25325	0.973728
15	85	45	-3.74623	-6.31583	-0.746798
15	85	55	0.919632	-6.06852	-3.98209
15	85	65	0.647431	-4.89389	-4.99023
15	85	75	1.76707	-5.21961	-5.80272
15	85	85	4.56922	-4.38164	-6.14369
25	5	5	-0.853022	-5.61222	-5.38345
25	5	15	-2.08298	-5.44652	-3.20165
25	5	25	0.0077647	-4.91825	1.71332
25	5	35	-1.04408	-6.40833	3.16273
25	5	45	-0.664564	-7.18364	0.0508266
25	5	55	1.09372	-4.86935	-3.76431
25	5	65	-0.758472	-4.76158	-6.66592
25	5	75	-0.89648	-5.14409	-7.25318
25	5	85	-0.29173	-5.57255	-6.81079
25	15	5	1.19886	-4.12362	-5.80084
25	15	15	2.03516	-1.98822	-2.35302
25	15	25	2.69582	-2.09922	1.02954
25	15	35	0.931425	-3.47517	2.08751
25	15	45	0.114837	-2.86774	0.379831
25	15	55	0.339493	-2.06773	-2.23955
25	15	65	0.119004	-3.89367	-5.18755
25	15	75	0.248879	-5.02953	-7.31935
25	15	85	1.28748	-4.97386	-7.25202
25	25	5	2.09193	-1.14413	-6.234
25	25	15	2.78863	0.84692	-2.62834
25	25	25	2.51823	0.885066	-0.256737
25	25	35	1.79193	0.674723	0.473979
25	25	45	0.85049	0.0981272	0.35811
25	25	55	0.557293	0.174048	-1.04459
25	25	65	1.56211	-2.23176	-4.52861
25	25	75	2.10231	-4.80466	-7.95599
25	25	85	2.01516	-4.75055	-8.43387
25	35	5	3.11628	0.301815	-4.23615
25	35	15	3.16459	0.023034	-2.48357
25	35	25	2.92681	0.526248	-0.581218
25	35	35	2.3182	0.520005	0.281033
25	35	45	1.21647	0.403146	-0.325385
25	35	55	1.11034	-0.00182469	-0.927109
25	35	65	1.66936	-1.60735	-3.6354
25	35	75	3.30312	-4.57713	-7.64896
25	35	85	2.83557	-3.29488	-8.26425
25	45	5	4.27074	-3.04197	-3.62556
25	45	15	3.42388	-2.86209	-2.7356
25	45	25	3.56093	-2.65021	-1.33743
25	45	35	3.89846	-2.58538	-0.567044
25	45	45	2.20043	-1.22877	-1.152
25	45	55	1.41944	-1.13898	-1.36089
25	45	65	1.23498	-2.10903	-2.41968
25	45	75	3.73811	-4.54211	-5.83916
25	45	85	4.32495	-4.1533	-5.95812
25	55	5	3.36703	-3.52495	-3.62281
25	55	15	2.6786	-2.52736	-2.25191
25	55	25	2.26442	-2.63237	-0.0757876
25	55	35	3.41198	-5.07374	-0.40239
25	55	45	1.22941	-3.71978	-2.31554
25	55	55	0.726804	-1.59501	-1.32583
25	55	65	1.05089	-1.61893	-2.36058
25	55	75	2.60426	-3.69132	-6.18862
25	55	85	3.7744	-4.28228	-5.91145
25	65	5	3.05225	-2.60317	-3.51391
25	65	15	1.85315	-1.87115	-1.51169
25	65	25	1.62543	-1.90771	0.0666436
25	65	35	2.24813	-4.29402	-0.699948
25	65	45	1.27601	-4.48041	-2.05177
25	65	55	0.0554924	-1.58637	-1.91878
25	65	65	0.0937375	-0.614574	-2.10383
25	65	75	2.49742	-1.96025	-5.79429
25	65	85	3.47528	-3.42557	-6.66278
25	75	5	2.31054	-1.46227	-3.20028
25	75	15	1.17649	-1.51938	-0.885122
25	75	25	0.718008	-1.64799	0.46446
25	75	35	0.451575	-2.73551	-0.600302
25	75	45	0.161766	-3.15193	-1.30359
25	75	55	-1.07885	-3.22396	-3.04524
25	75	65	-0.329685	-1.02183	-2.57583
25	75	75	0.178001	0.661277	-4.63403
25	75	85	1.88087	-0.627418	-5.20344
25	85	5	-1.30971	-5.86293	-4.86983
25	85	15	-2.36659	-5.32473	-1.7503
25	85	25	-1.44735	-4.647	2.38106
25	85	35	-3.1907	-6.63342	3.26554
25	85	45	-2.21895	-6.76304	0.0666524
25	85	55	0.318496	-5.55532	-3.85308
25	85	65	-1.90206	-4.16315	-5.72681
25	85	75	-1.99958	-3.64904	-7.09156
25	85	85	-0.934703	-4.74968	-7.13585
35	5	5	-4.42197	-6.80037	-4.698
35	5	15	-3.89203	-6.67238	-3.18345
35	5	25	-1.61401	-5.03852	1.17104
35	5	35	-0.245592	-5.74119	1.61496
35	5	45	3.53161	-6.37036	-1.55101
35	5	55	2.28643	-5.08063	-4.04701
35	5	65	-0.179496	-4.92911	-6.19144
35	5	75	-3.1499	-5.35716	-7.26233
35	5	85	-4.96599	-6.87346	-6.1941
35	15	5	-1.26186	-5.17084	-4.81055
35	15	15	-0.733737	-3.18453	-2.70267
35	15	25	-0.604051	-3.10422	-0.13725
35	15	35	0.928487	-5.38723	0.989336
35	15	45	3.33046	-4.38099	-0.896259
35	15	55	1.69096	-2.63655	-2.35625
35	15	65	0.732365	-4.21132	-4.65065
35	15	75	-0.920453	-5.19586	-6.1633
35	15	85	-1.31986	-5.52214	-6.07661
35	25	5	0.135643	-3.62512	-4.97537
35	25	15	0.13967	-1.27471	-1.30571
35	25	25	0.79489	-1.21021	-0.169222
35	25	35	2.13002	-2.251	0.05229
35	25	45	3.30492	-1.46119	-0.284937
35	25	55	0.993062	-0.725944	-1.29962
35	25	65	0.65449	-2.816	-3.62835
35	25	75	-0.587803	-5.10534	-6.42529
35	25	85	0.233142	-5.32867	-6.62763
35	35	5	1.64102	-1.37242	-3.74901
35	35	15	1.42376	-0.924403	-1.09577
35	35	25	1.96388	-1.491	-1.23113
35	35	35	3.89964	-1.78044	-1.74165
35	35	45	2.1677	-0.167541	-0.832259
35	35	55	0.916918	-0.272568	-0.734122
35	35	65	1.18916	-1.98338	-2.85519
35	35	75	1.14164	-4.76445	-6.59441
35	35	85	0.737182	-4.69594	-7.30216
35	45	5	3.22455	-2.75981	-3.18325
35	45	15	2.21721	-1.94666	-1.65957
35	45	25	2.01727	-1.70072	-1.20129
35	45	35	4.18387	-1.95508	-2.01383
35	45	45	2.73675	-1.00497	-1.33677
35	45	55	1.33263	-0.920574	-1.36847
35	45	65	1.27812	-1.70942	-2.14074
35	45	75	2.12429	-4.00911	-5.41431
35	45	85	2.34365	-2.90723	-5.78904
35	55	5	3.54567	-2.13804	-3.81186
35	55	15	1.84441	-1.43929	-1.54307
35	55	25	2.40151	-1.75752	-0.77062
35	55	35	6.72396	-3.51281	-1.48164
35	55	45	5.81708	-2.93389	-2.55533
35	55	55	2.60065	-1.7998	-1.92839
35	55	65	1.75614	-0.722073	-2.17502
35	55	75	3.21506	-0.193284	-6.07188
35	55	85	4.05046	0.196388	-6.76473
35	65	5	2.75605	0.0376749	-3.08134
35	65	15	0.839659	-0.377328	-0.686399
35	65	25	1.21036	-0.813054	-0.232896
35	65	35	5.29305	-3.10486	0.293403
35	65	45	6.32165	-4.16013	-3.24613
35	65	55	2.59007	-1.46183	-2.39359
35	65	65	1.94338	0.419381	-2.39049
35	65	75	2.53918	3.2582	-6.13072
35	65	85	3.75498	1.7626	-6.74405
35	75	5	0.818028	0.593657	-1.35772
35	75	15	0.435554	0.0121643	-0.408193
35	75	25	0.387599	-0.334067	-0.353359
35	75	35	2.75371	-1.57151	-1.47239
35	75	45	4.73499	-4.00745	-2.63166
35	75	55	1.02413	-2.77236	-3.13557
35	75	65	0.974368	0.747961	-2.05035
35	75	75	1.11175	4.32652	-5.19373
35	75	85	1.32018	3.23632	-4.37126
35	85	5	-4.27032	-5.12682	-3.61925
35	85	15	-3.21055	-4.02364	-0.865219
35	85	25	-2.06835	-2.9266	1.20412
35	85	35	-1.34767	-5.43358	0.603713
35	85	45	3.35578	-6.84099	-2.30667
35	85	55	1.14393	-4.83932	-4.09251
35	85	65	-0.700621	-2.27587	-5.50962
35	85	75	-2.78142	-0.183028	-8.15303
35	85	85	-4.33566	-3.18887	-6.53451
45	5	5	-3.56455	-6.31151	-4.65686
45	5	15	-2.55149	-3.99457	-2.54708
45	5	25	0.23881	-3.08016	-0.427066
45	5	35	2.68005	-4.25681	-1.23955
45	5	45	4.49945	-4.98966	-3.03512
45	5	55	3.65545	-4.41561	-3.35283
45	5	65	2.34036	-3.68249	-4.47046
45	5	75	-0.506585	-4.93766	-5.04639
45	5	85	-3.61112	-5.99502	-4.82657
45	15	5	-2.15036	-4.70626	-4.36603
45	15	15	-0.595731	-2.21143	-1.80212
45	15	25	0.126285	-2.62808	-1.29873
45	15	35	3.19227	-4.35444	-1.72742
45	15	45	4.22665	-4.34906	-2.13729
45	15	55	2.33183	-2.61151	-1.92617
45	15	65	1.84306	-2.80315	-2.85841
45	15	75	-1.008	-4.50205	-4.70948
45	15	85	-3.25675	-5.36446	-5.42053
45	25	5	-1.03347	-3.69641	-3.79451
45	25	15	-0.0249775	-1.93335	-1.54022
45	25	25	0.953954	-1.92936	-0.95939
45	25	35	3.82214	-3.47619	-1.35041
45	25	45	4.23868	-2.81216	-1.6411
45	25	55	1.66541	-1.29506	-1.6685
45	25	65	1.26465	-2.38964	-2.61096
45	25	75	-1.77423	-4.81136	-5.1659
45	25	85	-2.36053	-5.19869	-5.32551
45	35	5	0.835323	-2.89655	-3.25239
45	35	15	0.55712	-1.17032	-0.845145
45	35	25	1.16445	-1.41855	-0.805828
45	35	35	3.86729	-2.5681	-2.55198
45	35	45	3.20366	-1.36796	-1.9893
45	35	55	1.05975	-0.437195	-0.855778
45	35	65	1.43898	-1.73534	-1.92045
45	35	75	-1.7389	-4.81793	-5.08006
45	35	85	-2.08492	-4.78083	-5.36395
45	45	5	1.81026	-1.63241	-2.57759
45	45	15	0.817564	-0.9768	-1.11371
45	45	25	2.36086	-1.59327	-1.54308
45	45	35	5.0959	-1.76114	-3.4658
45	45	45	4.73904	-0.99882	-3.25369
45	45	55	2.24566	-0.885477	-1.75955
45	45	65	1.74885	-1.30542	-1.80577
45	45	75	-0.340285	-4.12407	-4.59464
45	45	85	0.713185	-2.81729	-3.8131
45	55	5	3.27356	0.318257	-4.24018
45	55	15	1.75817	-0.451185	-1.49093
45	55	25	3.05043	-0.921569	-1.9443
45	55	35	7.24866	-1.47611	-3.03236
45	55	45	7.93928	-0.316265	-4.55886
45	55	55	5.25343	-0.294172	-3.46083
45	55	65	3.62967	-0.334302	-3.29899
45	55	75	0.968677	-0.298022	-5.13845
45	55	85	2.32927	1.3477	-5.0775
45	65	5	2.88124	2.17199	-3.32673
45	65	15	1.55204	0.799119	-1.39097
45	65	25	2.38104	0.288312	-1.05584
45	65	35	7.90847	-1.46832	-1.99366
45	65	45	8.62504	-1.82678	-4.52142
45	65	55	5.58338	-0.282381	-4.20406
45	65	65	3.0727	1.39798	-2.97847
45	65	75	1.05305	3.15625	-4.22925
45	65	85	1.57256	3.05413	-4.32087
45	75	5	1.6138	2.31729	-2.36806
45	75	15	1.20107	1.07226	-1.37378
45	75	25	1.60813	0.603961	-1.40076
45	75	35	5.82258	-0.6524	-3.17211
45	75	45	6.75923	-1.79821	-3.79487
45	75	55	3.64572	-0.545805	-2.71516
45	75	65	2.28236	1.95711	-2.29909
45	75	75	1.18099	3.31125	-3.58786
45	75	85	1.31574	3.76955	-3.72046
45	85	5	-2.15054	-2.96834	-2.21751
45	85	15	-1.60169	-1.89835	-0.845534
45	85	25	-0.671219	-1.57771	-0.628882
45	85	35	2.96898	-3.22701	-2.66659
45	85	45	5.66736	-6.13421	-4.32011
45	85	55	4.51798	-6.12805	-4.86351
45	85	65	3.5158	-2.43255	-6.25597
45	85	75	0.370834	-1.84758	-7.38765
45	85	85	-3.10527	-3.59723	-5.49576
55	5	5	-1.27078	-4.06269	-3.41019
55	5	15	0.399298	-3.39777	-3.18317
55	5	25	1.2017	-4.27254	-3.60157
55	5	35	3.1835	-5.55608	-4.14011
55	5	45	4.28521	-5.39404	-3.79807
55	5	55	3.99981	-4.74374	-4.13942
55	5	65	3.95706	-3.4167	-3.52485
55	5	75	2.6946	-3.57242	-1.93348
55	5	85	-0.412883	-4.01981	-2.92338
55	15	5	-1.82717	-2.91338	-2.72176
55	15	15	-0.983929	-2.38998	-2.32809
55	15	25	0.886276	-3.84709	-3.8788
55	15	35	3.15779	-5.15701	-4.4319
55	15	45	3.73436	-4.66227	-3.31682
55	15	55	2.92744	-2.97561	-2.07127
55	15	65	1.97514	-2.13374	-1.77058
55	15	75	1.39399	-2.65392	-2.24228
55	15	85	-1.79508	-4.67307	-4.21349
55	25	5	-1.13015	-1.45675	-1.86379
55	25	15	-0.949918	-1.51629	-1.69763
55	25	25	0.660444	-3.40989	-3.40585
55	25	35	3.57975	-4.14519	-4.33986
55	25	45	4.0851	-3.29244	-3.23757
55	25	55	2.32196	-2.25955	-1.95829
55	25	65	1.68692	-2.01067	-1.91102
55	25	75	0.592199	-3.18965	-2.97518
55	25	85	-2.23494	-3.94847	-3.64605
55	35	5	-1.36795	-1.89306	-1.82019
55	35	15	-1.05867	-1.99146	-1.89724
55	35	25	0.0904051	-2.93427	-3.08624
55	35	35	2.2672	-3.51425	-3.30681
55	35	45	2.61754	-3.1437	-3.32206
55	35	55	1.06946	-2.31498	-1.75197
55	35	65	1.4878	-2.59739	-2.06499
55	35	75	-1.20947	-4.03001	-2.2158
55	35	85	-2.82848	-3.8349	-2.56351
55	45	5	-0.346694	-2.08256	-1.70192
55	45	15	-0.307865	-1.7985	-1.91856
55	45	25	1.60294	-2.40141	-3.08447
55	45	35	3.50015	-2.44797	-4.00402
55	45	45	3.3707	-2.09816	-4.23353
55	45	55	2.32467	-1.37781	-2.76833
55	45	65	1.64483	-1.7205	-1.88667
55	45	75	-0.852982	-2.17628	-0.949321
55	45	85	-1.86109	-1.92761	-0.392313
55	55	5	-0.285742	-1.56711	-2.03093
55	55	15	-0.00190742	-1.48195	-2.29781
55	55	25	2.85441	-0.745312	-4.41581
55	55	35	5.83202	-0.235641	-5.47375
55	55	45	5.89589	-0.306957	-4.94934
55	55	55	5.32816	0.559856	-4.48608
55	55	65	2.71969	0.105653	-2.49186
55	55	75	-0.127301	0.0167873	-1.04903
55	55	85	-1.76865	-0.902529	-1.20299
55	65	5	0.539591	0.326202	-2.34536
55	65	15	0.349366	-0.2248	-2.11001
55	65	25	2.62793	1.1699	-6.78678
55	65	35	5.56798	0.985041	-7.29752
55	65	45	6.07412	0.671898	-4.73394
55	65	55	5.07962	1.73735	-3.80237
55	65	65	2.53504	1.73655	-2.1416
55	65	75	0.541739	0.657024	-0.829225
55	65	85	-0.762517	0.365707	-1.96426
55	75	5	0.267976	1.58004	-2.21962
55	75	15	0.429657	1.43044	-2.83732
55	75	25	2.63013	1.67725	-6.82271
55	75	35	4.83567	2.30019	-6.57249
55	75	45	5.02456	0.590702	-3.87724
55	75	55	3.93694	0.97173	-2.75816
55	75	65	2.20517	1.69066	-1.85221
55	75	75	0.889734	1.32947	-0.935673
55	75	85	-0.530404	1.821	-1.7051
55	85	5	0.439552	-0.912887	-1.81709
55	85	15	0.545547	0.100332	-2.39121
55	85	25	1.65252	-0.980925	-4.01655
55	85	35	4.26347	-3.45148	-4.92221
55	85	45	5.85516	-5.31497	-4.29861
55	85	55	5.98242	-4.78575	-4.14151
55	85	65	5.62912	-2.55413	-5.11745
55	85	75	3.99112	-3.7216	-4.14756
55	85	85	0.204882	-2.32818	-2.40715
65	5	5	2.0626	-3.77971	-3.45898
65	5	15	3.09764	-4.24601	-4.07501
65	5	25	2.87957	-5.43231	-5.85874
65	5	35	3.89688	-6.44037	-5.61464
65	5	45	4.3962	-6.06018	-5.06503
65	5	55	4.23521	-5.30521	-4.18334
65	5	65	3.79448	-3.81224	-3.49609
65	5	75	3.26951	-4.00553	-0.394094
65	5	85	2.08299	-3.63067	-1.0299
65	15	5	1.09666	-3.6962	-3.46886
65	15	15	1.35672	-3.64623	-3.71934
65	15	25	1.96621	-5.05276	-5.63482
65	15	35	2.4348	-5.42058	-5.9637
65	15	45	2.80064	-5.28046	-4.74078
65	15	55	2.33986	-3.70708	-2.67992
65	15	65	1.91523	-2.5144	-1.60551
65	15	75	1.2532	-2.16509	-0.131844
65	15	85	0.508948	-3.03418	-1.23419
65	25	5	0.338985	-2.03552	-2.66608
65	25	15	-0.190058	-1.59921	-2.33088
65	25	25	-0.138422	-4.21493	-5.37819
65	25	35	1.4537	-4.42325	-5.85629
65	25	45	1.4138	-2.69593	-3.439
65	25	55	1.23753	-1.50574	-1.74316
65	25	65	0.813125	-1.33491	-0.970664
65	25	75	0.368264	-1.28939	-0.506841
65	25	85	-0.42566	-2.49475	-1.96661
65	35	5	-0.9174	-1.89105	-2.24597
65	35	15	-1.46643	-2.73243	-2.92363
65	35	25	-2.10696	-3.76671	-5.14924
65	35	35	-1.98035	-3.4854	-5.05167
65	35	45	-1.14592	-2.72287	-3.14817
65	35	55	-1.00686	-2.58497	-1.80774
65	35	65	-1.31166	-2.24521	-0.325452
65	35	75	-1.87827	-2.42447	0.221135
65	35	85	-1.60923	-2.494	-0.4121
65	45	5	-1.08851	-3.07173	-1.95284
65	45	15	-0.654353	-3.83914	-3.83968
65	45	25	-0.923649	-4.05405	-4.91391
65	45	35	-1.62703	-4.10811	-4.63645
65	45	45	-2.75634	-4.77882	-4.12191
65	45	55	-3.387	-4.48515	-2.80906
65	45	65	-1.96188	-3.20066	0.141743
65	45	75	-2.32703	-2.67625	1.27657
65	45	85	-2.50524	-2.93728	0.687263
65	55	5	-0.200029	-2.73684	-2.37464
65	55	15	0.045996	-3.66231	-4.01783
65	55	25	0.786705	-3.83495	-6.69103
65	55	35	0.759643	-3.64189	-6.11819
65	55	45	-0.842089	-3.65453	-4.67824
65	55	55	-0.599132	-2.94163	-2.83961
65	55	65	0.0246845	-1.25193	-0.317246
65	55	75	-0.587609	-0.77068	0.572659
65	55	85	-2.27414	-2.22544	-0.379136
65	65	5	-0.693934	-1.26476	-2.40545
65	65	15	-0.55835	-2.2356	-3.97693
65	65	25	1.44494	-0.487817	-9.47493
65	65	35	1.99671	-0.0907591	-9.10577
65	65	45	0.840535	-0.325637	-5.81125
65	65	55	1.46185	0.417734	-1.99702
65	65	65	0.739068	-0.0325344	-0.307598
65	65	75	0.105922	-0.120778	-0.0758182
65	65	85	-1.03163	-0.147552	-0.919168
65	75	5	-0.069364	0.580212	-2.22649
65	75	15	-0.345838	0.754339	-4.43569
65	75	25	2.00755	-1.06912	-9.79385
65	75	35	3.00339	0.227913	-9.31057
65	75	45	2.91602	0.827224	-5.70528
65	75	55	3.44173	0.505307	-2.21354
65	75	65	1.50106	0.756075	-0.586329
65	75	75	0.560027	0.414269	-0.249361
65	75	85	-0.132975	1.41449	-1.26633
65	85	5	1.64782	-0.692683	-1.55876
65	85	15	1.82414	-0.644567	-3.43834
65	85	25	3.6087	-4.1205	-7.96767
65	85	35	4.18826	-6.016	-7.81797
65	85	45	5.9504	-5.82707	-6.04634
65	85	55	6.6359	-4.44351	-4.54179
65	85	65	5.77318	-2.91054	-3.55008
65	85	75	3.87613	-1.80435	-1.72872
65	85	85	1.83645	-0.615623	-1.06833
75	5	5	3.4863	-3.30654	-2.89289
75	5	15	3.35242	-3.27716	-3.20575
75	5	25	3.98452	-4.76433	-6.30902
75	5	35	4.97896	-5.59233	-7.21392
75	5	45	5.13801	-6.12346	-4.63495
75	5	55	5.65053	-5.58402	-3.55525
75	5	65	5.16357	-4.50583	-3.25441
75	5	75	4.69271	-4.22816	-0.744759
75	5	85	4.58258	-3.3412	-1.65564
75	15	5	3.41546	-3.69043	-3.45468
75	15	15	2.94148	-3.67978	-3.67343
75	15	25	2.79707	-4.46831	-5.76089
75	15	35	3.32214	-5.20048	-7.61824
75	15	45	4.09299	-6.83714	-5.22447
75	15	55	3.54003	-4.05991	-2.52886
75	15	65	1.81291	-1.78666	-1.0995
75	15	75	1.79848	-2.404	0.184957
75	15	85	3.641	-3.40809	-1.19501
75	25	5	2.79832	-2.34555	-2.85354
75	25	15	1.70783	-1.88611	-2.75832
75	25	25	0.871862	-4.55615	-6.84487
75	25	35	0.869346	-4.65303	-8.0891
75	25	45	1.2479	-3.19532	-4.62307
75	25	55	1.06864	-0.933428	-1.41819
75	25	65	0.735984	-0.796923	-0.315187
75	25	75	0.640865	-1.00596	-0.163069
75	25	85	3.12447	-2.59068	-2.10028
75	35	5	1.45591	-2.41668	-3.41339
75	35	15	-0.578486	-2.65955	-3.48087
75	35	25	-1.25117	-3.74185	-6.49037
75	35	35	-0.867939	-3.00515	-6.86394
75	35	45	-1.50074	-1.59335	-3.07398
75	35	55	-1.1568	-1.80266	-1.18509
75	35	65	-1.52913	-1.91839	-0.587927
75	35	75	-1.58278	-2.71455	-0.567485
75	35	85	1.3894	-2.72447	-1.48006
75	45	5	-0.281518	-3.94973	-2.9871
75	45	15	-1.17398	-4.52689	-4.48746
75	45	25	-2.4627	-3.91027	-4.69903
75	45	35	-3.43277	-4.84169	-5.48012
75	45	45	-4.72655	-5.5787	-4.05685
75	45	55	-4.81575	-5.36321	-2.789
75	45	65	-3.99537	-4.55904	-0.62011
75	45	75	-3.37294	-4.48787	-0.00261579
75	45	85	-1.12759	-3.8491	-0.122165
75	55	5	0.314576	-4.20008	-3.61932
75	55	15	0.197379	-4.46008	-4.65763
75	55	25	-0.551336	-3.46204	-7.04793
75	55	35	-1.9929	-5.16797	-6.23704
75	55	45	-3.91598	-5.89989	-4.64095
75	55	55	-3.31295	-5.2764	-2.75783
75	55	65	-1.54917	-3.28759	-0.544595
75	55	75	-1.01737	-2.61957	0.762814
75	55	85	-0.922469	-4.33639	-0.446702
75	65	5	1.48984	-1.68236	-3.10356
75	65	15	1.26164	-3.36546	-4.88342
75	65	25	-0.358167	-4.91147	-9.1532
75	65	35	0.0538221	-4.6652	-8.36909
75	65	45	-0.65272	-4.45407	-5.21866
75	65	55	-0.118785	-2.08805	-2.03128
75	65	65	0.241374	-1.03005	-0.422177
75	65	75	0.140743	-0.760211	0.416625
75	65	85	0.838404	-1.57362	-0.469597
75	75	5	1.67186	1.28757	-2.58469
75	75	15	1.76936	-0.184044	-4.43098
75	75	25	-0.0246715	-3.94614	-9.47518
75	75	35	0.023599	-2.54198	-9.69799
75	75	45	1.25958	-1.61855	-6.09558
75	75	55	2.13589	-1.08659	-2.24884
75	75	65	1.26756	-0.626772	-0.11666
75	75	75	0.954576	-0.102116	0.260547
75	75	85	1.70278	0.957298	-0.951171
75	85	5	2.59326	-1.10695	-1.79487
75	85	15	3.04824	-1.63573	-2.78155
75	85	25	3.35301	-4.07638	-8.38083
75	85	35	3.54782	-3.09079	-9.07319
75	85	45	5.3523	-4.92916	-5.91557
75	85	55	5.53807	-4.58185	-3.75085
75	85	65	5.1722	-4.03281	-2.38462
75	85	75	3.85089	-2.56615	-0.623227
75	85	85	3.77807	-0.275768	-0.751777
85	5	5	5.09376	-2.24838	-3.39945
85	5	15	4.19698	-2.57185	-3.15622
85	5	25	4.90569	-3.30929	-5.18231
85	5	35	5.56855	-3.53727	-7.24315
85	5	45	5.69873	-3.50041	-5.15271
85	5	55	5.54045	-4.23787	-3.78322
85	5	65	4.86638	-3.77366	-2.75968
85	5	75	4.99744	-3.0332	-2.42174
85	5	85	5.80304	-2.42371	-3.36927
85	15	5	6.36341	-3.80108	-4.11721
85	15	15	4.74727	-2.32494	-3.84999
85	15	25	5.47	-2.02444	-4.69205
85	15	35	5.95538	-1.34753	-7.03533
85	15	45	6.33264	-2.87638	-5.39998
85	15	55	5.8809	-3.40511	-4.2498
85	15	65	5.19611	-2.79504	-2.7475
85	15	75	5.54295	-1.82292	-0.921023
85	15	85	7.03559	-2.92111	-2.62547
85	25	5	6.38335	-2.72322	-4.67591
85	25	15	5.19101	-2.66974	-4.68123
85	25	25	4.52046	-0.344001	-5.54408
85	25	35	4.55309	0.767376	-7.12502
85	25	45	5.4741	0.350351	-4.73759
85	25	55	3.58623	-0.814743	-2.86368
85	25	65	1.85851	-0.666206	-0.668864
85	25	75	3.74655	-1.25308	0.403877
85	25	85	6.34981	-2.121	-2.84833
85	35	5	5.0076	-3.10886	-4.49593
85	35	15	2.43455	-2.54812	-4.81473
85	35	25	1.1729	-1.01673	-5.90448
85	35	35	1.04621	-0.0842967	-5.43549
85	35	45	1.02089	0.391843	-3.39948
85	35	55	0.192145	-0.302029	-1.35769
85	35	65	0.256278	-0.771471	-0.605363
85	35	75	1.00933	-2.28873	-1.06291
85	35	85	4.33096	-3.56984	-2.94876
85	45	5	2.46302	-4.40606	-3.02777
85	45	15	-0.258869	-3.84055	-4.26253
85	45	25	-2.32098	-3.8497	-4.25078
85	45	35	-4.08964	-5.67136	-5.25424
85	45	45	-4.27864	-5.70527	-4.57674
85	45	55	-4.33522	-5.76294	-3.01201
85	45	65	-2.68649	-4.67118	-1.77913
85	45	75	-3.60425	-6.94292	-1.69009
85	45	85	2.18403	-6.46409	-1.9211
85	55	5	2.76311	-3.47346	-2.45716
85	55	15	1.57215	-3.00836	-3.19707
85	55	25	-1.50911	-4.49919	-5.34113
85	55	35	-3.64016	-5.54283	-5.75786
85	55	45	-4.30387	-6.48051	-5.04857
85	55	55	-2.03807	-6.89394	-3.92824
85	55	65	1.19893	-5.0237	-2.17202
85	55	75	1.14039	-6.14637	-0.394761
85	55	85	4.45259	-6.67897	-1.63599
85	65	5	2.59841	-1.90911	-2.26304
85	65	15	1.78964	-2.15579	-2.64911
85	65	25	0.992479	-4.60877	-6.66685
85	65	35	-2.24166	-5.30172	-6.73224
85	65	45	-1.68674	-6.81006	-5.28981
85	65	55	1.91771	-6.52362	-3.69805
85	65	65	1.67461	-3.20686	-1.47243
85	65	75	2.23935	-3.40445	-0.521148
85	65	85	3.6591	-3.06066	-1.12713
85	75	5	3.27888	0.0924685	-2.53229
85	75	15	2.84031	-1.04853	-3.22158
85	75	25	1.72628	-4.53114	-6.78549
85	75	35	-1.81481	-5.25765	-7.89973
85	75	45	1.21028	-5.5755	-5.73943
85	75	55	2.19788	-3.20235	-2.94047
85	75	65	1.51801	-1.34488	-1.01835
85	75	75	1.90612	-1.02815	-0.121866
85	75	85	3.63856	0.0108659	-1.1182
85	85	5	2.66609	0.719664	-1.82882
85	85	15	2.41528	-0.834696	-2.44993
85	85	25	2.87951	-3.72096	-5.91565
85	85	35	1.80573	-3.71444	-7.48646
85	85	45	4.85278	-3.805	-5.38376
85	85	55	5.27218	-3.39538	-3.80119
85	85	65	3.93979	-2.57626	-2.44953
85	85	75	4.06261	-2.40164	-1.39434
85	85	85	4.19798	0.354004	-1.40451
