5	5	5	3.45224	-5.90122	-5.16202
5	5	15	2.73105	-5.09282	-4.91285
5	5	25	2.75382	-5.15553	-4.99273
5	5	35	3.477	-5.11596	-5.83155
5	5	45	3.22792	-5.42873	-5.08643
5	5	55	3.8602	-5.83962	-4.54002
5	5	65	3.73398	-5.08204	-4.0618
5	5	75	3.39545	-5.62114	-4.86397
5	5	85	3.27185	-5.69561	-5.21564
5	15	5	2.72627	-5.11624	-5.22267
5	15	15	2.68267	-5.0916	-5.04085
5	15	25	2.59263	-5.14015	-5.09854
5	15	35	2.65464	-5.09608	-5.23487
5	15	45	2.58995	-5.025	-5.05337
5	15	55	2.80945	-4.67937	-4.54233
5	15	65	3.67811	-3.78574	-3.30218
5	15	75	3.07759	-4.97648	-4.5748
5	15	85	2.97513	-5.46385	-5.16221
5	25	5	2.69656	-5.08594	-5.22362
5	25	15	2.65245	-4.98302	-5.04247
5	25	25	2.61116	-5.0017	-4.98157
5	25	35	2.91163	-5.09957	-5.37976
5	25	45	3.02906	-5.36243	-5.15887
5	25	55	3.64211	-4.22868	-3.78567
5	25	65	3.82248	-3.25761	-3.57307
5	25	75	2.87831	-4.55758	-4.63286
5	25	85	2.67949	-5.16714	-5.22192
5	35	5	2.87265	-5.16206	-5.32404
5	35	15	2.8715	-4.22085	-4.14131
5	35	25	2.85222	-3.67721	-3.53601
5	35	35	3.37265	-4.50885	-4.88801
5	35	45	2.84307	-3.8423	-3.97185
5	35	55	3.29737	-2.81696	-3.49825
5	35	65	2.79663	-3.16582	-3.46341
5	35	75	2.89046	-4.96762	-5.22538
5	35	85	2.81438	-5.10115	-5.36261
5	45	5	3.61585	-5.68365	-5.14524
5	45	15	3.77504	-3.56045	-3.61966
5	45	25	3.29344	-2.93273	-3.15193
5	45	35	3.03505	-4.46253	-4.86572
5	45	45	2.83786	-4.79705	-5.08303
5	45	55	3.03515	-3.81368	-4.29772
5	45	65	2.75077	-3.91065	-4.033
5	45	75	3.12708	-5.1222	-5.54211
5	45	85	3.27705	-5.60282	-5.32558
5	55	5	3.45267	-4.57726	-5.08526
5	55	15	3.43111	-3.07206	-3.51451
5	55	25	3.8791	-3.08999	-4.32435
5	55	35	3.09746	-4.59049	-5.09446
5	55	45	3.03748	-4.92047	-5.36445
5	55	55	2.93708	-4.87643	-5.2625
5	55	65	2.57147	-4.50154	-4.48119
5	55	75	3.17455	-5.04545	-5.46185
5	55	85	3.16895	-5.29497	-5.52418
5	65	5	3.14287	-4.70778	-5.00717
5	65	15	3.07656	-3.5123	-3.66925
5	65	25	3.67406	-3.8261	-4.70388
5	65	35	3.07715	-4.5465	-4.67157
5	65	45	3.43905	-4.28175	-4.96897
5	65	55	2.69826	-4.95964	-4.98606
5	65	65	2.55147	-4.55586	-4.55629
5	65	75	2.77506	-5.02523	-5.20285
5	65	85	3.41828	-5.14614	-5.92051
5	75	5	2.77267	-4.26149	-4.48306
5	75	15	2.75194	-3.1073	-3.06727
5	75	25	3.53429	-3.92719	-4.42354
5	75	35	3.63862	-4.78478	-5.50437
5	75	45	3.72429	-4.2209	-5.31094
5	75	55	2.68364	-4.70088	-4.83182
5	75	65	2.55116	-4.18124	-4.18124
5	75	75	2.67348	-4.76112	-4.8835
5	75	85	3.17151	-5.09633	-5.71669
5	85	5	2.65383	-4.64298	-4.70258
5	85	15	2.53265	-3.68443	-3.64285
5	85	25	2.79226	-4.49743	-4.45422
5	85	35	3.83145	-5.3778	-5.89737
5	85	45	3.90069	-4.91528	-5.30494
5	85	55	3.11964	-5.07404	-4.52265
5	85	65	2.85149	-4.69964	-4.56011
5	85	75	2.65346	-4.9072	-4.92963
5	85	85	2.77185	-5.10893	-5.30895
15	5	5	3.71543	-6.12537	-5.00298
15	5	15	3.27225	-5.33284	-4.61325
15	5	25	3.11105	-5.63406	-5.0741
15	5	35	3.11464	-5.14752	-5.55033
15	5	45	3.10228	-4.78075	-5.0912
15	5	55	2.85844	-4.19271	-3.93212
15	5	65	3.55958	-4.29708	-3.53204
15	5	75	3.83827	-5.47559	-4.23084
15	5	85	3.77785	-6.30374	-5.19777
15	15	5	2.89429	-5.32396	-4.98392
15	15	15	2.74749	-5.01803	-4.82168
15	15	25	2.64026	-5.10748	-5.09827
15	15	35	2.90303	-5.10626	-5.48466
15	15	45	2.80077	-4.69066	-4.91953
15	15	55	2.65914	-3.61856	-3.64632
15	15	65	3.08516	-3.10337	-2.93218
15	15	75	2.97249	-4.03946	-3.66123
15	15	85	2.9116	-5.39657	-5.15682
15	25	5	2.62152	-5.06969	-5.04485
15	25	15	2.55249	-4.963	-4.96175
15	25	25	2.61151	-5.00049	-5.06002
15	25	35	3.27356	-5.10211	-5.74437
15	25	45	2.64752	-5.02353	-4.99671
15	25	55	2.64166	-3.46267	-3.48874
15	25	65	2.6798	-2.6361	-2.63194
15	25	75	2.84321	-3.75014	-3.58127
15	25	85	2.70497	-5.20217	-5.13227
15	35	5	2.65603	-5.16499	-5.10403
15	35	15	2.63198	-4.60248	-4.52177
15	35	25	2.69143	-4.43965	-4.33924
15	35	35	3.49345	-4.39966	-5.18123
15	35	45	2.77393	-4.16208	-4.34321
15	35	55	2.60589	-2.78217	-2.93357
15	35	65	2.395	-2.74898	-2.81107
15	35	75	2.63469	-4.33821	-4.41465
15	35	85	2.65666	-5.1138	-5.1691
15	45	5	3.27466	-5.58203	-4.88561
15	45	15	3.39223	-4.30284	-3.46165
15	45	25	3.51222	-3.76162	-2.84042
15	45	35	3.43425	-4.09235	-4.28912
15	45	45	2.80385	-4.56738	-4.69695
15	45	55	2.72321	-3.69726	-3.74537
15	45	65	2.54652	-3.73164	-3.73163
15	45	75	2.66771	-4.94108	-5.0413
15	45	85	2.63201	-5.25944	-5.17862
15	55	5	2.94988	-5.08444	-4.84287
15	55	15	2.90307	-3.36967	-3.09806
15	55	25	2.94627	-3.81441	-3.77996
15	55	35	3.00304	-4.16504	-4.35382
15	55	45	2.78187	-4.41488	-4.59285
15	55	55	2.71397	-4.23641	-4.31842
15	55	65	2.59195	-4.57675	-4.57673
15	55	75	2.77232	-4.95789	-5.17835
15	55	85	2.83157	-5.24136	-5.24147
15	65	5	2.61669	-4.60525	-4.66525
15	65	15	2.59382	-3.24968	-3.30843
15	65	25	2.83513	-4.40077	-4.63748
15	65	35	2.99478	-4.54382	-4.62166
15	65	45	3.05393	-4.19148	-4.29499
15	65	55	2.63435	-3.91886	-3.84044
15	65	65	2.59362	-4.73961	-4.69805
15	65	75	2.73526	-4.91324	-5.09025
15	65	85	2.79432	-5.10086	-5.34011
15	75	5	2.61313	-4.10207	-4.14403
15	75	15	2.55149	-3.11127	-3.05167
15	75	25	2.95106	-4.90659	-5.06657
15	75	35	3.05346	-5.0753	-5.31528
15	75	45	2.91432	-4.4482	-4.76814
15	75	55	2.57327	-3.74379	-3.7657
15	75	65	2.59255	-4.63817	-4.67932
15	75	75	2.59183	-4.81129	-4.85175
15	75	85	2.83196	-5.10011	-5.38091
15	85	5	2.59345	-4.50193	-4.50436
15	85	15	2.57227	-3.70683	-3.68648
15	85	25	2.72985	-4.85934	-5.03936
15	85	35	3.27386	-5.21368	-5.65651
15	85	45	3.39988	-4.77242	-5.10087
15	85	55	3.0344	-4.06358	-3.58696
15	85	65	2.89191	-4.294	-4.19489
15	85	75	2.6523	-4.98362	-4.92491
15	85	85	2.65144	-5.13522	-5.17564
25	5	5	4.58145	-5.7299	-3.74435
25	5	15	3.65509	-5.15245	-4.05091
25	5	25	3.51346	-5.73452	-5.05536
25	5	35	3.45505	-5.53841	-5.52004
25	5	45	3.06033	-5.06187	-4.89118
25	5	55	3.11753	-3.95225	-3.47475
25	5	65	3.62399	-3.7605	-2.81581
25	5	75	4.20513	-5.19468	-3.58239
25	5	85	4.66506	-7.05047	-5.17971
25	15	5	3.18837	-3.79807	-3.24318
25	15	15	2.93633	-3.90325	-3.52134
25	15	25	2.77989	-4.88026	-4.97311
25	15	35	3.11787	-5.12549	-5.64432
25	15	45	2.72836	-4.26818	-4.43305
25	15	55	2.72179	-3.19615	-3.20102
25	15	65	2.72781	-2.83246	-2.78068
25	15	75	2.89587	-3.49181	-3.18945
25	15	85	3.13779	-5.37054	-4.90461
25	25	5	2.81295	-4.18056	-3.92562
25	25	15	2.70116	-3.96908	-3.82035
25	25	25	2.8528	-5.07818	-5.29646
25	25	35	3.53722	-5.12172	-6.08681
25	25	45	2.96929	-4.74333	-5.11932
25	25	55	2.54942	-3.09807	-3.12754
25	25	65	2.5987	-2.59826	-2.59255
25	25	75	2.67915	-3.00232	-2.91584
25	25	85	2.83266	-5.05362	-4.9336
25	35	5	2.60192	-4.70704	-4.66786
25	35	15	2.55299	-4.96176	-4.96109
25	35	25	2.73109	-4.7793	-4.83924
25	35	35	3.3531	-4.64008	-5.342
25	35	45	3.13034	-4.2225	-4.4785
25	35	55	2.54789	-2.96053	-2.99481
25	35	65	2.53568	-2.83134	-2.85254
25	35	75	2.65981	-3.50017	-3.59381
25	35	85	2.70444	-4.96221	-5.112
25	45	5	1.95832	-5.00263	-4.98822
25	45	15	2.67191	-4.36245	-4.24172
25	45	25	3.25263	-4.21205	-3.71043
25	45	35	4.39465	-4.48881	-4.84759
25	45	45	3.78865	-4.2672	-4.3432
25	45	55	3.06487	-3.90484	-3.77465
25	45	65	2.61838	-3.38286	-3.40131
25	45	75	2.598	-4.84274	-4.84221
25	45	85	2.07317	-5.06763	-5.16795
25	55	5	2.50109	-5.10277	-4.96204
25	55	15	2.69984	-3.81845	-3.65685
25	55	25	2.65465	-4.59286	-4.48924
25	55	35	3.29626	-4.36165	-4.73641
25	55	45	3.20665	-4.203	-4.5626
25	55	55	2.56315	-3.155	-3.1574
25	55	65	2.61714	-3.77635	-3.75517
25	55	75	2.63914	-4.81875	-4.71882
25	55	85	2.61236	-5.2793	-5.27902
25	65	5	2.56882	-4.84495	-4.86249
25	65	15	2.57088	-3.65891	-3.67525
25	65	25	2.57279	-4.74317	-4.76116
25	65	35	2.73308	-4.93365	-5.15239
25	65	45	2.73681	-4.66245	-4.72508
25	65	55	2.65772	-3.31163	-3.25061
25	65	65	2.58342	-4.03227	-4.06796
25	65	75	2.58713	-4.66061	-4.67776
25	65	85	2.60147	-5.08771	-5.12144
25	75	5	2.59232	-4.24203	-4.28323
25	75	15	2.51173	-3.51205	-3.53287
25	75	25	2.63097	-5.00536	-5.00535
25	75	35	2.69146	-5.06757	-5.22795
25	75	45	2.67317	-4.70693	-4.82966
25	75	55	2.59726	-3.18	-3.18589
25	75	65	2.5833	-4.41775	-4.44804
25	75	75	2.59431	-4.81403	-4.87756
25	75	85	2.71292	-5.09825	-5.26003
25	85	5	2.89232	-4.38201	-4.08489
25	85	15	2.73145	-3.98165	-3.80206
25	85	25	2.63183	-5.00303	-5.04303
25	85	35	2.63224	-5.07573	-5.15695
25	85	45	2.67509	-4.71868	-4.80275
25	85	55	2.65791	-3.28855	-3.31544
25	85	65	2.78281	-3.77489	-3.60664
25	85	75	2.93449	-4.91278	-4.61621
25	85	85	2.93236	-5.35625	-5.17795
35	5	5	4.88986	-5.35873	-3.06236
35	5	15	4.3775	-4.78726	-3.00171
35	5	25	3.79269	-5.53684	-4.41689
35	5	35	3.15464	-5.50006	-5.30287
35	5	45	3.0959	-5.08193	-5.22597
35	5	55	3.48082	-4.03563	-4.28213
35	5	65	3.87122	-3.93267	-2.95747
35	5	75	4.35131	-5.02559	-3.39769
35	5	85	4.83598	-6.91187	-4.83599
35	15	5	3.65452	-3.76259	-2.78563
35	15	15	3.56442	-3.62609	-2.77619
35	15	25	3.16432	-4.27302	-3.94226
35	15	35	3.10386	-5.18588	-5.5635
35	15	45	2.80357	-4.50919	-4.70644
35	15	55	2.82513	-3.36153	-3.50144
35	15	65	2.81953	-3.2318	-3.05392
35	15	75	2.96758	-4.44951	-4.19712
35	15	85	3.03844	-4.77661	-4.53327
35	25	5	3.22627	-3.48754	-2.98148
35	25	15	2.85609	-3.20602	-2.98713
35	25	25	2.75905	-4.33659	-4.41223
35	25	35	3.0996	-5.0996	-5.64146
35	25	45	2.94568	-4.40579	-4.79294
35	25	55	2.75932	-3.24828	-3.29048
35	25	65	2.67748	-3.06665	-3.06434
35	25	75	2.65855	-3.22108	-3.15517
35	25	85	2.97145	-4.06218	-3.80497
35	35	5	2.63191	-3.32173	-3.31087
35	35	15	2.59501	-4.36124	-4.31962
35	35	25	2.87367	-4.97692	-5.21852
35	35	35	3.45812	-5.04137	-5.80718
35	35	45	3.36932	-4.68341	-5.25894
35	35	55	2.64097	-3.25513	-3.26371
35	35	65	2.69328	-3.00409	-2.94431
35	35	75	2.81422	-3.27503	-3.09263
35	35	85	2.90375	-3.74583	-3.7227
35	45	5	2.42399	-5.01947	-5.01151
35	45	15	2.61127	-4.81327	-4.75345
35	45	25	2.73152	-4.63966	-4.65926
35	45	35	3.61511	-4.97565	-5.67721
35	45	45	3.5916	-3.29371	-3.81126
35	45	55	3.09828	-3.88207	-3.62763
35	45	65	2.85554	-3.34527	-3.16242
35	45	75	2.81389	-4.82145	-4.7194
35	45	85	3.01476	-5.2708	-5.35225
35	55	5	2.90269	-5.22896	-4.84496
35	55	15	2.71351	-4.64611	-4.47965
35	55	25	2.79504	-5.20884	-5.08484
35	55	35	3.49307	-4.79345	-5.53302
35	55	45	3.22504	-3.99694	-4.50534
35	55	55	2.78484	-2.72257	-2.77871
35	55	65	2.90514	-2.96455	-2.93288
35	55	75	3.03032	-4.72485	-4.36879
35	55	85	3.3475	-5.53046	-5.37878
35	65	5	2.55442	-4.80494	-4.80239
35	65	15	2.55389	-3.9021	-3.89966
35	65	25	2.55139	-4.97355	-4.97315
35	65	35	2.93263	-5.05059	-5.43059
35	65	45	2.91583	-4.80514	-5.16673
35	65	55	2.68012	-3.2868	-3.40449
35	65	65	2.76465	-2.9718	-3.16784
35	65	75	2.62709	-3.84432	-3.82106
35	65	85	2.57863	-4.67822	-4.69798
35	75	5	2.55275	-4.06289	-4.06281
35	75	15	2.55227	-3.45727	-3.45768
35	75	25	2.57145	-4.91353	-4.93311
35	75	35	2.77186	-5.11486	-5.29563
35	75	45	2.69311	-5.07871	-5.22066
35	75	55	2.75323	-3.41214	-3.61409
35	75	65	2.88328	-3.36521	-3.69616
35	75	75	2.66656	-4.18159	-4.2949
35	75	85	2.5954	-4.93405	-4.97637
35	85	5	3.21231	-4.22201	-3.6432
35	85	15	2.95149	-3.98487	-3.58528
35	85	25	2.71184	-4.83144	-4.71146
35	85	35	2.73304	-5.13932	-5.24132
35	85	45	2.91431	-4.98136	-5.22463
35	85	55	3.13514	-3.35415	-3.89828
35	85	65	2.83195	-3.34368	-3.42364
35	85	75	3.08406	-3.9096	-3.5601
35	85	85	3.27359	-5.57633	-4.9788
45	5	5	4.84155	-5.18716	-2.94042
45	5	15	4.64348	-4.84364	-2.79296
45	5	25	4.234	-5.35414	-3.87224
45	5	35	3.31635	-5.69506	-5.25791
45	5	45	3.13765	-5.46243	-5.28817
45	5	55	3.95557	-4.7009	-5.34051
45	5	65	3.49455	-3.56178	-3.79511
45	5	75	3.83686	-5.04465	-4.01092
45	5	85	4.33713	-6.03343	-4.37141
45	15	5	3.51489	-4.0951	-3.17842
45	15	15	4.12659	-4.47347	-2.98374
45	15	25	3.81065	-4.67861	-3.74026
45	15	35	3.08378	-5.39687	-5.31013
45	15	45	3.12648	-5.06983	-5.30961
45	15	55	3.36387	-3.88555	-4.32256
45	15	65	3.01342	-3.56648	-3.72368
45	15	75	2.99702	-5.11478	-5.12262
45	15	85	2.92852	-5.12202	-4.84794
45	25	5	3.0344	-4.20451	-3.89612
45	25	15	2.90825	-3.30804	-3.07803
45	25	25	2.95277	-3.75413	-3.87539
45	25	35	2.80206	-5.10217	-5.32091
45	25	45	2.93353	-4.17413	-4.49271
45	25	55	2.88597	-3.05896	-3.25525
45	25	65	2.68987	-3.3006	-3.37004
45	25	75	2.70421	-4.21126	-4.26227
45	25	85	2.81433	-3.88232	-3.88559
45	35	5	2.77294	-3.20006	-3.2876
45	35	15	2.66626	-3.3612	-3.42991
45	35	25	2.8138	-4.72067	-4.97987
45	35	35	3.0989	-5.10801	-5.65068
45	35	45	2.87639	-4.4651	-4.66451
45	35	55	2.76042	-3.31364	-3.31184
45	35	65	2.63418	-3.10597	-3.1038
45	35	75	2.79569	-3.4843	-3.38046
45	35	85	2.90386	-3.2655	-3.37272
45	45	5	3.31423	-5.65535	-4.99017
45	45	15	3.03905	-5.24716	-4.97191
45	45	25	3.19728	-5.14999	-5.14901
45	45	35	3.59713	-5.23922	-5.88434
45	45	45	3.07539	-3.4614	-3.86179
45	45	55	2.75363	-3.11189	-3.03321
45	45	65	3.01336	-3.76658	-3.34434
45	45	75	3.43528	-5.34231	-4.93768
45	45	85	4.18611	-5.88531	-5.75187
45	55	5	2.75797	-4.8175	-4.63225
45	55	15	2.70214	-4.66809	-4.52217
45	55	25	2.8352	-5.17792	-5.17639
45	55	35	3.51507	-4.93201	-5.85441
45	55	45	2.91188	-3.8963	-4.17634
45	55	55	2.67297	-2.78106	-2.74216
45	55	65	2.8567	-2.97487	-2.71005
45	55	75	3.13073	-4.54172	-4.24204
45	55	85	3.63951	-5.43606	-5.57796
45	65	5	2.60279	-4.01246	-3.96197
45	65	15	2.61688	-3.84212	-3.77739
45	65	25	2.61311	-4.99124	-5.01004
45	65	35	3.13264	-5.12171	-5.66091
45	65	45	2.8019	-5.05547	-5.3031
45	65	55	2.61608	-3.70192	-3.7597
45	65	65	2.63832	-2.59912	-2.67353
45	65	75	2.70365	-3.66806	-3.75543
45	65	85	2.80817	-4.80167	-4.94776
45	75	5	2.57472	-3.67598	-3.6947
45	75	15	2.55436	-3.3785	-3.37692
45	75	25	2.59237	-4.83929	-4.87804
45	75	35	2.73118	-5.11961	-5.25947
45	75	45	2.72114	-5.10148	-5.27063
45	75	55	2.79344	-3.99667	-4.23789
45	75	65	2.8717	-2.6859	-3.00603
45	75	75	2.75972	-3.04354	-3.20368
45	75	85	2.63561	-4.33925	-4.29713
45	85	5	3.61358	-4.23956	-3.26032
45	85	15	3.43154	-4.06128	-3.1817
45	85	25	2.89224	-4.70995	-4.44954
45	85	35	2.69227	-5.13869	-5.19908
45	85	45	2.67552	-5.10234	-5.18595
45	85	55	3.15201	-3.98239	-4.54175
45	85	65	3.35484	-2.79084	-3.42947
45	85	75	3.10378	-3.21244	-2.9949
45	85	85	3.27686	-4.22819	-3.56487
55	5	5	4.36372	-5.3398	-3.57384
55	5	15	4.61475	-4.948	-2.92449
55	5	25	4.22446	-5.19616	-3.60453
55	5	35	3.70337	-6.0376	-5.29111
55	5	45	3.04744	-5.52947	-5.05088
55	5	55	3.00422	-5.01357	-4.6829
55	5	65	3.32756	-3.97536	-3.95963
55	5	75	3.24391	-5.46418	-4.89704
55	5	85	3.58781	-5.81038	-4.9395
55	15	5	3.61636	-5.10721	-4.1305
55	15	15	4.39217	-5.35254	-3.56537
55	15	25	4.4362	-5.15635	-3.67971
55	15	35	3.8725	-6.0877	-5.38464
55	15	45	2.96242	-5.30921	-5.10595
55	15	55	3.58065	-4.78994	-4.60296
55	15	65	3.32051	-4.633	-4.46923
55	15	75	3.38856	-5.73948	-5.10633
55	15	85	3.21005	-5.57207	-5.12236
55	25	5	2.83749	-4.67654	-4.68217
55	25	15	2.94267	-3.82282	-3.495
55	25	25	2.8647	-3.40197	-3.38933
55	25	35	3.02138	-5.16097	-5.45257
55	25	45	2.92735	-4.73188	-4.84793
55	25	55	3.19999	-3.25704	-3.58801
55	25	65	3.17747	-3.93413	-4.00022
55	25	75	2.7698	-5.10132	-5.05401
55	25	85	2.93361	-5.13079	-5.08763
55	35	5	2.94464	-4.30849	-4.27562
55	35	15	2.83596	-3.146	-3.01126
55	35	25	2.87743	-4.26221	-4.42478
55	35	35	3.24939	-5.25336	-5.58957
55	35	45	2.85667	-4.30622	-4.56247
55	35	55	2.86783	-3.23232	-3.33018
55	35	65	2.6684	-3.49206	-3.56491
55	35	75	2.82998	-4.57972	-4.62987
55	35	85	3.15821	-4.75554	-4.89806
55	45	5	4.31473	-6.06788	-5.50153
55	45	15	3.40549	-5.70757	-4.95221
55	45	25	3.24096	-5.27286	-5.1106
55	45	35	3.82343	-5.23738	-6.22379
55	45	45	2.78221	-4.26301	-4.4116
55	45	55	2.5964	-3.38847	-3.393
55	45	65	2.59243	-3.56499	-3.56434
55	45	75	3.31432	-4.90292	-5.1421
55	45	85	4.2328	-5.97173	-5.72285
55	55	5	3.64609	-5.65657	-5.19933
55	55	15	3.24957	-5.00552	-4.57107
55	55	25	3.09703	-5.22262	-5.23801
55	55	35	3.76198	-5.11861	-6.1654
55	55	45	2.71001	-4.10121	-4.13933
55	55	55	2.63465	-3.60919	-3.53041
55	55	65	2.73388	-2.92144	-2.74026
55	55	75	3.41429	-4.62853	-4.8477
55	55	85	4.13271	-5.66523	-5.98437
55	65	5	2.84879	-4.16675	-4.12913
55	65	15	2.74153	-3.79691	-3.73847
55	65	25	2.83542	-4.75362	-4.79157
55	65	35	3.63831	-5.16553	-6.12317
55	65	45	2.6348	-5.10546	-5.17477
55	65	55	2.59691	-4.26156	-4.25857
55	65	65	2.58191	-2.66409	-2.63482
55	65	75	2.82511	-3.68747	-3.93421
55	65	85	3.30753	-5.21614	-5.54445
55	75	5	2.80833	-3.40413	-3.20302
55	75	15	2.61803	-3.36404	-3.34142
55	75	25	2.57414	-4.33797	-4.35624
55	75	35	3.05484	-5.14027	-5.56233
55	75	45	2.6433	-5.12334	-5.17296
55	75	55	2.61617	-4.3033	-4.324
55	75	65	2.59173	-2.67467	-2.63397
55	75	75	2.76166	-3.04169	-2.99265
55	75	85	2.85082	-4.57038	-4.35483
55	85	5	3.79849	-4.3288	-3.1697
55	85	15	3.99531	-4.5952	-3.15604
55	85	25	3.13184	-4.66773	-4.08813
55	85	35	3.15489	-5.21894	-5.57845
55	85	45	2.70412	-5.14419	-5.17289
55	85	55	2.5938	-4.46432	-4.4625
55	85	65	2.89548	-2.94357	-3.04073
55	85	75	3.3681	-3.94877	-3.25574
55	85	85	3.60083	-5.02951	-4.10108
65	5	5	4.3979	-6.19939	-4.60911
65	5	15	4.63281	-5.63378	-3.61303
65	5	25	4.34422	-5.27198	-3.64734
65	5	35	4.12155	-6.12741	-5.64662
65	5	45	3.18837	-5.69523	-5.10598
65	5	55	2.95802	-5.1282	-4.80208
65	5	65	3.06732	-4.78392	-4.47006
65	5	75	2.91718	-5.36788	-5.07108
65	5	85	3.52744	-5.81098	-5.25319
65	15	5	4.20026	-6.20089	-4.56261
65	15	15	4.61734	-6.23201	-4.25633
65	15	25	4.68393	-6.14474	-4.30434
65	15	35	4.15462	-6.22919	-5.51695
65	15	45	3.08317	-5.4708	-5.06487
65	15	55	3.07809	-5.02781	-4.54094
65	15	65	3.64494	-5.20266	-4.39612
65	15	75	3.70766	-6.08067	-5.21913
65	15	85	4.37185	-6.72895	-5.24525
65	25	5	3.5172	-5.25698	-4.98991
65	25	15	3.42686	-4.52402	-4.07527
65	25	25	3.50382	-3.62304	-3.59129
65	25	35	2.8509	-5.16577	-5.27312
65	25	45	2.67106	-4.51538	-4.52767
65	25	55	2.92916	-3.41521	-3.32301
65	25	65	3.13462	-4.43745	-4.07341
65	25	75	3.37734	-5.67665	-5.29632
65	25	85	3.48695	-5.82025	-5.31585
65	35	5	3.41306	-4.7848	-5.11396
65	35	15	3.32819	-3.142	-3.41662
65	35	25	3.84585	-3.83502	-4.63833
65	35	35	3.14562	-5.36985	-5.3743
65	35	45	3.19929	-4.23141	-4.57973
65	35	55	2.90961	-2.97706	-3.22559
65	35	65	2.81915	-3.4633	-3.72876
65	35	75	3.09808	-5.03436	-5.45885
65	35	85	2.97592	-5.04221	-5.22182
65	45	5	3.64998	-5.35448	-5.54542
65	45	15	3.60309	-5.28957	-4.68631
65	45	25	3.7404	-5.08372	-5.6231
65	45	35	3.86383	-5.34919	-6.13083
65	45	45	3.02157	-4.40558	-4.66826
65	45	55	2.82838	-3.9073	-4.14132
65	45	65	2.8388	-4.04249	-4.20981
65	45	75	3.37436	-4.87	-5.51213
65	45	85	3.03263	-5.01211	-5.90812
65	55	5	3.72043	-5.44509	-5.21738
65	55	15	3.12432	-4.5826	-4.38962
65	55	25	3.24589	-4.70221	-4.94877
65	55	35	4.20681	-5.25818	-6.59148
65	55	45	3.04009	-4.76311	-4.76973
65	55	55	2.94157	-4.42604	-4.09339
65	55	65	2.85496	-3.22937	-3.0893
65	55	75	3.8775	-4.99489	-5.31335
65	55	85	4.14791	-5.7365	-5.98683
65	65	5	4.03673	-5.20438	-4.92311
65	65	15	3.04616	-3.79802	-3.37301
65	65	25	3.23551	-4.0296	-4.23254
65	65	35	3.60039	-5.2208	-6.02686
65	65	45	2.71632	-5.12475	-5.20201
65	65	55	2.65947	-4.80729	-4.78279
65	65	65	2.72366	-3.0619	-3.01185
65	65	75	3.10687	-4.02984	-4.51559
65	65	85	4.00838	-5.53788	-6.01174
65	75	5	3.30906	-3.93605	-3.80287
65	75	15	2.77372	-3.20398	-3.09869
65	75	25	2.76089	-3.77985	-3.81693
65	75	35	3.38868	-5.10302	-5.91986
65	75	45	2.73268	-5.21122	-5.17446
65	75	55	2.70156	-4.73198	-4.66249
65	75	65	2.68671	-2.77963	-2.68554
65	75	75	2.85398	-3.61524	-3.55308
65	75	85	3.80753	-5.58634	-5.33712
65	85	5	4.35256	-5.25809	-3.67596
65	85	15	4.05209	-4.39	-2.95807
65	85	25	3.87937	-4.76763	-3.73349
65	85	35	3.72522	-5.71363	-5.63399
65	85	45	3.16809	-5.57303	-5.24801
65	85	55	2.92663	-5.23719	-4.8625
65	85	65	3.18786	-3.40246	-2.84562
65	85	75	3.46378	-4.77935	-4.07876
65	85	85	4.45672	-6.2191	-5.14307
75	5	5	3.89281	-5.52767	-5.64285
75	5	15	4.09433	-5.5794	-4.74657
75	5	25	3.96509	-5.12848	-4.44252
75	5	35	4.185	-6.4045	-5.37294
75	5	45	3.46983	-5.91773	-5.04454
75	5	55	3.00314	-5.39404	-4.94217
75	5	65	3.20348	-5.08564	-5.0413
75	5	75	3.30436	-5.54772	-5.27784
75	5	85	3.49061	-5.53392	-5.56457
75	15	5	4.10561	-6.04934	-5.547
75	15	15	3.59648	-5.86097	-5.24372
75	15	25	3.90931	-5.74624	-4.87535
75	15	35	4.36727	-6.68505	-5.27368
75	15	45	3.38634	-5.83492	-5.04367
75	15	55	3.30568	-5.13525	-4.50269
75	15	65	4.04351	-5.25364	-5.22932
75	15	75	3.70772	-5.77819	-5.55327
75	15	85	3.63235	-5.76674	-5.51605
75	25	5	2.95849	-4.94361	-5.06733
75	25	15	3.18555	-4.59318	-4.58363
75	25	25	3.39893	-4.10802	-3.82833
75	25	35	2.9946	-5.37128	-5.23862
75	25	45	2.80965	-4.63507	-4.38682
75	25	55	3.23432	-3.85876	-3.54461
75	25	65	3.17978	-4.22186	-4.34773
75	25	75	3.04596	-5.15178	-5.51326
75	25	85	2.88916	-5.1655	-5.3755
75	35	5	3.36845	-4.96202	-5.49941
75	35	15	3.77798	-3.33361	-4.15898
75	35	25	4.1149	-3.46044	-4.25792
75	35	35	3.10936	-5.31269	-5.39088
75	35	45	2.97866	-4.12051	-3.9899
75	35	55	3.20662	-3.03582	-3.31824
75	35	65	3.24415	-3.70695	-4.27339
75	35	75	3.34078	-5.10089	-5.86742
75	35	85	3.06866	-5.1413	-5.57887
75	45	5	3.74992	-4.9024	-5.97327
75	45	15	4.27256	-4.19838	-5.3839
75	45	25	4.27413	-4.60475	-5.83399
75	45	35	3.67387	-5.27969	-5.98673
75	45	45	3.29122	-4.68349	-5.2993
75	45	55	2.952	-4.12288	-4.40136
75	45	65	2.91976	-4.31907	-4.52736
75	45	75	3.73386	-4.97004	-5.99248
75	45	85	3.09103	-5.19987	-5.79946
75	55	5	4.35035	-5.40507	-6.03823
75	55	15	3.94856	-4.1211	-5.15526
75	55	25	3.93315	-4.23007	-5.57053
75	55	35	3.9131	-5.1364	-6.43603
75	55	45	3.41853	-5.00448	-5.70637
75	55	55	3.13939	-4.90684	-5.09359
75	55	65	3.02148	-3.98132	-3.80457
75	55	75	4.05866	-5.18684	-5.56006
75	55	85	4.04988	-5.80786	-5.80298
75	65	5	4.79232	-6.14436	-5.09908
75	65	15	3.88656	-4.19521	-3.93009
75	65	25	3.47813	-3.38395	-3.91119
75	65	35	4.24302	-5.40956	-6.48156
75	65	45	3.51868	-5.62235	-5.54958
75	65	55	3.10821	-5.45087	-5.0872
75	65	65	3.17517	-3.82189	-3.44484
75	65	75	3.99614	-5.18447	-5.14095
75	65	85	4.56128	-6.19765	-5.95225
75	75	5	4.34426	-4.86414	-4.57094
75	75	15	3.33108	-3.51842	-3.11446
75	75	25	3.26186	-3.15196	-3.21238
75	75	35	3.67742	-5.11818	-6.15978
75	75	45	2.99544	-5.46799	-5.20079
75	75	55	3.16737	-5.39366	-4.90635
75	75	65	3.34877	-3.77249	-3.05488
75	75	75	3.6731	-4.86069	-4.29941
75	75	85	5.00634	-6.37358	-6.16153
75	85	5	4.8419	-5.71153	-5.29189
75	85	15	3.65393	-4.09848	-3.34363
75	85	25	3.47632	-3.86364	-3.66286
75	85	35	3.61944	-5.51987	-5.69626
75	85	45	2.85942	-5.32465	-5.06865
75	85	55	3.25586	-5.54685	-4.92209
75	85	65	3.89905	-4.78046	-3.47245
75	85	75	4.4875	-6.32735	-4.75572
75	85	85	5.22643	-6.56274	-6.08998
85	5	5	3.55269	-5.32021	-5.721
85	5	15	3.0971	-5.35039	-5.04994
85	5	25	3.23822	-5.24978	-4.80299
85	5	35	3.60017	-5.69518	-5.28558
85	5	45	3.24464	-5.77268	-5.0839
85	5	55	3.21609	-5.68524	-5.02151
85	5	65	3.35303	-5.29844	-4.73885
85	5	75	3.53786	-5.96946	-5.11548
85	5	85	3.8727	-5.6319	-5.87271
85	15	5	3.49665	-5.28519	-5.86362
85	15	15	2.85751	-5.18194	-5.28112
85	15	25	2.71473	-5.06993	-5.02944
85	15	35	2.8816	-5.27175	-5.22196
85	15	45	2.96352	-5.48752	-5.08784
85	15	55	3.4358	-5.16247	-4.68318
85	15	65	4.57352	-4.51486	-4.66532
85	15	75	3.3791	-5.58675	-5.27081
85	15	85	3.31145	-5.43713	-5.52475
85	25	5	3.25809	-5.04384	-5.74726
85	25	15	2.73669	-4.80125	-4.98526
85	25	25	2.71348	-4.42064	-4.503
85	25	35	2.79273	-5.21275	-5.17423
85	25	45	3.10698	-5.22538	-4.77343
85	25	55	4.21134	-4.07654	-3.82465
85	25	65	4.17478	-3.71812	-4.68331
85	25	75	3.48432	-5.17716	-5.77595
85	25	85	2.93771	-5.18244	-5.40775
85	35	5	3.19593	-4.92245	-5.52652
85	35	15	3.95709	-3.75683	-4.76129
85	35	25	3.72466	-3.50623	-3.87826
85	35	35	3.14745	-5.1777	-5.0805
85	35	45	3.17523	-4.077	-3.91054
85	35	55	3.52651	-2.75739	-3.51336
85	35	65	3.02402	-3.38972	-3.73768
85	35	75	3.27561	-5.08075	-5.76266
85	35	85	2.8411	-5.12178	-5.3917
85	45	5	4.44309	-5.24603	-5.9705
85	45	15	4.94954	-3.52086	-5.19054
85	45	25	4.20867	-3.70708	-4.87588
85	45	35	3.01827	-5.00317	-5.38717
85	45	45	3.06278	-4.8825	-5.27176
85	45	55	3.18082	-4.19732	-4.54613
85	45	65	2.99759	-4.13583	-4.50271
85	45	75	3.61021	-5.21206	-5.91205
85	45	85	3.78298	-5.38314	-5.89194
85	55	5	4.61908	-4.79204	-6.0768
85	55	15	4.52516	-3.3388	-4.98248
85	55	25	4.31905	-3.31942	-5.04583
85	55	35	3.45104	-5.04716	-5.94716
85	55	45	3.53753	-4.96144	-5.94795
85	55	55	3.00757	-4.81323	-5.22818
85	55	65	2.71436	-4.12283	-4.24297
85	55	75	3.58101	-5.01476	-5.98473
85	55	85	3.51097	-5.29334	-5.82133
85	65	5	5.1878	-6.02548	-5.29351
85	65	15	4.77679	-4.33729	-4.24119
85	65	25	4.19425	-3.65915	-4.08153
85	65	35	4.04625	-5.22461	-6.19898
85	65	45	4.04869	-5.1219	-6.38038
85	65	55	3.19406	-5.35884	-5.40107
85	65	65	3.17573	-4.65619	-4.07676
85	65	75	3.81491	-5.69704	-5.19316
85	65	85	4.6574	-6.15633	-6.09484
85	75	5	4.01951	-4.86548	-4.9258
85	75	15	3.6755	-3.57287	-3.17165
85	75	25	3.59384	-3.31111	-3.4671
85	75	35	4.05504	-4.9257	-6.14568
85	75	45	3.67023	-4.983	-5.53979
85	75	55	2.86841	-5.12204	-5.15943
85	75	65	2.83166	-3.60027	-3.39998
85	75	75	3.07356	-4.82735	-4.54804
85	75	85	4.15519	-5.77173	-5.97005
85	85	5	3.67664	-5.36401	-5.04321
85	85	15	3.49752	-4.30129	-3.91764
85	85	25	3.1323	-3.92101	-3.71733
85	85	35	3.99224	-5.45736	-5.89693
85	85	45	3.42745	-5.40113	-4.99753
85	85	55	3.35437	-5.82204	-5.02539
85	85	65	3.17112	-4.61683	-4.03693
85	85	75	3.05265	-5.1803	-4.84192
85	85	85	3.63229	-5.62078	-5.54125
