5	5	5	2.1987	-2.98153	-5.13465
5	5	15	3.24806	-2.91092	-5.70857
5	5	25	2.41313	-3.7646	-6.12974
5	5	35	2.88516	-5.09534	-6.6727
5	5	45	3.83676	-5.13263	-5.70305
5	5	55	3.96488	-4.53329	-3.7289
5	5	65	4.12733	-4.39557	-2.97674
5	5	75	3.79063	-3.59182	-2.31952
5	5	85	3.02034	-3.60991	-4.20384
5	15	5	1.67338	-4.84372	-6.07202
5	15	15	1.60507	-4.48858	-5.32674
5	15	25	-0.207024	-4.16167	-5.27024
5	15	35	1.23376	-4.48089	-5.09626
5	15	45	2.19598	-4.76133	-4.84697
5	15	55	2.32826	-3.7757	-3.7645
5	15	65	3.06776	-3.36211	-2.58536
5	15	75	3.35144	-3.44204	-2.23441
5	15	85	2.91663	-4.2912	-4.10088
5	25	5	1.94423	-5.13712	-6.50685
5	25	15	0.746106	-4.30407	-4.93219
5	25	25	-0.823516	-3.68671	-4.48464
5	25	35	-0.729758	-3.91696	-4.3964
5	25	45	1.21318	-4.63343	-4.63243
5	25	55	1.80451	-2.64008	-2.14168
5	25	65	2.89455	-3.02062	-1.45279
5	25	75	2.99907	-3.36309	-2.60425
5	25	85	2.11314	-4.41245	-4.83002
5	35	5	2.23909	-5.11385	-6.41352
5	35	15	0.310426	-4.43952	-4.75803
5	35	25	-1.91781	-4.0788	-4.71181
5	35	35	-1.51777	-3.5247	-4.30206
5	35	45	0.382735	-3.80051	-3.77174
5	35	55	0.872991	-2.42803	-1.98866
5	35	65	1.55179	-2.92074	-2.19418
5	35	75	2.64561	-4.14991	-4.0737
5	35	85	2.53913	-4.99515	-6.40836
5	45	5	1.91956	-5.20011	-5.80388
5	45	15	0.177707	-5.41631	-4.62811
5	45	25	-1.23906	-4.77356	-4.79486
5	45	35	-1.56587	-4.2035	-4.52273
5	45	45	-0.200318	-3.33398	-3.27994
5	45	55	0.420383	-2.86275	-3.06717
5	45	65	0.697567	-3.05028	-3.2257
5	45	75	2.71	-4.80443	-5.37866
5	45	85	2.51331	-5.071	-6.41298
5	55	5	3.36102	-4.95705	-5.65045
5	55	15	3.16177	-3.7176	-5.04172
5	55	25	2.92753	-4.87032	-5.48995
5	55	35	1.75738	-4.97346	-5.45099
5	55	45	1.86751	-3.77258	-4.25581
5	55	55	3.44651	-1.53738	-3.58674
5	55	65	2.95733	-1.60677	-2.53173
5	55	75	3.30602	-4.60247	-5.34512
5	55	85	3.2315	-5.06885	-6.2245
5	65	5	5.45363	-4.65944	-5.91202
5	65	15	5.65235	-2.89719	-6.10212
5	65	25	5.28172	-4.22233	-7.13133
5	65	35	4.63111	-4.83411	-6.80985
5	65	45	4.33183	-4.84426	-5.77334
5	65	55	5.44798	-1.82794	-4.46779
5	65	65	6.01043	-1.2496	-3.54215
5	65	75	4.23545	-3.41016	-3.93826
5	65	85	4.27396	-5.22823	-6.39404
5	75	5	5.55538	-3.82895	-5.71998
5	75	15	5.34834	-3.64018	-6.46725
5	75	25	5.09443	-4.49352	-7.33421
5	75	35	4.82355	-5.10125	-7.94212
5	75	45	5.37811	-4.52468	-6.31329
5	75	55	5.61777	-2.67616	-4.7509
5	75	65	5.78749	-1.73795	-3.83867
5	75	75	4.8056	-2.81303	-4.23266
5	75	85	4.96585	-4.10414	-6.07064
5	85	5	5.18417	-3.56468	-5.79603
5	85	15	5.49581	-3.90527	-6.04477
5	85	25	4.57157	-4.40461	-6.92881
5	85	35	4.27422	-4.93217	-7.63458
5	85	45	5.0045	-4.31762	-6.16838
5	85	55	5.06331	-3.56652	-4.13974
5	85	65	5.16576	-3.73504	-3.22906
5	85	75	5.18212	-3.54635	-3.1742
5	85	85	5.44493	-3.64326	-5.18517
15	5	5	3.89876	-2.33337	-3.01804
15	5	15	3.11643	-1.60401	-3.90995
15	5	25	2.22938	-3.6477	-4.93009
15	5	35	3.1422	-4.96529	-6.52174
15	5	45	3.72026	-3.95935	-5.25374
15	5	55	3.06246	-3.09741	-3.33037
15	5	65	3.50044	-3.25809	-2.84183
15	5	75	3.31543	-2.75109	-2.20349
15	5	85	4.33599	-2.89129	-2.62699
15	15	5	3.25694	-2.58861	-3.33842
15	15	15	3.25832	-2.90689	-3.60796
15	15	25	2.20461	-4.42603	-5.02577
15	15	35	2.713	-5.0263	-6.2748
15	15	45	2.68769	-4.18158	-4.58331
15	15	55	2.28343	-3.17605	-3.20447
15	15	65	2.11976	-2.37537	-2.31034
15	15	75	2.82866	-2.85852	-2.23372
15	15	85	3.1853	-2.8271	-2.4198
15	25	5	3.04591	-3.78012	-4.38045
15	25	15	1.67353	-2.33763	-2.81795
15	25	25	1.05911	-4.12583	-4.9279
15	25	35	1.90522	-5.06051	-6.24006
15	25	45	2.26489	-4.90294	-5.158
15	25	55	1.19927	-2.13824	-2.15466
15	25	65	1.72791	-1.77882	-1.67788
15	25	75	2.71212	-2.69868	-2.22775
15	25	85	3.20936	-3.18167	-3.13338
15	35	5	1.19157	-4.39745	-4.76561
15	35	15	0.54979	-3.01851	-2.86867
15	35	25	-0.285301	-4.25794	-5.02983
15	35	35	1.18118	-5.09158	-6.88434
15	35	45	1.60941	-4.44211	-4.74676
15	35	55	0.66798	-2.48095	-2.4669
15	35	65	1.01428	-2.38889	-2.21179
15	35	75	2.56319	-3.38408	-3.33811
15	35	85	1.88906	-4.17475	-4.40456
15	45	5	-2.45225	-5.43794	-5.11522
15	45	15	-1.04531	-5.96336	-3.69822
15	45	25	-1.04272	-5.5884	-4.54292
15	45	35	0.863471	-5.75138	-7.09785
15	45	45	1.97393	-5.10276	-5.27684
15	45	55	0.473686	-4.45648	-4.39636
15	45	65	0.117805	-4.71315	-4.33646
15	45	75	0.611926	-6.04128	-5.63722
15	45	85	-0.927356	-5.77254	-5.94223
15	55	5	-0.225717	-5.24688	-4.79722
15	55	15	-0.086629	-5.3569	-3.88746
15	55	25	0.681188	-5.50707	-4.99462
15	55	35	0.836275	-4.99147	-6.62986
15	55	45	1.70856	-4.93739	-5.28556
15	55	55	1.58862	-4.64078	-4.29698
15	55	65	1.75173	-4.32426	-3.50404
15	55	75	3.01719	-5.13339	-5.03244
15	55	85	1.11299	-5.145	-5.30526
15	65	5	2.61825	-4.22115	-3.93173
15	65	15	3.27853	-4.29091	-3.87934
15	65	25	1.48406	-5.36683	-5.16647
15	65	35	1.63412	-5.2118	-5.93739
15	65	45	2.71332	-4.97605	-5.31936
15	65	55	2.94084	-3.65626	-3.66757
15	65	65	3.48605	-2.96785	-2.5283
15	65	75	3.551	-3.53234	-3.47433
15	65	85	2.91427	-4.40116	-4.04353
15	75	5	3.72041	-3.00026	-4.1247
15	75	15	3.84446	-3.37858	-4.55985
15	75	25	2.1474	-4.59921	-5.40526
15	75	35	2.14038	-5.04804	-6.23371
15	75	45	3.26202	-4.39762	-5.57856
15	75	55	3.42502	-2.54491	-3.75337
15	75	65	3.63784	-2.1264	-2.96995
15	75	75	3.53931	-2.79052	-2.74365
15	75	85	3.50485	-3.35678	-3.31729
15	85	5	3.89531	-2.81223	-3.98308
15	85	15	3.81188	-2.72107	-4.65199
15	85	25	2.44578	-3.86761	-5.60336
15	85	35	3.15609	-4.91761	-6.469
15	85	45	4.04004	-3.93034	-5.66857
15	85	55	3.64083	-2.75545	-3.8208
15	85	65	3.84751	-2.64629	-3.2696
15	85	75	4.21106	-2.82283	-2.85275
15	85	85	4.50317	-2.92238	-3.34701
25	5	5	4.04921	-3.86898	-1.50766
25	5	15	3.43777	-3.26615	-2.16696
25	5	25	2.73724	-3.91278	-3.75848
25	5	35	3.0973	-5.16168	-6.63816
25	5	45	3.18353	-4.01752	-4.96079
25	5	55	2.84056	-3.18464	-3.42942
25	5	65	2.83868	-2.58556	-2.59975
25	5	75	3.04543	-3.17834	-2.9551
25	5	85	4.06608	-3.65723	-2.54554
25	15	5	3.46994	-2.68558	-2.86079
25	15	15	3.34102	-3.06021	-2.75343
25	15	25	2.65789	-3.40071	-3.63638
25	15	35	2.90121	-4.54249	-6.26562
25	15	45	3.02344	-3.87747	-4.45005
25	15	55	2.67763	-2.78959	-3.05232
25	15	65	2.34167	-2.7289	-2.77126
25	15	75	2.64814	-3.28021	-3.26978
25	15	85	3.31588	-3.06366	-2.99536
25	25	5	3.87917	-2.78698	-3.5016
25	25	15	3.05028	-2.32367	-2.89974
25	25	25	2.88556	-3.31648	-3.86846
25	25	35	2.98559	-4.88634	-6.54376
25	25	45	2.92137	-4.49815	-5.05151
25	25	55	1.90613	-2.68534	-2.79574
25	25	65	2.01644	-2.44554	-2.58641
25	25	75	2.45234	-2.51242	-2.59147
25	25	85	3.35949	-2.45589	-2.99341
25	35	5	3.12883	-2.72401	-3.4396
25	35	15	2.09636	-2.19095	-2.61568
25	35	25	2.26117	-4.21111	-4.8104
25	35	35	3.25977	-5.30611	-7.38193
25	35	45	1.54024	-5.00167	-5.24574
25	35	55	0.777366	-3.12173	-2.61209
25	35	65	1.10045	-2.52045	-2.43322
25	35	75	2.61375	-2.48611	-2.97542
25	35	85	2.61662	-2.47471	-3.00184
25	45	5	-0.548844	-3.77018	-3.56292
25	45	15	1.54606	-4.32494	-3.20184
25	45	25	0.569326	-6.2655	-5.02158
25	45	35	2.47245	-6.2135	-7.04111
25	45	45	0.126527	-6.24349	-6.37257
25	45	55	-2.75674	-6.61482	-5.06037
25	45	65	-3.45063	-6.48722	-4.81324
25	45	75	-1.58262	-5.38432	-5.58366
25	45	85	-1.84353	-4.66434	-4.91577
25	55	5	0.109852	-3.5645	-2.46775
25	55	15	0.042633	-3.62748	-2.54911
25	55	25	0.644399	-5.17693	-5.07432
25	55	35	2.12711	-5.20064	-7.27856
25	55	45	1.90631	-5.20113	-6.08691
25	55	55	0.824154	-4.73001	-4.80571
25	55	65	0.287411	-4.11962	-4.08482
25	55	75	0.664371	-4.68706	-5.48659
25	55	85	-0.626956	-4.44345	-4.26086
25	65	5	0.964734	-2.40686	-2.04848
25	65	15	1.05905	-2.86867	-2.71951
25	65	25	1.05708	-4.42999	-4.60436
25	65	35	1.9329	-4.97321	-6.75635
25	65	45	2.19023	-4.91945	-5.73788
25	65	55	1.34602	-3.60039	-3.61206
25	65	65	1.84105	-2.4917	-2.49262
25	65	75	2.41119	-3.12094	-3.14362
25	65	85	2.15527	-3.19345	-2.46082
25	75	5	1.43141	-2.0486	-1.90572
25	75	15	1.08564	-1.80708	-1.98629
25	75	25	1.30761	-4.30315	-4.50433
25	75	35	2.20586	-5.11378	-6.05578
25	75	45	2.37709	-4.86023	-5.42147
25	75	55	1.95424	-2.75593	-3.00176
25	75	65	1.99799	-1.90593	-2.26902
25	75	75	2.16315	-2.04215	-2.02597
25	75	85	2.44135	-2.85491	-2.06545
25	85	5	2.01052	-2.02479	-1.32358
25	85	15	1.03016	-1.18428	-1.50787
25	85	25	1.61007	-3.53092	-3.81302
25	85	35	2.50982	-5.0517	-6.09776
25	85	45	2.39657	-4.34036	-4.90142
25	85	55	2.65225	-2.86156	-3.02532
25	85	65	2.48824	-2.12173	-2.45905
25	85	75	1.92405	-1.67458	-1.66358
25	85	85	2.33191	-2.07188	-1.54311
35	5	5	3.99967	-4.49882	-1.9653
35	5	15	4.28272	-4.50403	-1.99683
35	5	25	4.00385	-4.60681	-3.00686
35	5	35	2.50213	-5.19434	-5.86438
35	5	45	3.05984	-4.64011	-5.56885
35	5	55	3.22113	-3.26758	-4.22686
35	5	65	3.70777	-3.15283	-3.23248
35	5	75	3.49845	-4.80359	-4.05084
35	5	85	3.92516	-5.30016	-3.57801
35	15	5	3.02083	-3.56104	-3.01644
35	15	15	4.01877	-4.12064	-2.90837
35	15	25	3.05662	-3.13866	-2.9138
35	15	35	3.49757	-4.34411	-5.76656
35	15	45	4.30128	-3.61235	-5.43437
35	15	55	4.0756	-2.82878	-4.53258
35	15	65	3.65887	-2.98337	-3.8243
35	15	75	3.118	-4.7718	-5.00308
35	15	85	2.24376	-3.94576	-3.91012
35	25	5	3.35075	-3.57805	-3.17065
35	25	15	3.16479	-2.91942	-2.6126
35	25	25	3.30546	-2.8185	-3.3791
35	25	35	3.64546	-3.17782	-5.05481
35	25	45	3.75946	-3.26443	-4.83989
35	25	55	4.29511	-3.07682	-4.8381
35	25	65	3.76174	-3.61462	-4.92187
35	25	75	3.04452	-3.34098	-4.12559
35	25	85	2.53126	-3.19659	-3.5965
35	35	5	3.10218	-2.67422	-3.0313
35	35	15	2.86561	-2.0138	-2.9389
35	35	25	3.21794	-3.22682	-4.1385
35	35	35	1.32562	-4.91802	-6.50635
35	35	45	2.03934	-4.14613	-5.50181
35	35	55	3.11008	-2.48751	-3.74124
35	35	65	3.14048	-2.70133	-3.87779
35	35	75	3.56491	-2.63432	-3.99798
35	35	85	2.55997	-2.68808	-2.81943
35	45	5	1.78777	-2.361	-2.78678
35	45	15	2.87514	-2.81451	-2.61435
35	45	25	3.25745	-5.87801	-5.53891
35	45	35	0.168751	-6.70433	-7.06038
35	45	45	-3.12859	-7.13017	-6.40671
35	45	55	-2.47539	-5.77312	-4.79335
35	45	65	0.245249	-3.42996	-3.52352
35	45	75	-0.00475155	-3.84605	-4.60636
35	45	85	-0.807735	-3.83535	-4.29266
35	55	5	1.38506	-2.94786	-2.71972
35	55	15	1.64925	-2.73638	-2.10302
35	55	25	0.719246	-4.94432	-5.04177
35	55	35	1.32366	-5.52963	-6.88619
35	55	45	-0.431546	-5.66269	-6.55389
35	55	55	-1.01954	-5.07571	-5.06217
35	55	65	0.29923	-4.04162	-4.31863
35	55	75	-0.372684	-3.79748	-4.563
35	55	85	-0.15932	-3.87456	-3.8918
35	65	5	0.737297	-1.80127	-1.48043
35	65	15	0.677696	-2.09495	-1.97501
35	65	25	1.27705	-4.42396	-4.69323
35	65	35	2.78753	-5.08257	-6.68148
35	65	45	2.23376	-4.9441	-6.26171
35	65	55	1.5131	-4.52241	-4.85793
35	65	65	1.71527	-3.19162	-3.51205
35	65	75	1.05376	-3.14883	-3.4275
35	65	85	0.469378	-3.48698	-3.11745
35	75	5	0.644614	-0.998638	-0.829519
35	75	15	0.638007	-0.970517	-0.948879
35	75	25	1.50158	-3.63296	-3.75195
35	75	35	2.76555	-5.09395	-6.51836
35	75	45	1.68047	-5.02119	-5.56214
35	75	55	1.50235	-3.99395	-4.18638
35	75	65	1.34864	-2.16227	-2.32413
35	75	75	0.408043	-2.06966	-2.16997
35	75	85	-0.0048114	-2.38712	-1.82361
35	85	5	1.30985	-2.02467	-0.704183
35	85	15	1.38668	-1.53315	-0.957113
35	85	25	2.03695	-3.38293	-3.54462
35	85	35	2.34441	-5.06454	-6.01296
35	85	45	2.07194	-4.94192	-5.28144
35	85	55	2.04585	-3.49483	-3.82462
35	85	65	2.00913	-2.08095	-2.40146
35	85	75	1.24889	-1.96845	-1.83613
35	85	85	0.670176	-1.95926	-1.14001
45	5	5	3.52405	-4.30093	-2.15767
45	5	15	4.28238	-4.63606	-2.21279
45	5	25	4.32666	-4.72827	-2.67871
45	5	35	3.60251	-5.75934	-5.40692
45	5	45	2.89662	-5.05794	-5.21822
45	5	55	3.50551	-3.73839	-4.92199
45	5	65	3.38398	-3.80479	-4.00643
45	5	75	3.4096	-5.68369	-4.76646
45	5	85	3.55315	-6.06939	-4.84937
45	15	5	3.07988	-4.79932	-4.1444
45	15	15	3.96146	-4.63247	-3.10932
45	15	25	3.83938	-3.88076	-2.53007
45	15	35	3.12695	-3.9109	-4.16094
45	15	45	3.44406	-4.14321	-4.87663
45	15	55	4.72231	-2.68033	-5.15141
45	15	65	4.00193	-2.67606	-4.50715
45	15	75	3.47992	-5.16507	-5.54214
45	15	85	2.77822	-5.32382	-5.12797
45	25	5	2.6857	-4.27862	-4.09594
45	25	15	3.03224	-3.6262	-3.18671
45	25	25	2.9747	-2.59853	-2.79578
45	25	35	3.0436	-2.57707	-3.35593
45	25	45	4.26079	-2.82086	-4.7046
45	25	55	4.77794	-2.69924	-4.97153
45	25	65	4.85622	-3.5053	-5.75503
45	25	75	3.35604	-4.6803	-6.27634
45	25	85	2.33576	-4.90842	-5.24421
45	35	5	2.96782	-3.77756	-4.09205
45	35	15	2.73069	-2.49832	-2.69854
45	35	25	3.30017	-2.4529	-3.19868
45	35	35	2.70354	-2.45923	-3.60449
45	35	45	4.06404	-2.34808	-4.57628
45	35	55	4.72132	-2.59869	-4.93658
45	35	65	4.63508	-3.20175	-5.36649
45	35	75	2.89274	-3.93781	-5.6981
45	35	85	1.64892	-4.2047	-4.5841
45	45	5	2.52454	-3.21915	-3.8643
45	45	15	2.96472	-2.49219	-2.87058
45	45	25	3.31239	-4.54934	-4.11064
45	45	35	-1.3516	-6.35504	-6.23752
45	45	45	-0.365025	-4.93068	-5.21943
45	45	55	1.57129	-3.07446	-3.94055
45	45	65	2.8521	-1.62478	-3.78521
45	45	75	1.01478	-2.08939	-4.49179
45	45	85	0.817615	-3.67611	-4.64459
45	55	5	2.31712	-3.81601	-3.77393
45	55	15	3.12021	-2.98704	-2.60422
45	55	25	2.15968	-3.82185	-4.13386
45	55	35	-0.642931	-5.50724	-6.66181
45	55	45	-1.22684	-5.33193	-6.14607
45	55	55	-0.762896	-4.03295	-4.42112
45	55	65	-0.0200371	-2.46044	-3.90804
45	55	75	-0.787203	-2.52301	-3.37037
45	55	85	1.84016	-4.56769	-5.25915
45	65	5	0.967143	-3.02406	-2.77548
45	65	15	1.45732	-2.18964	-2.11592
45	65	25	1.70358	-3.21456	-3.33643
45	65	35	1.32021	-5.16197	-6.05106
45	65	45	1.49328	-4.92726	-5.94453
45	65	55	0.680927	-4.39823	-4.64594
45	65	65	-0.365896	-3.00539	-3.6468
45	65	75	-0.665001	-2.87865	-3.4242
45	65	85	1.00238	-4.56823	-4.94375
45	75	5	-0.207298	-1.57865	-1.47468
45	75	15	0.631503	-1.34026	-1.25678
45	75	25	1.90558	-2.8614	-2.96066
45	75	35	2.15602	-4.97531	-5.95947
45	75	45	2.29076	-4.86277	-5.8334
45	75	55	0.538086	-4.35885	-4.58663
45	75	65	-0.127678	-2.42066	-2.66336
45	75	75	-0.447013	-2.62965	-2.85081
45	75	85	0.420375	-4.11068	-4.10835
45	85	5	0.404836	-2.90675	-2.12768
45	85	15	1.37483	-2.36566	-1.6655
45	85	25	2.38681	-3.41264	-3.07295
45	85	35	2.17301	-4.74902	-5.55904
45	85	45	2.14345	-5.02081	-5.70401
45	85	55	1.39518	-4.49881	-4.8307
45	85	65	1.04932	-2.97478	-2.98048
45	85	75	0.41647	-2.9068	-2.648
45	85	85	-0.155963	-3.51428	-3.13447
55	5	5	3.53168	-5.70801	-4.33932
55	5	15	4.17626	-5.66803	-3.7224
55	5	25	4.41443	-5.25931	-3.44364
55	5	35	4.01212	-5.66703	-4.60656
55	5	45	3.35972	-5.56984	-5.13012
55	5	55	3.22969	-5.29961	-4.68153
55	5	65	2.88687	-4.97922	-4.41841
55	5	75	2.9724	-5.67311	-4.98387
55	5	85	3.30852	-5.8991	-5.44535
55	15	5	3.34412	-5.07389	-4.46261
55	15	15	4.09856	-5.5199	-3.70645
55	15	25	4.46298	-4.80882	-2.89409
55	15	35	3.79467	-4.21742	-3.43861
55	15	45	2.89691	-4.18545	-3.8927
55	15	55	3.06207	-3.60562	-3.3941
55	15	65	3.17616	-4.14841	-4.2412
55	15	75	3.11551	-5.52761	-5.25741
55	15	85	2.92254	-5.45434	-5.15925
55	25	5	2.46652	-4.71444	-4.72627
55	25	15	2.73273	-4.12871	-3.86439
55	25	25	2.42432	-2.35552	-2.44501
55	25	35	2.44605	-2.24242	-2.41583
55	25	45	2.54191	-2.7555	-2.73082
55	25	55	3.56486	-2.75272	-3.64263
55	25	65	3.48195	-3.03076	-3.9858
55	25	75	2.78903	-5.02143	-5.4689
55	25	85	2.72992	-5.15514	-5.36255
55	35	5	2.44069	-4.15079	-4.6791
55	35	15	2.44512	-2.81137	-2.83487
55	35	25	2.66043	-2.30408	-2.67621
55	35	35	2.47181	-1.91488	-2.2519
55	35	45	3.42883	-2.19812	-3.38754
55	35	55	4.46805	-2.78285	-4.65288
55	35	65	4.23246	-3.29891	-5.21053
55	35	75	2.30254	-4.79394	-5.33628
55	35	85	2.44164	-5.08663	-5.74865
55	45	5	3.43473	-3.54067	-4.96219
55	45	15	2.83913	-2.55113	-3.08324
55	45	25	3.70652	-2.5304	-3.36688
55	45	35	1.85555	-3.13024	-3.84532
55	45	45	2.1903	-2.1052	-3.70718
55	45	55	3.68935	-1.22084	-3.93518
55	45	65	2.84027	-1.45521	-4.31072
55	45	75	0.444811	-3.75798	-4.68971
55	45	85	2.19045	-4.87675	-6.64354
55	55	5	3.33007	-3.94696	-4.34128
55	55	15	3.3151	-3.40735	-2.9339
55	55	25	3.78866	-2.98486	-3.05718
55	55	35	0.244596	-4.48046	-5.32072
55	55	45	-0.875324	-4.70582	-5.19098
55	55	55	0.351091	-2.7326	-4.34562
55	55	65	0.577389	-0.896758	-3.8613
55	55	75	-0.100223	-2.96362	-5.14628
55	55	85	1.47722	-4.6146	-7.24254
55	65	5	2.1374	-3.61904	-3.70939
55	65	15	2.89144	-3.10059	-2.88431
55	65	25	2.16737	-2.19291	-2.16733
55	65	35	1.17123	-3.86577	-5.06165
55	65	45	1.19796	-4.9598	-5.40076
55	65	55	1.63234	-4.75435	-5.02342
55	65	65	-0.811269	-2.73006	-3.67659
55	65	75	-0.319148	-3.10063	-5.27503
55	65	85	2.52653	-4.77478	-6.31887
55	75	5	0.936009	-2.78457	-2.83515
55	75	15	1.6287	-2.00678	-1.86301
55	75	25	2.14059	-2.17135	-2.24396
55	75	35	2.11659	-3.79058	-4.72908
55	75	45	2.17655	-5.05394	-5.49379
55	75	55	0.759498	-4.30081	-4.59812
55	75	65	-0.784802	-2.87824	-3.30622
55	75	75	0.381522	-3.72369	-4.23417
55	75	85	1.79652	-4.79727	-5.26238
55	85	5	2.0867	-4.70383	-4.00757
55	85	15	2.69608	-4.91936	-3.75378
55	85	25	3.06873	-4.49656	-3.37327
55	85	35	2.54878	-4.63016	-4.77129
55	85	45	2.28917	-4.75156	-5.2768
55	85	55	2.04211	-4.84078	-5.35263
55	85	65	1.50527	-4.37004	-4.55449
55	85	75	1.9245	-4.52726	-4.22764
55	85	85	3.00185	-5.72365	-5.30427
65	5	5	3.24407	-5.95612	-5.07071
65	5	15	3.84725	-6.68738	-4.87584
65	5	25	4.24876	-6.3964	-4.46413
65	5	35	4.57869	-6.3779	-5.10224
65	5	45	3.72355	-5.92596	-5.01571
65	5	55	3.38873	-5.4632	-4.63279
65	5	65	2.70943	-4.86488	-4.33802
65	5	75	2.76125	-5.26182	-4.91482
65	5	85	2.99774	-5.71115	-5.35739
65	15	5	3.44608	-5.7418	-4.94641
65	15	15	4.17074	-6.24829	-4.65546
65	15	25	4.88437	-6.65699	-4.44046
65	15	35	4.48607	-5.0035	-3.98748
65	15	45	3.16855	-4.17628	-3.67252
65	15	55	3.20247	-3.74706	-3.09414
65	15	65	3.25132	-4.73826	-4.16477
65	15	75	2.98402	-5.65928	-5.10315
65	15	85	3.35961	-5.9351	-5.24057
65	25	5	2.82992	-4.94295	-5.036
65	25	15	3.02849	-4.62089	-4.23292
65	25	25	2.89571	-3.51161	-3.12621
65	25	35	2.71486	-2.62092	-2.79784
65	25	45	2.60853	-2.77706	-2.68289
65	25	55	2.6895	-2.75696	-2.59457
65	25	65	2.76615	-3.92396	-3.7419
65	25	75	2.80205	-5.37938	-5.22002
65	25	85	2.83061	-5.38729	-5.3073
65	35	5	3.2734	-4.00841	-6.27777
65	35	15	2.29421	-3.01527	-3.46005
65	35	25	2.64609	-2.27763	-2.97168
65	35	35	2.8647	-2.24765	-2.78601
65	35	45	2.5531	-2.45794	-2.20511
65	35	55	2.38216	-2.20501	-2.17425
65	35	65	1.71894	-2.49942	-2.71412
65	35	75	2.1385	-5.08546	-5.78548
65	35	85	2.17108	-5.10357	-5.94364
65	45	5	3.78979	-3.78059	-5.71312
65	45	15	3.15331	-2.45683	-3.42619
65	45	25	4.03451	-2.11515	-4.01667
65	45	35	4.18593	-2.21443	-3.45907
65	45	45	3.26148	-1.75756	-2.54839
65	45	55	1.95278	-0.486149	-1.96747
65	45	65	1.53911	-1.039	-2.28154
65	45	75	1.29602	-4.91331	-6.75952
65	45	85	2.12246	-5.07883	-6.63797
65	55	5	4.2159	-3.61465	-4.97705
65	55	15	3.67753	-3.12698	-3.3734
65	55	25	5.05024	-3.11176	-4.01089
65	55	35	4.46764	-2.55442	-3.45372
65	55	45	1.90155	-3.2238	-4.01838
65	55	55	0.904872	-2.86295	-4.00832
65	55	65	1.8257	-1.15463	-3.69007
65	55	75	0.865537	-3.75822	-7.3977
65	55	85	2.62845	-4.71766	-7.3608
65	65	5	3.84745	-3.89314	-4.78948
65	65	15	3.08238	-3.18726	-3.19057
65	65	25	3.23571	-2.21757	-2.79634
65	65	35	3.36036	-2.16542	-2.99168
65	65	45	1.8287	-4.08741	-4.34418
65	65	55	2.35964	-4.94891	-5.41466
65	65	65	1.70232	-3.65754	-5.27077
65	65	75	1.94018	-3.46387	-7.76979
65	65	85	3.92582	-4.64568	-6.92826
65	75	5	2.61309	-3.87435	-3.84524
65	75	15	2.65504	-2.99375	-2.68476
65	75	25	2.81073	-2.74304	-2.60727
65	75	35	2.94496	-2.2685	-2.95272
65	75	45	1.97943	-4.17941	-4.68099
65	75	55	1.69725	-4.97725	-5.65738
65	75	65	1.32545	-3.8028	-4.50741
65	75	75	2.0439	-3.92848	-4.94593
65	75	85	3.12325	-5.07482	-5.83861
65	85	5	3.91154	-6.14123	-4.63416
65	85	15	3.29303	-6.05454	-3.75152
65	85	25	3.59893	-5.63654	-3.44033
65	85	35	3.27328	-4.28586	-3.74999
65	85	45	2.94287	-4.11947	-4.13904
65	85	55	2.39744	-4.56119	-4.89206
65	85	65	1.91867	-4.74046	-4.89325
65	85	75	2.43691	-5.07137	-5.0941
65	85	85	3.24502	-5.65867	-5.45335
75	5	5	2.41934	-7.04118	-5.87788
75	5	15	2.82869	-7.61136	-5.49567
75	5	25	1.14788	-6.50777	-5.12476
75	5	35	3.27029	-6.78588	-5.87048
75	5	45	3.61271	-6.0991	-5.16342
75	5	55	3.27288	-5.18112	-4.55781
75	5	65	2.96516	-4.59937	-3.97874
75	5	75	3.03765	-5.13934	-4.75318
75	5	85	2.14163	-6.03651	-6.19328
75	15	5	3.63309	-6.47907	-5.43792
75	15	15	3.4453	-6.21338	-5.40242
75	15	25	3.84682	-5.94918	-5.24144
75	15	35	5.10297	-6.48317	-5.43206
75	15	45	3.68858	-5.42646	-4.31371
75	15	55	3.26238	-3.93228	-3.05569
75	15	65	3.47454	-4.57465	-3.16933
75	15	75	2.83111	-5.75491	-4.90505
75	15	85	3.45697	-6.16675	-5.95903
75	25	5	2.59775	-4.98718	-5.59176
75	25	15	2.70961	-4.70083	-4.68191
75	25	25	2.73387	-4.91274	-4.24714
75	25	35	3.45559	-4.41435	-4.3896
75	25	45	2.82434	-3.22257	-2.93561
75	25	55	2.81201	-2.89615	-2.35135
75	25	65	2.66848	-3.76245	-3.10989
75	25	75	2.26432	-5.46403	-5.2482
75	25	85	2.57587	-5.65115	-5.85576
75	35	5	3.21725	-5.04601	-6.44432
75	35	15	3.07099	-3.2996	-4.65819
75	35	25	2.95202	-2.84757	-4.5978
75	35	35	2.87696	-3.20368	-3.25797
75	35	45	2.54337	-2.68714	-2.34077
75	35	55	2.51527	-2.47747	-1.94467
75	35	65	1.71627	-2.26673	-2.18062
75	35	75	2.2399	-5.06278	-5.69535
75	35	85	1.86964	-5.10372	-6.85073
75	45	5	4.02576	-4.46438	-6.5346
75	45	15	3.9969	-2.58553	-4.38329
75	45	25	4.42467	-2.60858	-4.62839
75	45	35	3.43992	-2.47988	-3.57786
75	45	45	2.65365	-2.2202	-1.99883
75	45	55	2.24046	-1.56144	-1.78104
75	45	65	1.94919	-0.856245	-2.34649
75	45	75	2.03214	-4.92608	-6.97096
75	45	85	2.23227	-5.1023	-8.11222
75	55	5	5.06407	-4.09832	-6.04615
75	55	15	5.08427	-3.18553	-4.76228
75	55	25	5.6868	-3.06739	-5.12416
75	55	35	5.42732	-2.95741	-4.26006
75	55	45	4.51346	-2.28338	-3.15455
75	55	55	2.58103	-1.0846	-2.33281
75	55	65	2.62604	0.426783	-2.82136
75	55	75	2.71783	-4.6736	-8.35864
75	55	85	2.80167	-4.99578	-8.30477
75	65	5	5.45535	-4.83849	-6.51923
75	65	15	5.38162	-4.71611	-5.59722
75	65	25	5.33504	-3.5978	-5.16716
75	65	35	4.60046	-2.30395	-4.23874
75	65	45	4.22634	-2.75277	-3.98768
75	65	55	2.43285	-2.90198	-3.78123
75	65	65	2.9134	-1.21144	-3.40863
75	65	75	3.2641	-3.42568	-7.42176
75	65	85	4.05948	-4.58179	-7.23068
75	75	5	5.50966	-5.23043	-5.69076
75	75	15	4.95299	-4.48714	-3.96219
75	75	25	4.1134	-3.32713	-3.98631
75	75	35	3.55839	-2.586	-3.67486
75	75	45	3.04946	-2.33519	-3.06486
75	75	55	2.22431	-3.33491	-4.18013
75	75	65	2.71281	-2.74787	-3.54873
75	75	75	3.11193	-3.77572	-5.28285
75	75	85	3.87168	-5.02654	-6.63838
75	85	5	3.39148	-6.75069	-5.49149
75	85	15	4.44791	-5.751	-3.80005
75	85	25	3.51765	-5.03782	-3.79113
75	85	35	3.92432	-4.65747	-4.67367
75	85	45	3.17657	-3.83187	-3.60285
75	85	55	3.23627	-3.67433	-3.63226
75	85	65	2.79862	-4.11427	-3.89679
75	85	75	2.76641	-4.815	-4.82836
75	85	85	2.86837	-6.08585	-6.67337
85	5	5	0.495312	-6.5434	-6.85251
85	5	15	-0.103566	-6.16486	-6.18652
85	5	25	0.740272	-5.61692	-5.67812
85	5	35	2.31554	-6.00504	-6.02847
85	5	45	3.63636	-5.81314	-5.2791
85	5	55	3.61757	-5.10595	-4.40812
85	5	65	3.36619	-3.69605	-2.91994
85	5	75	3.56224	-4.83332	-3.75968
85	5	85	2.33213	-6.44218	-6.7051
85	15	5	3.30668	-5.68667	-7.13465
85	15	15	2.04558	-5.14032	-5.76168
85	15	25	1.23727	-4.90299	-5.37874
85	15	35	1.66901	-5.20534	-5.29049
85	15	45	2.66648	-5.4016	-5.03526
85	15	55	2.79855	-3.98845	-3.25631
85	15	65	3.3143	-3.53541	-2.04886
85	15	75	3.43258	-4.80817	-3.69875
85	15	85	2.73292	-5.81122	-6.22075
85	25	5	2.37486	-5.16083	-6.49017
85	25	15	2.07559	-5.07934	-5.28585
85	25	25	1.38552	-5.0385	-5.4058
85	25	35	1.65307	-4.67016	-4.85864
85	25	45	1.92078	-4.16732	-3.95299
85	25	55	2.87489	-3.13825	-1.78466
85	25	65	2.86505	-3.09963	-1.59523
85	25	75	2.46491	-4.45222	-4.08417
85	25	85	2.01673	-5.18168	-6.26413
85	35	5	2.6672	-5.12178	-6.58319
85	35	15	2.67387	-4.7784	-5.82274
85	35	25	1.67929	-4.67192	-5.52266
85	35	35	1.19025	-4.54775	-4.77822
85	35	45	1.799	-3.56418	-2.92339
85	35	55	2.47397	-2.79563	-1.55039
85	35	65	2.29111	-2.71119	-2.36525
85	35	75	2.39631	-4.87451	-5.22898
85	35	85	1.93548	-5.09998	-6.7376
85	45	5	3.49401	-4.88037	-6.69579
85	45	15	4.58226	-3.53759	-6.10681
85	45	25	3.6471	-3.96711	-5.67028
85	45	35	1.60346	-3.56742	-3.84309
85	45	45	2.08137	-2.32373	-2.76296
85	45	55	3.67436	-1.01984	-3.48943
85	45	65	3.45738	-0.776949	-3.5264
85	45	75	2.92109	-4.69547	-5.93447
85	45	85	3.04896	-5.03755	-7.73895
85	55	5	4.91661	-4.30079	-6.40781
85	55	15	5.99116	-3.27921	-5.42785
85	55	25	5.57067	-3.1156	-5.65656
85	55	35	3.81623	-2.95731	-4.20349
85	55	45	4.38688	-1.57656	-3.79223
85	55	55	4.96937	-0.326227	-3.688
85	55	65	3.8824	0.72077	-3.49089
85	55	75	3.56595	-4.42947	-6.2294
85	55	85	3.93303	-5.01673	-7.11341
85	65	5	5.91733	-4.41952	-6.30458
85	65	15	6.31677	-3.91314	-6.34333
85	65	25	6.81142	-3.4121	-7.52849
85	65	35	6.06928	-4.24012	-6.22915
85	65	45	5.95107	-3.27565	-5.40931
85	65	55	6.09304	-0.991358	-4.09859
85	65	65	5.39991	0.519324	-3.81986
85	65	75	4.01888	-3.55678	-5.37002
85	65	85	4.88046	-5.05842	-6.82949
85	75	5	5.85446	-4.56464	-6.27497
85	75	15	6.31577	-4.83439	-6.68959
85	75	25	6.69822	-5.40882	-7.26322
85	75	35	6.09757	-5.13713	-6.91143
85	75	45	5.15813	-3.0375	-4.96239
85	75	55	4.63167	-2.00997	-3.80944
85	75	65	4.42396	-1.41509	-3.90891
85	75	75	4.25813	-3.46237	-5.33992
85	75	85	5.24015	-4.96814	-6.91291
85	85	5	5.01576	-4.17492	-5.85224
85	85	15	5.53598	-3.3769	-5.13896
85	85	25	5.38642	-4.50668	-5.9901
85	85	35	5.10233	-5.6121	-6.94022
85	85	45	4.31345	-4.63568	-5.12825
85	85	55	4.19476	-3.75318	-3.66622
85	85	65	4.13783	-3.48022	-3.14933
85	85	75	3.37961	-3.68366	-3.61693
85	85	85	3.55623	-5.17228	-6.13947
