5	5	5	-1.51174	-0.795389	-0.0158368
5	5	15	-1.01516	-2.30054	6.13538
5	5	25	-1.43436	-2.7566	-3.20981
5	5	35	-1.85388	-1.78874	-9.53541
5	5	45	-1.91644	-0.587705	-4.33582
5	5	55	-2.59217	-0.417463	4.20536
5	5	65	-2.89226	-1.8759	8.70701
5	5	75	-4.74235	-2.70549	-2.55356
5	5	85	-3.3714	-0.811875	-7.52662
5	15	5	-0.444622	-0.296516	0.0667922
5	15	15	-0.102361	0.0792305	1.72206
5	15	25	-1.06913	1.99765	-1.06707
5	15	35	-1.67779	1.39808	-4.72127
5	15	45	-0.482182	0.591233	-1.22069
5	15	55	-0.620051	0.3311	1.34257
5	15	65	-1.88651	1.31693	3.79294
5	15	75	-2.55351	-0.0963137	-2.37755
5	15	85	-1.35964	0.266913	-2.325
5	25	5	0.321167	-0.65276	-0.138378
5	25	15	0.369922	-0.0312236	0.0233557
5	25	25	0.401922	0.667463	-0.22677
5	25	35	0.228977	0.329554	-0.160872
5	25	45	0.239783	0.184775	0.230737
5	25	55	-0.265836	-0.0200455	0.0318364
5	25	65	-0.483343	-0.264262	-0.328333
5	25	75	-0.593681	-1.09184	-1.38347
5	25	85	-0.17273	-0.713397	-0.377811
5	35	5	-0.0251142	-1.27579	0.12868
5	35	15	1.08734	-1.25686	1.82449
5	35	25	2.29509	-2.48714	2.46492
5	35	35	1.72017	-1.55637	0.4916
5	35	45	0.276643	0.0311802	0.165349
5	35	55	0.0835567	0.189704	0.0354201
5	35	65	0.241737	-1.65944	-1.15588
5	35	75	-1.16286	-3.27603	-4.10423
5	35	85	-0.728917	-2.89596	-2.64819
5	45	5	0.411858	-1.3273	-0.507958
5	45	15	2.04702	-1.15001	7.37716
5	45	25	5.30732	-0.981418	8.26678
5	45	35	6.05876	-1.45494	-3.51803
5	45	45	3.98915	-1.17047	-2.96732
5	45	55	1.58529	-0.514779	2.25873
5	45	65	0.827018	-0.639513	2.60881
5	45	75	-2.2247	2.12765	-9.69153
5	45	85	-0.787838	-0.575243	-8.15081
5	55	5	-0.0928253	1.42629	-0.121697
5	55	15	1.52471	1.02158	6.63724
5	55	25	5.26055	-1.25282	8.3152
5	55	35	5.30383	2.08369	-5.16753
5	55	45	2.72688	1.67752	-3.74013
5	55	55	1.30709	1.6987	3.21533
5	55	65	1.2313	0.802399	5.61221
5	55	75	-1.78299	-1.43402	-8.87711
5	55	85	-0.324122	1.8217	-7.76203
5	65	5	-0.281582	0.395752	-0.338639
5	65	15	0.539013	1.09251	1.06071
5	65	25	2.53559	2.52332	1.12033
5	65	35	0.78808	1.79661	-0.869173
5	65	45	0.0137392	0.128475	-0.0316318
5	65	55	0.0176632	-0.207581	0.127799
5	65	65	0.100097	1.53335	0.457363
5	65	75	-1.86212	1.471	-2.54894
5	65	85	-0.862492	1.52241	-2.07541
5	75	5	-0.0761041	0.109756	-0.119831
5	75	15	0.264331	-0.127933	-0.500867
5	75	25	0.459569	-1.59482	-1.13288
5	75	35	-0.10239	-1.20146	-1.13364
5	75	45	-0.0791678	-0.552735	-0.189723
5	75	55	0.0363339	-0.293441	0.253865
5	75	65	0.00951148	-1.39602	0.582191
5	75	75	-0.587713	-0.754808	-0.29052
5	75	85	0.0156473	0.129857	-0.166352
5	85	5	-0.588928	-1.31089	-0.54727
5	85	15	0.366219	-3.08775	1.96394
5	85	25	-0.693929	-4.52386	-2.26352
5	85	35	-1.50839	-3.74837	-5.40532
5	85	45	-0.895111	-1.62511	-1.53161
5	85	55	-0.957125	-1.90751	1.5798
5	85	65	-1.18764	-3.12311	4.8338
5	85	75	-2.99129	-2.32296	-1.11003
5	85	85	-0.841843	-2.14559	-2.39587
15	5	5	-1.26259	0.0617732	-0.488953
15	5	15	-0.928892	-0.492139	1.8013
15	5	25	3.775	-0.786391	-2.20162
15	5	35	-1.9041	-0.127887	-5.50977
15	5	45	-1.37694	-0.137093	-1.04839
15	5	55	-1.07616	-0.137054	0.742151
15	5	65	1.04319	-0.560041	4.14718
15	5	75	2.30086	-1.37787	-2.43394
15	5	85	-3.29052	-0.165569	-4.0267
15	15	5	-0.385738	-0.127884	-0.434488
15	15	15	0.201012	0.372916	-0.435613
15	15	25	2.72097	2.52675	-1.67109
15	15	35	0.218789	1.38442	-1.38858
15	15	45	-0.653339	0.326644	0.172522
15	15	55	-0.682674	0.124576	0.0847548
15	15	65	1.18089	0.981746	0.484077
15	15	75	2.32219	0.899268	-0.765056
15	15	85	-0.647999	0.285496	-0.510151
15	25	5	-0.171364	-0.269462	-0.203802
15	25	15	0.443328	-0.244912	-0.577422
15	25	25	1.82063	0.0824345	0.0364287
15	25	35	1.0519	0.000454374	0.812538
15	25	45	-0.214559	-0.0831248	0.399877
15	25	55	0.283518	-0.205328	-0.474513
15	25	65	0.837071	-0.634974	-0.995405
15	25	75	0.673109	-1.2204	-0.81182
15	25	85	-0.235934	-0.293121	0.123911
15	35	5	-0.306373	-0.36939	-0.0852529
15	35	15	0.0146596	-1.24329	0.371505
15	35	25	2.32721	-3.41206	1.78784
15	35	35	2.81488	-2.05461	1.70266
15	35	45	0.312497	-0.0597867	0.495936
15	35	55	0.0423011	-0.237109	-0.268652
15	35	65	2.04906	-1.96574	-1.73206
15	35	75	-0.0910285	-2.81111	-2.12613
15	35	85	-0.806	-1.20898	-0.906188
15	45	5	-0.919754	-0.840317	-0.49747
15	45	15	-0.287531	-1.44177	2.56051
15	45	25	2.85779	-3.18811	5.23531
15	45	35	5.36112	-1.7113	-1.50863
15	45	45	1.57425	0.228268	-0.498364
15	45	55	0.534098	0.533511	1.36816
15	45	65	4.4836	-0.131292	0.518269
15	45	75	-1.20695	-1.09951	-7.80649
15	45	85	-2.34438	-1.18203	-3.39964
15	55	5	-0.840058	0.0311184	-0.316884
15	55	15	0.0441001	-0.105936	1.39419
15	55	25	3.95725	1.13984	3.72953
15	55	35	4.63	2.60716	-3.02301
15	55	45	0.670189	1.54779	-1.32
15	55	55	0.171676	1.1869	1.7976
15	55	65	3.30068	2.5055	2.96342
15	55	75	0.336347	1.04952	-6.68529
15	55	85	-1.85373	1.12526	-2.79004
15	65	5	-0.1638	-0.153885	-0.00798888
15	65	15	0.717702	0.240572	-0.448942
15	65	25	3.32585	1.88367	-0.196584
15	65	35	2.92071	2.09699	0.512234
15	65	45	-0.014713	0.12098	0.251469
15	65	55	-0.0746881	0.0401307	0.0107816
15	65	65	1.76424	1.94217	0.0238007
15	65	75	1.9783	1.85974	-0.759148
15	65	85	0.256645	0.455029	-0.158784
15	75	5	0.0313733	0.0877116	-0.187547
15	75	15	1.1275	-0.512933	-0.793941
15	75	25	2.49591	-1.28886	-0.873219
15	75	35	0.884417	-0.718908	0.172506
15	75	45	-0.131577	0.365431	0.296531
15	75	55	-0.0513548	0.126647	-0.458646
15	75	65	0.855394	-0.181442	-0.415256
15	75	75	1.82063	-0.720831	0.560696
15	75	85	0.0653236	-0.0324093	0.188734
15	85	5	-0.372247	-0.503306	-0.232784
15	85	15	0.412691	-1.23095	-0.231785
15	85	25	2.80144	-3.88021	-1.97098
15	85	35	-1.3226	-2.6401	-2.70755
15	85	45	-1.11762	-0.754314	-0.711253
15	85	55	-0.932819	-0.711513	0.326478
15	85	65	0.0094389	-1.88387	2.14346
15	85	75	2.59775	-2.60711	0.0756891
15	85	85	-0.856606	-1.04052	-0.654131
25	5	5	-0.297678	-0.211593	-0.343377
25	5	15	0.117261	-0.387378	-0.405971
25	5	25	0.551672	-0.0532453	-0.852632
25	5	35	-1.61045	0.013146	-0.0265594
25	5	45	-0.761767	-0.158457	-0.253202
25	5	55	-0.5641	-0.330319	-0.31294
25	5	65	0.691686	-0.323832	-0.566087
25	5	75	3.09926	-0.474363	-1.18781
25	5	85	-0.483845	-0.260257	-0.87826
25	15	5	-0.128127	-0.386139	-0.261839
25	15	15	0.457029	0.34021	-1.21632
25	15	25	-0.0603897	2.14346	-1.05557
25	15	35	-0.674738	1.09879	1.1621
25	15	45	-0.349032	0.185142	0.173241
25	15	55	-0.0217225	-0.0559205	-0.662394
25	15	65	1.15052	0.479143	-1.61198
25	15	75	0.991459	1.19251	0.291158
25	15	85	-0.146602	-0.295345	0.635317
25	25	5	-0.14461	-0.187708	-0.127903
25	25	15	0.241388	0.0559036	-1.66833
25	25	25	0.684097	0.115412	-0.10126
25	25	35	0.035051	-0.0973274	1.2848
25	25	45	-0.0852375	-0.222486	0.864221
25	25	55	-0.0204138	-0.11927	-0.824059
25	25	65	0.64498	-0.208243	-1.21299
25	25	75	0.325254	-0.531345	0.518358
25	25	85	-0.287548	-0.125083	0.760737
25	35	5	-0.48746	-0.250671	-0.326528
25	35	15	-0.505956	-0.810025	-0.925214
25	35	25	0.180986	-1.54906	-0.239227
25	35	35	0.851553	-1.22188	2.13434
25	35	45	0.0172703	0.0670975	0.904767
25	35	55	0.318566	-0.0506805	-0.459826
25	35	65	0.733675	-1.62294	-1.98634
25	35	75	-0.271697	-1.96788	0.0134827
25	35	85	-0.842347	-0.610382	0.656515
25	45	5	-0.599068	-0.137677	-0.316515
25	45	15	-1.2197	-0.648382	0.210892
25	45	25	-0.99669	-2.37574	0.481274
25	45	35	1.69464	-1.03073	1.23275
25	45	45	0.330633	0.123638	0.751879
25	45	55	0.187816	0.24693	-0.217075
25	45	65	2.9444	-1.11709	-1.66877
25	45	75	0.310217	-2.85005	-1.92538
25	45	85	-1.38256	-0.469836	-0.929883
25	55	5	-0.362402	-0.171911	-0.356772
25	55	15	-1.14804	-0.647147	-0.797384
25	55	25	0.0223112	0.78346	-0.406823
25	55	35	2.10825	1.47023	0.909081
25	55	45	0.304771	0.543724	0.149803
25	55	55	0.0978359	0.36167	0.0632235
25	55	65	2.74115	1.54703	-0.854628
25	55	75	1.15437	1.96941	-0.0773526
25	55	85	-0.730936	-0.0729545	0.345696
25	65	5	0.255484	-0.371522	-0.324992
25	65	15	-0.243393	0.0106172	-1.54844
25	65	25	1.08971	1.57706	-0.98676
25	65	35	1.08823	1.66174	1.60558
25	65	45	0.04365	0.115293	0.425297
25	65	55	0.233503	0.253207	-0.721093
25	65	65	1.55968	1.72586	-1.67035
25	65	75	1.4941	1.82519	0.782721
25	65	85	0.0333475	-0.00968428	1.2019
25	75	5	-0.30094	0.262356	-0.283148
25	75	15	0.181814	0.320831	-1.71349
25	75	25	1.2293	-0.639915	-0.204386
25	75	35	0.625243	0.00226569	1.51094
25	75	45	-0.0813963	0.384052	0.72358
25	75	55	0.0961867	0.160038	-0.849423
25	75	65	0.530345	0.127589	-1.20793
25	75	75	1.00583	0.144132	0.785525
25	75	85	0.0965637	0.00190951	1.46387
25	85	5	-0.0479878	0.202604	-0.428522
25	85	15	0.234527	-0.489223	-1.35825
25	85	25	1.28671	-2.28548	-0.118348
25	85	35	-1.07142	-1.29547	0.834733
25	85	45	-0.397847	-0.245388	0.12789
25	85	55	-0.227365	-0.0194866	-0.519062
25	85	65	0.0963263	-1.17629	-1.17706
25	85	75	1.07576	-2.12383	0.578305
25	85	85	-0.0720303	0.0416579	0.340914
35	5	5	0.487828	0.129912	-0.749225
35	5	15	-0.214674	0.429874	0.555093
35	5	25	-4.94115	0.740054	3.17159
35	5	35	-1.28196	0.761193	-0.550806
35	5	45	0.380273	0.0534413	-0.448266
35	5	55	0.948626	-0.222189	-0.463111
35	5	65	-1.18137	0.302413	-0.844728
35	5	75	-1.15675	0.678383	-3.93059
35	5	85	0.851866	-0.180984	-1.62245
35	15	5	0.257705	-0.0788106	-0.469968
35	15	15	-0.370425	0.320137	-0.307484
35	15	25	-4.05277	3.31792	1.08386
35	15	35	-1.37003	1.47524	1.24895
35	15	45	0.273203	0.264045	0.0945083
35	15	55	0.233887	0.0601	-0.657521
35	15	65	-1.0029	1.67931	-2.24631
35	15	75	-0.639778	2.4858	-2.10775
35	15	85	0.0611281	0.0114013	-0.374722
35	25	5	0.0414964	0.0544392	-0.605297
35	25	15	-0.738796	-0.147061	-1.0073
35	25	25	-2.35741	1.00718	-0.0987723
35	25	35	-0.906284	0.785982	1.34849
35	25	45	0.163938	-0.0386805	0.524571
35	25	55	0.270185	-0.0999783	-0.702844
35	25	65	-0.861124	0.405113	-1.26445
35	25	75	-1.51809	-0.0713002	0.799255
35	25	85	-0.143401	-0.548391	0.842073
35	35	5	-0.137301	0.191417	-0.14366
35	35	15	-1.02464	-1.14014	-1.24966
35	35	25	-3.32088	-3.30593	-0.426801
35	35	35	-0.43655	-0.973798	0.500588
35	35	45	0.647948	0.321849	0.58184
35	35	55	0.492251	0.150697	-0.381358
35	35	65	-0.0137608	-0.832391	-0.757676
35	35	75	-2.13454	-2.9961	1.02493
35	35	85	-0.416998	-1.10734	0.615079
35	45	5	0.102909	-0.626262	-0.535952
35	45	15	-1.42146	-2.13416	0.627695
35	45	25	-5.45421	-3.59618	-0.827025
35	45	35	-0.480119	-1.21706	-1.93837
35	45	45	0.527157	-0.141384	0.287983
35	45	55	0.157947	-0.0302731	0.16653
35	45	65	0.0667016	-1.1408	1.88725
35	45	75	-3.82663	-2.96702	1.33501
35	45	85	0.074127	-1.51783	-1.03325
35	55	5	0.0944154	-0.582479	-0.0547867
35	55	15	-1.69796	-0.813525	-0.20111
35	55	25	-5.74295	0.603678	-0.974352
35	55	35	-0.169024	1.04219	-1.80778
35	55	45	0.434037	0.385574	-0.335407
35	55	55	0.486652	0.362073	0.301221
35	55	65	0.329363	1.20238	2.12029
35	55	75	-2.7257	2.36751	1.69092
35	55	85	-0.475794	-0.3187	0.103812
35	65	5	-0.0698039	-0.337563	-0.0990486
35	65	15	-1.34363	0.349403	-1.0816
35	65	25	-3.81531	2.14471	-0.952831
35	65	35	-0.322482	1.07542	0.249513
35	65	45	0.836627	0.0459661	0.474179
35	65	55	0.472387	-0.0346456	-0.415549
35	65	65	-0.277836	1.03023	-0.378779
35	65	75	-1.86886	2.54865	1.38639
35	65	85	-0.385919	0.70953	1.41712
35	75	5	0.0451841	0.225206	0.0754174
35	75	15	-0.982729	0.389465	-1.22521
35	75	25	-2.53866	0.0699648	0.0763779
35	75	35	-0.421433	-0.257066	1.16465
35	75	45	0.306469	-0.113009	0.419567
35	75	55	0.464635	0.281393	-0.519278
35	75	65	-0.805811	0.205452	-1.26701
35	75	75	-1.02244	0.0241324	0.418339
35	75	85	-0.0571115	0.526116	0.960878
35	85	5	0.0625963	-0.0290427	-0.611564
35	85	15	-0.95685	-0.137107	0.0106991
35	85	25	-4.10446	-1.59502	1.71147
35	85	35	-1.25631	-1.26782	0.470253
35	85	45	0.522289	-0.35096	-0.0205932
35	85	55	0.327003	-0.342053	-0.511957
35	85	65	-1.61487	-2.33465	-1.55355
35	85	75	-0.842244	-2.49692	-1.07934
35	85	85	0.313804	-0.492569	0.0524142
45	5	5	0.955089	0.925347	-0.509138
45	5	15	-0.416383	2.32855	6.22564
45	5	25	-4.96353	3.4112	6.97218
45	5	35	3.22203	2.19219	-6.28782
45	5	45	2.87027	0.427203	-2.53587
45	5	55	2.51934	0.29848	1.29931
45	5	65	1.11331	2.0932	2.01253
45	5	75	3.40481	1.9798	-9.24856
45	5	85	3.33241	0.948167	-6.95674
45	15	5	0.290855	0.636684	-0.620175
45	15	15	-1.30578	2.04748	2.36786
45	15	25	-3.59747	4.08656	2.85847
45	15	35	0.95659	3.48826	-0.889611
45	15	45	1.0714	0.679662	-0.713056
45	15	55	0.518192	0.39873	0.127895
45	15	65	-0.996646	3.07778	-0.925673
45	15	75	1.3292	1.88635	-5.86425
45	15	85	1.20334	1.60482	-2.66281
45	25	5	0.0558915	-0.0848032	-0.426428
45	25	15	-0.34858	0.132624	-0.179065
45	25	25	-1.89593	0.481848	-0.234615
45	25	35	-0.812438	-0.0776467	0.177096
45	25	45	0.435902	-0.189165	0.0100991
45	25	55	0.260315	0.108335	-0.548926
45	25	65	-0.404343	0.930901	-0.899682
45	25	75	-0.766403	0.01927	-0.618565
45	25	85	0.0583246	-0.0330292	0.0589274
45	35	5	-0.113691	-0.5948	-0.302905
45	35	15	-0.863566	-1.69772	-0.280446
45	35	25	-2.93605	-4.47176	-1.47602
45	35	35	-1.48018	-2.35214	-2.26777
45	35	45	0.174941	-0.475268	-0.420648
45	35	55	0.298527	0.0222299	0.0018114
45	35	65	-0.450238	-1.38671	1.23662
45	35	75	-0.807198	-3.86105	0.48959
45	35	85	0.212038	-1.32904	-0.153503
45	45	5	0.679587	-2.90503	0.567543
45	45	15	-1.72044	-5.08929	5.36629
45	45	25	-3.96781	-2.95124	-2.86028
45	45	35	0.92311	-0.326487	-8.15071
45	45	45	0.212414	-0.437972	-3.82088
45	45	55	0.296929	-0.804388	2.84924
45	45	65	2.4622	-0.684621	7.76071
45	45	75	-1.28885	-0.675593	1.24124
45	45	85	2.19363	-3.99062	-4.481
45	55	5	-0.439344	-1.00219	-0.042879
45	55	15	-3.10076	-1.19982	3.75415
45	55	25	-4.92096	-2.00835	-3.55273
45	55	35	1.30718	-0.50767	-8.33148
45	55	45	-0.114513	0.454405	-3.59183
45	55	55	0.242024	0.0502372	2.79885
45	55	65	1.52971	-0.379184	8.08745
45	55	75	-0.44136	1.03815	1.66027
45	55	85	-0.00309387	-0.852354	-2.4889
45	65	5	-0.0478343	-0.365195	0.0590543
45	65	15	-1.87336	0.213942	0.0221626
45	65	25	-2.67382	2.29206	-2.13197
45	65	35	-0.903992	2.08152	-2.94772
45	65	45	0.0713217	0.896496	-0.722958
45	65	55	0.0896892	0.990807	0.617075
45	65	65	-1.04712	1.4734	1.63865
45	65	75	-1.41839	2.52437	1.24568
45	65	85	-0.11436	0.38133	0.580609
45	75	5	0.162284	0.0206756	0.107122
45	75	15	-0.868467	-0.234392	0.226198
45	75	25	-1.89536	0.245881	-0.893266
45	75	35	-0.656991	0.445377	-0.324006
45	75	45	0.159949	0.275962	0.071287
45	75	55	0.500495	-0.0508111	-0.359659
45	75	65	-0.819701	0.0252401	-0.494788
45	75	75	-0.805668	-0.44496	-0.721738
45	75	85	0.0630151	0.189825	0.0301335
45	85	5	0.439357	-0.0664154	-0.0406675
45	85	15	-1.41655	-0.152496	3.25231
45	85	25	-3.80697	-0.111025	3.33045
45	85	35	0.507311	-0.462362	-2.20738
45	85	45	1.42251	-0.472749	-0.635191
45	85	55	1.91827	-0.935574	0.333598
45	85	65	0.801515	-2.05489	-0.794026
45	85	75	0.824899	-0.237433	-6.28063
45	85	85	1.47672	-1.08622	-3.40757
55	5	5	1.12688	0.239673	-0.410481
55	5	15	-1.02239	-0.212963	6.30853
55	5	25	1.46792	-0.244486	6.44941
55	5	35	6.65492	2.66699	-6.75406
55	5	45	4.47146	1.2784	-3.79802
55	5	55	4.02336	1.2172	3.27499
55	5	65	6.97668	2.05299	3.14913
55	5	75	2.83597	-0.961544	-8.4839
55	5	85	1.52926	-0.214685	-6.47227
55	15	5	0.853193	0.976217	-0.0866982
55	15	15	0.557443	1.12845	2.56261
55	15	25	1.03947	1.92294	3.82782
55	15	35	3.2747	2.60336	-2.63132
55	15	45	1.5459	0.770724	-1.05142
55	15	55	1.25053	1.2956	0.979122
55	15	65	3.9272	2.79707	0.463667
55	15	75	4.07211	1.29148	-5.79106
55	15	85	2.49291	1.54237	-2.84023
55	25	5	0.0984224	-0.249975	-0.174476
55	25	15	0.650908	-0.438338	-0.445243
55	25	25	1.86089	-0.232161	-0.757679
55	25	35	0.992681	-0.2581	-0.118147
55	25	45	0.256705	-0.102092	-0.104079
55	25	55	0.578863	0.122634	-0.0263334
55	25	65	1.42688	0.229727	-0.44058
55	25	75	2.13966	0.287274	-0.877851
55	25	85	0.948696	-0.143789	-0.335377
55	35	5	-0.0417625	-1.13255	0.382123
55	35	15	-0.345928	-1.9227	0.515046
55	35	25	0.59069	-4.16981	-1.29819
55	35	35	0.345249	-2.04084	-2.71633
55	35	45	0.301691	-0.513678	-0.811967
55	35	55	-0.0165609	-0.540768	-0.133601
55	35	65	0.878841	-2.06391	1.53829
55	35	75	2.48764	-3.74048	-0.483126
55	35	85	0.441862	-1.68436	-0.241522
55	45	5	-1.30406	-2.43054	1.9322
55	45	15	-2.96338	-4.91678	6.16759
55	45	25	-0.54351	-1.83512	-3.60773
55	45	35	-3.3354	-1.00993	-8.67512
55	45	45	-0.515521	-0.838759	-4.0441
55	45	55	-0.323195	-1.11816	2.59582
55	45	65	0.338358	-1.45399	6.764
55	45	75	3.16349	-0.311401	0.164229
55	45	85	0.8558	-2.31035	-4.55314
55	55	5	-1.19691	-0.112452	0.899023
55	55	15	-2.27489	-0.0243259	4.82986
55	55	25	-0.338398	-2.80542	-4.25432
55	55	35	-3.54603	-0.917799	-9.02953
55	55	45	-0.73397	0.351904	-4.0274
55	55	55	-0.497334	-0.151565	2.58566
55	55	65	-0.410405	-0.627832	7.35156
55	55	75	3.22582	1.76082	0.823778
55	55	85	0.92933	0.845354	-2.01353
55	65	5	-0.0354678	-0.155063	0.189148
55	65	15	-0.112889	0.820879	-0.117294
55	65	25	0.951552	3.22969	-2.21229
55	65	35	-0.386097	2.45617	-3.24697
55	65	45	0.0151527	0.831816	-0.912069
55	65	55	0.156497	0.577674	0.35456
55	65	65	1.7098	1.03113	1.32332
55	65	75	1.80568	2.15476	0.158481
55	65	85	0.279356	0.0348334	0.423305
55	75	5	-0.0305287	-0.0873332	0.166741
55	75	15	0.443788	0.111073	-0.215042
55	75	25	1.3761	0.478225	-0.393953
55	75	35	1.10895	0.96526	-0.909347
55	75	45	0.18151	0.309586	-0.215362
55	75	55	0.0252668	0.713464	-0.00282088
55	75	65	1.75806	0.479056	-0.417834
55	75	75	1.47216	-0.964101	-1.13507
55	75	85	0.435693	-0.349002	-0.119028
55	85	5	0.447465	-0.419429	-0.154407
55	85	15	0.38129	-0.602647	3.50537
55	85	25	1.86665	0.0656883	2.33818
55	85	35	4.45206	1.17677	-3.78204
55	85	45	1.94306	0.282044	-1.38312
55	85	55	2.81012	-0.0374546	0.921963
55	85	65	5.04957	0.531377	-0.0693911
55	85	75	3.17946	-0.259424	-6.02206
55	85	85	1.42812	-1.55058	-3.43874
65	5	5	-0.0457995	-0.0923581	-0.00171297
65	5	15	0.258452	-0.326384	0.964838
65	5	25	5.4993	-0.158008	1.56157
65	5	35	6.12936	0.389215	-2.34383
65	5	45	1.7558	0.50352	-1.00411
65	5	55	1.88145	0.842794	0.63787
65	5	65	7.27645	1.25879	0.705525
65	5	75	3.92085	-0.55764	-3.12362
65	5	85	0.0394502	-0.188619	-0.825899
65	15	5	0.130579	-0.323468	0.0218264
65	15	15	0.580592	-0.375243	-0.135841
65	15	25	4.54386	0.931454	0.370985
65	15	35	4.57634	1.79316	-1.06361
65	15	45	1.05448	0.263105	-0.472503
65	15	55	1.12174	0.323703	0.0400982
65	15	65	5.08289	1.15821	-0.142875
65	15	75	4.06214	-0.0982755	-1.66802
65	15	85	0.198924	-0.254565	0.337958
65	25	5	-0.0408487	-0.285932	-0.0394623
65	25	15	0.981444	-0.633479	-0.937574
65	25	25	2.80669	-0.189362	-0.360746
65	25	35	1.70897	-0.362155	0.381744
65	25	45	0.180033	-0.183822	0.0354768
65	25	55	0.242785	0.12057	-0.62584
65	25	65	2.54251	0.641968	-1.26685
65	25	75	3.2389	0.354727	-0.3461
65	25	85	0.586098	-0.153605	0.822836
65	35	5	-0.0517329	-0.0323016	0.223647
65	35	15	0.529452	-1.16327	-0.343995
65	35	25	2.86667	-3.18042	-0.404443
65	35	35	0.279432	-0.833217	0.392387
65	35	45	0.0133757	0.249544	0.31347
65	35	55	-0.145474	0.211091	-0.783365
65	35	65	1.24964	-0.747959	-1.06127
65	35	75	3.96459	-2.55392	-0.610332
65	35	85	0.662428	-1.35001	1.02009
65	45	5	-0.588642	-0.532574	0.587751
65	45	15	-0.996249	-2.70328	3.01567
65	45	25	3.30763	-4.97926	-1.09045
65	45	35	-1.10514	-2.83574	-3.08019
65	45	45	-0.484758	0.0567855	-0.68075
65	45	55	-0.387123	-0.284408	0.00260839
65	45	65	0.527729	-2.05243	0.911385
65	45	75	4.19662	-3.96823	0.043505
65	45	85	0.114992	-1.36021	-0.176087
65	55	5	-0.540332	-0.209506	0.598364
65	55	15	-0.449244	0.585896	0.262796
65	55	25	2.93615	1.89098	-2.67555
65	55	35	-1.17714	1.16761	-2.79644
65	55	45	-0.434397	0.0733111	-0.692677
65	55	55	-0.173254	-0.461334	-0.445146
65	55	65	1.19974	0.132137	0.758161
65	55	75	4.07306	1.59444	0.136266
65	55	85	0.0649864	0.315968	0.593798
65	65	5	-0.248413	-0.208533	0.0838279
65	65	15	0.646779	0.501608	-1.27164
65	65	25	1.87337	2.16708	-1.06316
65	65	35	0.696151	0.668752	0.268598
65	65	45	-0.152538	-0.0898562	0.134214
65	65	55	-0.126105	0.10699	-0.98101
65	65	65	1.74949	1.02029	-1.32273
65	65	75	1.82677	1.87131	0.794283
65	65	85	-0.0491352	0.391227	1.184
65	75	5	-0.207565	0.222816	0.202751
65	75	15	0.139472	0.0489236	-0.962447
65	75	25	2.0212	0.145186	-0.301148
65	75	35	0.999173	-0.119951	0.340812
65	75	45	0.0366476	-0.140527	0.241026
65	75	55	0.160734	-0.0991034	-0.56814
65	75	65	1.92095	-0.685984	-0.989924
65	75	75	1.67538	-0.502032	0.655127
65	75	85	-0.0266473	0.0798956	1.04189
65	85	5	-0.212501	-0.06466	0.121907
65	85	15	0.231875	-0.292508	-0.103705
65	85	25	4.10776	-1.23492	0.133682
65	85	35	3.49331	-1.42852	-0.563669
65	85	45	1.01536	0.049687	-0.246688
65	85	55	0.955648	0.0344334	-0.337434
65	85	65	4.84498	-0.19211	-0.921754
65	85	75	2.85414	-1.45041	-1.13858
65	85	85	-0.540832	-0.719919	-0.0157229
75	5	5	0.323914	-0.212365	0.136405
75	5	15	0.771178	-0.623622	0.0489966
75	5	25	1.83681	-1.12276	0.212145
75	5	35	2.46713	-0.6154	0.770279
75	5	45	0.740747	0.154429	0.0180824
75	5	55	1.07671	-0.479635	-0.547232
75	5	65	2.16431	-1.3108	-1.57468
75	5	75	-0.0936892	-1.47779	1.41359
75	5	85	0.50012	-0.354665	0.112799
75	15	5	0.577586	-0.507017	-0.0574807
75	15	15	0.52429	-0.245496	-1.27101
75	15	25	1.37984	2.08097	-1.61207
75	15	35	1.58251	1.33288	0.766954
75	15	45	0.432413	-0.195573	0.35162
75	15	55	0.432226	-0.0486571	-0.864514
75	15	65	1.52781	1.72221	-1.36517
75	15	75	0.0385665	1.79372	1.16472
75	15	85	0.340037	-0.124159	1.36893
75	25	5	0.350041	-0.265112	-0.280858
75	25	15	0.545268	-0.245537	-1.64607
75	25	25	-0.0326186	0.219868	-0.661973
75	25	35	0.143029	0.336644	1.61074
75	25	45	0.220502	0.0199515	0.440998
75	25	55	0.0450757	-0.142641	-0.72481
75	25	65	0.377651	0.641521	-1.73234
75	25	75	0.400393	0.400296	0.668432
75	25	85	0.384815	0.0563461	1.14575
75	35	5	0.208499	0.248664	0.0404221
75	35	15	0.886683	-0.438085	-1.06268
75	35	25	0.30693	-2.12153	0.123214
75	35	35	-0.399767	-0.875672	1.66746
75	35	45	0.103662	0.151354	0.461761
75	35	55	0.102758	0.212568	-1.20377
75	35	65	-0.384728	-1.16118	-2.57232
75	35	75	0.263553	-2.27632	0.482846
75	35	85	0.525148	-0.428155	1.58004
75	45	5	0.395982	0.0189236	0.387499
75	45	15	1.24661	-0.970609	0.826442
75	45	25	0.877271	-3.20623	1.79815
75	45	35	-0.234949	-1.65009	-0.172289
75	45	45	0.0555925	0.0907331	-0.188939
75	45	55	0.147382	0.14824	-0.087065
75	45	65	-1.48691	-1.3042	-1.8483
75	45	75	-0.633175	-2.46071	-0.592476
75	45	85	0.453628	-0.332996	0.631238
75	55	5	0.148622	-0.167828	0.107145
75	55	15	0.959349	0.284617	0.0160884
75	55	25	-0.501954	1.77952	-0.0827267
75	55	35	-0.0768232	1.17027	-0.225734
75	55	45	0.162783	-0.0842823	-0.585349
75	55	55	0.255929	-0.425299	-0.662642
75	55	65	-1.70753	0.69128	-1.95414
75	55	75	-2.39414	2.52485	-0.0331671
75	55	85	0.103783	0.163781	1.07363
75	65	5	-0.0190287	-0.472804	-0.0417377
75	65	15	-0.118024	-0.0140445	-1.16114
75	65	25	-0.762484	0.617065	-1.09886
75	65	35	-0.379418	1.00961	1.3221
75	65	45	0.0831667	-0.229403	0.317461
75	65	55	0.0460387	-0.274194	-0.920143
75	65	65	-0.650471	0.874011	-1.86748
75	65	75	-1.3557	1.17176	0.643597
75	65	85	-0.135608	-0.250467	1.36765
75	75	5	-0.0175808	-0.079336	-0.119116
75	75	15	-0.63512	-0.315372	-1.7684
75	75	25	-0.74855	-0.501175	-0.487205
75	75	35	-0.137543	-0.46478	1.06987
75	75	45	0.222194	-0.100275	0.641971
75	75	55	0.202998	-0.460236	-1.28463
75	75	65	-0.268006	-0.359168	-1.70954
75	75	75	-1.41214	-1.06214	1.24801
75	75	85	-0.862556	-0.58325	1.9061
75	85	5	0.246205	-0.0913228	-0.280574
75	85	15	0.309697	-0.850862	-0.668138
75	85	25	-0.137969	-3.34824	-1.28226
75	85	35	1.75499	-2.00498	1.65468
75	85	45	0.74895	0.089524	0.178934
75	85	55	0.652314	0.153492	-0.704804
75	85	65	0.713946	-1.96908	-1.18574
75	85	75	-1.13699	-3.338	1.06809
75	85	85	-0.237804	-0.814603	0.749357
85	5	5	0.922309	-0.972486	0.0427866
85	5	15	1.27267	-2.08386	2.39849
85	5	25	-3.57578	-2.31166	-2.39038
85	5	35	-0.0266226	-1.19704	-4.25334
85	5	45	0.247605	-0.206621	-1.47543
85	5	55	0.0399556	0.0625948	1.27564
85	5	65	-2.0513	-1.22656	2.8612
85	5	75	-6.58809	-2.12056	-1.84783
85	5	85	0.681999	-1.21476	-3.00237
85	15	5	0.00267686	-0.528668	-0.139334
85	15	15	-0.018934	0.508946	-0.0520398
85	15	25	-2.71081	2.38599	-1.50729
85	15	35	-0.950877	1.54573	-1.55913
85	15	45	0.471946	0.683947	-0.402271
85	15	55	0.165484	0.543462	0.270857
85	15	65	-1.65363	1.85645	1.18428
85	15	75	-4.96632	1.09906	-1.10821
85	15	85	0.086752	0.0940215	-0.176056
85	25	5	0.39803	-0.124716	-0.139368
85	25	15	0.0548765	0.374526	-0.809182
85	25	25	-1.52608	0.939569	-0.514052
85	25	35	-0.627542	0.160714	0.675025
85	25	45	0.073768	0.28112	0.318358
85	25	55	-0.151625	0.320825	-0.520731
85	25	65	-1.32768	0.261585	-0.798401
85	25	75	-1.79431	0.154696	-0.387614
85	25	85	0.0502542	-0.107344	0.269639
85	35	5	0.34916	-0.127495	-0.257391
85	35	15	0.565164	-0.877937	0.153688
85	35	25	-0.400927	-2.54312	1.58382
85	35	35	-0.90385	-1.4727	1.01295
85	35	45	0.138734	-0.0402043	0.433452
85	35	55	0.109949	-0.0652904	-0.497171
85	35	65	-1.67315	-1.69485	-1.47733
85	35	75	-1.71015	-1.9287	-1.32703
85	35	85	0.0814816	-0.779396	-0.20621
85	45	5	0.549765	-0.207245	0.303273
85	45	15	1.88191	-1.26523	3.24574
85	45	25	1.58478	-3.48419	6.35455
85	45	35	2.27725	-3.05722	-2.15616
85	45	45	1.75464	-0.496697	-1.29355
85	45	55	1.13536	-0.464852	0.566423
85	45	65	-1.74545	-2.26095	0.763027
85	45	75	-3.54322	-1.19849	-4.29537
85	45	85	0.425425	-0.352539	-2.12919
85	55	5	0.586968	0.201578	0.381371
85	55	15	1.19486	0.502228	2.51046
85	55	25	1.11942	-0.615008	4.88053
85	55	35	2.45921	1.83725	-2.69614
85	55	45	1.88632	0.527561	-1.39866
85	55	55	0.983506	0.47619	0.4586
85	55	65	-1.28224	1.22945	2.25973
85	55	75	-4.53443	1.37502	-4.59068
85	55	85	-0.235443	0.699002	-2.10019
85	65	5	0.0643479	-0.281149	-0.0021595
85	65	15	-0.338223	0.0512104	-0.0872099
85	65	25	-2.14218	1.63146	-0.317822
85	65	35	-1.08605	1.27837	0.396824
85	65	45	0.259522	-0.105679	0.0483171
85	65	55	0.0727874	0.0171153	-0.23237
85	65	65	-1.67109	1.00395	-0.446103
85	65	75	-3.67081	1.70195	-0.963039
85	65	85	-0.468807	0.192745	0.0371405
85	75	5	0.0693067	-0.0581412	-0.141899
85	75	15	-0.317996	-0.781052	-1.17883
85	75	25	-1.90138	-1.87137	-1.58618
85	75	35	-0.705778	-1.22492	-0.239513
85	75	45	0.0319625	-0.435968	0.076219
85	75	55	-0.249144	-0.421482	-0.196907
85	75	65	-1.65616	-1.10418	-0.292062
85	75	75	-2.71195	-1.79077	0.165595
85	75	85	-0.43433	-0.195052	0.528575
85	85	5	0.524032	-0.995859	-0.0590284
85	85	15	1.10523	-2.78458	0.708926
85	85	25	-2.18583	-5.67243	-1.29923
85	85	35	0.18978	-2.94624	-1.92142
85	85	45	0.421728	-0.806583	-0.487602
85	85	55	0.508322	-0.925403	0.337164
85	85	65	-1.16683	-2.86998	1.74555
85	85	75	-5.04873	-4.79321	-0.680424
85	85	85	0.190061	-2.44517	-0.832043
