5	5	5	0.4184	-0.0456	0.0204
5	5	15	0.2176	-0.4564	3.1444
5	5	25	-0.036	0.0396	1.7756
5	5	35	0.4012	0.1972	-3.8092
5	5	45	0.4	0.0452	-2.916
5	5	55	0.2828	-0.5944	2.514
5	5	65	-0.3028	0.1172	3.7052
5	5	75	0.2192	0.0572	-1.5104
5	5	85	-0.1584	-0.0568	-3.9084
5	15	5	0.1044	-6.97619	-0.0452
5	15	15	0.0984	-4.47118	2.254
5	15	25	-0.3608	-0.898848	0.7592
5	15	35	-0.1628	2.24931	-2.3776
5	15	45	-0.1532	4.53883	-1.8024
5	15	55	-0.0408	5.29723	1.6284
5	15	65	0.2208	1.77691	2.362
5	15	75	-0.0812	-0.980448	-0.1
5	15	85	-0.182	-4.48558	-2.3744
5	25	5	-0.2196	-7.78277	0.0772
5	25	15	0.28	-4.64624	2.2296
5	25	25	-0.1428	-0.821104	0.504
5	25	35	0.2848	1.50438	-1.6636
5	25	45	0.1124	5.74851	-1.85
5	25	55	-0.2016	5.74171	1.3144
5	25	65	0.28	1.78558	1.5072
5	25	75	-0.1996	-1.0523	-1.0588
5	25	85	-0.3604	-4.54384	-2.354
5	35	5	-0.0652	-5.67829	0.2644
5	35	15	-0.004	-4.32706	2.6076
5	35	25	-0.4016	-0.795008	1.0748
5	35	35	-0.2776	2.97096	-2.2744
5	35	45	-0.0184	7.67766	-1.6624
5	35	55	-0.0656	7.47726	1.8776
5	35	65	0.5556	2.53096	2.4924
5	35	75	-0.4648	0.115392	0.3408
5	35	85	-0.0236	-3.78306	-2.1676
5	45	5	0.1188	-3.66018	-0.3832
5	45	15	-0.2632	-2.99506	4.3592
5	45	25	0.38	-0.673456	1.4812
5	45	35	0.1052	1.9851	-3.4748
5	45	45	0.0448	3.71931	-3.0816
5	45	55	0.3748	3.63131	2.1156
5	45	65	-0.1804	1.2463	2.8668
5	45	75	0.3	0.082944	-0.8104
5	45	85	0.6628	-2.95066	-3.2288
5	55	5	-0.2056	3.88018	-0.3328
5	55	15	0.08	3.19626	3.9616
5	55	25	0.7196	0.397456	0.9444
5	55	35	0.2832	-1.7971	-3.288
5	55	45	0.024	-3.45611	-1.9008
5	55	55	-0.3396	-3.97451	1.87
5	55	65	-0.1628	-1.6055	2.9488
5	55	75	0.2016	0.638256	-1.8984
5	55	85	-0.1756	3.05586	-3.6408
5	65	5	-0.3428	5.92229	0.0844
5	65	15	-0.4164	4.58666	2.3688
5	65	25	0.0992	0.517008	0.834
5	65	35	-0.8156	-2.85296	-2.1724
5	65	45	0.3616	-7.51126	-2.0008
5	65	55	0.1608	-7.45686	1.2252
5	65	65	0.3104	-2.61256	2.4504
5	65	75	-0.4964	0.244608	-0.2392
5	65	85	-0.066	4.17186	-2.5408
5	75	5	0.2988	7.58557	-0.032
5	75	15	0.078	4.86144	2.514
5	75	25	0.0388	0.601504	0.4396
5	75	35	-0.4268	-1.48478	-1.6284
5	75	45	-0.1268	-5.66531	-1.3508
5	75	55	-0.1176	-5.64371	1.4552
5	75	65	0.1376	-1.63238	1.4892
5	75	75	0.0772	1.2027	-1.2916
5	75	85	0.0828	4.65224	-2.256
5	85	5	0.182	7.05779	0.1808
5	85	15	0.1384	4.52838	2.2496
5	85	25	-0.098	0.700848	0.3224
5	85	35	-0.0728	-1.85291	-2.2064
5	85	45	0.1764	-4.73123	-1.9696
5	85	55	-0.63	-4.60403	1.5008
5	85	65	0.1848	-2.04331	2.3884
5	85	75	0.304	0.804048	-0.5988
5	85	85	-0.1784	4.44758	-2.4736
15	5	5	5.82379	-0.3396	-0.1588
15	5	15	4.48038	0.1608	2.5352
15	5	25	4.8e-05	0.24	0.0292
15	5	35	-3.13611	0.2568	-2.22
15	5	45	-5.66203	0.178	-1.814
15	5	55	-6.00323	0.2616	1.1792
15	5	65	-3.64371	-0.0588	2.424
15	5	75	0.362448	-0.1336	-0.4072
15	5	85	4.44878	-0.218	-2.782
15	15	5	1.55558	-4.26718	-0.2024
15	15	15	0.767136	-2.71954	1.06
15	15	25	-0.728448	-1.03795	-0.038
15	15	35	-2.28059	-0.141408	-1.7628
15	15	45	-3.81386	1.26586	-1.086
15	15	55	-3.99066	1.31306	1.0536
15	15	65	-2.32059	0.215392	1.6168
15	15	75	-0.561248	-1.32275	-0.7644
15	15	85	1.35914	-2.67994	-1.9868
15	25	5	-1.15555	-2.98504	-0.0788
15	25	15	-0.808448	-2.28754	0.9472
15	25	25	-0.888304	-0.276544	0.0036
15	25	35	-0.869024	0.503536	-0.4192
15	25	45	-1.67205	2.41485	-0.6992
15	25	55	-1.58645	2.16565	0.4552
15	25	65	-0.845824	0.828336	0.784
15	25	75	-0.735104	-0.914144	-0.7248
15	25	85	-0.903248	-1.93594	-1.054
15	35	5	-2.41851	-2.53186	-0.2928
15	35	15	-2.45419	-1.78485	1.4884
15	35	25	-1.15542	-0.21048	0.5468
15	35	35	-0.668928	1.70774	-1.2592
15	35	45	-0.428784	3.9481	-1.5348
15	35	55	-0.148784	3.6117	0.8916
15	35	65	-0.327328	1.66574	1.38
15	35	75	-1.35862	-0.18528	-0.4264
15	35	85	-2.11139	-1.46645	-1.1292
15	45	5	-5.31963	-0.573056	0.3992
15	45	15	-4.39866	0.356768	2.1936
15	45	25	-1.10845	0.340208	1.6472
15	45	35	2.26402	1.31134	-2.0348
15	45	45	4.43067	2.75019	-1.6192
15	45	55	4.49587	2.82699	1.5524
15	45	65	1.44802	1.25454	1.5692
15	45	75	-1.96845	0.257008	-0.9308
15	45	85	-4.67506	-0.053232	-2.8504
15	55	5	-4.78083	0.770656	-0.2448
15	55	15	-4.31546	0.418432	2.3548
15	55	25	-1.52645	-0.120208	1.4616
15	55	35	2.16882	-1.31254	-1.8612
15	55	45	4.55947	-2.55019	-1.8392
15	55	55	4.19867	-2.56379	1.5576
15	55	65	1.80722	-1.05534	1.5092
15	55	75	-1.44605	-0.145408	-1.3472
15	55	85	-4.73946	-0.080368	-2.4088
15	65	5	-2.73011	2.36186	-0.2544
15	65	15	-2.01739	1.48925	0.8448
15	65	25	-1.09862	0.34848	0.5284
15	65	35	-0.410128	-1.60734	-1.3228
15	65	45	0.048416	-3.3093	-1.0572
15	65	55	-0.233584	-3.8693	0.8296
15	65	65	-0.484128	-1.66894	1.2416
15	65	75	-1.00062	-0.27072	-0.0864
15	65	85	-2.17699	1.58525	-1.7944
15	75	5	-0.891552	3.42304	-0.1352
15	75	15	-0.428848	1.98954	0.708
15	75	25	-0.573504	0.990944	0.7408
15	75	35	-0.983424	-0.320336	-0.5432
15	75	45	-1.23085	-2.16925	-0.5788
15	75	55	-1.37085	-1.85645	0.9544
15	75	65	-1.06222	-0.802736	0.7196
15	75	75	-0.608704	0.474144	-0.4052
15	75	85	-0.782848	2.24954	-1.248
15	85	5	1.87598	3.72678	-0.1228
15	85	15	1.04194	2.81074	1.6196
15	85	25	-0.308448	0.916752	0.2024
15	85	35	-2.24819	-0.320592	-1.2156
15	85	45	-3.89986	-1.48906	-1.1328
15	85	55	-3.83506	-1.42626	1.1684
15	85	65	-2.14179	-0.195792	1.3024
15	85	75	-0.683648	1.08355	-0.0424
15	85	85	0.660736	2.75754	-1.3188
25	5	5	7.19757	0.3032	-0.4072
25	5	15	5.36544	-0.1596	2.4552
25	5	25	1.0287	0.462	0.626
25	5	35	-2.64878	-0.2024	-1.5468
25	5	45	-6.92931	-0.5364	-1.4744
25	5	55	-6.83651	-0.0952	1.692
25	5	65	-3.19518	-0.2184	2.0544
25	5	75	0.867504	0.2204	-0.5088
25	5	85	5.53704	-0.0584	-2.3024
25	15	5	2.32144	-1.60765	0.1016
25	15	15	1.95074	-0.702352	0.9284
25	15	25	-0.391856	-0.608896	-0.12
25	15	35	-1.53274	-0.710176	-1.028
25	15	45	-3.36285	-0.848752	-0.7372
25	15	55	-3.51725	-0.915152	0.8808
25	15	65	-1.37234	-0.646176	0.4996
25	15	75	0.015744	-0.760896	-0.0248
25	15	85	2.14594	-1.01075	-0.8344
25	25	5	0.099104	-0.444304	-0.0252
25	25	15	-0.245856	-0.268544	-0.0432
25	25	25	-0.259072	-0.301728	0.1428
25	25	35	-0.315552	-0.256448	-0.1904
25	25	45	-0.432272	0.398672	-0.168
25	25	55	-0.395872	0.251872	0.1504
25	25	65	-0.335552	0.023952	0.2156
25	25	75	-0.237472	-0.269728	-0.0692
25	25	85	-0.079056	-0.469744	-0.0756
25	35	5	-1.37398	0.401792	0.0604
25	35	15	-1.20234	0.10352	0.5028
25	35	25	-0.473552	0.103072	0.49
25	35	35	0.356992	0.20472	-0.1236
25	35	45	0.713056	0.757776	0.1904
25	35	55	0.796656	0.684176	0.3188
25	35	65	0.174992	0.62552	0.1276
25	35	75	-0.407952	0.268272	-0.1756
25	35	85	-0.811136	0.45672	-0.3716
25	45	5	-5.93331	0.552944	0.2404
25	45	15	-5.01245	0.401808	2.1984
25	45	25	-1.40307	0.447536	1.0724
25	45	35	2.16266	0.669728	-1.018
25	45	45	5.78829	1.47022	-1.6728
25	45	55	4.65189	1.48942	1.3776
25	45	65	2.34226	0.674528	1.5228
25	45	75	-1.18307	0.491936	-0.408
25	45	85	-5.01645	0.446608	-2.3564
25	55	5	-5.77171	-0.412944	0.7808
25	55	15	-5.18525	-0.583008	2.7344
25	55	25	-1.42387	-0.907536	0.8516
25	55	35	2.72186	-0.814128	-1.8936
25	55	45	5.55509	-1.66942	-1.7952
25	55	55	5.37189	-1.13142	1.8336
25	55	65	2.40706	-0.531328	1.6036
25	55	75	-1.30227	-0.566336	-0.9092
25	55	85	-4.63445	-0.871008	-2.2248
25	65	5	-1.52838	0.009808	-0.0644
25	65	15	-1.42114	-0.13512	0.5688
25	65	25	-0.556752	-0.203872	0.61
25	65	35	0.392992	-0.27352	-0.2392
25	65	45	0.849056	-0.564176	-0.35
25	65	55	0.873056	-0.961376	0.2712
25	65	65	0.277792	-0.51992	0.2484
25	65	75	-0.358352	-0.211072	-0.2288
25	65	85	-1.18234	-0.26432	-0.5472
25	75	5	0.016704	0.393504	-0.0072
25	75	15	-0.341056	0.350144	-0.2228
25	75	25	-0.437872	0.346128	0.0452
25	75	35	-0.252352	0.136048	-0.1372
25	75	45	-0.432672	-0.132672	-0.204
25	75	55	-0.412272	-0.094672	0.0104
25	75	65	-0.537552	0.096848	0.2216
25	75	75	-0.257472	0.128528	-0.1236
25	75	85	-0.057056	0.290144	0.1028
25	85	5	2.83864	1.44805	0.036
25	85	15	1.84594	1.05555	0.7832
25	85	25	0.055344	1.0597	0.0104
25	85	35	-1.61154	0.645776	-0.8456
25	85	45	-3.53645	0.872752	-0.8972
25	85	55	-3.81365	1.07275	0.8788
25	85	65	-1.65714	0.586976	1.2492
25	85	75	-0.040656	0.596096	-0.2264
25	85	85	1.80074	1.15875	-0.6544
35	5	5	6.38669	-0.218	-0.4848
35	5	15	4.93706	0.0376	3.076
35	5	25	1.78501	0.264	1.6292
35	5	35	-2.59656	-0.1816	-1.2256
35	5	45	-6.15966	0.0972	-2.0156
35	5	55	-6.76046	-0.1852	1.8588
35	5	65	-2.89216	-0.0188	1.284
35	5	75	2.16661	-0.2252	-1.1272
35	5	85	6.09746	0.4188	-3.0784
35	15	5	4.11466	-0.131488	0.1768
35	15	15	3.16565	-0.692608	1.7756
35	15	25	1.24008	-1.24098	0.7488
35	15	35	-0.299744	-0.958672	-0.46
35	15	45	-2.9033	-2.68962	-0.8512
35	15	55	-2.6865	-2.16642	1.1072
35	15	65	-1.20054	-1.63907	1.2888
35	15	75	1.30208	-0.922576	-0.8288
35	15	85	3.36965	-0.381408	-1.514
35	25	5	0.785008	1.03998	0.2412
35	25	15	0.77608	0.828736	0.3236
35	25	25	0.510128	0.310352	0.286
35	25	35	0.45768	-0.666992	-0.3736
35	25	45	0.261424	-1.30346	-0.5676
35	25	55	0.354624	-1.50106	0.5536
35	25	65	0.45808	-0.477792	0.6188
35	25	75	0.369728	0.186352	-0.2024
35	25	85	0.86648	0.491136	-0.3264
35	35	5	-0.37576	1.99976	-0.018
35	35	15	-0.120144	1.51934	0.6864
35	35	25	0.71608	0.43672	-0.3504
35	35	35	1.0369	-0.014896	-0.7256
35	35	45	1.95483	-0.960432	-0.1884
35	35	55	2.23123	-0.660832	0.8564
35	35	65	1.5801	-0.080896	0.9808
35	35	75	0.41208	0.57312	-0.1468
35	35	85	-0.560144	1.78254	-0.4204
35	45	5	-5.09126	1.8235	-0.1184
35	45	15	-4.1265	1.15814	1.8152
35	45	25	0.014224	0.551728	0.0228
35	45	35	2.76523	0.313248	-1.8132
35	45	45	5.74267	0.327728	-1.3856
35	45	55	6.64827	0.284128	1.9332
35	45	65	2.82563	0.398848	1.49
35	45	75	-0.575376	0.576128	-0.6836
35	45	85	-4.1593	1.17974	-1.992
35	55	5	-5.02086	-2.1535	0.2028
35	55	15	-3.8249	-1.45854	2.276
35	55	25	-0.186976	-0.428128	0.1228
35	55	35	3.36763	-0.459648	-1.9932
35	55	45	5.18147	-0.061328	-1.4488
35	55	55	6.11627	0.311072	1.6396
35	55	65	3.09003	-0.603648	1.9568
35	55	75	-0.165376	-0.714128	-0.2008
35	55	85	-4.0469	-1.66214	-1.8392
35	65	5	-0.49616	-2.17976	0.062
35	65	15	-0.320144	-1.58334	0.7112
35	65	25	0.37608	-0.77592	0.0492
35	65	35	1.4597	0.199696	-0.922
35	65	45	2.31163	0.645232	-0.5604
35	65	55	2.59523	0.887232	0.8876
35	65	65	1.3769	0.141296	0.8596
35	65	75	0.45408	-0.59192	0.0552
35	65	85	-0.576944	-1.85974	-0.7176
35	75	5	1.00421	-1.10038	-0.0424
35	75	15	0.83248	-0.804736	0.4052
35	75	25	0.454928	0.159648	-0.2252
35	75	35	0.45208	0.561792	-0.4492
35	75	45	0.334624	0.982656	-0.2536
35	75	55	0.091824	1.12386	0.2184
35	75	65	0.45968	0.560992	0.3436
35	75	75	0.652128	0.014448	-0.1624
35	75	85	0.61688	-0.595536	-0.3792
35	85	5	4.06346	-0.132112	-0.2964
35	85	15	3.22405	0.127808	1.65
35	85	25	1.27688	0.700576	0.988
35	85	35	-0.921744	1.49787	-1.0488
35	85	45	-2.3801	2.66722	-0.49
35	85	55	-2.3009	2.50642	1.1476
35	85	65	-0.299344	1.43587	0.5256
35	85	75	1.26088	0.923776	-0.3888
35	85	85	3.13045	0.623408	-1.15
45	5	5	3.74178	-0.0648	0.0268
45	5	15	3.42626	-0.196	3.5512
45	5	25	0.316256	-0.2164	1.5696
45	5	35	-1.5895	0.4232	-2.5268
45	5	45	-3.87451	0.0444	-2.1896
45	5	55	-3.40771	-0.0212	2.1532
45	5	65	-2.2575	-0.0144	3.0136
45	5	75	1.30746	-0.1996	-2.5528
45	5	85	3.52266	-0.3468	-3.5416
45	15	5	2.34946	4.24003	0.2136
45	15	15	2.28923	2.90586	2.9644
45	15	25	1.01979	0.382048	0.6552
45	15	35	0.192256	-1.71242	-1.4624
45	15	45	-1.03659	-4.88707	-1.4556
45	15	55	-0.332192	-5.12907	1.1396
45	15	65	-0.498944	-2.51762	1.9848
45	15	75	0.884192	0.501648	-1.4264
45	15	85	2.43043	3.18866	-2.4344
45	25	5	1.19786	4.82091	0.0552
45	25	15	0.880592	3.66765	2.0316
45	25	25	0.508064	0.317872	0.266
45	25	35	0.666672	-2.08546	-1.606
45	25	45	0.704576	-5.89949	-1.534
45	25	55	0.727376	-5.06869	1.5188
45	25	65	0.627872	-2.62786	2.4752
45	25	75	0.082064	0.374672	-0.6828
45	25	85	0.901792	3.22405	-1.868
45	35	5	1.1289	6.73366	-0.1248
45	35	15	0.706656	4.5169	2.6176
45	35	25	0.609872	0.768176	0.694
45	35	35	1.32835	-1.46843	-1.4164
45	35	45	1.83587	-4.51307	-1.6228
45	35	55	1.77067	-4.69547	1.5556
45	35	65	0.985952	-2.10603	1.8472
45	35	75	0.314272	1.06138	-0.866
45	35	85	0.581856	4.3117	-2.4508
45	45	5	-2.74691	3.34531	0.0412
45	45	15	-2.59899	2.92819	3.3736
45	45	25	-0.236224	0.200224	0.682
45	45	35	1.98027	-1.14747	-2.8496
45	45	45	3.61442	-2.70042	-2.3924
45	45	55	3.39282	-2.58642	1.8184
45	45	65	1.94667	-1.09467	2.8712
45	45	75	-0.115024	0.555424	-0.8268
45	45	85	-2.31099	2.48219	-2.9264
45	55	5	-2.89171	-3.79091	-0.0016
45	55	15	-2.21179	-2.45139	2.4708
45	55	25	-0.315824	-0.458224	0.7696
45	55	35	2.45067	0.830672	-3.0124
45	55	45	3.14842	2.83642	-2.3772
45	55	55	3.04402	2.39522	2.3176
45	55	65	2.14907	1.29427	2.7124
45	55	75	-0.234624	-0.303024	-0.4792
45	55	85	-2.41339	-2.68139	-2.6092
45	65	5	0.568096	-6.79126	-0.2412
45	65	15	-0.052944	-4.4757	2.242
45	65	25	0.109072	-1.25938	0.24
45	65	35	1.20915	2.34523	-2.588
45	65	45	1.28227	4.54787	-1.798
45	65	55	1.57187	4.11267	1.2756
45	65	65	0.748352	2.03683	2.1472
45	65	75	0.263872	-0.947776	-0.4532
45	65	85	0.881456	-4.3925	-2.4708
45	75	5	1.13546	-5.02211	-0.1068
45	75	15	1.09739	-3.66685	2.3792
45	75	25	0.654064	-0.166272	0.4908
45	75	35	0.745872	2.44306	-2.3824
45	75	45	0.848976	5.72549	-1.9736
45	75	55	1.00138	5.95669	1.1204
45	75	65	0.147072	2.37586	2.0496
45	75	75	0.526864	-0.510272	-0.6788
45	75	85	1.14139	-3.46405	-2.0068
45	85	5	2.70626	-4.30643	0.3688
45	85	15	2.25003	-2.78626	2.5084
45	85	25	0.839392	-0.018048	0.5728
45	85	35	0.275856	1.75562	-1.6236
45	85	45	-0.968992	4.96107	-1.4972
45	85	55	-0.970192	5.29147	1.6216
45	85	65	-0.048144	2.85842	2.2092
45	85	75	1.15899	-0.944448	-1.5264
45	85	85	2.05803	-2.84746	-2.3924
55	5	5	-3.90618	0.082	-0.1356
55	5	15	-3.44466	0.0748	3.9704
55	5	25	-1.50426	-0.3976	1.9728
55	5	35	1.9195	0.456	-1.962
55	5	45	3.33171	0.102	-1.816
55	5	55	3.59131	0.1992	2.3776
55	5	65	1.8407	-0.142	2.5712
55	5	75	-0.889456	-0.1816	-2.0884
55	5	85	-3.69746	0.1336	-4.4988
55	15	5	-2.32466	4.41403	-0.0128
55	15	15	-1.88083	2.63546	2.6696
55	15	25	-0.616592	0.484448	0.7292
55	15	35	0.350944	-1.97642	-1.8664
55	15	45	1.52419	-4.94387	-1.7188
55	15	55	1.26459	-4.74387	1.7356
55	15	65	0.515344	-2.57762	2.0476
55	15	75	-0.800592	0.837648	-0.8496
55	15	85	-1.76923	2.81546	-2.1568
55	25	5	-0.799456	5.02171	-0.1812
55	25	15	-0.578992	3.51565	1.7728
55	25	25	-0.744864	0.230672	-0.136
55	25	35	-0.157472	-2.24626	-2.0332
55	25	45	-0.958976	-5.51589	-1.8588
55	25	55	0.018224	-5.12189	1.3528
55	25	65	-0.283072	-1.90506	1.7216
55	25	75	-0.432064	0.409472	-0.6164
55	25	85	-1.12619	3.44485	-1.5588
55	35	5	-0.923696	6.69286	-0.24
55	35	15	-0.394256	4.2921	2.4144
55	35	25	-0.409472	0.864976	1.0248
55	35	35	-1.05995	-1.24243	-1.1584
55	35	45	-2.21507	-4.86947	-1.6784
55	35	55	-1.64667	-4.14947	1.372
55	35	65	-1.30475	-2.44163	1.8652
55	35	75	-0.467072	0.984576	-0.5096
55	35	85	-0.865856	3.9313	-2.0676
55	45	5	2.56211	3.87171	-0.3664
55	45	15	1.94899	2.24499	2.4316
55	45	25	1.07662	1.08342	0.9444
55	45	35	-2.32627	-0.957072	-3.2528
55	45	45	-3.62122	-2.47722	-2.5184
55	45	55	-3.59122	-2.46642	2.3544
55	45	65	-2.20947	-0.716672	2.8856
55	45	75	0.489424	0.857824	-0.4136
55	45	85	2.15059	2.37059	-2.5904
55	55	5	2.66531	-4.00931	-0.0236
55	55	15	1.95139	-2.27019	2.6136
55	55	25	0.716624	-0.356624	1.0864
55	55	35	-1.86667	1.33307	-2.7704
55	55	45	-4.01402	2.45922	-2.3772
55	55	55	-2.99442	2.71802	1.7948
55	55	65	-1.88027	1.11027	2.5132
55	55	75	1.05142	-0.562624	-1.082
55	55	85	2.22379	-2.39939	-2.9996
55	65	5	-0.630896	-6.84046	0.2516
55	65	15	-0.389056	-4.4333	1.912
55	65	25	0.052528	-1.01618	0.122
55	65	35	-1.36635	2.06643	-2.232
55	65	45	-2.08827	4.46507	-1.6364
55	65	55	-1.52947	3.86907	1.5324
55	65	65	-1.28635	1.89243	1.6052
55	65	75	0.191328	-0.906576	-0.3948
55	65	85	-1.00306	-4.3493	-2.2096
55	75	5	-1.52386	-5.32331	0.0316
55	75	15	-0.484592	-3.88765	1.8096
55	75	25	-0.025264	-0.058272	0.5876
55	75	35	-0.219072	2.19306	-1.9424
55	75	45	-1.36258	5.13349	-1.6172
55	75	55	-0.790976	5.63869	1.2724
55	75	65	-0.384272	2.04906	1.288
55	75	75	-0.549664	-0.556272	-0.3872
55	75	85	-0.827392	-3.48205	-2.2244
55	85	5	-2.38586	-4.20123	-0.2924
55	85	15	-2.00083	-2.87346	2.602
55	85	25	-0.676592	-0.718448	1.3304
55	85	35	0.350944	2.56282	-1.6904
55	85	45	1.09219	5.36187	-1.5188
55	85	55	0.330192	5.10347	1.4584
55	85	65	0.074944	2.58362	1.9912
55	85	75	-1.00099	-0.479248	-1.0512
55	85	85	-2.08763	-3.17106	-2.4948
65	5	5	-6.41309	0.3204	0.018
65	5	15	-5.37506	0.038	3.5764
65	5	25	-2.10501	-0.0368	1.5732
65	5	35	2.75816	-0.0408	-1.2468
65	5	45	6.20246	0.36	-1.7792
65	5	55	5.93446	-0.0604	1.7136
65	5	65	3.04936	-0.1416	1.702
65	5	75	-1.54821	-0.1552	-1.1664
65	5	85	-5.47386	-0.6236	-3.376
65	15	5	-3.97986	-0.049888	0.1956
65	15	15	-3.20565	-0.593808	1.6496
65	15	25	-0.88928	-1.00418	0.6404
65	15	35	0.932544	-1.29107	-0.9
65	15	45	2.5201	-2.45362	-0.8752
65	15	55	2.8889	-2.91202	0.82
65	15	65	0.938144	-1.53267	1.0036
65	15	75	-1.08248	-0.822576	-0.37
65	15	85	-3.16765	-0.175408	-1.25
65	25	5	-1.04861	1.01518	-0.0744
65	25	15	-0.62928	0.578736	0.3856
65	25	25	-0.157328	0.226352	0.0884
65	25	35	-0.39728	-0.883792	-0.5236
65	25	45	-0.270224	-1.18186	-0.2976
65	25	55	-0.260224	-1.04346	0.1532
65	25	65	-0.41328	-0.500592	0.6072
65	25	75	-0.648528	-0.063648	-0.0768
65	25	85	-0.89528	0.631936	-0.562
65	35	5	0.68936	1.78976	0.0612
65	35	15	0.435744	1.59814	0.7844
65	35	25	-0.63568	0.53752	0.2696
65	35	35	-1.4625	0.015904	-0.8424
65	35	45	-2.41123	-0.858032	-0.7368
65	35	55	-2.03563	-0.756432	0.5336
65	35	65	-1.2377	-0.279296	0.9396
65	35	75	-0.27768	0.59432	-0.1048
65	35	85	0.386144	1.26174	-0.5408
65	45	5	5.51126	2.4487	0.0812
65	45	15	3.3805	1.90534	1.3532
65	45	25	0.187776	0.575728	0.224
65	45	35	-3.30923	0.196848	-2.0268
65	45	45	-5.64667	0.252528	-1.6772
65	45	55	-5.60747	0.090528	1.3444
65	45	65	-3.03043	0.699648	1.7164
65	45	75	-0.129824	0.272928	-0.2996
65	45	85	4.2537	1.13934	-1.4636
65	55	5	5.46646	-1.8723	0.1208
65	55	15	3.8125	-1.09734	1.9552
65	55	25	0.413776	-0.929328	0.4276
65	55	35	-3.24843	-0.695248	-1.9284
65	55	45	-5.82587	-0.224928	-1.6816
65	55	55	-5.60507	-0.452528	1.4324
65	55	65	-3.08283	-0.324848	2.0724
65	55	75	0.370176	-0.792528	-0.2584
65	55	85	4.2677	-1.53534	-2.16
65	65	5	0.75296	-1.88296	-0.0616
65	65	15	0.296944	-1.63694	0.7676
65	65	25	-0.59368	-0.69112	-0.1532
65	65	35	-1.8517	0.357296	-0.956
65	65	45	-2.37323	0.764032	-0.7372
65	65	55	-1.87723	0.664432	0.4484
65	65	65	-1.5929	0.302096	0.9432
65	65	75	-0.47688	-0.27552	0.174
65	65	85	0.378144	-1.28174	-0.624
65	75	5	-0.986608	-0.909984	-0.1584
65	75	15	-1.09328	-1.01514	0.8032
65	75	25	-0.229328	-0.145152	0.324
65	75	35	-0.39728	0.646192	-0.5224
65	75	45	-0.327024	1.08586	-0.2856
65	75	55	-0.216224	1.14026	0.1752
65	75	65	-0.48128	0.616592	0.444
65	75	75	-0.411328	0.058848	-0.3404
65	75	85	-0.89128	-0.771936	-0.3368
65	85	5	-3.80506	0.037888	0.5464
65	85	15	-3.47525	0.195408	1.7556
65	85	25	-1.06088	0.843376	0.7732
65	85	35	0.916144	1.71227	-0.9196
65	85	45	2.4969	2.30922	-0.9152
65	85	55	2.4461	2.33082	0.818
65	85	65	0.724144	1.47467	0.8464
65	85	75	-0.98208	0.783776	-0.4888
65	85	85	-3.15165	0.179008	-1.4328
75	5	5	-7.02477	-0.384	0.0764
75	5	15	-4.94424	-0.2016	1.7584
75	5	25	-0.954304	-0.498	0.4692
75	5	35	3.10878	-0.2172	-1.9312
75	5	45	6.70331	-0.2036	-1.93
75	5	55	6.85411	0.1852	1.7536
75	5	65	3.49158	0.106	1.9356
75	5	75	-0.637504	-0.1064	-0.2844
75	5	85	-5.25704	-0.338	-2.0536
75	15	5	-2.38064	-1.61885	0.14
75	15	15	-2.16434	-1.17595	0.6312
75	15	25	0.009056	-0.817296	0.0852
75	15	35	2.01994	-1.14658	-1.2696
75	15	45	3.49685	-0.843552	-1.0948
75	15	55	3.35445	-0.685552	1.0368
75	15	65	1.84394	-0.912176	1.2428
75	15	75	0.241056	-0.878896	-0.0652
75	15	85	-1.76314	-1.17315	-0.7712
75	25	5	-0.215104	-0.593504	0.1776
75	25	15	0.038656	-0.291744	0.1452
75	25	25	0.138272	-0.102928	-0.0972
75	25	35	0.396752	0.000352	-0.112
75	25	45	0.517872	-0.025328	-0.0904
75	25	55	0.592272	0.277872	0.1328
75	25	65	0.189552	-0.141248	0.2312
75	25	75	0.043072	-0.223328	0.0548
75	25	85	-0.058144	-0.350144	-0.2824
75	35	5	1.29958	0.253792	0.166
75	35	15	1.14354	0.43112	0.4044
75	35	25	0.756352	0.165472	0.4084
75	35	35	-0.275392	0.28032	-0.0612
75	35	45	-0.693056	0.720576	-0.2164
75	35	55	-0.698256	0.838576	0.3356
75	35	65	-0.414592	0.40232	0.3676
75	35	75	0.511952	0.208272	-0.088
75	35	85	1.23354	0.11592	-0.558
75	45	5	5.65171	0.678944	0.0228
75	45	15	4.63085	0.551808	2.2024
75	45	25	1.57667	0.623536	0.784
75	45	35	-2.70746	1.23213	-1.8352
75	45	45	-4.43269	1.14062	-1.1612
75	45	55	-5.14269	1.49462	1.938
75	45	65	-1.98466	0.670528	1.5288
75	45	75	1.16147	0.787536	-0.49
75	45	85	4.66805	0.645008	-1.9996
75	55	5	5.69211	-0.708944	-0.0424
75	55	15	4.79525	-0.544208	2.1392
75	55	25	1.64587	-0.824736	1.2132
75	55	35	-2.72706	-0.933328	-1.892
75	55	45	-5.27229	-1.75102	-1.6576
75	55	55	-5.52669	-1.50342	1.7396
75	55	65	-2.78986	-0.371328	1.6264
75	55	75	1.42267	-0.583136	-1.1484
75	55	85	4.77165	-0.627008	-2.7164
75	65	5	1.20558	-0.220192	-0.106
75	65	15	1.08314	-0.30432	0.366
75	65	25	0.511952	-0.188272	0.3212
75	65	35	-0.115792	-0.37792	-0.0616
75	65	45	-0.935056	-0.822576	-0.4212
75	65	55	-0.803856	-0.741376	0.0744
75	65	65	-0.255792	-0.41952	0.0804
75	65	75	0.278352	-0.302672	0.0072
75	65	85	1.54834	-0.19672	-0.652
75	75	5	-0.061904	0.673104	-0.0596
75	75	15	0.105456	0.430944	0.0396
75	75	25	0.181472	-0.020272	-0.146
75	75	35	0.234352	0.253648	-0.0568
75	75	45	0.532272	0.026128	-0.034
75	75	55	0.317472	-0.081072	-0.0948
75	75	65	0.336752	-0.126352	0.214
75	75	75	0.093872	0.167728	0.198
75	75	85	0.223056	0.222144	0.0488
75	85	5	-2.40344	1.55365	-0.0772
75	85	15	-1.79034	0.813552	0.7312
75	85	25	0.331856	0.991696	-0.0356
75	85	35	1.91234	1.08978	-1.4016
75	85	45	3.39325	1.04555	-1.2168
75	85	55	3.14325	0.662752	0.7316
75	85	65	1.96954	0.726576	1.1012
75	85	75	-0.198944	0.875696	-0.2688
75	85	85	-2.17914	1.23475	-0.7072
85	5	5	-5.69419	0.3176	0.594
85	5	15	-4.22678	0.4224	2.6244
85	5	25	-0.202048	0.0996	1.086
85	5	35	2.84011	-0.2628	-2.0824
85	5	45	5.54723	0.0588	-1.5756
85	5	55	5.78563	-0.2172	1.8356
85	5	65	3.20211	0.2428	1.9852
85	5	75	-0.681648	-0.1644	-0.6048
85	5	85	-4.36438	-0.0816	-2.1472
85	15	5	-1.68998	-3.97718	0.2368
85	15	15	-0.701536	-2.61674	1.3108
85	15	25	0.443248	-1.50075	0.6828
85	15	35	2.13859	0.038192	-1.4412
85	15	45	3.69746	1.44666	-1.0288
85	15	55	4.29386	1.88506	1.1324
85	15	65	2.10099	-0.023008	1.436
85	15	75	0.664848	-0.904352	0.1364
85	15	85	-1.23674	-3.15874	-1.6232
85	25	5	0.729552	-3.22984	-0.3004
85	25	15	1.02525	-2.53234	1.208
85	25	25	0.893104	-0.597744	0.4476
85	25	35	0.862624	0.502736	-0.4972
85	25	45	1.61405	2.51165	-0.6808
85	25	55	1.49365	2.05525	0.5092
85	25	65	1.00622	0.863136	0.5856
85	25	75	0.894304	-0.854144	-0.6232
85	25	85	0.742848	-2.25354	-1.1184
85	35	5	2.23851	-2.25546	0.0028
85	35	15	2.47979	-1.86885	1.4868
85	35	25	0.958224	-0.25248	0.6324
85	35	35	0.543328	1.90934	-1.1628
85	35	45	0.109584	4.0069	-1.394
85	35	55	-0.127216	3.8501	1.0768
85	35	65	0.366928	1.44934	0.9832
85	35	75	1.40022	0.36832	-0.734
85	35	85	1.83619	-1.70245	-1.5848
85	45	5	5.01803	-1.29506	-0.318
85	45	15	4.55906	-0.421232	2.7104
85	45	25	1.66645	0.347408	1.6048
85	45	35	-2.18362	1.34694	-1.7396
85	45	45	-4.48627	2.66859	-1.296
85	45	55	-4.49427	2.66819	1.5604
85	45	65	-1.68442	1.97374	1.9448
85	45	75	1.67005	0.301408	-1.0104
85	45	85	4.17546	-0.575632	-2.7512
85	55	5	5.38243	0.553056	-0.1964
85	55	15	4.53946	0.758832	2.7408
85	55	25	1.44405	0.176192	1.3028
85	55	35	-1.94362	-1.21014	-1.8776
85	55	45	-4.71067	-2.65099	-1.9012
85	55	55	-4.47987	-2.54619	1.5524
85	55	65	-2.14402	-1.75734	2.3076
85	55	75	1.12685	-0.063008	-0.9296
85	55	85	4.75906	0.039632	-2.5284
85	65	5	2.43531	2.42786	-0.15
85	65	15	2.01859	1.47445	1.2052
85	65	25	1.10222	-0.08992	0.792
85	65	35	0.266128	-1.84574	-1.4628
85	65	45	0.243984	-3.9493	-1.0096
85	65	55	0.502784	-4.1133	0.9516
85	65	65	0.584928	-1.66854	1.4488
85	65	75	1.15742	-0.25792	-0.1052
85	65	85	2.15299	1.70365	-1.5692
85	75	5	1.11475	2.98384	-0.186
85	75	15	0.971648	1.81354	0.79
85	75	25	0.574704	0.856944	0.806
85	75	35	0.881424	-0.065136	-0.4792
85	75	45	1.50805	-2.27285	-0.9404
85	75	55	1.35565	-2.25605	0.7644
85	75	65	0.838624	-1.28354	1.0848
85	75	75	0.407904	0.735344	-0.3668
85	75	85	0.744048	2.03794	-0.768
85	85	5	-1.37198	4.13438	0.264
85	85	15	-0.683536	2.89994	1.5096
85	85	25	0.844848	0.844352	0.0292
85	85	35	2.56739	-0.161392	-1.7036
85	85	45	3.75466	-1.44666	-1.0524
85	85	55	3.76026	-1.28706	1.4168
85	85	65	1.89819	-0.116192	1.22
85	85	75	0.461648	1.26315	-0.2816
85	85	85	-0.739136	2.79914	-1.3836
