5	5	5	2.61224	-5.06118	-5.1008
5	5	15	2.55264	-4.6408	-4.64241
5	5	25	2.69109	-3.77642	-3.63648
5	5	35	2.85024	-3.79813	-3.57774
5	5	45	3.39624	-5.43655	-5.32174
5	5	55	3.00993	-4.98112	-5.00083
5	5	65	2.69896	-5.10204	-5.08998
5	5	75	2.7725	-4.05683	-4.19831
5	5	85	2.59264	-4.7803	-4.78192
5	15	5	3.31345	-5.81187	-5.13349
5	15	15	3.13345	-5.57977	-5.04261
5	15	25	2.63153	-5.00753	-4.92724
5	15	35	2.73183	-4.80419	-4.74341
5	15	45	3.49742	-5.25002	-5.66842
5	15	55	3.47266	-5.96828	-5.11632
5	15	65	3.90537	-6.28684	-5.10919
5	15	75	3.87973	-5.82404	-4.73995
5	15	85	3.75628	-6.19265	-5.11071
5	25	5	2.8279	-5.29714	-5.18119
5	25	15	2.62227	-5.15081	-5.12361
5	25	25	2.55794	-5.08509	-5.07841
5	25	35	2.58146	-4.97827	-4.98783
5	25	45	3.4532	-5.12175	-5.94357
5	25	55	3.10571	-5.4341	-5.28346
5	25	65	3.124	-4.88028	-4.65357
5	25	75	2.91542	-3.879	-3.64308
5	25	85	2.97433	-5.3568	-5.096
5	35	5	2.63246	-5.10311	-5.20183
5	35	15	2.57511	-5.04249	-5.06563
5	35	25	2.61117	-4.86055	-4.80043
5	35	35	2.63268	-4.44225	-4.40059
5	35	45	3.15331	-5.11492	-5.59263
5	35	55	2.86869	-4.8479	-4.91262
5	35	65	2.8317	-3.29096	-3.17059
5	35	75	2.52309	-3.38076	-3.26898
5	35	85	2.71914	-5.05758	-5.13035
5	45	5	2.79239	-5.18254	-5.26223
5	45	15	2.75188	-5.02244	-4.98287
5	45	25	2.67186	-3.63646	-3.59645
5	45	35	2.75231	-3.12631	-3.28582
5	45	45	2.89315	-4.85262	-5.15128
5	45	55	2.75757	-3.68381	-3.88607
5	45	65	2.53832	-2.53245	-2.65011
5	45	75	2.35425	-3.10997	-3.10526
5	45	85	2.85249	-5.1412	-5.27909
5	55	5	3.63349	-5.86279	-5.26287
5	55	15	3.55546	-5.60323	-4.72526
5	55	25	2.95507	-3.49967	-3.21727
5	55	35	2.87306	-3.52428	-3.72307
5	55	45	2.87386	-5.02358	-5.22234
5	55	55	2.85398	-4.8214	-5.12486
5	55	65	2.57371	-4.07706	-4.05928
5	55	75	2.72765	-4.27269	-4.09271
5	55	85	3.44767	-5.7485	-5.2091
5	65	5	3.14352	-5.38904	-5.35828
5	65	15	2.8279	-4.61524	-4.46242
5	65	25	2.70308	-3.30518	-3.19401
5	65	35	2.85747	-3.32505	-3.57862
5	65	45	2.95271	-5.08764	-5.44836
5	65	55	2.91312	-4.98191	-5.30306
5	65	65	2.57352	-4.79284	-4.81451
5	65	75	2.75278	-4.26165	-4.14257
5	65	85	2.91407	-5.30721	-5.02542
5	75	5	2.63351	-5.07447	-5.15281
5	75	15	2.59716	-4.36481	-4.36354
5	75	25	2.71443	-3.35932	-3.1768
5	75	35	2.93114	-3.23882	-3.21875
5	75	45	3.21473	-5.04506	-5.54702
5	75	55	3.18196	-5.04398	-5.59076
5	75	65	2.55801	-5.06205	-5.06181
5	75	75	2.67393	-4.05614	-4.17501
5	75	85	2.57554	-4.81639	-4.83444
5	85	5	2.69149	-5.14884	-5.12923
5	85	15	2.63226	-4.22143	-4.1426
5	85	25	2.61308	-2.87126	-2.71085
5	85	35	2.57273	-2.88997	-2.86833
5	85	45	3.0344	-4.76385	-5.2469
5	85	55	2.98207	-4.70198	-5.13265
5	85	65	2.57461	-4.98221	-5.00546
5	85	75	2.67284	-3.35988	-3.48157
5	85	85	2.59234	-4.4465	-4.44768
15	5	5	2.77145	-5.26854	-5.14894
15	5	15	2.61265	-4.64178	-4.66261
15	5	25	2.55271	-3.70323	-3.70492
15	5	35	2.73188	-4.3758	-4.51666
15	5	45	3.11387	-5.03738	-5.5602
15	5	55	2.92195	-4.6353	-4.60618
15	5	65	2.97886	-4.85406	-4.60185
15	5	75	2.91355	-4.77967	-4.54215
15	5	85	2.89227	-5.1872	-4.88844
15	15	5	3.71464	-6.19801	-5.19601
15	15	15	3.37472	-5.90161	-5.0841
15	15	25	3.01292	-5.37402	-4.91352
15	15	35	3.15144	-5.31313	-5.23275
15	15	45	4.03867	-5.53279	-5.97642
15	15	55	3.95677	-5.92796	-5.31606
15	15	65	4.25816	-6.16842	-4.60916
15	15	75	4.62441	-5.97284	-4.06143
15	15	85	4.57985	-6.82834	-4.84116
15	25	5	3.07624	-5.4846	-5.24259
15	25	15	2.62468	-5.14984	-5.08749
15	25	25	2.57568	-5.02441	-5.00105
15	25	35	2.67786	-5.10538	-5.21855
15	25	45	3.37598	-5.17662	-5.83567
15	25	55	3.08296	-5.1336	-5.43698
15	25	65	2.99021	-4.80524	-4.59721
15	25	75	3.1603	-3.50677	-3.06334
15	25	85	3.24836	-5.10847	-4.61357
15	35	5	2.80169	-5.24974	-5.20153
15	35	15	2.59922	-5.12377	-5.08846
15	35	25	2.57165	-4.98258	-4.96211
15	35	35	2.67236	-4.98291	-5.06157
15	35	45	3.69668	-5.10382	-6.16056
15	35	55	3.29453	-5.10832	-5.67845
15	35	65	2.75015	-3.44894	-3.55345
15	35	75	2.73475	-2.91044	-2.73251
15	35	85	2.83288	-4.69021	-4.4548
15	45	5	2.73287	-5.10152	-5.28073
15	45	15	2.61156	-5.1421	-5.08251
15	45	25	2.6111	-4.08092	-4.02085
15	45	35	2.71269	-3.61767	-3.45602
15	45	45	3.19231	-4.3689	-4.84761
15	45	55	3.16037	-3.86279	-4.26867
15	45	65	2.32584	-2.582	-2.58169
15	45	75	2.3853	-3.05422	-3.06488
15	45	85	2.60036	-4.97222	-4.93107
15	55	5	2.49412	-5.22201	-5.14349
15	55	15	3.1535	-5.48365	-4.9029
15	55	25	3.31346	-3.72047	-2.99806
15	55	35	3.15185	-3.25193	-2.69114
15	55	45	3.09344	-4.74413	-4.64251
15	55	55	2.69869	-4.82067	-4.92103
15	55	65	2.59762	-3.83739	-3.83647
15	55	75	2.61598	-3.89427	-3.91739
15	55	85	2.57851	-5.0678	-5.07358
15	65	5	2.83446	-5.26266	-5.26248
15	65	15	2.6911	-4.48406	-4.42168
15	65	25	2.75669	-3.03848	-2.87407
15	65	35	2.73905	-3.19115	-3.08314
15	65	45	2.69631	-4.57413	-4.74966
15	65	55	2.71751	-4.94288	-5.02207
15	65	65	2.68111	-4.98045	-4.90249
15	65	75	2.76311	-4.66195	-4.51242
15	65	85	2.71583	-5.04312	-5.00553
15	75	5	2.65642	-5.10338	-5.20142
15	75	15	2.57433	-4.56357	-4.58364
15	75	25	2.55301	-3.32966	-3.32843
15	75	35	2.6732	-3.76525	-3.76388
15	75	45	2.7161	-4.40983	-4.40719
15	75	55	2.66344	-4.1893	-4.28501
15	75	65	2.62738	-4.90871	-4.96613
15	75	75	2.59134	-4.56441	-4.58761
15	75	85	2.5978	-5.00535	-5.04547
15	85	5	2.67267	-5.09627	-5.2179
15	85	15	2.61348	-4.34146	-4.32389
15	85	25	2.4923	-2.96685	-2.96809
15	85	35	2.69277	-3.68404	-3.82556
15	85	45	2.99402	-4.62095	-5.0436
15	85	55	2.72012	-4.17908	-4.34779
15	85	65	2.59559	-4.70012	-4.74454
15	85	75	2.61522	-4.18123	-4.24531
15	85	85	2.57198	-4.76114	-4.78199
25	5	5	3.07268	-5.49525	-5.21726
25	5	15	2.75429	-4.62233	-4.54559
25	5	25	2.67278	-3.72604	-3.76779
25	5	35	2.7523	-4.92055	-5.00181
25	5	45	3.01625	-5.09368	-5.55891
25	5	55	2.8764	-4.6125	-4.73731
25	5	65	3.1993	-4.02483	-3.79058
25	5	75	3.25638	-4.73405	-4.11931
25	5	85	3.25315	-5.52367	-4.98571
25	15	5	4.41864	-6.90336	-5.15895
25	15	15	3.81642	-6.16258	-5.06677
25	15	25	2.99452	-5.01284	-4.65553
25	15	35	2.89328	-5.27448	-5.2159
25	15	45	3.41789	-5.40877	-5.65234
25	15	55	4.08963	-5.80765	-5.05085
25	15	65	4.39036	-5.6228	-4.03396
25	15	75	4.79351	-5.5907	-3.47236
25	15	85	4.88943	-6.52719	-4.2304
25	25	5	3.64747	-6.02806	-5.28121
25	25	15	3.05806	-5.45393	-5.01732
25	25	25	2.63981	-4.90923	-4.8228
25	25	35	2.8608	-5.08591	-5.34038
25	25	45	3.46458	-5.16656	-5.96591
25	25	55	3.47113	-4.90341	-5.37713
25	25	65	2.93475	-3.91286	-3.62763
25	25	75	2.95764	-3.11608	-2.79194
25	25	85	3.63285	-4.68104	-3.68001
25	35	5	3.0958	-5.35223	-5.39305
25	35	15	2.64972	-5.08821	-5.05452
25	35	25	2.55459	-4.96499	-4.96185
25	35	35	2.65483	-5.00377	-5.10006
25	35	45	3.5169	-5.12502	-5.9248
25	35	55	3.39427	-5.02625	-5.74074
25	35	65	2.78415	-3.5671	-3.6268
25	35	75	2.99067	-3.00845	-2.69046
25	35	85	3.22208	-4.11026	-3.60002
25	45	5	2.91623	-5.13144	-5.41103
25	45	15	2.59558	-5.12253	-5.08604
25	45	25	2.63168	-4.60228	-4.52166
25	45	35	2.73242	-4.44063	-4.37925
25	45	45	3.43252	-4.35993	-5.16004
25	45	55	3.24325	-4.24221	-4.7324
25	45	65	2.91881	-3.14323	-3.06543
25	45	75	2.90018	-3.13717	-3.11046
25	45	85	2.65851	-4.38166	-4.39741
25	55	5	2.05434	-5.13858	-5.10223
25	55	15	1.9919	-4.92246	-4.84243
25	55	25	2.73271	-3.6429	-3.46206
25	55	35	2.81315	-3.08253	-2.82043
25	55	45	3.33267	-4.14997	-4.12992
25	55	55	3.15751	-4.74984	-4.86975
25	55	65	2.85686	-3.81768	-3.75862
25	55	75	2.9572	-3.93763	-3.94112
25	55	85	2.61789	-4.96491	-4.95086
25	65	5	2.44084	-5.24741	-5.12429
25	65	15	2.54425	-4.94563	-4.76245
25	65	25	2.6395	-3.15848	-3.05807
25	65	35	2.65384	-3.68237	-3.61957
25	65	45	2.84067	-4.12227	-4.25423
25	65	55	2.88593	-4.58134	-4.53046
25	65	65	3.17079	-4.61361	-4.39801
25	65	75	3.35671	-5.03036	-4.88788
25	65	85	3.07348	-5.3855	-5.07189
25	75	5	2.616	-5.1017	-5.16136
25	75	15	2.58628	-4.60243	-4.64325
25	75	25	2.54843	-3.26802	-3.26765
25	75	35	2.57277	-4.37867	-4.39748
25	75	45	2.65874	-4.34657	-4.48287
25	75	55	2.8631	-4.00018	-4.29467
25	75	65	3.1648	-3.88765	-4.40212
25	75	75	2.71538	-4.70145	-4.87797
25	75	85	2.64576	-4.91259	-5.00139
25	85	5	2.61599	-5.10047	-5.24458
25	85	15	2.57267	-4.08242	-4.10323
25	85	25	2.59139	-3.15126	-3.1517
25	85	35	2.61187	-4.78663	-4.84742
25	85	45	2.75436	-4.9342	-5.13728
25	85	55	2.89573	-4.42757	-4.77178
25	85	65	3.14028	-3.74472	-4.33178
25	85	75	2.72455	-4.63901	-4.81048
25	85	85	2.61812	-4.81242	-4.89731
35	5	5	3.49278	-5.93627	-5.11794
35	5	15	2.87523	-4.36282	-4.0854
35	5	25	2.63437	-3.84207	-3.84456
35	5	35	2.7321	-5.00307	-5.14326
35	5	45	2.79484	-5.09655	-5.29874
35	5	55	3.04084	-4.78128	-5.1067
35	5	65	3.56108	-3.63368	-3.87347
35	5	75	3.5654	-4.27946	-3.88467
35	5	85	3.79884	-5.59366	-4.79969
35	15	5	4.72592	-7.12968	-5.28136
35	15	15	4.22096	-5.30435	-3.8094
35	15	25	3.21587	-4.65088	-4.11325
35	15	35	3.19297	-5.29417	-5.17522
35	15	45	3.17838	-5.45968	-5.3221
35	15	55	3.25647	-5.07657	-5.07222
35	15	65	3.97642	-4.59001	-3.69585
35	15	75	4.37923	-4.47574	-2.85582
35	15	85	4.92196	-5.83031	-3.66358
35	25	5	4.3137	-6.37684	-5.07422
35	25	15	3.80474	-4.30094	-3.35668
35	25	25	2.95274	-3.82939	-3.61161
35	25	35	2.97985	-4.98009	-5.07324
35	25	45	3.28422	-5.2894	-5.64676
35	25	55	2.96621	-4.41394	-4.52393
35	25	65	2.87389	-3.33228	-3.217
35	25	75	2.92731	-3.05396	-2.75867
35	25	85	3.5723	-4.10908	-3.24862
35	35	5	3.59546	-5.08641	-5.54362
35	35	15	2.75027	-4.06217	-3.98094
35	35	25	2.68356	-3.84578	-3.92603
35	35	35	2.90583	-5.0686	-5.35907
35	35	45	3.46597	-5.1705	-5.94678
35	35	55	3.0483	-4.7567	-5.18537
35	35	65	2.66408	-3.20469	-3.21558
35	35	75	2.71109	-2.75159	-2.63162
35	35	85	3.18772	-3.2917	-3.13503
35	45	5	3.19948	-4.97366	-5.57559
35	45	15	2.56366	-4.66359	-4.67265
35	45	25	2.57622	-4.98304	-4.96304
35	45	35	2.75552	-4.78241	-4.86055
35	45	45	3.57985	-4.6856	-5.56322
35	45	55	2.91413	-4.1035	-4.38129
35	45	65	2.7768	-3.26349	-3.12078
35	45	75	2.69426	-3.07242	-2.97004
35	45	85	2.73823	-3.53979	-3.61261
35	55	5	3.13428	-5.44795	-5.24794
35	55	15	2.67548	-5.30539	-4.98262
35	55	25	2.75207	-4.44213	-4.24219
35	55	35	2.65365	-3.67262	-3.65088
35	55	45	3.25208	-3.84703	-4.2668
35	55	55	3.24217	-4.12867	-3.93564
35	55	65	3.25709	-4.22747	-3.64424
35	55	75	3.51614	-4.24267	-3.43927
35	55	85	3.37522	-5.52318	-4.93898
35	65	5	2.72077	-5.24699	-5.11971
35	65	15	2.69469	-5.10483	-4.98318
35	65	25	2.56953	-3.67767	-3.65772
35	65	35	2.63148	-4.52964	-4.52928
35	65	45	2.79146	-4.25683	-4.33642
35	65	55	3.0059	-4.34023	-4.22462
35	65	65	3.23253	-3.58982	-3.39194
35	65	75	3.35473	-4.216	-4.05311
35	65	85	2.93153	-4.91082	-4.89913
35	75	5	2.63758	-5.14446	-5.14041
35	75	15	2.61352	-4.86326	-4.88408
35	75	25	2.5723	-3.67644	-3.6557
35	75	35	2.59299	-4.74277	-4.78155
35	75	45	2.65548	-4.93563	-5.03281
35	75	55	2.66152	-4.60711	-4.70473
35	75	65	3.16382	-3.26039	-3.80796
35	75	75	3.32778	-4.07945	-4.74514
35	75	85	2.76996	-4.70246	-4.81873
35	85	5	2.61553	-5.10066	-5.16024
35	85	15	2.57441	-4.24327	-4.26407
35	85	25	2.59204	-3.57218	-3.57293
35	85	35	2.65205	-4.96583	-5.06588
35	85	45	2.71571	-5.06814	-5.23163
35	85	55	2.75708	-4.70749	-4.9138
35	85	65	3.59738	-3.18412	-4.18191
35	85	75	3.2028	-4.48011	-5.00519
35	85	85	2.67957	-4.81644	-4.94001
45	5	5	4.07741	-6.35801	-5.02094
45	5	15	3.17394	-4.18217	-3.64788
45	5	25	2.7002	-3.70702	-3.61183
45	5	35	2.81749	-4.75324	-4.89531
45	5	45	2.88253	-5.1216	-5.40852
45	5	55	2.77874	-5.045	-5.02542
45	5	65	3.7274	-4.0892	-3.75548
45	5	75	3.843	-4.23232	-3.54606
45	5	85	3.8565	-4.67162	-3.57053
45	15	5	4.74436	-6.75508	-4.92117
45	15	15	4.32961	-4.67366	-3.18717
45	15	25	3.53235	-3.93066	-3.01315
45	15	35	3.18904	-4.84354	-4.50655
45	15	45	3.32394	-5.49159	-5.48063
45	15	55	3.19334	-5.27765	-5.12811
45	15	65	3.671	-4.32399	-4.18394
45	15	75	3.85113	-3.73881	-3.13124
45	15	85	4.42609	-5.10083	-3.39723
45	25	5	4.72006	-6.22541	-4.80609
45	25	15	4.41231	-4.40207	-2.90154
45	25	25	3.63839	-3.7067	-2.76954
45	25	35	3.10284	-4.10832	-4.04548
45	25	45	3.67661	-5.70658	-5.63556
45	25	55	3.29859	-4.94817	-4.76249
45	25	65	3.4937	-4.02977	-3.50177
45	25	75	3.21051	-3.56298	-3.11372
45	25	85	3.7166	-5.11606	-4.27959
45	35	5	3.6472	-4.0031	-4.37981
45	35	15	3.31286	-3.06004	-3.49556
45	35	25	2.68995	-3.03342	-2.99359
45	35	35	2.945	-4.40053	-4.53423
45	35	45	3.81944	-5.25525	-6.22566
45	35	55	3.02109	-4.68221	-4.59192
45	35	65	2.70902	-3.29827	-3.19018
45	35	75	2.78447	-3.21514	-3.02284
45	35	85	3.19308	-3.27478	-3.636
45	45	5	3.71128	-3.76775	-4.50832
45	45	15	2.95266	-3.35778	-3.59557
45	45	25	2.86415	-4.49952	-4.45049
45	45	35	2.85642	-4.9611	-5.21709
45	45	45	3.76937	-5.0702	-6.0896
45	45	55	2.68144	-4.59429	-4.66058
45	45	65	2.66785	-3.32884	-3.21687
45	45	75	2.76419	-3.1154	-2.88391
45	45	85	3.30549	-3.26548	-3.59346
45	55	5	3.89834	-5.87477	-5.61226
45	55	15	3.10679	-5.40471	-5.10868
45	55	25	2.76006	-4.89624	-4.81929
45	55	35	2.7535	-4.60051	-4.72038
45	55	45	3.59392	-4.81481	-5.81685
45	55	55	2.64839	-3.05283	-3.10814
45	55	65	2.83492	-3.74367	-3.50267
45	55	75	3.53636	-4.08611	-3.102
45	55	85	3.97565	-5.80322	-4.8982
45	65	5	3.13963	-5.62287	-5.09849
45	65	15	2.84403	-5.10624	-4.86942
45	65	25	2.65527	-4.56212	-4.50225
45	65	35	2.63215	-5.08527	-5.04552
45	65	45	3.09517	-4.77342	-5.15515
45	65	55	2.80398	-4.09614	-3.98507
45	65	65	2.91599	-2.95578	-2.67665
45	65	75	3.18231	-3.40294	-2.77167
45	65	85	3.40837	-5.08371	-4.38797
45	75	5	2.7362	-4.79878	-4.73499
45	75	15	2.71803	-4.92519	-4.84616
45	75	25	2.61841	-3.96446	-3.90221
45	75	35	2.55886	-4.98037	-4.97375
45	75	45	3.05715	-5.07422	-5.53147
45	75	55	2.672	-4.83361	-4.89443
45	75	65	2.58517	-3.29477	-3.30159
45	75	75	2.98593	-3.1771	-3.18381
45	75	85	2.78074	-3.96235	-3.85668
45	85	5	2.67879	-4.97784	-5.01597
45	85	15	2.57682	-4.06402	-4.08495
45	85	25	2.61199	-3.49771	-3.47695
45	85	35	2.61326	-4.93443	-4.95401
45	85	45	2.77617	-5.11705	-5.29775
45	85	55	2.60064	-5.11934	-5.08755
45	85	65	2.74211	-3.54185	-3.47328
45	85	75	3.1891	-3.62223	-3.74496
45	85	85	2.8431	-4.40969	-4.24335
55	5	5	4.18609	-4.99011	-3.69217
55	5	15	3.73735	-4.39991	-3.22454
55	5	25	3.22325	-3.80815	-3.22654
55	5	35	3.16831	-4.88018	-4.55539
55	5	45	3.37186	-5.47342	-5.54394
55	5	55	3.21096	-5.67873	-5.14501
55	5	65	3.37779	-4.76825	-3.98167
55	5	75	4.19558	-4.2091	-2.85193
55	5	85	4.39041	-4.51913	-2.97485
55	15	5	4.81805	-6.36063	-4.52513
55	15	15	4.60869	-4.62725	-3.26868
55	15	25	3.81022	-3.8177	-2.98559
55	15	35	3.62484	-4.38499	-4.23222
55	15	45	3.1212	-5.46038	-5.29744
55	15	55	3.03227	-5.49707	-5.14815
55	15	65	3.02547	-4.64991	-4.4614
55	15	75	3.42791	-3.97379	-3.31646
55	15	85	4.50259	-5.60343	-4.11785
55	25	5	4.87448	-6.82723	-5.10869
55	25	15	5.13328	-5.14089	-3.74983
55	25	25	4.23484	-4.09874	-3.46672
55	25	35	4.06913	-4.04866	-4.6287
55	25	45	3.3675	-5.59406	-5.39664
55	25	55	3.99955	-5.85222	-5.40029
55	25	65	3.87367	-4.70672	-4.01119
55	25	75	4.49008	-5.06615	-3.70067
55	25	85	4.68056	-6.53946	-5.38147
55	35	5	4.23212	-4.42459	-4.78111
55	35	15	3.79825	-4.3001	-4.56278
55	35	25	2.8717	-3.11069	-3.23883
55	35	35	3.46927	-3.66776	-4.47827
55	35	45	3.83341	-5.31118	-6.12325
55	35	55	3.39165	-4.61578	-4.50878
55	35	65	3.42003	-3.60295	-3.24532
55	35	75	3.49894	-3.98606	-3.49364
55	35	85	3.91058	-4.7768	-4.90311
55	45	5	3.73631	-3.39396	-4.0767
55	45	15	3.27443	-3.37863	-3.61052
55	45	25	3.04805	-3.64301	-3.5299
55	45	35	3.17171	-4.86886	-5.18959
55	45	45	4.11059	-5.15043	-6.57994
55	45	55	2.82019	-4.42326	-4.64976
55	45	65	2.62125	-3.24932	-3.21699
55	45	75	2.7158	-3.14615	-3.10524
55	45	85	3.63993	-3.58649	-4.14252
55	55	5	4.30428	-5.8287	-5.96665
55	55	15	3.47845	-5.27617	-5.55359
55	55	25	2.85161	-5.1311	-4.90053
55	55	35	3.09891	-4.9305	-5.27013
55	55	45	3.5004	-5.06039	-5.96644
55	55	55	2.73273	-3.45965	-3.52049
55	55	65	2.6938	-3.07204	-3.01322
55	55	75	2.71472	-3.42669	-3.38518
55	55	85	3.63544	-5.26168	-5.21846
55	65	5	3.4396	-5.33772	-5.45643
55	65	15	3.07641	-4.84556	-4.92342
55	65	25	2.77098	-4.68082	-4.57828
55	65	35	2.91573	-5.27629	-5.15855
55	65	45	3.73988	-5.27279	-5.73843
55	65	55	2.84548	-4.0779	-3.92834
55	65	65	3.09556	-3.20463	-2.74116
55	65	75	3.2555	-3.3733	-2.71043
55	65	85	3.37638	-4.80699	-4.22243
55	75	5	3.41627	-5.20656	-5.15098
55	75	15	2.90154	-4.20194	-4.07083
55	75	25	2.70723	-3.89847	-3.81179
55	75	35	2.74215	-5.01362	-5.11671
55	75	45	3.16477	-5.16697	-5.64778
55	75	55	2.80839	-5.16519	-5.19987
55	75	65	2.58653	-3.73333	-3.69874
55	75	75	3.08278	-3.08443	-2.63268
55	75	85	3.5408	-4.51913	-3.74151
55	85	5	2.92434	-4.43989	-4.4852
55	85	15	2.76573	-3.75989	-3.80179
55	85	25	2.59193	-3.38645	-3.40659
55	85	35	2.7445	-4.94719	-4.92227
55	85	45	3.20591	-5.20947	-5.64434
55	85	55	2.68996	-5.21588	-5.12504
55	85	65	2.77402	-4.17863	-4.03651
55	85	75	3.40511	-3.43849	-2.78684
55	85	85	3.04171	-3.47527	-3.05394
65	5	5	3.89522	-4.96927	-4.45571
65	5	15	3.64038	-3.68876	-3.65164
65	5	25	3.21114	-3.59909	-3.3672
65	5	35	3.07752	-4.37032	-4.33122
65	5	45	3.41826	-5.76155	-5.29919
65	5	55	3.90107	-6.41001	-5.10402
65	5	65	4.36612	-6.19608	-4.50306
65	5	75	4.85919	-4.394	-3.55401
65	5	85	4.37217	-4.54897	-3.6596
65	15	5	4.01316	-6.04462	-5.13061
65	15	15	3.86684	-4.60049	-3.81627
65	15	25	4.19631	-4.23717	-3.21686
65	15	35	3.73112	-4.45962	-3.84772
65	15	45	3.15842	-5.54014	-5.2436
65	15	55	2.90441	-5.39037	-5.04696
65	15	65	3.24721	-5.13325	-4.80622
65	15	75	3.3828	-4.0333	-3.95655
65	15	85	3.59254	-5.44747	-5.26237
65	25	5	3.85997	-5.84905	-5.4953
65	25	15	4.34302	-5.20078	-4.7636
65	25	25	5.19101	-5.15219	-4.56454
65	25	35	4.54499	-4.28873	-4.65612
65	25	45	3.55288	-5.76903	-5.38369
65	25	55	3.45794	-5.76028	-5.15039
65	25	65	3.73084	-4.87245	-4.67065
65	25	75	3.86682	-4.83238	-4.81615
65	25	85	4.34763	-6.0126	-5.79228
65	35	5	3.65306	-5.23996	-5.69791
65	35	15	4.4097	-5.09993	-5.831
65	35	25	4.29267	-3.75121	-4.91661
65	35	35	4.28084	-3.49246	-4.71499
65	35	45	3.96469	-5.57031	-5.98654
65	35	55	3.48046	-4.85318	-5.27974
65	35	65	2.95748	-3.16477	-3.43777
65	35	75	2.90381	-3.71802	-3.94267
65	35	85	3.79594	-5.11035	-6.09112
65	45	5	3.49902	-4.724	-5.2708
65	45	15	4.15467	-4.47845	-5.31569
65	45	25	4.02015	-3.18623	-4.1552
65	45	35	4.19144	-4.45941	-5.54159
65	45	45	4.07846	-5.27886	-6.41313
65	45	55	3.41906	-4.36487	-5.06622
65	45	65	2.9402	-3.12445	-3.4904
65	45	75	2.71791	-3.49983	-3.60665
65	45	85	3.63149	-4.60533	-5.40577
65	55	5	3.02147	-5.25442	-5.86883
65	55	15	3.21598	-5.12978	-5.48087
65	55	25	3.29462	-5.11056	-5.43835
65	55	35	3.34045	-4.90895	-5.57399
65	55	45	4.00427	-5.15563	-6.48638
65	55	55	3.07869	-4.30213	-4.66935
65	55	65	2.74818	-3.46844	-3.4648
65	55	75	2.87498	-3.74457	-3.66771
65	55	85	3.39544	-4.82488	-5.34167
65	65	5	3.83672	-5.21883	-6.15558
65	65	15	3.30787	-4.90085	-5.65043
65	65	25	2.77549	-4.48025	-4.62707
65	65	35	3.01946	-5.04012	-5.34294
65	65	45	3.81583	-5.23734	-6.10053
65	65	55	2.97344	-4.36438	-4.13958
65	65	65	3.18297	-4.09522	-3.59271
65	65	75	3.34357	-3.4919	-2.77949
65	65	85	3.41906	-4.89413	-4.58685
65	75	5	4.45276	-5.80246	-6.14337
65	75	15	3.68624	-4.19906	-4.93468
65	75	25	3.04475	-3.99243	-3.84645
65	75	35	3.4338	-5.1508	-4.99284
65	75	45	3.63387	-5.56113	-5.72312
65	75	55	3.07802	-5.59882	-5.12462
65	75	65	3.33539	-4.98144	-4.27717
65	75	75	3.69887	-3.76185	-2.65403
65	75	85	4.37675	-5.3171	-3.85622
65	85	5	3.62815	-4.90472	-4.79783
65	85	15	3.60471	-3.50013	-3.9034
65	85	25	2.96864	-3.38162	-3.67447
65	85	35	3.26108	-4.68155	-4.6996
65	85	45	3.40429	-5.65143	-5.40062
65	85	55	3.33151	-5.85969	-5.12482
65	85	65	3.39283	-5.12276	-4.28121
65	85	75	4.18876	-3.96765	-2.93802
65	85	85	3.83597	-3.95507	-3.15358
75	5	5	3.64032	-5.38351	-5.14226
75	5	15	3.71673	-3.96993	-4.32829
75	5	25	3.25428	-3.42393	-3.12593
75	5	35	3.25025	-4.2248	-3.64679
75	5	45	3.49141	-5.88672	-5.22712
75	5	55	3.15703	-5.70199	-5.1084
75	5	65	3.17375	-5.28204	-5.06479
75	5	75	4.2179	-3.38602	-3.8921
75	5	85	3.5303	-4.69589	-4.22875
75	15	5	3.28028	-5.46714	-5.34987
75	15	15	3.82388	-5.04842	-5.18606
75	15	25	3.46546	-4.31211	-3.76735
75	15	35	3.36341	-4.25265	-3.68386
75	15	45	3.31697	-5.74612	-5.18332
75	15	55	3.28383	-5.76274	-5.13434
75	15	65	4.17564	-5.68205	-5.46586
75	15	75	4.38593	-4.90927	-5.66332
75	15	85	3.6175	-5.33684	-5.80244
75	25	5	2.92468	-5.18034	-5.36668
75	25	15	3.27761	-4.65924	-5.18162
75	25	25	3.94648	-4.40119	-5.41627
75	25	35	3.72994	-4.56418	-4.93092
75	25	45	3.48266	-5.7533	-5.34088
75	25	55	3.71591	-5.93778	-5.23064
75	25	65	3.98876	-5.09285	-5.38657
75	25	75	3.29791	-4.58884	-4.66291
75	25	85	3.45787	-5.27518	-5.77483
75	35	5	3.42226	-5.10091	-5.97049
75	35	15	3.89914	-4.6804	-5.94883
75	35	25	4.74523	-4.02184	-5.89582
75	35	35	4.4682	-3.63472	-4.54399
75	35	45	3.93275	-6.02562	-5.49513
75	35	55	3.33081	-4.79079	-4.91201
75	35	65	3.20758	-3.34729	-3.66934
75	35	75	3.03903	-4.04432	-4.37095
75	35	85	3.43285	-5.06515	-5.94333
75	45	5	3.49583	-5.12017	-5.66337
75	45	15	4.62824	-4.91916	-6.19477
75	45	25	4.70674	-3.23754	-4.69963
75	45	35	4.69359	-3.9846	-5.33649
75	45	45	3.56079	-5.17454	-5.96478
75	45	55	3.60005	-4.14395	-5.06794
75	45	65	2.98811	-2.95337	-3.36779
75	45	75	2.69324	-3.50204	-3.6241
75	45	85	3.55145	-4.9935	-5.97309
75	55	5	3.51743	-5.25367	-5.91169
75	55	15	3.42785	-5.0549	-5.76288
75	55	25	3.65748	-4.50353	-5.52674
75	55	35	3.65508	-4.81997	-5.80153
75	55	45	3.92631	-5.2241	-6.31841
75	55	55	3.96954	-4.34189	-5.67952
75	55	65	3.07406	-4.06604	-4.22826
75	55	75	2.93286	-4.34207	-4.00309
75	55	85	3.4942	-5.39277	-5.14877
75	65	5	3.61623	-5.21796	-5.95398
75	65	15	3.32784	-4.76054	-5.50454
75	65	25	2.90665	-4.19767	-4.55928
75	65	35	3.15103	-4.47805	-5.07806
75	65	45	3.93382	-5.11774	-6.47894
75	65	55	3.41062	-4.54349	-5.35989
75	65	65	2.75845	-4.09447	-4.24183
75	65	75	2.80723	-3.2234	-3.04753
75	65	85	3.06421	-4.88245	-4.61242
75	75	5	4.21283	-6.20707	-5.547
75	75	15	3.55383	-4.9211	-4.72309
75	75	25	3.09289	-3.59802	-3.61922
75	75	35	2.87091	-3.90878	-3.98878
75	75	45	3.77183	-5.39955	-6.03955
75	75	55	3.36871	-5.6828	-5.31755
75	75	65	3.43825	-5.6247	-4.74416
75	75	75	3.65505	-4.0345	-2.97066
75	75	85	4.31702	-5.67916	-4.07642
75	85	5	4.09512	-5.57633	-5.59472
75	85	15	3.69626	-3.92405	-4.18127
75	85	25	2.81585	-3.182	-3.1428
75	85	35	2.97183	-3.99346	-3.81306
75	85	45	2.97102	-5.23261	-5.43261
75	85	55	2.79311	-5.34248	-5.10444
75	85	65	2.95261	-5.02289	-4.62264
75	85	75	3.37516	-3.36767	-2.78596
75	85	85	3.32154	-4.13677	-3.49912
85	5	5	2.63425	-5.01065	-5.04989
85	5	15	2.85509	-4.51949	-4.49711
85	5	25	2.91111	-3.48923	-3.14926
85	5	35	3.00863	-3.7588	-3.2788
85	5	45	3.23222	-5.63386	-5.19505
85	5	55	2.80467	-5.26186	-5.0755
85	5	65	2.65172	-4.92204	-4.94274
85	5	75	2.89319	-3.47284	-3.77421
85	5	85	2.63507	-4.5949	-4.63574
85	15	5	2.83265	-5.25945	-5.18108
85	15	15	2.87543	-5.09716	-5.05597
85	15	25	2.73667	-4.49653	-4.47177
85	15	35	3.08022	-4.58767	-4.09807
85	15	45	4.17579	-6.3761	-5.3921
85	15	55	3.78986	-6.12333	-5.15897
85	15	65	3.67586	-5.74284	-5.26608
85	15	75	3.95488	-5.33764	-5.5407
85	15	85	3.57272	-5.85653	-5.2374
85	25	5	2.90463	-5.19193	-5.36314
85	25	15	2.83463	-5.06249	-5.26288
85	25	25	2.67391	-5.03203	-5.15009
85	25	35	2.6367	-4.63733	-4.71165
85	25	45	3.34916	-5.26898	-5.67165
85	25	55	3.56714	-5.82696	-5.23244
85	25	65	3.73897	-4.90577	-5.16546
85	25	75	3.2161	-4.8581	-4.79744
85	25	85	2.88543	-5.12178	-5.38738
85	35	5	2.79641	-5.12242	-5.32584
85	35	15	2.85437	-4.84167	-5.06474
85	35	25	3.23285	-4.31135	-4.91276
85	35	35	3.37263	-3.88502	-4.02503
85	35	45	3.76168	-5.85022	-5.52677
85	35	55	3.32543	-4.86942	-4.66783
85	35	65	3.20111	-3.48604	-3.88412
85	35	75	2.78031	-4.03726	-4.13287
85	35	85	3.05496	-5.08898	-5.58506
85	45	5	3.15465	-5.30128	-5.52489
85	45	15	3.47705	-5.0432	-5.52683
85	45	25	3.43352	-3.35404	-3.79407
85	45	35	3.91348	-3.15848	-4.35845
85	45	45	3.13876	-5.12514	-5.58782
85	45	55	3.04085	-3.866	-4.30661
85	45	65	2.87932	-2.79147	-3.13529
85	45	75	2.51042	-3.60295	-3.60245
85	45	85	3.14907	-5.1569	-5.59689
85	55	5	3.95419	-5.60182	-5.84023
85	55	15	3.25785	-4.94	-5.124
85	55	25	2.95268	-3.97078	-4.29161
85	55	35	3.55186	-4.35825	-5.35822
85	55	45	2.87666	-5.07183	-5.39739
85	55	55	3.37874	-4.66139	-5.40892
85	55	65	2.71796	-4.14173	-4.14846
85	55	75	3.05032	-4.7379	-4.23628
85	55	85	3.54861	-5.66721	-5.06642
85	65	5	3.39019	-5.27414	-5.67574
85	65	15	2.83949	-4.86466	-5.0594
85	65	25	2.71269	-3.95744	-4.07666
85	65	35	3.31227	-4.23048	-4.94925
85	65	45	3.43462	-5.09518	-6.01877
85	65	55	3.70308	-4.94208	-6.05333
85	65	65	2.78641	-4.80965	-4.83781
85	65	75	2.74549	-3.85211	-3.65778
85	65	85	2.87017	-4.81639	-4.74198
85	75	5	2.97574	-5.27411	-5.29024
85	75	15	2.77486	-4.64369	-4.58226
85	75	25	2.69197	-3.55533	-3.35523
85	75	35	2.75185	-3.28477	-3.28398
85	75	45	3.51143	-5.14997	-5.98956
85	75	55	3.42069	-5.10195	-5.9716
85	75	65	2.58285	-5.01365	-4.99905
85	75	75	2.67794	-3.36774	-3.40176
85	75	85	2.75969	-4.58638	-4.50258
85	85	5	2.83193	-5.20037	-5.16033
85	85	15	2.87589	-4.06458	-3.88213
85	85	25	2.61505	-3.05042	-2.86645
85	85	35	2.61224	-2.86797	-2.84635
85	85	45	3.37266	-5.05662	-5.87658
85	85	55	2.7184	-5.10206	-5.26929
85	85	65	2.55585	-4.84166	-4.8464
85	85	75	2.63244	-3.01488	-3.09618
85	85	85	2.61469	-4.03905	-4.06264
