5	5	5	0.112967	0.477982	-0.540792
5	5	15	0.101687	-0.587383	0.508858
5	5	25	0.620386	-0.245184	-1.97929
5	5	35	0.59096	-0.0671211	-2.64992
5	5	45	-0.00384	-0.218782	-0.487566
5	5	55	-0.618287	0.0565622	0.710606
5	5	65	-0.285721	0.0648469	2.38588
5	5	75	-0.719512	0.586423	1.7174
5	5	85	0.0771366	0.405177	-0.469163
5	15	5	-0.0447582	-1.60079	-0.0236181
5	15	15	-0.345961	-1.92779	-0.549498
5	15	25	0.306256	0.66484	-2.2509
5	15	35	-0.0216651	5.6445	-2.28975
5	15	45	0.0835387	3.31182	-0.433921
5	15	55	-0.598816	2.97092	0.670651
5	15	65	0.0772883	4.68751	1.92254
5	15	75	0.0239675	1.61761	3.04356
5	15	85	0.138727	-1.51179	0.45585
5	25	5	0.00271216	-2.79471	-0.343969
5	25	15	-0.117088	-2.52426	-0.121108
5	25	25	-0.432057	-1.01673	0.672202
5	25	35	-0.569086	3.3722	-0.983865
5	25	45	0.480845	3.0631	-0.12674
5	25	55	0.464319	3.1623	0.142526
5	25	65	-0.177088	3.62511	0.299003
5	25	75	-0.0680798	-1.33442	-0.757224
5	25	85	0.114656	-2.89862	-0.230142
5	35	5	0.155974	-3.43187	0.138506
5	35	15	0.241198	-5.02893	0.516643
5	35	25	0.356639	-3.74352	2.88603
5	35	35	0.134689	1.73919	0.69389
5	35	45	0.339993	1.78907	-0.379465
5	35	55	-0.118826	2.08019	-0.025649
5	35	65	-0.334578	1.53701	-0.479003
5	35	75	-0.266186	-3.63035	-2.43106
5	35	85	0.285591	-5.48831	-0.747267
5	45	5	-0.441952	-1.30586	0.0866467
5	45	15	-0.601705	-3.0992	1.08934
5	45	25	0.420952	-2.30667	3.81819
5	45	35	0.334442	0.560794	0.53381
5	45	45	0.183618	1.12869	-0.425633
5	45	55	-0.0914501	0.428653	0.672846
5	45	65	-0.0324722	0.0800985	-1.19645
5	45	75	-0.16908	-2.70477	-4.09832
5	45	85	-0.0929349	-3.23638	-1.04329
5	55	5	-0.648082	1.54035	0.0994669
5	55	15	-0.322368	3.58608	1.52958
5	55	25	0.0862878	3.33776	4.17958
5	55	35	-0.0530867	-0.369119	0.720685
5	55	45	0.10081	-0.755382	-0.42116
5	55	55	0.245864	-0.62519	0.447548
5	55	65	0.181935	-0.271442	0.0375795
5	55	75	-0.590319	2.88186	-3.93836
5	55	85	-0.84807	3.29722	-0.613856
5	65	5	-0.0585371	3.40997	-0.0563662
5	65	15	-0.393767	5.50303	0.708548
5	65	25	0.45524	4.13381	3.21513
5	65	35	0.124874	-0.875141	1.22393
5	65	45	-0.227855	-1.8074	-0.182
5	65	55	-0.419536	-1.79618	-0.0379099
5	65	65	0.261724	-0.818645	-1.55302
5	65	75	0.357001	4.3393	-2.8349
5	65	85	0.0531736	4.76647	-0.596616
5	75	5	-0.26908	2.47863	0.176787
5	75	15	-0.0907688	3.05394	-0.206194
5	75	25	0.528816	1.72504	0.552576
5	75	35	-0.816971	-3.77979	-0.710651
5	75	45	-0.0872507	-3.07827	-0.44614
5	75	55	0.063553	-3.32706	0.317382
5	75	65	0.036855	-3.87225	1.0206
5	75	75	-0.165169	1.17408	-1.04012
5	75	85	-0.518367	3.21826	-0.360902
5	85	5	0.0284728	1.92242	-0.141528
5	85	15	-0.362345	1.51341	-0.2159
5	85	25	0.423961	-1.62492	-3.36307
5	85	35	0.333171	-5.37474	-2.55008
5	85	45	-0.131129	-3.41149	-0.836788
5	85	55	-0.041452	-3.17664	0.6794
5	85	65	-0.477126	-5.59682	2.53056
5	85	75	-0.447878	-1.34448	2.48256
5	85	85	0.164729	2.21018	0.339411
15	5	5	2.83913	0.00666416	-0.0824635
15	5	15	4.74739	-0.0603357	1.80501
15	5	25	3.6232	0.585696	-1.67559
15	5	35	-2.68205	0.0189027	-1.27889
15	5	45	-1.77226	-0.0799288	-0.317526
15	5	55	-1.9248	-0.144695	0.574472
15	5	65	-2.82226	-0.00202352	1.59977
15	5	75	3.80054	0.410747	1.08864
15	5	85	4.78658	0.137913	-1.45071
15	15	5	1.06462	-1.36011	-0.083681
15	15	15	2.62231	-0.947488	-0.247176
15	15	25	3.18971	1.72838	-1.97322
15	15	35	-1.08211	3.71234	-0.684705
15	15	45	-1.46353	1.88851	-0.536434
15	15	55	-1.2972	1.70213	0.349221
15	15	65	-1.67493	3.59209	0.790247
15	15	75	3.79738	1.80147	1.68409
15	15	85	2.06214	-0.890672	0.426405
15	25	5	0.579538	-1.82439	-0.141232
15	25	15	0.947677	-1.62332	-0.855621
15	25	25	3.88164	-0.507311	-0.514399
15	25	35	1.47325	1.8798	0.115432
15	25	45	-0.0630688	1.52257	-0.10748
15	25	55	-0.000634579	1.66047	0.00258208
15	25	65	1.21006	2.07713	-0.271286
15	25	75	3.27131	0.0696343	0.25491
15	25	85	1.18684	-2.12557	0.437578
15	35	5	-0.597367	-1.70981	-0.118117
15	35	15	-0.840582	-3.15551	-0.163405
15	35	25	1.21154	-3.32528	1.34022
15	35	35	2.67373	0.0758831	1.5355
15	35	45	0.857428	1.14838	0.0313861
15	35	55	0.91074	1.04944	-0.281643
15	35	65	2.69867	-0.140934	-1.43025
15	35	75	1.65386	-3.16887	-1.36937
15	35	85	-0.908045	-2.83859	-0.0556517
15	45	5	-1.60293	-0.989029	0.20536
15	45	15	-2.36496	-1.70546	0.659277
15	45	25	0.0595566	-2.39226	1.65586
15	45	35	4.49571	-1.19108	0.650786
15	45	45	2.44457	0.5923	-0.791848
15	45	55	1.971	0.325531	0.641021
15	45	65	4.86858	-0.855098	-0.572172
15	45	75	0.516413	-1.4811	-0.528772
15	45	85	-2.25027	-1.50002	-0.46434
15	55	5	-1.62111	0.917108	0.264702
15	55	15	-2.58773	1.87177	1.03254
15	55	25	0.186589	2.46595	2.00578
15	55	35	5.48807	0.492675	0.973256
15	55	45	2.27982	-0.36622	-0.755136
15	55	55	1.80288	-0.223826	0.525023
15	55	65	5.16632	0.611978	-0.463396
15	55	75	1.29502	1.76994	-1.55174
15	55	85	-2.2979	2.08597	-0.0933635
15	65	5	-0.855092	1.66974	-0.246502
15	65	15	-1.07681	2.6238	0.238738
15	65	25	1.98676	3.75214	1.85941
15	65	35	2.39424	-0.248643	1.66307
15	65	45	0.653219	-1.02532	0.155177
15	65	55	0.651107	-1.20355	-0.0752682
15	65	65	2.71981	0.00253242	-1.8155
15	65	75	2.364	2.53069	-0.782835
15	65	85	-1.02487	2.39063	-0.0127178
15	75	5	0.402843	1.82577	-0.221254
15	75	15	1.48623	2.4684	-0.601717
15	75	25	3.15017	0.774396	-0.108104
15	75	35	0.988807	-1.99893	0.218983
15	75	45	-0.348092	-1.13927	0.297768
15	75	55	0.213852	-2.06354	-0.254018
15	75	65	1.63078	-2.46112	0.202688
15	75	75	2.84136	0.77339	-0.344162
15	75	85	0.986887	0.9321	0.892701
15	85	5	1.26475	1.01549	-0.138849
15	85	15	2.39922	0.701524	-0.618152
15	85	25	3.74788	-1.17523	-1.19672
15	85	35	-1.6961	-3.97173	-1.09689
15	85	45	-1.38916	-1.7954	0.0247469
15	85	55	-1.48113	-1.82537	0.498067
15	85	65	-1.22246	-2.96968	0.731721
15	85	75	3.06573	-1.15637	1.70598
15	85	85	2.05226	1.3687	0.554272
25	5	5	2.68408	0.294921	-0.301763
25	5	15	5.02135	0.489536	0.746982
25	5	25	2.44881	0.552185	0.62905
25	5	35	-4.17426	-0.00328096	-1.50502
25	5	45	-3.04037	0.158185	-0.33019
25	5	55	-3.14473	0.0179619	0.472677
25	5	65	-4.07008	0.0571126	1.41202
25	5	75	2.33955	0.282888	-0.277004
25	5	85	4.42901	-0.0288234	-1.01332
25	15	5	1.00213	0.0813569	-0.0835594
25	15	15	2.36358	1.12812	-0.156829
25	15	25	1.63344	2.13856	-0.292048
25	15	35	-2.27461	2.32172	0.230389
25	15	45	-1.75175	0.61206	0.496505
25	15	55	-1.66061	0.777234	-0.134048
25	15	65	-1.97255	2.35574	-0.3902
25	15	75	1.28881	2.2613	0.33799
25	15	85	2.09046	0.932796	0.412466
25	25	5	0.11964	-0.343778	-0.18241
25	25	15	0.139102	-0.102507	-0.946017
25	25	25	0.219096	0.420279	-0.558743
25	25	35	0.522674	0.520297	1.30272
25	25	45	-0.240573	0.618559	0.723533
25	25	55	-0.122158	0.382101	-0.48074
25	25	65	0.193866	1.12041	-0.625514
25	25	75	0.659105	-0.217308	0.241572
25	25	85	0.199568	0.0194121	0.82597
25	35	5	-0.96815	-0.721039	-0.0367758
25	35	15	-1.36888	-1.39236	-0.639399
25	35	25	-0.727389	-2.21236	0.340596
25	35	35	1.22534	-1.26752	1.36515
25	35	45	1.04949	-0.259297	0.583676
25	35	55	0.727919	-0.118526	0.0785275
25	35	65	1.30487	-1.68815	-1.24155
25	35	75	-0.120963	-2.01229	0.17953
25	35	85	-1.76752	-1.45022	0.862651
25	45	5	-2.08917	-0.468179	0.0552962
25	45	15	-3.1992	-1.46304	0.214079
25	45	25	-1.79776	-2.29502	0.329229
25	45	35	5.04207	-2.13733	-0.466807
25	45	45	2.81832	-0.161812	-0.440669
25	45	55	2.68346	-0.241404	0.196151
25	45	65	4.57654	-1.73573	-0.304991
25	45	75	-1.77967	-1.5994	-0.566563
25	45	85	-3.57281	-1.51942	-0.477743
25	55	5	-1.70911	0.271035	0.0115123
25	55	15	-3.62367	0.916967	0.378294
25	55	25	-1.21177	1.76724	0.131941
25	55	35	4.22269	1.60367	-0.442757
25	55	45	3.15862	0.402932	-0.527918
25	55	55	2.88015	0.350347	0.339133
25	55	65	4.15736	1.54139	-0.350959
25	55	75	-1.51692	1.59857	-0.593964
25	55	85	-3.21985	0.933252	-0.18609
25	65	5	-0.587411	0.520404	0.144774
25	65	15	-1.15737	1.27155	-0.842572
25	65	25	-0.179023	1.99392	0.059444
25	65	35	1.99856	1.36429	1.1403
25	65	45	0.70674	0.161774	0.56346
25	65	55	0.709949	0.222815	-0.780692
25	65	65	1.73011	1.36939	-0.960301
25	65	75	-0.0585433	1.65512	0.481108
25	65	85	-0.812073	1.08789	0.886181
25	75	5	0.0412067	0.181757	0.0379971
25	75	15	0.599064	0.10094	-1.12649
25	75	25	0.743025	-0.381862	-0.459582
25	75	35	0.560299	-0.220746	1.12515
25	75	45	0.0174269	-0.181253	0.662318
25	75	55	-0.282565	-0.260838	-0.525596
25	75	65	0.400585	-0.741561	-1.02511
25	75	75	0.561497	-0.479549	0.240351
25	75	85	0.519577	0.0405161	1.24244
25	85	5	1.13354	0.336979	-0.119186
25	85	15	2.13954	-0.599178	-0.810087
25	85	25	0.923622	-2.25198	-0.523996
25	85	35	-2.21424	-2.33494	-0.0499382
25	85	45	-1.53461	-0.890051	0.395241
25	85	55	-1.86113	-0.973971	-0.0936485
25	85	65	-1.80866	-1.97777	-0.4087
25	85	75	2.13478	-2.02856	-0.265691
25	85	85	2.47712	-0.970736	0.363338
35	5	5	1.90135	0.0411128	-0.136194
35	5	15	2.64797	0.243615	0.17923
35	5	25	1.34351	0.601706	1.36905
35	5	35	-5.63504	-0.262873	0.0315098
35	5	45	-3.28246	0.141639	-0.652006
35	5	55	-3.1531	0.445126	0.596344
35	5	65	-5.60476	-0.213208	-0.0202864
35	5	75	0.996867	0.25791	-0.554851
35	5	85	2.72924	-0.276632	-0.772431
35	15	5	1.23525	0.897147	-0.0715293
35	15	15	1.75927	2.06572	0.0331102
35	15	25	-0.134304	2.3043	0.1815
35	15	35	-3.89412	0.787217	0.453016
35	15	45	-1.61556	-0.615876	-0.0223405
35	15	55	-1.72547	-0.935667	0.184443
35	15	65	-4.28688	0.218944	-1.36628
35	15	75	-1.45428	2.61243	0.238068
35	15	85	1.86495	2.06465	0.328594
35	25	5	-0.001286	0.848016	-0.221904
35	25	15	-0.34209	0.766731	-0.643071
35	25	25	-2.3746	1.02052	-0.436686
35	25	35	-2.57342	-0.649467	0.917451
35	25	45	-0.280295	-0.746521	0.242973
35	25	55	-0.100258	-0.267	-0.204179
35	25	65	-1.22782	-0.228191	-1.16455
35	25	75	-2.51825	0.703675	-0.190881
35	25	85	-0.301653	1.0694	1.06227
35	35	5	-0.64575	0.7308	0.157593
35	35	15	-1.63365	0.344208	-0.929325
35	35	25	-2.75651	-1.33063	-1.02334
35	35	35	-0.0735852	-2.42081	0.40051
35	35	45	1.23238	-1.74958	0.302725
35	35	55	0.993692	-1.16786	-0.0964574
35	35	65	0.406232	-2.16923	-0.680408
35	35	75	-3.12064	-1.36537	1.34394
35	35	85	-2.07262	0.868313	0.908232
35	45	5	-2.40204	0.0883294	-0.0780474
35	45	15	-4.92045	-0.267937	0.794726
35	45	25	-3.65959	-1.92698	-0.553591
35	45	35	2.97191	-2.22267	-0.868725
35	45	45	2.3091	-0.729069	-0.199754
35	45	55	1.95306	-0.930686	0.487973
35	45	65	2.08433	-2.05704	0.107396
35	45	75	-3.88863	-1.36937	0.661327
35	45	85	-4.28086	-0.307928	0.0528032
35	55	5	-2.22561	-0.794861	-0.0407189
35	55	15	-4.56633	-0.641783	0.10651
35	55	25	-4.31127	0.742629	0.931249
35	55	35	3.15575	2.03302	-1.0412
35	55	45	2.18807	0.791975	-0.14858
35	55	55	1.95205	0.877724	0.320256
35	55	65	2.51724	1.91656	0.553183
35	55	75	-3.29247	1.21931	0.21632
35	55	85	-4.32962	-0.310265	-0.715936
35	65	5	-0.569798	-0.692872	-0.0619752
35	65	15	-1.75333	-0.492233	-0.995716
35	65	25	-2.33665	1.10569	-1.24758
35	65	35	0.712984	2.23528	0.0568312
35	65	45	1.23732	1.31146	-0.00502416
35	65	55	0.919838	1.19115	0.017555
35	65	65	0.566551	2.49686	-0.617256
35	65	75	-2.28382	1.27056	1.68202
35	65	85	-2.21503	-0.309144	1.16251
35	75	5	0.405202	-0.86404	0.00038304
35	75	15	-0.420067	-1.04392	-1.18704
35	75	25	-2.85422	-0.153936	-0.70689
35	75	35	-1.50942	0.362225	0.27822
35	75	45	-0.364666	0.649193	0.520699
35	75	55	-0.203963	0.42365	-0.239913
35	75	65	-1.29222	0.603824	-1.22026
35	75	75	-2.39654	-0.957194	0.030335
35	75	85	0.0570468	-1.02504	1.22505
35	85	5	1.53683	-0.875653	-0.00331856
35	85	15	1.58569	-1.46875	0.15066
35	85	25	-1.77469	-1.89132	0.320395
35	85	35	-4.06117	-0.457401	0.28838
35	85	45	-1.10975	0.189867	0.000604
35	85	55	-1.57332	0.493803	0.171259
35	85	65	-4.45412	-1.04263	-1.61299
35	85	75	-0.798696	-2.57683	-0.418556
35	85	85	1.56125	-2.20015	0.39154
45	5	5	1.4419	-0.0604259	0.0972107
45	5	15	1.58297	-0.308478	0.66182
45	5	25	-0.243873	-0.0512866	4.14463
45	5	35	-3.64384	-0.107831	2.07899
45	5	45	-1.62115	0.252818	-0.994476
45	5	55	-1.33216	0.752392	0.652461
45	5	65	-3.5217	1.10519	-1.10119
45	5	75	0.585323	0.25192	-3.85702
45	5	85	1.74621	-0.0737387	-1.34382
45	15	5	0.69854	2.3641	0.668885
45	15	15	0.708516	4.12516	0.690786
45	15	25	-0.610792	3.95255	2.99826
45	15	35	-2.53432	-0.830685	0.315815
45	15	45	-0.726015	-1.03755	-0.0661822
45	15	55	-0.892133	-1.43085	0.284856
45	15	65	-2.6426	-0.406207	-1.87161
45	15	75	-0.995646	4.3986	-3.42057
45	15	85	1.06257	3.70328	-0.282974
45	25	5	0.000479142	2.57633	0.242022
45	25	15	-0.418448	3.46227	0.332013
45	25	25	-1.8998	2.80653	1.76451
45	25	35	-2.05093	-2.69123	-0.601442
45	25	45	-0.372518	-1.99276	0.0037864
45	25	55	-0.308509	-2.22923	0.0626075
45	25	65	-1.73295	-2.44585	0.0297901
45	25	75	-2.34597	0.70415	-0.190673
45	25	85	-0.611639	3.02889	-0.0847472
45	35	5	-0.785948	2.29509	0.22035
45	35	15	-1.17532	1.81661	-0.551753
45	35	25	-2.01976	-0.998493	-1.87492
45	35	35	-0.631069	-5.18619	-1.73937
45	35	45	0.452334	-2.70261	0.318551
45	35	55	0.317508	-3.03148	0.199822
45	35	65	0.0339944	-4.20924	1.81914
45	35	75	-2.41507	-1.68878	2.34405
45	35	85	-1.09457	1.59212	0.53702
45	45	5	-1.1927	0.932138	-0.140384
45	45	15	-2.17024	1.26837	0.216149
45	45	25	-2.81889	-0.40712	-1.64653
45	45	35	1.38879	-3.69646	-2.51874
45	45	45	0.549446	-1.57508	-0.231757
45	45	55	1.33376	-1.72943	0.477927
45	45	65	2.51838	-3.63044	2.23715
45	45	75	-2.08685	-1.32298	2.30927
45	45	85	-2.51412	0.765393	-0.642371
45	55	5	-1.15956	-0.926316	-0.136001
45	55	15	-2.27568	-1.57618	0.129388
45	55	25	-2.84573	1.75982	-2.21689
45	55	35	1.21378	4.12513	-2.3416
45	55	45	0.858459	1.30393	-0.680551
45	55	55	0.822018	1.70096	0.214927
45	55	65	2.31486	3.34212	2.02428
45	55	75	-3.29809	1.87708	1.72541
45	55	85	-2.38097	-1.25747	-0.475044
45	65	5	-0.675373	-2.03872	0.0367035
45	65	15	-1.01362	-1.96219	-0.499503
45	65	25	-2.36756	0.464696	-2.6543
45	65	35	-0.209516	5.57934	-2.52544
45	65	45	0.288113	3.55342	-0.410719
45	65	55	0.535429	2.88325	0.0465102
45	65	65	0.467899	4.91321	1.78366
45	65	75	-2.34549	0.778421	1.91462
45	65	85	-1.06885	-1.99336	0.335812
45	75	5	0.174454	-2.46441	0.181957
45	75	15	-0.535961	-3.42907	-0.207848
45	75	25	-3.24414	-0.133267	-0.503004
45	75	35	-1.5373	3.22058	-1.84415
45	75	45	-0.66366	2.60149	-0.780389
45	75	55	-0.399199	2.41718	-0.0827518
45	75	65	-1.41154	2.24455	0.51122
45	75	75	-2.49259	-1.2402	-0.391072
45	75	85	-0.0739434	-3.12659	0.0131973
45	85	5	1.02588	-2.16652	-0.0550525
45	85	15	1.1873	-3.40951	0.761803
45	85	25	-1.14726	-2.81321	2.17383
45	85	35	-2.62349	1.1447	1.02295
45	85	45	-0.784388	1.18318	0.0514011
45	85	55	-0.780788	1.32092	-0.179751
45	85	65	-2.66562	0.472343	-1.83152
45	85	75	-1.08234	-4.67518	-3.31301
45	85	85	1.86322	-4.00354	-0.579757
55	5	5	-0.845962	-0.160767	-0.299654
55	5	15	-0.819778	-0.15437	0.777188
55	5	25	0.0913983	-0.316159	4.04479
55	5	35	3.38437	0.212982	0.720415
55	5	45	1.46613	0.211641	-0.393126
55	5	55	1.36064	0.18688	0.829351
55	5	65	4.09594	1.15594	-1.11977
55	5	75	0.111644	-0.554073	-3.79804
55	5	85	-1.88068	0.176053	-1.2382
55	15	5	-0.48813	1.78337	0.160395
55	15	15	-0.960752	3.02545	0.509868
55	15	25	1.40615	3.08339	2.45869
55	15	35	2.48814	-0.759191	1.27205
55	15	45	0.98781	-1.34798	-0.122688
55	15	55	1.19411	-1.5391	0.228294
55	15	65	3.40741	-1.10623	-2.11038
55	15	75	0.98408	3.33554	-2.63514
55	15	85	-0.828308	4.46473	-1.00726
55	25	5	0.000480218	2.25361	0.181928
55	25	15	0.630168	3.01021	0.00630912
55	25	25	2.8821	2.00209	1.06395
55	25	35	1.95474	-2.2353	-0.0408133
55	25	45	0.342416	-2.02501	-0.0575435
55	25	55	0.841607	-2.81885	-0.0230589
55	25	65	2.05469	-3.20316	0.727489
55	25	75	2.81823	1.91456	-0.655047
55	25	85	0.16235	3.39298	-0.0418235
55	35	5	0.848431	1.89908	0.038304
55	35	15	1.35584	2.64012	-0.473834
55	35	25	2.54384	-0.852454	-1.60399
55	35	35	0.061576	-4.6509	-1.27286
55	35	45	0.00511397	-2.80595	-0.104671
55	35	55	-0.399859	-3.07846	-0.0398512
55	35	65	-0.0481219	-4.60338	1.33235
55	35	75	2.88181	-0.278006	1.7882
55	35	85	1.15725	2.18637	0.647973
55	45	5	1.00342	1.01915	-0.0225466
55	45	15	1.91598	0.626098	0.455373
55	45	25	2.36923	-0.969167	-2.24242
55	45	35	-2.51853	-3.60238	-1.9733
55	45	45	-0.955048	-1.37699	-0.281007
55	45	55	-1.03304	-1.55419	0.510142
55	45	65	-1.14848	-3.17949	1.41635
55	45	75	2.5834	-1.62326	2.47983
55	45	85	2.17566	0.997748	-0.269436
55	55	5	0.807466	-0.776804	-0.238409
55	55	15	2.65878	-1.70891	-0.283355
55	55	25	2.85189	1.61386	-0.975965
55	55	35	-2.28755	3.41693	-1.55751
55	55	45	-0.716406	1.21418	-0.0385509
55	55	55	-0.964398	1.52269	0.449118
55	55	65	-1.37155	3.10284	1.57821
55	55	75	3.28522	0.970975	1.49637
55	55	85	2.31369	-0.76536	-0.252
55	65	5	0.626948	-1.96234	0.280501
55	65	15	1.45704	-2.13217	-0.478435
55	65	25	2.20762	0.351994	-1.93395
55	65	35	-0.0813465	4.48483	-1.38849
55	65	45	-0.344835	2.58019	-0.440255
55	65	55	0.131388	3.08035	0.132613
55	65	65	-0.0261145	4.45356	1.46064
55	65	75	2.65808	0.370437	1.69864
55	65	85	1.1884	-2.06614	0.356716
55	75	5	0.48259	-2.91973	0.0416126
55	75	15	0.565406	-3.44916	0.00872384
55	75	25	2.81439	-1.15642	0.616635
55	75	35	1.18471	2.98208	-0.763577
55	75	45	0.198255	2.25205	0.0605531
55	75	55	0.488084	2.29346	0.061309
55	75	65	1.33825	2.31522	-0.0906848
55	75	75	2.56218	-1.46982	-0.768555
55	75	85	0.829669	-3.67139	-0.23249
55	85	5	-0.716554	-2.51008	0.365083
55	85	15	-0.818	-3.90835	0.686641
55	85	25	1.12573	-3.57069	3.28493
55	85	35	2.54334	0.645425	1.01452
55	85	45	0.656837	1.54414	-0.251408
55	85	55	1.06533	1.29364	0.0461834
55	85	65	2.51563	0.671833	-1.6788
55	85	75	0.1224	-4.00739	-3.57162
55	85	85	-1.12284	-4.07047	-1.1798
65	5	5	-2.01217	-0.118672	0.0672072
65	5	15	-2.99175	-0.109985	0.577831
65	5	25	-0.842042	-0.263215	1.17223
65	5	35	6.2591	0.351184	-0.366499
65	5	45	3.21848	-0.041856	-0.532712
65	5	55	3.71517	-0.164024	0.695485
65	5	65	6.31002	0.0543434	0.692281
65	5	75	0.291381	-0.608062	0.245133
65	5	85	-3.24059	0.296951	-0.23135
65	15	5	-1.59079	1.19438	-0.0831218
65	15	15	-1.67968	1.55976	-0.10294
65	15	25	1.12004	1.9376	0.241456
65	15	35	4.19517	1.32348	0.85284
65	15	45	1.99621	-0.648581	0.10885
65	15	55	1.63436	-0.811565	0.147928
65	15	65	4.52638	-0.101413	-0.597199
65	15	75	1.40957	1.81007	0.113452
65	15	85	-1.71967	2.08433	0.2707
65	25	5	-0.298819	0.565606	-0.16003
65	25	15	0.362948	1.20383	-0.965046
65	25	25	2.92034	0.464491	-0.184365
65	25	35	1.85504	-0.467554	1.19939
65	25	45	0.263092	-0.566873	0.659881
65	25	55	0.324296	-0.386017	-0.483139
65	25	65	1.84383	-0.2098	-1.34016
65	25	75	2.71334	0.739975	0.485569
65	25	85	0.297642	0.725053	0.747375
65	35	5	0.715076	0.895516	-0.00237552
65	35	15	1.83697	0.816639	-0.822886
65	35	25	3.17815	-1.72698	-1.22589
65	35	35	-0.504185	-2.51839	0.197663
65	35	45	-1.03216	-1.29034	0.258505
65	35	55	-0.930814	-1.3235	-0.0621866
65	35	65	-0.538895	-2.31131	-0.239224
65	35	75	2.23309	-1.50136	0.999558
65	35	85	2.13335	0.264505	1.36218
65	45	5	2.0626	0.202979	-0.328368
65	45	15	4.43575	0.0247621	0.146941
65	45	25	2.64248	-1.68777	-0.77391
65	45	35	-2.95652	-2.26392	-0.293211
65	45	45	-1.92186	-1.1111	-0.252671
65	45	55	-1.98704	-1.08036	0.304138
65	45	65	-2.91561	-1.67772	0.571087
65	45	75	3.46195	-0.873491	0.20948
65	45	85	4.7221	0.282056	-0.503385
65	55	5	2.25659	-0.511149	-0.277152
65	55	15	4.66432	-0.0840389	-0.410418
65	55	25	3.26177	1.51003	-0.568629
65	55	35	-3.3125	2.09092	-0.795171
65	55	45	-2.35873	0.93111	-0.420673
65	55	55	-2.12944	0.831019	0.201373
65	55	65	-2.81323	2.14707	0.637229
65	55	75	3.22895	0.932083	0.179097
65	55	85	4.46411	0.0973859	0.053136
65	65	5	0.648301	-0.827153	0.100375
65	65	15	1.93932	-0.780255	-0.702893
65	65	25	2.73736	0.484124	-0.438461
65	65	35	-0.346741	2.09134	0.484018
65	65	45	-1.01575	1.25031	0.0569051
65	65	55	-1.07515	1.17547	-0.161821
65	65	65	-1.01184	3.05572	-0.205223
65	65	75	2.21661	1.14709	1.24847
65	65	85	1.89135	-0.626513	0.98295
65	75	5	0.0384054	-1.06556	0.102737
65	75	15	0.322763	-0.929606	-0.582079
65	75	25	2.66151	-1.12166	0.0617296
65	75	35	1.79264	0.307458	0.983791
65	75	45	0.102269	0.548034	0.642686
65	75	55	0.519114	0.528056	-0.44233
65	75	65	2.08781	0.497047	-0.987022
65	75	75	2.51744	-0.519976	0.562664
65	75	85	0.327643	-1.02631	0.784265
65	85	5	-1.41632	-1.05918	0.0830186
65	85	15	-2.11739	-1.98592	-0.364898
65	85	25	0.578776	-1.59646	0.0199093
65	85	35	4.06077	-0.461715	1.23323
65	85	45	1.2458	-0.0318763	0.100034
65	85	55	1.95418	0.332932	-0.377673
65	85	65	4.60109	-0.54621	-1.13286
65	85	75	0.918807	-2.48249	-0.505396
65	85	85	-1.80126	-1.70193	-0.0753731
75	5	5	-3.09041	0.0394464	0.0856306
75	5	15	-4.71398	0.0415194	0.582703
75	5	25	-2.60958	-0.121399	0.852988
75	5	35	3.97004	-0.227287	-0.961172
75	5	45	2.97468	-0.116881	-0.443172
75	5	55	2.85714	-0.150326	0.791101
75	5	65	3.8382	-0.259558	-0.00642576
75	5	75	-2.38386	-0.150443	-0.379714
75	5	85	-4.8833	0.123065	-0.575621
75	15	5	-1.16535	-0.0606475	-0.241944
75	15	15	-2.11687	0.71153	-0.694548
75	15	25	-1.1088	2.29367	-0.0607659
75	15	35	2.55521	2.54514	0.0562922
75	15	45	1.991	0.986863	0.375562
75	15	55	1.67734	1.11813	0.223215
75	15	65	2.20954	2.42364	-0.591503
75	15	75	-1.1071	2.05725	0.537574
75	15	85	-2.53631	0.680331	1.29209
75	25	5	0.038314	-0.203037	-0.060329
75	25	15	-0.519585	-0.200517	-1.08714
75	25	25	-0.678745	0.614759	-0.380039
75	25	35	-0.244241	0.3396	1.24556
75	25	45	0.422207	0.27879	0.685164
75	25	55	0.182237	0.440511	-0.643547
75	25	65	0.201676	0.719944	-1.46231
75	25	75	-0.200783	0.620711	0.316822
75	25	85	-0.560823	-0.26134	0.627087
75	35	5	0.98932	-0.460298	0.0776664
75	35	15	1.28846	-1.00463	-1.00824
75	35	25	0.0439025	-1.55113	-0.397037
75	35	35	-2.21091	-1.13229	1.44358
75	35	45	-0.747877	-0.162912	0.523513
75	35	55	-0.684679	-0.0444646	-0.302666
75	35	65	-1.87257	-1.97184	-1.38105
75	35	75	-0.376595	-2.05472	0.358765
75	35	85	1.29329	-1.31355	0.322177
75	45	5	2.06506	-0.396528	0.0440091
75	45	15	3.42145	-1.28618	0.253681
75	45	25	1.06503	-1.85655	0.303114
75	45	35	-4.33828	-1.56511	-0.355534
75	45	45	-2.71857	-0.517944	-0.243664
75	45	55	-2.34206	0.142198	-0.0496248
75	45	65	-4.35719	-1.63093	-0.128188
75	45	75	1.21086	-2.39088	-0.227796
75	45	85	3.77187	-1.20094	-0.6244
75	55	5	1.97588	0.353716	-0.097617
75	55	15	3.83352	1.22298	0.00605568
75	55	25	1.00826	1.87807	0.243685
75	55	35	-4.33509	1.51563	-0.0415568
75	55	45	-3.04091	0.5401	0.051737
75	55	55	-2.43781	0.567399	0.321896
75	55	65	-5.00272	1.53865	0.539851
75	55	75	0.565769	2.22777	0.136741
75	55	85	3.34751	1.03615	0.216513
75	65	5	1.02608	0.402712	-0.100842
75	65	15	1.34803	1.20388	-0.820254
75	65	25	0.423805	1.87112	-0.279472
75	65	35	-1.74565	1.34505	1.20638
75	65	45	-0.647574	0.340071	0.501032
75	65	55	-0.625522	-0.0174966	-0.50237
75	65	65	-1.7737	1.73063	-1.04437
75	65	75	0.176911	1.69748	0.0380029
75	65	85	1.29062	1.36432	0.984139
75	75	5	-0.123225	0.00306924	0.144376
75	75	15	-0.699958	0.0993724	-1.16638
75	75	25	-1.03753	-0.760008	-0.322458
75	75	35	0.197294	-0.757499	1.00318
75	75	45	0.300213	-0.34079	0.541186
75	75	55	0.362127	-0.380832	-0.863638
75	75	65	-0.216665	-0.921251	-1.37031
75	75	75	-0.483162	-0.238733	0.500079
75	75	85	-0.281511	0.320489	0.74482
75	85	5	-1.34256	-0.137379	0.174369
75	85	15	-2.36792	-0.510875	-0.540908
75	85	25	-1.41667	-2.0836	-0.264014
75	85	35	2.33836	-2.30116	0.105039
75	85	45	1.61456	-0.568382	0.274713
75	85	55	1.75286	-1.25133	-0.0557074
75	85	65	2.05879	-2.98731	-0.56956
75	85	75	-1.46968	-2.39285	-0.119708
75	85	85	-2.36567	-0.874306	0.596117
85	5	5	-2.37508	-0.101073	-0.238562
85	5	15	-3.90889	-0.297031	0.61385
85	5	25	-3.90448	0.22724	-0.873166
85	5	35	3.46434	0.103495	-1.13563
85	5	45	1.52542	0.236024	-0.45463
85	5	55	1.88471	0.0959131	0.594334
85	5	65	2.18648	0.0128971	0.673594
85	5	75	-4.02347	-0.530866	0.264158
85	5	85	-4.46975	-0.654833	-0.600459
85	15	5	-1.06388	-1.21919	0.0812947
85	15	15	-2.32788	-1.52945	-0.382676
85	15	25	-3.39782	1.0074	-1.62373
85	15	35	1.35086	3.06722	-0.553376
85	15	45	1.46468	1.80218	-0.245612
85	15	55	1.26292	1.68715	-0.087947
85	15	65	1.02004	2.72799	0.223774
85	15	75	-3.18093	0.871238	1.14605
85	15	85	-2.55169	-1.07646	0.603751
85	25	5	-0.584908	-1.48609	0.19988
85	25	15	-0.88439	-1.20661	-0.692317
85	25	25	-3.59804	-0.215039	-0.551421
85	25	35	-1.97885	1.9398	0.998601
85	25	45	-0.111354	1.1458	0.294928
85	25	55	0.464597	1.54642	-0.134596
85	25	65	-1.1504	2.24315	-0.470566
85	25	75	-3.02844	-0.432342	-0.147849
85	25	85	-1.0269	-1.9185	0.857953
85	35	5	0.731295	-1.8237	-0.0823989
85	35	15	0.412992	-2.05275	-0.216605
85	35	25	-1.65802	-2.4477	1.42425
85	35	35	-2.84338	0.220364	1.43633
85	35	45	-1.05076	1.4524	0.347442
85	35	55	-1.23725	1.51634	-0.129569
85	35	65	-2.91865	0.61578	-0.660407
85	35	75	-2.15544	-2.18065	-0.0066936
85	35	85	1.21433	-3.10628	-0.0746339
85	45	5	1.44241	-0.823718	-0.0237272
85	45	15	2.27942	-1.88017	0.802684
85	45	25	0.101067	-2.07506	1.39064
85	45	35	-5.62047	0.00253878	0.956104
85	45	45	-2.24379	0.909467	-0.610518
85	45	55	-2.2158	0.431467	0.787824
85	45	65	-5.20387	-0.391611	-0.316822
85	45	75	-0.132532	-2.75068	-1.8296
85	45	85	2.86047	-2.52903	-0.4851
85	55	5	1.40015	1.05382	-0.00287856
85	55	15	2.51102	2.0523	0.782696
85	55	25	-0.649422	1.92487	1.17532
85	55	35	-5.36118	-0.0996841	0.155249
85	55	45	-1.99508	-0.28666	-0.29076
85	55	55	-2.17419	-0.505018	0.831021
85	55	65	-4.89606	0.00809706	-0.330277
85	55	75	-0.250349	2.28757	-1.99517
85	55	85	3.0215	1.73762	-0.808211
85	65	5	1.17257	1.79657	-0.35806
85	65	15	0.859207	2.67299	-0.247518
85	65	25	-1.55756	2.64476	1.54992
85	65	35	-3.14429	-0.305538	1.11021
85	65	45	-0.814702	-1.17238	-0.0684038
85	65	55	-1.2318	-1.49365	-0.272819
85	65	65	-2.75337	-0.938667	-1.18422
85	65	75	-2.03514	2.2767	-1.19484
85	65	85	1.11926	2.81908	-0.0486277
85	75	5	-0.587554	1.62479	0.185126
85	75	15	-1.15361	1.00513	-0.555284
85	75	25	-2.90657	0.390743	-0.245278
85	75	35	-1.54965	-2.75763	0.0698083
85	75	45	-0.0945968	-1.64051	0.0712238
85	75	55	0.0729423	-1.7245	-0.0580942
85	75	65	-1.08846	-2.10971	-0.0875661
85	75	75	-3.92904	0.713894	0.435853
85	75	85	-1.1309	1.39362	0.676893
85	85	5	-1.36255	1.43125	-0.319894
85	85	15	-2.49147	1.03356	-0.342596
85	85	25	-3.34406	-1.33966	-1.44439
85	85	35	1.64063	-3.71006	-0.963881
85	85	45	1.7395	-1.62618	-0.275621
85	85	55	1.3639	-1.79051	0.213767
85	85	65	1.52836	-3.97165	1.06449
85	85	75	-3.66542	-0.874295	1.22629
85	85	85	-2.1627	1.31432	0.467447
