5	5	5	3.16865	-5.15802	-5.10284
5	5	15	2.95463	-5.26186	-5.25826
5	5	25	3.61504	-5.20308	-6.05982
5	5	35	2.88994	-4.78232	-4.91783
5	5	45	2.74453	-3.76857	-3.58174
5	5	55	2.9772	-3.15679	-2.7708
5	5	65	3.31467	-4.32164	-3.72124
5	5	75	3.98792	-6.03242	-5.63729
5	5	85	3.54544	-5.55391	-5.40431
5	15	5	2.75493	-5.04232	-5.08485
5	15	15	2.67365	-5.00183	-5.12082
5	15	25	2.85185	-5.0428	-5.34197
5	15	35	2.59309	-5.00192	-4.9655
5	15	45	2.69181	-3.6405	-3.50109
5	15	55	3.17619	-3.11359	-2.73085
5	15	65	3.55356	-4.43571	-3.56604
5	15	75	3.62077	-5.43953	-5.91071
5	15	85	3.4195	-5.18928	-5.72324
5	25	5	2.77392	-4.54172	-4.72446
5	25	15	2.61305	-4.31966	-4.38085
5	25	25	2.91222	-4.48003	-4.45963
5	25	35	2.95743	-4.54199	-4.1468
5	25	45	3.10059	-3.24725	-3.10322
5	25	55	4.03284	-3.34457	-4.03451
5	25	65	2.91684	-4.40515	-4.55185
5	25	75	3.03797	-5.15115	-5.51306
5	25	85	3.35359	-5.10334	-5.86444
5	35	5	3.09706	-3.82285	-3.64648
5	35	15	3.29823	-3.44522	-2.94283
5	35	25	3.07664	-4.11314	-3.83072
5	35	35	2.84665	-4.75018	-4.55856
5	35	45	3.29727	-3.67725	-4.33944
5	35	55	3.88435	-3.77634	-5.02916
5	35	65	3.45714	-5.04291	-5.66968
5	35	75	2.837	-5.11853	-5.44408
5	35	85	3.43668	-5.04242	-5.56725
5	45	5	3.95194	-3.2537	-4.2425
5	45	15	3.7163	-3.99121	-4.37319
5	45	25	2.96587	-4.21865	-4.30304
5	45	35	2.8007	-4.40845	-4.61651
5	45	45	3.43677	-4.19594	-5.08165
5	45	55	2.9827	-4.55627	-4.98795
5	45	65	3.27498	-4.97818	-5.66063
5	45	75	2.82249	-5.10246	-5.37086
5	45	85	3.22551	-4.81203	-5.38651
5	55	5	5.68905	-4.35076	-5.32092
5	55	15	5.65102	-6.06143	-5.79267
5	55	25	4.13759	-5.54179	-4.80649
5	55	35	3.58276	-4.57102	-4.44189
5	55	45	3.30075	-4.09841	-4.32729
5	55	55	3.05834	-4.81753	-5.10485
5	55	65	3.73143	-5.21003	-5.78962
5	55	75	4.02348	-5.7009	-5.96924
5	55	85	4.74297	-5.48549	-5.91048
5	65	5	5.06405	-3.81415	-4.98134
5	65	15	5.02153	-5.50785	-6.53259
5	65	25	4.17428	-5.61732	-5.79408
5	65	35	3.98114	-4.86933	-5.41183
5	65	45	3.18876	-3.94564	-4.17939
5	65	55	2.97437	-4.91919	-4.78012
5	65	65	3.69063	-4.97112	-5.81113
5	65	75	3.53589	-5.3405	-5.84445
5	65	85	4.62836	-4.46291	-5.73841
5	75	5	4.23505	-4.26443	-4.80926
5	75	15	4.31144	-5.57735	-5.89895
5	75	25	4.45147	-5.73934	-6.30847
5	75	35	4.33318	-4.9157	-5.89009
5	75	45	3.37448	-4.08438	-3.92619
5	75	55	3.21367	-4.71402	-4.09664
5	75	65	3.73062	-5.70362	-5.30362
5	75	75	4.17306	-5.67522	-6.09767
5	75	85	3.94343	-4.88193	-5.43433
5	85	5	3.45305	-5.15284	-4.97405
5	85	15	3.44908	-5.37211	-5.67166
5	85	25	4.41582	-5.48995	-6.50908
5	85	35	3.95703	-5.22796	-5.49795
5	85	45	3.45801	-4.63829	-4.08609
5	85	55	3.28199	-4.10148	-3.45045
5	85	65	3.33703	-4.874	-4.33121
5	85	75	4.13304	-5.77814	-5.99857
5	85	85	4.27623	-5.90218	-5.78658
15	5	5	2.91432	-3.86251	-3.50006
15	5	15	2.68544	-4.84666	-4.91226
15	5	25	3.54222	-5.19267	-6.00147
15	5	35	3.46229	-4.30255	-5.13061
15	5	45	2.56205	-3.11561	-3.12183
15	5	55	2.63717	-2.72385	-2.79864
15	5	65	2.81038	-3.34594	-3.20982
15	5	75	3.59676	-5.58951	-5.02461
15	5	85	3.09556	-3.66607	-3.28396
15	15	5	2.61789	-3.88648	-3.81968
15	15	15	2.57495	-5.04036	-5.05643
15	15	25	3.41281	-5.12215	-5.94197
15	15	35	2.75806	-4.76213	-4.88889
15	15	45	2.57603	-3.21381	-3.17841
15	15	55	2.97318	-2.95237	-2.69293
15	15	65	3.40213	-3.72207	-2.95907
15	15	75	3.13946	-5.28079	-4.93323
15	15	85	2.73823	-4.04793	-3.98314
15	25	5	2.61205	-4.98099	-5.00091
15	25	15	2.61145	-4.77966	-4.71924
15	25	25	2.91223	-4.76001	-4.6412
15	25	35	2.78547	-4.28164	-4.11449
15	25	45	2.73293	-3.16047	-2.99993
15	25	55	2.91243	-2.92965	-3.14977
15	25	65	2.63399	-3.53232	-3.51303
15	25	75	2.61686	-4.9346	-4.99123
15	25	85	2.73289	-4.68404	-4.82384
15	35	5	3.13192	-4.7421	-4.32209
15	35	15	3.37384	-4.41325	-3.63044
15	35	25	3.41382	-4.26879	-3.96678
15	35	35	2.94988	-3.9476	-3.82322
15	35	45	2.91548	-3.62324	-3.90686
15	35	55	3.37132	-3.37484	-4.19747
15	35	65	2.72668	-4.83298	-5.03421
15	35	75	2.31269	-5.08596	-5.20749
15	35	85	2.73194	-5.06188	-5.12339
15	45	5	2.86349	-3.85124	-3.77771
15	45	15	2.82784	-4.68606	-4.56923
15	45	25	3.37024	-4.39522	-4.77681
15	45	35	2.80869	-4.10106	-4.26498
15	45	45	3.25647	-3.17175	-3.83396
15	45	55	2.89486	-3.73394	-4.03531
15	45	65	2.85095	-4.71466	-5.01469
15	45	75	2.67335	-5.11838	-5.46039
15	45	85	2.88944	-5.08478	-5.22396
15	55	5	3.17815	-3.66209	-4.29686
15	55	15	3.17801	-4.88739	-5.22196
15	55	25	3.19893	-5.13629	-5.3756
15	55	35	2.97966	-4.7637	-4.88788
15	55	45	3.33564	-3.42827	-3.81183
15	55	55	2.81428	-4.12473	-4.18637
15	55	65	3.11144	-4.71153	-5.15113
15	55	75	2.77545	-5.07917	-5.32356
15	55	85	2.81623	-4.86483	-5.08483
15	65	5	3.03233	-3.35211	-4.1333
15	65	15	3.85187	-4.98498	-6.24655
15	65	25	3.2167	-5.18802	-5.61275
15	65	35	3.2999	-4.99168	-5.17323
15	65	45	3.12109	-3.34381	-3.50549
15	65	55	2.55268	-4.43837	-4.39681
15	65	65	3.07188	-4.81479	-5.33397
15	65	75	2.97471	-5.09826	-5.52181
15	65	85	3.2159	-4.20203	-4.9268
15	75	5	2.91226	-3.72204	-4.16288
15	75	15	3.56903	-5.00183	-5.98143
15	75	25	2.89942	-5.09852	-5.40132
15	75	35	3.48147	-4.84071	-5.48511
15	75	45	3.05829	-3.64893	-3.35533
15	75	55	3.03147	-4.05488	-3.57531
15	75	65	3.31105	-5.13236	-4.77279
15	75	75	3.59184	-5.29663	-5.89744
15	75	85	3.05664	-4.082	-4.52762
15	85	5	3.31187	-4.60964	-4.16969
15	85	15	4.10983	-5.73331	-5.65291
15	85	25	3.63458	-5.25715	-5.98076
15	85	35	3.86548	-4.90427	-5.85313
15	85	45	2.78801	-3.53545	-3.56202
15	85	55	3.06069	-3.26127	-2.75174
15	85	65	3.97783	-4.86588	-3.68389
15	85	75	4.27305	-6.13968	-5.65851
15	85	85	3.61303	-4.5223	-3.98351
25	5	5	2.85164	-2.99459	-2.69489
25	5	15	3.0731	-4.14224	-3.98021
25	5	25	3.33027	-5.2947	-5.68111
25	5	35	3.1891	-4.53077	-5.0704
25	5	45	2.56121	-3.30124	-3.29781
25	5	55	2.68195	-3.01904	-3.12909
25	5	65	2.61248	-4.15521	-4.13632
25	5	75	2.9841	-4.72389	-4.45165
25	5	85	2.9729	-3.12061	-2.74359
25	15	5	2.66374	-3.05596	-2.94488
25	15	15	2.55873	-4.29767	-4.27003
25	15	25	3.0356	-5.11761	-5.57946
25	15	35	2.98276	-4.40251	-4.83329
25	15	45	2.51457	-3.06536	-3.04863
25	15	55	2.57364	-2.96392	-2.96322
25	15	65	2.63416	-3.17665	-3.13521
25	15	75	2.73792	-3.62944	-3.56339
25	15	85	2.80236	-3.12621	-2.91729
25	25	5	2.55624	-4.32361	-4.3185
25	25	15	2.61402	-4.95938	-4.97641
25	25	25	3.03666	-5.10156	-5.30593
25	25	35	2.91074	-4.68203	-4.80214
25	25	45	2.53979	-3.15527	-3.14239
25	25	55	2.53179	-2.68196	-2.88375
25	25	65	2.59237	-3.07197	-3.07225
25	25	75	2.61358	-3.56045	-3.61872
25	25	85	2.55625	-3.28066	-3.27867
25	35	5	2.73204	-4.93414	-4.75335
25	35	15	3.31106	-5.25924	-4.61922
25	35	25	4.07462	-5.61559	-5.45678
25	35	35	3.52625	-3.9712	-3.06524
25	35	45	2.963	-3.82525	-3.54997
25	35	55	2.77016	-3.17761	-3.2383
25	35	65	2.67071	-4.69702	-4.69664
25	35	75	1.9928	-5.05	-5.09148
25	35	85	1.83249	-4.95804	-4.96423
25	45	5	2.69597	-4.64005	-4.47936
25	45	15	2.89344	-5.34725	-5.04483
25	45	25	3.72465	-5.00384	-5.55421
25	45	35	2.96789	-4.12818	-4.11535
25	45	45	2.85577	-2.76534	-2.80686
25	45	55	2.6413	-2.7981	-2.83549
25	45	65	2.65276	-4.34803	-4.38881
25	45	75	2.31196	-5.07724	-5.15763
25	45	85	2.34146	-4.84174	-4.86294
25	55	5	2.50719	-3.86126	-3.85925
25	55	15	2.57397	-4.97636	-4.99312
25	55	25	3.07309	-5.05186	-5.58978
25	55	35	2.76553	-4.82723	-4.99473
25	55	45	2.86413	-3.46404	-3.41124
25	55	55	2.75166	-3.1431	-2.94355
25	55	65	2.75194	-3.87473	-3.9147
25	55	75	2.69278	-4.71638	-4.77438
25	55	85	2.57145	-4.80519	-4.82557
25	65	5	2.43136	-3.3369	-3.37725
25	65	15	2.75138	-4.93397	-5.0943
25	65	25	2.91146	-5.13486	-5.41522
25	65	35	2.89506	-5.21867	-5.28305
25	65	45	2.83473	-3.57325	-3.53449
25	65	55	2.57316	-3.38624	-3.36501
25	65	65	2.77167	-4.18065	-4.40096
25	65	75	2.71175	-4.93322	-5.09356
25	65	85	2.61203	-4.02175	-4.10243
25	75	5	2.61144	-3.56444	-3.60527
25	75	15	2.82943	-4.70944	-4.94986
25	75	25	2.83262	-5.12011	-5.36011
25	75	35	2.85463	-4.92135	-5.22496
25	75	45	2.69347	-3.47415	-3.33662
25	75	55	2.81195	-3.5028	-3.24332
25	75	65	3.21207	-3.94876	-3.64976
25	75	75	3.01229	-5.11628	-5.13755
25	75	85	2.69426	-3.68197	-3.6652
25	85	5	3.77785	-4.18724	-3.0013
25	85	15	3.97463	-5.49964	-4.63605
25	85	25	3.63263	-5.82008	-5.46088
25	85	35	3.45264	-5.44151	-5.22314
25	85	45	2.6535	-3.77435	-3.71603
25	85	55	2.69316	-2.90577	-2.80631
25	85	65	2.87565	-3.5955	-3.35213
25	85	75	3.71869	-5.55826	-4.95232
25	85	85	3.87906	-4.30753	-3.10357
35	5	5	3.07779	-3.46718	-2.94126
35	5	15	3.20755	-4.17574	-3.64003
35	5	25	3.01585	-5.47074	-5.16834
35	5	35	2.72309	-4.97	-5.00606
35	5	45	2.6419	-3.72164	-3.7645
35	5	55	2.58962	-3.42071	-3.44564
35	5	65	2.67742	-4.97865	-4.93915
35	5	75	2.76703	-4.92051	-4.90795
35	5	85	2.89672	-3.47704	-3.17552
35	15	5	2.79269	-3.25484	-3.0157
35	15	15	2.95129	-3.87252	-3.75552
35	15	25	3.14329	-5.22544	-5.51883
35	15	35	2.76168	-4.18372	-4.31087
35	15	45	2.43608	-2.87018	-2.89414
35	15	55	2.5365	-3.16723	-3.19003
35	15	65	2.61639	-4.22464	-4.20108
35	15	75	2.75935	-3.84899	-3.88394
35	15	85	2.68117	-3.91473	-3.83027
35	25	5	2.56448	-3.34973	-3.33967
35	25	15	2.75712	-4.76412	-4.87974
35	25	25	3.09518	-5.08672	-5.64824
35	25	35	2.78159	-4.46199	-4.57283
35	25	45	2.41891	-2.98812	-3.01586
35	25	55	2.57519	-3.02417	-2.88501
35	25	65	2.65355	-3.40133	-3.34129
35	25	75	2.71317	-3.24402	-3.2027
35	25	85	2.59944	-3.13764	-3.17089
35	35	5	2.57264	-4.88643	-4.86622
35	35	15	2.8519	-4.86722	-5.08639
35	35	25	3.67747	-5.15954	-6.06437
35	35	35	3.52956	-3.98083	-3.79654
35	35	45	3.40739	-3.71367	-3.08519
35	35	55	3.23282	-3.9059	-3.42607
35	35	65	2.87387	-5.0197	-4.7185
35	35	75	2.59588	-5.02511	-5.08186
35	35	85	2.35768	-4.99452	-4.97406
35	45	5	2.72928	-4.69917	-4.51901
35	45	15	2.77223	-5.13627	-5.15507
35	45	25	3.41503	-5.07319	-5.63319
35	45	35	3.0723	-3.95911	-4.27314
35	45	45	2.85183	-2.88585	-2.81619
35	45	55	2.78197	-2.83765	-2.77256
35	45	65	2.63712	-4.10689	-4.18322
35	45	75	2.73628	-4.97643	-5.11439
35	45	85	2.6395	-4.72502	-4.62665
35	55	5	2.55764	-3.80577	-3.79729
35	55	15	2.65428	-4.97292	-5.06959
35	55	25	3.6359	-5.10418	-6.2017
35	55	35	3.20986	-5.05587	-5.71066
35	55	45	2.7445	-3.69992	-3.89009
35	55	55	2.6757	-2.65445	-2.65557
35	55	65	2.6785	-3.71969	-3.67866
35	55	75	2.66061	-4.7545	-4.84738
35	55	85	2.56735	-3.97102	-3.96758
35	65	5	2.45109	-3.3161	-3.31605
35	65	15	2.55105	-4.83765	-4.8376
35	65	25	3.11103	-5.09947	-5.65946
35	65	35	3.09825	-5.14101	-5.60861
35	65	45	2.55831	-3.97611	-4.00333
35	65	55	2.5736	-2.66574	-2.68809
35	65	65	2.55529	-2.99904	-2.98296
35	65	75	2.73254	-4.27688	-4.45641
35	65	85	2.53197	-3.65356	-3.65436
35	75	5	2.87106	-3.46086	-3.18085
35	75	15	2.89065	-4.72955	-4.42955
35	75	25	2.95143	-5.27829	-5.31868
35	75	35	2.69544	-5.1023	-5.20591
35	75	45	2.57385	-3.96157	-3.98441
35	75	55	2.59506	-2.72824	-2.73228
35	75	65	2.61767	-2.8673	-2.85392
35	75	75	2.79293	-3.66363	-3.5059
35	75	85	2.91191	-3.55868	-3.23953
35	85	5	4.56424	-4.76444	-2.79287
35	85	15	4.59903	-5.7793	-3.81131
35	85	25	3.83424	-6.19663	-5.27423
35	85	35	3.49466	-5.90279	-5.20483
35	85	45	3.05829	-4.77963	-4.36449
35	85	55	2.9427	-3.54708	-3.25797
35	85	65	3.13664	-4.40686	-3.94846
35	85	75	3.72168	-5.3182	-4.47121
35	85	85	4.22546	-4.55113	-2.95918
45	5	5	2.91684	-3.90374	-3.53881
45	5	15	3.59287	-4.49687	-3.49586
45	5	25	3.62468	-6.00707	-5.21744
45	5	35	3.32633	-5.4739	-5.30516
45	5	45	3.20277	-4.26925	-4.74578
45	5	55	2.75911	-4.19402	-4.34681
45	5	65	2.70989	-5.07124	-5.0959
45	5	75	2.81674	-5.24089	-5.08022
45	5	85	2.92674	-4.42067	-4.12743
45	15	5	2.95069	-3.84229	-3.48354
45	15	15	3.20253	-3.80947	-3.27968
45	15	25	2.97621	-5.33357	-5.29481
45	15	35	2.96088	-4.66794	-4.9454
45	15	45	3.14253	-3.1214	-3.70619
45	15	55	2.72728	-3.69771	-3.86645
45	15	65	2.70027	-5.05133	-5.05447
45	15	75	2.71994	-4.9823	-5.02245
45	15	85	2.65817	-4.62284	-4.55776
45	25	5	2.8207	-3.12407	-3.01791
45	25	15	2.73816	-4.22616	-4.32156
45	25	25	3.03906	-5.11508	-5.51751
45	25	35	2.81644	-4.32204	-4.50682
45	25	45	2.83868	-3.24348	-3.36985
45	25	55	2.71772	-3.60158	-3.52551
45	25	65	2.6738	-4.54561	-4.587
45	25	75	2.77368	-4.62463	-4.66565
45	25	85	2.81749	-4.29765	-4.15851
45	35	5	2.79547	-5.10394	-4.9457
45	35	15	2.73332	-4.88722	-4.9886
45	35	25	3.13628	-5.15441	-5.6196
45	35	35	3.04238	-4.32216	-4.61261
45	35	45	2.85752	-3.5493	-3.49329
45	35	55	2.87521	-3.80587	-3.60584
45	35	65	2.97268	-5.0417	-4.66166
45	35	75	2.83671	-5.25049	-5.04801
45	35	85	2.79767	-5.10529	-5.00703
45	45	5	3.02588	-4.9143	-4.4414
45	45	15	3.26118	-5.38534	-5.23944
45	45	25	3.58395	-5.203	-5.90298
45	45	35	3.43194	-4.22478	-4.73769
45	45	45	2.70152	-3.62922	-3.57724
45	45	55	2.67507	-2.82224	-2.78066
45	45	65	2.68027	-4.39535	-4.3469
45	45	75	2.90871	-5.24685	-5.19875
45	45	85	2.96371	-5.2777	-4.89503
45	55	5	2.55434	-3.65635	-3.65264
45	55	15	2.65404	-4.63335	-4.73044
45	55	25	3.4367	-5.10356	-5.98353
45	55	35	3.3303	-5.09864	-5.87789
45	55	45	2.69824	-4.23792	-4.38352
45	55	55	2.61346	-2.63562	-2.69484
45	55	65	2.63713	-3.6795	-3.7542
45	55	75	2.84261	-5.01083	-5.28484
45	55	85	2.63279	-4.04872	-4.03156
45	65	5	2.53206	-3.34025	-3.33924
45	65	15	2.61232	-4.33724	-4.39595
45	65	25	3.39226	-5.09982	-5.9802
45	65	35	3.14265	-5.10243	-5.69322
45	65	45	2.71604	-4.30111	-4.42606
45	65	55	2.71232	-2.65404	-2.81519
45	65	65	2.61277	-2.91198	-2.97347
45	65	75	2.87407	-4.31336	-4.63511
45	65	85	2.55616	-3.19603	-3.19896
45	75	5	3.21149	-3.77352	-3.11391
45	75	15	3.17109	-4.70837	-4.08834
45	75	25	3.33185	-5.49678	-5.47755
45	75	35	3.05422	-5.22239	-5.44479
45	75	45	2.71442	-4.48203	-4.56541
45	75	55	2.81587	-2.85993	-3.00476
45	75	65	2.59743	-3.21332	-3.21972
45	75	75	2.69519	-4.12006	-4.06327
45	75	85	2.99271	-3.56678	-3.12594
45	85	5	4.73226	-5.08479	-2.9052
45	85	15	4.88863	-5.88082	-3.58323
45	85	25	4.55784	-6.89422	-5.28901
45	85	35	3.87385	-6.22277	-5.18398
45	85	45	3.15351	-5.02205	-4.82372
45	85	55	3.08304	-3.77965	-3.91084
45	85	65	3.0071	-5.17582	-4.94859
45	85	75	3.74208	-6.00425	-4.89991
45	85	85	4.26594	-5.26336	-3.5501
55	5	5	2.88727	-4.54676	-4.21144
55	5	15	3.55229	-5.11896	-4.19849
55	5	25	4.18448	-6.60391	-5.17208
55	5	35	3.75328	-6.10076	-5.10622
55	5	45	3.44096	-4.83059	-5.10103
55	5	55	3.44008	-4.42027	-4.97366
55	5	65	2.90695	-5.25951	-5.23959
55	5	75	2.74489	-5.22928	-5.11795
55	5	85	2.81136	-4.77621	-4.59839
55	15	5	2.71194	-4.00174	-3.88263
55	15	15	3.04825	-3.52746	-3.23131
55	15	25	3.00872	-5.36313	-5.23359
55	15	35	2.89825	-4.60175	-4.66849
55	15	45	3.59924	-3.22618	-4.22212
55	15	55	3.17161	-4.0158	-4.57206
55	15	65	2.74641	-5.13266	-5.18938
55	15	75	2.64777	-5.13479	-5.16213
55	15	85	2.6242	-4.69144	-4.66245
55	25	5	2.71677	-3.01353	-2.93366
55	25	15	2.77886	-3.65646	-3.74991
55	25	25	2.73729	-5.08764	-5.24739
55	25	35	2.96043	-4.08322	-4.48905
55	25	45	3.19855	-3.01464	-3.61697
55	25	55	2.924	-3.60554	-3.85216
55	25	65	2.86355	-5.07948	-5.2008
55	25	75	2.6554	-4.98203	-5.00108
55	25	85	2.77827	-4.72262	-4.54135
55	35	5	3.49889	-5.34616	-4.5255
55	35	15	3.51672	-5.46292	-5.02022
55	35	25	3.21755	-5.48524	-5.3485
55	35	35	3.22499	-4.62507	-4.65259
55	35	45	3.01713	-4.08612	-4.15125
55	35	55	2.71736	-4.04545	-4.0874
55	35	65	2.79377	-4.91025	-4.87171
55	35	75	3.1362	-5.33239	-5.07339
55	35	85	3.28356	-5.43553	-4.87878
55	45	5	3.12629	-4.68176	-4.29043
55	45	15	3.00811	-4.67415	-4.73904
55	45	25	3.24483	-5.24547	-5.66221
55	45	35	2.95647	-4.66475	-4.78448
55	45	45	2.67564	-4.08525	-4.16825
55	45	55	2.63194	-3.04778	-3.04786
55	45	65	2.71185	-4.57129	-4.57128
55	45	75	3.04628	-5.33804	-5.26283
55	45	85	3.14505	-5.19983	-4.91526
55	55	5	2.71252	-3.37232	-3.4236
55	55	15	2.92499	-3.84013	-4.11145
55	55	25	3.46194	-5.16445	-5.94476
55	55	35	3.03524	-5.10237	-5.54331
55	55	45	2.6342	-4.76202	-4.80279
55	55	55	2.57269	-2.95218	-2.97061
55	55	65	2.79468	-3.99843	-4.23481
55	55	75	3.30829	-5.05257	-5.79695
55	55	85	2.64265	-4.3133	-4.33969
55	65	5	2.61698	-3.04334	-2.98258
55	65	15	2.69483	-3.69555	-3.83438
55	65	25	3.49671	-5.09507	-6.03583
55	65	35	2.87277	-5.10331	-5.42246
55	65	45	2.61266	-4.64211	-4.66346
55	65	55	2.57194	-2.66523	-2.68517
55	65	65	2.69163	-3.47327	-3.61269
55	65	75	3.17649	-4.81375	-5.43868
55	65	85	2.58616	-3.46433	-3.45129
55	75	5	3.25617	-3.60849	-2.90445
55	75	15	3.61236	-4.60808	-3.62763
55	75	25	3.99148	-5.96677	-5.66713
55	75	35	3.1011	-5.40281	-5.35125
55	75	45	2.65285	-4.90247	-4.92344
55	75	55	2.65232	-2.82607	-2.88648
55	75	65	2.69183	-3.99389	-4.09308
55	75	75	2.83524	-4.82083	-4.93986
55	75	85	2.93701	-3.951	-3.5667
55	85	5	4.27597	-5.30656	-3.58339
55	85	15	4.8599	-5.8311	-3.60232
55	85	25	4.76264	-7.15338	-5.22178
55	85	35	4.3031	-6.66438	-5.25157
55	85	45	3.39408	-5.36288	-5.00346
55	85	55	3.25188	-4.74929	-4.68925
55	85	65	3.11791	-5.41847	-5.22041
55	85	75	2.92735	-5.39897	-5.0651
55	85	85	3.73202	-5.64017	-4.50161
65	5	5	3.10796	-5.58398	-5.03217
65	5	15	3.55266	-5.63268	-4.63226
65	5	25	4.86728	-6.90582	-5.55293
65	5	35	4.32283	-6.70255	-5.11253
65	5	45	3.58374	-5.4539	-4.4621
65	5	55	3.07916	-4.80256	-4.71604
65	5	65	3.22095	-5.69568	-5.149
65	5	75	3.07834	-5.56735	-5.16141
65	5	85	3.33055	-5.75622	-5.06506
65	15	5	2.78401	-4.48402	-4.29125
65	15	15	2.73235	-3.70464	-3.60513
65	15	25	3.11368	-5.44289	-5.28609
65	15	35	2.72309	-4.54458	-4.39114
65	15	45	2.70166	-3.40942	-3.38129
65	15	55	3.08156	-4.10056	-4.37082
65	15	65	2.7733	-5.24405	-5.14832
65	15	75	2.89415	-5.38161	-5.16438
65	15	85	2.70744	-4.93458	-4.82491
65	25	5	2.81034	-3.36514	-3.1598
65	25	15	2.96854	-3.29048	-3.28151
65	25	25	3.03008	-5.27246	-5.45183
65	25	35	2.73702	-3.92332	-3.94546
65	25	45	3.15342	-2.97031	-3.21057
65	25	55	2.87818	-3.6283	-3.90686
65	25	65	2.76269	-5.18915	-5.18187
65	25	75	2.68795	-5.13353	-5.20593
65	25	85	2.71014	-4.93641	-4.86672
65	35	5	3.56827	-4.91529	-3.96268
65	35	15	3.86656	-5.52284	-4.50833
65	35	25	3.67692	-5.8767	-5.49277
65	35	35	3.22291	-5.04779	-4.86828
65	35	45	3.18399	-4.20464	-4.55159
65	35	55	2.93779	-4.28034	-4.58571
65	35	65	2.59638	-4.89047	-4.95538
65	35	75	1.90196	-5.0207	-5.14919
65	35	85	2.56033	-4.96124	-4.84564
65	45	5	3.24942	-4.5671	-4.01093
65	45	15	3.55166	-4.96539	-4.45373
65	45	25	3.65481	-5.66167	-5.67246
65	45	35	3.09688	-5.18698	-5.20262
65	45	45	2.84042	-4.78811	-4.91337
65	45	55	2.71657	-3.71815	-3.76283
65	45	65	2.79678	-4.70087	-4.78421
65	45	75	3.10669	-5.2374	-5.45024
65	45	85	3.03705	-5.11987	-4.97819
65	55	5	2.81474	-3.6497	-3.48476
65	55	15	2.98239	-3.35167	-3.44781
65	55	25	3.80492	-5.21404	-6.21898
65	55	35	2.86454	-5.22516	-5.29223
65	55	45	2.64079	-5.05526	-5.0154
65	55	55	2.57883	-3.34852	-3.36187
65	55	65	3.0771	-4.46459	-4.94179
65	55	75	3.33754	-5.09989	-5.82627
65	55	85	3.16295	-4.51473	-5.09974
65	65	5	2.94033	-3.18289	-3.05767
65	65	15	3.06132	-3.05595	-3.10704
65	65	25	3.72471	-5.10059	-6.18465
65	65	35	2.65201	-5.10442	-5.20094
65	65	45	2.59431	-4.88249	-4.84402
65	65	55	2.57319	-3.03615	-3.01566
65	65	65	3.11447	-4.04125	-4.56025
65	65	75	3.54214	-5.0806	-5.99031
65	65	85	3.00057	-3.99076	-4.18063
65	75	5	3.60619	-4.17792	-3.25485
65	75	15	3.91547	-4.50288	-3.46077
65	75	25	5.01482	-6.51519	-6.09633
65	75	35	3.20657	-5.62246	-5.1168
65	75	45	2.69465	-5.00422	-4.90349
65	75	55	2.61403	-3.51464	-3.45325
65	75	65	2.83333	-4.59559	-4.8333
65	75	75	3.21708	-5.1331	-5.55186
65	75	85	3.43615	-5.11133	-4.48674
65	85	5	3.52706	-5.34515	-4.41352
65	85	15	4.36104	-5.86741	-4.09877
65	85	25	5.03758	-7.11536	-5.59469
65	85	35	4.2533	-6.65387	-5.09188
65	85	45	3.54375	-5.89186	-4.98497
65	85	55	3.03852	-5.22474	-4.73725
65	85	65	3.02417	-5.42806	-5.11732
65	85	75	2.98927	-5.47559	-5.14158
65	85	85	3.20873	-5.54478	-4.94246
75	5	5	4.23786	-6.73056	-5.11286
75	5	15	4.34189	-6.61159	-5.11494
75	5	25	5.0793	-7.10256	-5.62884
75	5	35	4.6837	-7.06809	-5.22746
75	5	45	3.7094	-5.63835	-4.48091
75	5	55	3.08046	-4.04788	-3.63924
75	5	65	3.16407	-5.52171	-5.12083
75	5	75	3.88609	-6.05095	-5.48556
75	5	85	3.67021	-6.11068	-5.21169
75	15	5	3.30171	-5.52059	-4.83094
75	15	15	3.25193	-4.99722	-4.46487
75	15	25	3.75818	-5.71492	-5.5975
75	15	35	3.06574	-5.2137	-4.74467
75	15	45	2.68773	-3.2367	-3.18088
75	15	55	2.68611	-3.42271	-3.45005
75	15	65	2.80087	-5.22507	-5.04459
75	15	75	3.23415	-5.57556	-5.31106
75	15	85	3.29265	-5.65533	-5.17032
75	25	5	2.71917	-3.67887	-3.60134
75	25	15	2.94371	-3.35186	-3.25167
75	25	25	3.24798	-5.06256	-5.29697
75	25	35	2.85868	-3.92743	-3.74516
75	25	45	2.87619	-2.9727	-2.66773
75	25	55	2.80509	-3.51678	-3.53009
75	25	65	2.7436	-5.10444	-5.20696
75	25	75	2.74093	-5.14304	-5.27027
75	25	85	2.61778	-4.96331	-4.90751
75	35	5	2.86737	-3.25924	-3.36999
75	35	15	3.57556	-4.02667	-3.92318
75	35	25	3.5423	-5.7692	-5.18517
75	35	35	2.9422	-5.14625	-4.88743
75	35	45	2.95957	-4.3224	-4.1998
75	35	55	2.76454	-4.19952	-4.20517
75	35	65	2.76528	-5.05335	-5.26468
75	35	75	2.40722	-5.08203	-5.25736
75	35	85	2.86097	-4.72283	-4.99158
75	45	5	3.75738	-3.85765	-3.69987
75	45	15	4.32506	-4.02358	-4.34768
75	45	25	3.2255	-5.4321	-5.3767
75	45	35	3.27347	-5.18559	-5.45973
75	45	45	3.02582	-4.95367	-5.10598
75	45	55	3.07904	-4.34246	-4.38803
75	45	65	3.3984	-5.34641	-5.47057
75	45	75	3.11469	-5.29942	-5.41987
75	45	85	3.64142	-4.92279	-5.01519
75	55	5	3.26698	-3.72771	-3.46036
75	55	15	4.27904	-3.90241	-3.90311
75	55	25	4.07869	-5.3646	-5.93143
75	55	35	3.15865	-5.24272	-5.36872
75	55	45	2.92838	-5.18009	-5.31414
75	55	55	2.82279	-4.09814	-4.28187
75	55	65	3.36043	-4.87963	-5.55609
75	55	75	3.68117	-5.18374	-6.1112
75	55	85	3.34141	-4.37617	-5.09686
75	65	5	3.49585	-3.56289	-3.00198
75	65	15	3.47775	-3.32471	-3.33943
75	65	25	4.22956	-4.92768	-6.27822
75	65	35	2.86526	-4.76819	-4.95003
75	65	45	2.61041	-5.03245	-5.03103
75	65	55	2.74216	-3.46902	-3.44174
75	65	65	3.48351	-4.53685	-5.2493
75	65	75	3.59992	-5.18369	-6.02282
75	65	85	3.21123	-4.34395	-4.63904
75	75	5	4.08689	-5.11808	-3.65223
75	75	15	4.68662	-5.23034	-3.98228
75	75	25	4.94524	-6.42303	-5.88424
75	75	35	3.85235	-5.94196	-4.8832
75	75	45	3.19994	-5.62896	-5.06404
75	75	55	3.10336	-4.50787	-4.07813
75	75	65	3.44658	-5.13505	-5.2807
75	75	75	4.13346	-5.63721	-6.04599
75	75	85	3.96013	-5.44747	-5.24323
75	85	5	3.37683	-5.69422	-4.98584
75	85	15	4.39308	-6.40235	-4.80726
75	85	25	5.32954	-7.01726	-5.77323
75	85	35	4.35238	-6.81039	-5.15392
75	85	45	3.6372	-6.0665	-5.06135
75	85	55	3.16472	-5.23094	-4.61804
75	85	65	3.03798	-5.41561	-5.16945
75	85	75	3.46973	-5.50653	-5.59511
75	85	85	3.18494	-5.35168	-5.32262
85	5	5	3.39105	-5.66641	-5.17443
85	5	15	3.92193	-6.10698	-5.46101
85	5	25	4.00476	-5.925	-5.73604
85	5	35	3.69121	-6.13391	-5.04492
85	5	45	4.18489	-6.09545	-4.50169
85	5	55	3.38432	-3.7937	-3.00043
85	5	65	3.42706	-5.20597	-4.69478
85	5	75	4.43076	-5.85939	-6.22231
85	5	85	4.17744	-5.77264	-6.01744
85	15	5	2.97073	-5.0261	-5.31767
85	15	15	3.05715	-5.10364	-5.32562
85	15	25	3.15429	-5.38141	-5.3806
85	15	35	3.13763	-5.58543	-5.04604
85	15	45	2.85922	-3.72975	-3.46174
85	15	55	3.10872	-3.04325	-3.09366
85	15	65	3.31146	-4.9503	-4.6733
85	15	75	3.28759	-5.35174	-5.60542
85	15	85	3.34624	-5.14874	-5.8105
85	25	5	2.80516	-4.06088	-4.23495
85	25	15	2.93473	-3.59602	-3.69971
85	25	25	2.85427	-4.50841	-4.53006
85	25	35	2.95545	-4.14385	-3.78428
85	25	45	2.84212	-3.08451	-2.89545
85	25	55	3.54383	-3.46153	-3.91689
85	25	65	3.22386	-5.13436	-5.39323
85	25	75	3.04971	-5.18354	-5.51554
85	25	85	3.09835	-5.10365	-5.60815
85	35	5	3.06351	-3.17805	-3.29053
85	35	15	3.01873	-2.85474	-2.95522
85	35	25	2.91451	-4.65012	-4.55718
85	35	35	2.80215	-5.04316	-4.80202
85	35	45	2.94352	-4.02156	-3.99821
85	35	55	2.99093	-3.93555	-4.25107
85	35	65	3.04093	-5.10977	-5.47719
85	35	75	2.8855	-5.18161	-5.39525
85	35	85	2.91682	-4.98244	-5.14743
85	45	5	4.32969	-3.60534	-3.87861
85	45	15	4.32018	-3.63121	-4.22381
85	45	25	3.02422	-4.71414	-4.87757
85	45	35	2.72037	-4.92007	-5.04774
85	45	45	3.08086	-4.91725	-5.36545
85	45	55	3.28362	-4.56395	-5.13092
85	45	65	3.53994	-5.14268	-5.73002
85	45	75	3.35223	-5.42425	-5.57824
85	45	85	3.79565	-4.90845	-5.01864
85	55	5	5.13238	-4.41623	-4.74193
85	55	15	5.67131	-5.34678	-5.18048
85	55	25	4.26641	-5.08639	-5.20095
85	55	35	3.42862	-4.38094	-4.85854
85	55	45	3.21074	-5.21923	-5.23897
85	55	55	3.36015	-5.07626	-4.84456
85	55	65	4.1343	-5.46246	-6.12487
85	55	75	3.83202	-5.60069	-5.87969
85	55	85	4.59023	-5.30587	-5.85643
85	65	5	5.10415	-4.36051	-4.24627
85	65	15	4.95674	-4.72794	-5.04722
85	65	25	4.48351	-5.17238	-5.92165
85	65	35	3.66092	-4.50289	-4.96278
85	65	45	2.981	-4.74244	-5.08763
85	65	55	3.00388	-4.52718	-4.32802
85	65	65	4.02351	-5.31312	-5.70154
85	65	75	4.07629	-5.85393	-5.86386
85	65	85	4.61315	-5.12313	-5.5023
85	75	5	4.6616	-5.25771	-4.21932
85	75	15	4.63272	-5.71067	-5.08303
85	75	25	4.87185	-5.92622	-6.38934
85	75	35	3.5639	-4.99851	-4.88491
85	75	45	3.0934	-4.95966	-4.6108
85	75	55	2.95777	-4.76324	-4.60359
85	75	65	3.91623	-5.53201	-5.568
85	75	75	4.74067	-6.41615	-5.97057
85	75	85	4.9027	-6.37503	-5.2194
85	85	5	3.19391	-5.36726	-5.10126
85	85	15	3.54993	-5.58564	-5.35795
85	85	25	4.80297	-6.19876	-6.09467
85	85	35	3.70024	-5.96875	-5.01954
85	85	45	3.94857	-5.86802	-4.59997
85	85	55	3.48709	-4.87644	-4.02051
85	85	65	3.28342	-5.27234	-5.10074
85	85	75	4.02104	-5.44361	-6.21684
85	85	85	3.81263	-5.59241	-5.83122
