5	5	5	3.45264	-5.90122	-5.16201
5	5	15	2.73105	-5.09282	-4.91285
5	5	25	2.75382	-5.15554	-4.99275
5	5	35	3.47702	-5.11595	-5.83155
5	5	45	3.22792	-5.42873	-5.08643
5	5	55	3.86021	-5.83962	-4.54001
5	5	65	3.77358	-5.08204	-4.1014
5	5	75	3.39546	-5.62114	-4.86397
5	5	85	3.27184	-5.69561	-5.21563
5	15	5	2.74627	-5.13624	-5.22267
5	15	15	2.70268	-5.0916	-5.06085
5	15	25	2.59263	-5.14015	-5.09854
5	15	35	2.67464	-5.09608	-5.21487
5	15	45	2.58955	-5.025	-5.05217
5	15	55	2.80945	-4.67937	-4.54233
5	15	65	3.67811	-3.78574	-3.30218
5	15	75	3.07759	-4.97648	-4.5748
5	15	85	2.97513	-5.46385	-5.16222
5	25	5	2.69656	-5.08594	-5.22362
5	25	15	2.63245	-4.98302	-5.02247
5	25	25	2.61116	-5.0017	-4.98157
5	25	35	2.91163	-5.09957	-5.41976
5	25	45	3.02906	-5.36243	-5.15887
5	25	55	3.66211	-4.22868	-3.80567
5	25	65	3.76248	-3.29761	-3.55307
5	25	75	2.87829	-4.55758	-4.63285
5	25	85	2.67908	-5.14674	-5.22191
5	35	5	2.87305	-5.16206	-5.32404
5	35	15	2.8715	-4.20085	-4.16131
5	35	25	2.89222	-3.71721	-3.53601
5	35	35	3.33265	-4.46885	-4.88801
5	35	45	2.88307	-3.8823	-3.97185
5	35	55	3.29737	-2.83696	-3.51825
5	35	65	2.83663	-3.10582	-3.42341
5	35	75	2.87126	-4.96642	-5.22418
5	35	85	2.81438	-5.10115	-5.36261
5	45	5	3.61545	-5.66325	-5.12524
5	45	15	3.75505	-3.56045	-3.59966
5	45	25	3.29344	-2.93273	-3.15193
5	45	35	3.03505	-4.46253	-4.86572
5	45	45	2.83786	-4.79745	-5.08343
5	45	55	3.01515	-3.81368	-4.27772
5	45	65	2.73157	-3.91105	-4.0134
5	45	75	3.12948	-5.12501	-5.54411
5	45	85	3.27625	-5.6024	-5.32556
5	55	5	3.45267	-4.55726	-5.06526
5	55	15	3.4111	-3.07246	-3.49491
5	55	25	3.87911	-3.09	-4.32435
5	55	35	3.09745	-4.61048	-5.11446
5	55	45	3.03747	-4.92046	-5.36445
5	55	55	2.93709	-4.87643	-5.26249
5	55	65	2.57147	-4.50154	-4.48119
5	55	75	3.17457	-5.04549	-5.46189
5	55	85	3.16896	-5.29499	-5.5242
5	65	5	3.10288	-4.70779	-5.00717
5	65	15	3.11656	-3.5331	-3.69004
5	65	25	3.71406	-3.84609	-4.72386
5	65	35	3.05715	-4.5265	-4.67157
5	65	45	3.43865	-4.28175	-4.96857
5	65	55	2.69826	-4.95964	-4.98606
5	65	65	2.55147	-4.55586	-4.55629
5	65	75	2.77585	-5.02563	-5.20324
5	65	85	3.43868	-5.16655	-5.92052
5	75	5	2.81267	-4.26149	-4.50306
5	75	15	2.71194	-3.1077	-3.02767
5	75	25	3.53429	-3.92639	-4.42274
5	75	35	3.61862	-4.76478	-5.50437
5	75	45	3.72429	-4.2209	-5.31094
5	75	55	2.68364	-4.70088	-4.83182
5	75	65	2.55116	-4.18124	-4.18124
5	75	75	2.67348	-4.76072	-4.8831
5	75	85	3.17151	-5.09633	-5.71669
5	85	5	2.63383	-4.64298	-4.68258
5	85	15	2.57345	-3.72483	-3.68285
5	85	25	2.79146	-4.49624	-4.45343
5	85	35	3.81145	-5.3578	-5.89737
5	85	45	3.90069	-4.91528	-5.30494
5	85	55	3.11964	-5.07404	-4.52265
5	85	65	2.85149	-4.69964	-4.56011
5	85	75	2.65306	-4.9072	-4.92924
5	85	85	2.79185	-5.10893	-5.30895
15	5	5	3.71583	-6.12537	-5.00298
15	5	15	3.27226	-5.35284	-4.63326
15	5	25	3.11105	-5.63406	-5.07409
15	5	35	3.11464	-5.14752	-5.55033
15	5	45	3.10268	-4.78075	-5.0908
15	5	55	2.85844	-4.19271	-3.93212
15	5	65	3.53998	-4.29708	-3.51244
15	5	75	3.83827	-5.47559	-4.23084
15	5	85	3.81785	-6.30374	-5.15777
15	15	5	2.87429	-5.30396	-4.98392
15	15	15	2.7475	-5.01803	-4.82168
15	15	25	2.64026	-5.10748	-5.09827
15	15	35	2.92303	-5.10626	-5.46466
15	15	45	2.80037	-4.69066	-4.91993
15	15	55	2.63914	-3.61856	-3.62632
15	15	65	3.08556	-3.10337	-2.93258
15	15	75	2.97209	-4.03946	-3.66083
15	15	85	2.9116	-5.39657	-5.15682
15	25	5	2.62152	-5.06969	-5.04485
15	25	15	2.55249	-4.963	-4.96176
15	25	25	2.61151	-5.00049	-5.06002
15	25	35	3.25356	-5.10211	-5.68437
15	25	45	2.64752	-5.02353	-4.99671
15	25	55	2.64166	-3.48267	-3.50874
15	25	65	2.6998	-2.6761	-2.67194
15	25	75	2.84361	-3.75014	-3.58167
15	25	85	2.70497	-5.20217	-5.13227
15	35	5	2.63603	-5.14499	-5.10443
15	35	15	2.61198	-4.58248	-4.52177
15	35	25	2.69143	-4.43965	-4.33924
15	35	35	3.49345	-4.41966	-5.20123
15	35	45	2.77393	-4.16208	-4.34321
15	35	55	2.64589	-2.82217	-2.97357
15	35	65	2.4542	-2.86898	-2.93027
15	35	75	2.63429	-4.37941	-4.45545
15	35	85	2.69666	-5.1538	-5.1691
15	45	5	3.29466	-5.60203	-4.90561
15	45	15	3.39263	-4.30324	-3.46165
15	45	25	3.51182	-3.76122	-2.84042
15	45	35	3.43465	-4.11275	-4.30912
15	45	45	2.80345	-4.56698	-4.69695
15	45	55	2.72281	-3.69686	-3.74537
15	45	65	2.56692	-3.73244	-3.75243
15	45	75	2.66851	-4.93988	-5.0405
15	45	85	2.63201	-5.27943	-5.21861
15	55	5	2.97028	-5.10444	-4.84287
15	55	15	2.90347	-3.36927	-3.09766
15	55	25	2.94627	-3.81441	-3.77996
15	55	35	3.00304	-4.14504	-4.33382
15	55	45	2.78187	-4.41488	-4.59285
15	55	55	2.71398	-4.23643	-4.31843
15	55	65	2.57195	-4.57675	-4.55673
15	55	75	2.77192	-4.95788	-5.17794
15	55	85	2.85157	-5.28136	-5.24148
15	65	5	2.61669	-4.60525	-4.66525
15	65	15	2.59384	-3.26928	-3.32803
15	65	25	2.83514	-4.40078	-4.63749
15	65	35	2.99478	-4.54382	-4.62166
15	65	45	3.05433	-4.19188	-4.29499
15	65	55	2.63435	-3.91886	-3.84044
15	65	65	2.59403	-4.73962	-4.69845
15	65	75	2.73526	-4.91324	-5.09025
15	65	85	2.79432	-5.10086	-5.34011
15	75	5	2.61313	-4.12207	-4.16403
15	75	15	2.53149	-3.11167	-3.05207
15	75	25	2.95106	-4.90701	-5.06698
15	75	35	3.05346	-5.0753	-5.29528
15	75	45	2.91432	-4.4486	-4.76854
15	75	55	2.57327	-3.74379	-3.7657
15	75	65	2.61215	-4.63817	-4.69892
15	75	75	2.59181	-4.81127	-4.85175
15	75	85	2.83196	-5.10011	-5.38091
15	85	5	2.59345	-4.52193	-4.52436
15	85	15	2.57227	-3.68603	-3.66568
15	85	25	2.73065	-4.83975	-5.01977
15	85	35	3.27386	-5.21366	-5.6565
15	85	45	3.40028	-4.77242	-5.10087
15	85	55	3.03443	-4.06361	-3.58697
15	85	65	2.89191	-4.294	-4.19489
15	85	75	2.6523	-4.98362	-4.92491
15	85	85	2.67144	-5.13521	-5.17563
25	5	5	4.58146	-5.7299	-3.74435
25	5	15	3.65508	-5.15285	-4.0513
25	5	25	3.51346	-5.7341	-5.05495
25	5	35	3.45505	-5.538	-5.51963
25	5	45	3.06073	-5.06187	-4.89078
25	5	55	3.11752	-3.95225	-3.47475
25	5	65	3.62399	-3.7605	-2.81581
25	5	75	4.20513	-5.19468	-3.58239
25	5	85	4.62506	-7.05047	-5.21971
25	15	5	3.18877	-3.79807	-3.24358
25	15	15	2.93633	-3.90325	-3.52133
25	15	25	2.77989	-4.88066	-4.97351
25	15	35	3.11787	-5.12549	-5.64432
25	15	45	2.72876	-4.26818	-4.43225
25	15	55	2.74179	-3.19615	-3.22102
25	15	65	2.72781	-2.83246	-2.78068
25	15	75	2.89587	-3.49181	-3.18945
25	15	85	3.13779	-5.37054	-4.90461
25	25	5	2.81295	-4.18056	-3.92522
25	25	15	2.70116	-3.96908	-3.82034
25	25	25	2.8528	-5.07818	-5.29646
25	25	35	3.53722	-5.12172	-6.06681
25	25	45	2.96929	-4.74333	-5.11892
25	25	55	2.56942	-3.07807	-3.12754
25	25	65	2.5787	-2.61826	-2.59255
25	25	75	2.67915	-3.00232	-2.91584
25	25	85	2.85266	-5.05362	-4.9136
25	35	5	2.60192	-4.70704	-4.66746
25	35	15	2.55299	-4.96176	-4.96109
25	35	25	2.75109	-4.7993	-4.83925
25	35	35	3.3331	-4.62008	-5.322
25	35	45	3.15034	-4.2425	-4.4785
25	35	55	2.50789	-2.86053	-2.91481
25	35	65	2.55568	-2.85134	-2.87254
25	35	75	2.65981	-3.50057	-3.59421
25	35	85	2.70444	-4.96221	-5.092
25	45	5	2.09832	-5.00263	-4.98822
25	45	15	2.67191	-4.36245	-4.24212
25	45	25	3.25263	-4.21205	-3.71043
25	45	35	4.39465	-4.50881	-4.86759
25	45	45	3.78865	-4.2676	-4.3436
25	45	55	3.04487	-3.90484	-3.75465
25	45	65	2.61838	-3.38246	-3.40091
25	45	75	2.598	-4.84394	-4.84341
25	45	85	2.17317	-5.06846	-5.14877
25	55	5	2.54269	-5.08317	-5.00244
25	55	15	2.70304	-3.81965	-3.65765
25	55	25	2.65465	-4.59286	-4.48924
25	55	35	3.29626	-4.40165	-4.77641
25	55	45	3.20665	-4.2034	-4.563
25	55	55	2.56317	-3.15499	-3.1574
25	55	65	2.63714	-3.77635	-3.77517
25	55	75	2.63954	-4.81915	-4.71882
25	55	85	2.65236	-5.25927	-5.27899
25	65	5	2.56961	-4.84494	-4.86249
25	65	15	2.57331	-3.65892	-3.67526
25	65	25	2.57288	-4.74317	-4.76116
25	65	35	2.77308	-4.93365	-5.15239
25	65	45	2.73681	-4.66205	-4.72468
25	65	55	2.65772	-3.31163	-3.25061
25	65	65	2.58341	-4.05226	-4.06796
25	65	75	2.58714	-4.66062	-4.67776
25	65	85	2.60066	-5.0869	-5.12144
25	75	5	2.59232	-4.24203	-4.28323
25	75	15	2.55174	-3.51205	-3.53287
25	75	25	2.63101	-5.00536	-5.00535
25	75	35	2.71146	-5.06757	-5.22795
25	75	45	2.67397	-4.70733	-4.83006
25	75	55	2.61726	-3.18001	-3.2059
25	75	65	2.5833	-4.41775	-4.44804
25	75	75	2.61471	-4.81403	-4.87756
25	75	85	2.71292	-5.09825	-5.26003
25	85	5	2.89312	-4.40201	-4.10409
25	85	15	2.73145	-4.02245	-3.84286
25	85	25	2.63183	-5.00343	-5.04344
25	85	35	2.63224	-5.07574	-5.15696
25	85	45	2.67509	-4.71868	-4.80275
25	85	55	2.63792	-3.28855	-3.29543
25	85	65	2.78281	-3.77489	-3.60664
25	85	75	2.93449	-4.91278	-4.61621
25	85	85	2.95277	-5.35625	-5.15795
35	5	5	4.88986	-5.35873	-3.06236
35	5	15	4.3775	-4.78766	-3.00211
35	5	25	3.79269	-5.53766	-4.41771
35	5	35	3.15464	-5.50007	-5.30287
35	5	45	3.0959	-5.08193	-5.22597
35	5	55	3.48082	-4.03563	-4.28213
35	5	65	3.87122	-3.93267	-2.95747
35	5	75	4.35131	-5.02559	-3.39769
35	5	85	4.83598	-6.91187	-4.83599
35	15	5	3.65492	-3.76259	-2.78443
35	15	15	3.56442	-3.62609	-2.77619
35	15	25	3.16432	-4.27302	-3.94226
35	15	35	3.10386	-5.18588	-5.5635
35	15	45	2.80357	-4.50919	-4.70643
35	15	55	2.82513	-3.36153	-3.50144
35	15	65	2.81954	-3.23181	-3.05392
35	15	75	2.96758	-4.44951	-4.19712
35	15	85	3.03844	-4.77661	-4.53327
35	25	5	3.22627	-3.48754	-2.98148
35	25	15	2.85609	-3.20602	-2.98713
35	25	25	2.75905	-4.33659	-4.41223
35	25	35	3.0996	-5.09961	-5.64147
35	25	45	2.94568	-4.40579	-4.79334
35	25	55	2.75932	-3.22828	-3.27048
35	25	65	2.67748	-3.08665	-3.08434
35	25	75	2.65855	-3.22108	-3.15517
35	25	85	2.99145	-4.14218	-3.84497
35	35	5	2.63191	-3.32213	-3.31127
35	35	15	2.59501	-4.36124	-4.31962
35	35	25	2.87367	-4.97692	-5.21852
35	35	35	3.45812	-5.06137	-5.84718
35	35	45	3.36932	-4.68341	-5.25894
35	35	55	2.64097	-3.29513	-3.30369
35	35	65	2.69328	-3.02409	-2.96431
35	35	75	2.81423	-3.27504	-3.09263
35	35	85	2.90375	-3.80583	-3.7827
35	45	5	2.34399	-5.03947	-5.03151
35	45	15	2.61127	-4.81327	-4.75345
35	45	25	2.75152	-4.65966	-4.65926
35	45	35	3.61511	-5.01565	-5.71721
35	45	45	3.5916	-3.29371	-3.81046
35	45	55	3.09828	-3.90207	-3.64763
35	45	65	2.85554	-3.34367	-3.16082
35	45	75	2.81389	-4.82145	-4.7194
35	45	85	3.01516	-5.2712	-5.33266
35	55	5	2.92189	-5.20858	-4.82498
35	55	15	2.71151	-4.64571	-4.47965
35	55	25	2.79504	-5.20884	-5.08484
35	55	35	3.49307	-4.83345	-5.57302
35	55	45	3.22504	-3.99814	-4.50654
35	55	55	2.78483	-2.72258	-2.77872
35	55	65	2.90514	-2.96455	-2.93288
35	55	75	3.02992	-4.72445	-4.36878
35	55	85	3.3479	-5.53088	-5.3788
35	65	5	2.55442	-4.80494	-4.80239
35	65	15	2.55389	-3.9225	-3.92006
35	65	25	2.55134	-4.97356	-4.97316
35	65	35	2.93263	-5.05059	-5.43059
35	65	45	2.91623	-4.80554	-5.16753
35	65	55	2.68012	-3.2868	-3.40449
35	65	65	2.76465	-2.9718	-3.16784
35	65	75	2.62709	-3.84432	-3.82106
35	65	85	2.57863	-4.67822	-4.69798
35	75	5	2.55315	-4.04289	-4.04241
35	75	15	2.55228	-3.47727	-3.47767
35	75	25	2.57145	-4.91353	-4.93311
35	75	35	2.77186	-5.11486	-5.29563
35	75	45	2.69311	-5.07871	-5.22066
35	75	55	2.75323	-3.41213	-3.61409
35	75	65	2.88328	-3.36521	-3.69616
35	75	75	2.66656	-4.18199	-4.2953
35	75	85	2.5954	-4.93405	-4.97637
35	85	5	3.21191	-4.22201	-3.6444
35	85	15	2.95149	-3.98487	-3.58528
35	85	25	2.71184	-4.83104	-4.71106
35	85	35	2.73304	-5.13932	-5.24132
35	85	45	2.91431	-4.98136	-5.22463
35	85	55	3.13515	-3.35415	-3.89827
35	85	65	2.83195	-3.34368	-3.42364
35	85	75	3.08406	-3.9096	-3.5601
35	85	85	3.27358	-5.57633	-4.97879
45	5	5	4.84195	-5.18716	-2.94042
45	5	15	4.6435	-4.84364	-2.79293
45	5	25	4.234	-5.35414	-3.87223
45	5	35	3.31635	-5.69506	-5.2579
45	5	45	3.13765	-5.46243	-5.28817
45	5	55	3.95557	-4.7009	-5.34051
45	5	65	3.49455	-3.56178	-3.79511
45	5	75	3.83686	-5.04505	-4.01052
45	5	85	4.35713	-6.03343	-4.39141
45	15	5	3.51529	-4.0955	-3.17882
45	15	15	4.12659	-4.47347	-2.98374
45	15	25	3.81065	-4.67862	-3.74027
45	15	35	3.08378	-5.39689	-5.31015
45	15	45	3.12648	-5.06983	-5.30961
45	15	55	3.36387	-3.88555	-4.32255
45	15	65	3.01342	-3.56648	-3.72368
45	15	75	2.99702	-5.11478	-5.12262
45	15	85	2.94852	-5.12202	-4.84794
45	25	5	3.0348	-4.20451	-3.89572
45	25	15	2.90825	-3.30804	-3.07803
45	25	25	2.95276	-3.75413	-3.87538
45	25	35	2.80206	-5.10217	-5.32091
45	25	45	2.93353	-4.17413	-4.49231
45	25	55	2.88597	-3.09896	-3.29525
45	25	65	2.68987	-3.2806	-3.35004
45	25	75	2.70421	-4.21126	-4.26227
45	25	85	2.85473	-3.84272	-3.86559
45	35	5	2.77254	-3.20166	-3.2892
45	35	15	2.66626	-3.3612	-3.42991
45	35	25	2.8138	-4.72067	-4.97987
45	35	35	3.1189	-5.10801	-5.63068
45	35	45	2.87639	-4.46511	-4.66451
45	35	55	2.76042	-3.33364	-3.33184
45	35	65	2.63418	-3.06557	-3.0634
45	35	75	2.81569	-3.4647	-3.36086
45	35	85	2.90386	-3.2455	-3.37272
45	45	5	3.33423	-5.65655	-4.99137
45	45	15	3.03904	-5.24716	-4.97191
45	45	25	3.17728	-5.12999	-5.14901
45	45	35	3.59713	-5.23922	-5.88434
45	45	45	3.07579	-3.4618	-3.86219
45	45	55	2.75363	-3.11189	-3.03321
45	45	65	3.01336	-3.76738	-3.34514
45	45	75	3.43568	-5.34311	-4.95848
45	45	85	4.16571	-5.86491	-5.75147
45	55	5	2.75797	-4.8171	-4.63185
45	55	15	2.70214	-4.66849	-4.52258
45	55	25	2.8352	-5.17792	-5.17639
45	55	35	3.51507	-4.93201	-5.85441
45	55	45	2.91189	-3.8971	-4.17714
45	55	55	2.67299	-2.78105	-2.74219
45	55	65	2.8567	-2.97527	-2.71045
45	55	75	3.13074	-4.5417	-4.24201
45	55	85	3.63951	-5.43606	-5.57797
45	65	5	2.60279	-4.01246	-3.96197
45	65	15	2.61689	-3.84173	-3.77698
45	65	25	2.61311	-4.99124	-5.01004
45	65	35	3.13264	-5.12171	-5.66091
45	65	45	2.8015	-5.05627	-5.3035
45	65	55	2.61608	-3.70195	-3.75973
45	65	65	2.63834	-2.59913	-2.67353
45	65	75	2.70365	-3.66806	-3.75543
45	65	85	2.80817	-4.82167	-4.96776
45	75	5	2.57472	-3.69598	-3.7147
45	75	15	2.55435	-3.3585	-3.35693
45	75	25	2.59237	-4.83969	-4.87844
45	75	35	2.75118	-5.11961	-5.27948
45	75	45	2.72114	-5.10148	-5.27063
45	75	55	2.79344	-3.99668	-4.2379
45	75	65	2.8717	-2.6859	-3.00603
45	75	75	2.75972	-3.06354	-3.22368
45	75	85	2.63561	-4.33925	-4.29713
45	85	5	3.61318	-4.23956	-3.25992
45	85	15	3.43154	-4.06088	-3.1813
45	85	25	2.89224	-4.71035	-4.44994
45	85	35	2.69227	-5.13869	-5.19908
45	85	45	2.67552	-5.10234	-5.18595
45	85	55	3.152	-3.98239	-4.54174
45	85	65	3.35484	-2.79084	-3.42947
45	85	75	3.10378	-3.21244	-2.9949
45	85	85	3.29686	-4.2882	-3.62488
55	5	5	4.36332	-5.341	-3.57504
55	5	15	4.61475	-4.948	-2.92449
55	5	25	4.22447	-5.19616	-3.60452
55	5	35	3.70337	-6.03761	-5.29112
55	5	45	3.04704	-5.52947	-5.05048
55	5	55	3.00422	-5.01357	-4.6829
55	5	65	3.32756	-3.97536	-3.95963
55	5	75	3.24391	-5.46418	-4.89704
55	5	85	3.5678	-5.81038	-4.91949
55	15	5	3.61596	-5.10721	-4.1301
55	15	15	4.39178	-5.35254	-3.56496
55	15	25	4.43621	-5.15636	-3.67971
55	15	35	3.8725	-6.0877	-5.38464
55	15	45	2.96242	-5.30921	-5.10595
55	15	55	3.58065	-4.78994	-4.60296
55	15	65	3.30051	-4.633	-4.44923
55	15	75	3.38856	-5.73948	-5.10633
55	15	85	3.21005	-5.57207	-5.12236
55	25	5	2.83749	-4.67614	-4.68177
55	25	15	2.94267	-3.82283	-3.495
55	25	25	2.86468	-3.40197	-3.38932
55	25	35	3.02138	-5.16097	-5.45257
55	25	45	2.92735	-4.73188	-4.84793
55	25	55	3.19999	-3.23704	-3.56801
55	25	65	3.17747	-3.95413	-4.02022
55	25	75	2.7698	-5.10132	-5.05401
55	25	85	2.93361	-5.13079	-5.08763
55	35	5	2.94464	-4.30769	-4.27482
55	35	15	2.83556	-3.14601	-3.01086
55	35	25	2.87742	-4.26221	-4.42476
55	35	35	3.24939	-5.25336	-5.58957
55	35	45	2.85667	-4.30622	-4.56246
55	35	55	2.86783	-3.21232	-3.31018
55	35	65	2.6884	-3.47286	-3.54571
55	35	75	2.82999	-4.53933	-4.58947
55	35	85	3.15821	-4.75554	-4.89806
55	45	5	4.31473	-6.08748	-5.52113
55	45	15	3.40589	-5.708	-4.95224
55	45	25	3.24056	-5.27246	-5.1106
55	45	35	3.82343	-5.23738	-6.22379
55	45	45	2.78222	-4.26302	-4.4116
55	45	55	2.5968	-3.38887	-3.393
55	45	65	2.59202	-3.58499	-3.58474
55	45	75	3.29432	-4.90211	-5.1213
55	45	85	4.2328	-5.99134	-5.72246
55	55	5	3.64648	-5.65657	-5.19933
55	55	15	3.24956	-5.00514	-4.5707
55	55	25	3.09704	-5.22263	-5.23801
55	55	35	3.76197	-5.1186	-6.1654
55	55	45	2.71001	-4.10121	-4.13933
55	55	55	2.63463	-3.6092	-3.53039
55	55	65	2.73388	-2.92144	-2.74026
55	55	75	3.41509	-4.62935	-4.84772
55	55	85	4.13271	-5.66524	-5.98436
55	65	5	2.84879	-4.16675	-4.12913
55	65	15	2.74154	-3.7969	-3.73846
55	65	25	2.83542	-4.75362	-4.79157
55	65	35	3.63831	-5.16553	-6.12317
55	65	45	2.636	-5.10546	-5.17597
55	65	55	2.59691	-4.26157	-4.25859
55	65	65	2.58189	-2.66408	-2.63482
55	65	75	2.82513	-3.68749	-3.93422
55	65	85	3.30754	-5.21615	-5.54445
55	75	5	2.80833	-3.40453	-3.20342
55	75	15	2.61803	-3.38404	-3.36142
55	75	25	2.57414	-4.33796	-4.35622
55	75	35	3.03484	-5.14027	-5.54233
55	75	45	2.6433	-5.12334	-5.17296
55	75	55	2.61617	-4.30331	-4.32401
55	75	65	2.59173	-2.67467	-2.63398
55	75	75	2.76166	-3.04169	-2.99265
55	75	85	2.85082	-4.57038	-4.35483
55	85	5	3.79849	-4.3288	-3.1697
55	85	15	3.99531	-4.5556	-3.11644
55	85	25	3.13184	-4.66733	-4.08773
55	85	35	3.15489	-5.21895	-5.57845
55	85	45	2.70412	-5.14419	-5.17289
55	85	55	2.5938	-4.46432	-4.4625
55	85	65	2.89548	-2.94357	-3.04073
55	85	75	3.3681	-3.94877	-3.25574
55	85	85	3.60083	-5.02991	-4.08148
65	5	5	4.39791	-6.199	-4.60872
65	5	15	4.63281	-5.63378	-3.61303
65	5	25	4.34421	-5.27119	-3.64656
65	5	35	4.12195	-6.1278	-5.66662
65	5	45	3.18837	-5.69523	-5.10598
65	5	55	2.95802	-5.1282	-4.80208
65	5	65	3.06732	-4.78392	-4.47006
65	5	75	2.91718	-5.36788	-5.07108
65	5	85	3.52744	-5.81098	-5.25319
65	15	5	4.20026	-6.20089	-4.56261
65	15	15	4.61734	-6.23203	-4.25635
65	15	25	4.68391	-6.14474	-4.30433
65	15	35	4.13462	-6.22919	-5.49695
65	15	45	3.08317	-5.4708	-5.06487
65	15	55	3.07809	-5.02781	-4.54094
65	15	65	3.64494	-5.20266	-4.39612
65	15	75	3.70726	-6.08067	-5.21873
65	15	85	4.37185	-6.72895	-5.24525
65	25	5	3.4972	-5.25698	-4.96991
65	25	15	3.42686	-4.52402	-4.07527
65	25	25	3.50382	-3.62304	-3.59129
65	25	35	2.85089	-5.16577	-5.27311
65	25	45	2.67106	-4.51538	-4.52767
65	25	55	2.92916	-3.39521	-3.30301
65	25	65	3.13462	-4.43745	-4.07341
65	25	75	3.39734	-5.67665	-5.29632
65	25	85	3.46735	-5.82065	-5.29585
65	35	5	3.41306	-4.7848	-5.11396
65	35	15	3.32739	-3.14199	-3.41581
65	35	25	3.86585	-3.85502	-4.63833
65	35	35	3.14562	-5.34985	-5.3743
65	35	45	3.19929	-4.23141	-4.57973
65	35	55	2.91001	-2.95746	-3.2056
65	35	65	2.83915	-3.4629	-3.70836
65	35	75	3.09807	-5.03475	-5.45925
65	35	85	2.97632	-5.04221	-5.22182
65	45	5	3.75039	-5.35528	-5.50502
65	45	15	3.62189	-5.30915	-4.6855
65	45	25	3.73999	-5.08332	-5.62309
65	45	35	3.86423	-5.34959	-6.13083
65	45	45	3.02156	-4.40517	-4.66826
65	45	55	2.82838	-3.9073	-4.14132
65	45	65	2.83881	-4.0421	-4.20941
65	45	75	3.37356	-4.86881	-5.51095
65	45	85	3.09263	-5.0313	-5.90731
65	55	5	3.72163	-5.46548	-5.23777
65	55	15	3.12512	-4.58299	-4.39001
65	55	25	3.24588	-4.70221	-4.94876
65	55	35	4.20681	-5.25818	-6.59148
65	55	45	3.04009	-4.76311	-4.76973
65	55	55	2.94157	-4.42604	-4.09338
65	55	65	2.85496	-3.22937	-3.0893
65	55	75	3.8767	-4.9945	-5.31376
65	55	85	4.16912	-5.7373	-5.98683
65	65	5	4.03714	-5.20438	-4.92311
65	65	15	3.04619	-3.77802	-3.3526
65	65	25	3.23554	-4.0296	-4.23253
65	65	35	3.60039	-5.2208	-6.02686
65	65	45	2.71512	-5.12475	-5.20081
65	65	55	2.65946	-4.80729	-4.78278
65	65	65	2.72366	-3.0619	-3.01185
65	65	75	3.10686	-4.02982	-4.51559
65	65	85	4.00837	-5.53788	-6.01174
65	75	5	3.30946	-3.91645	-3.76207
65	75	15	2.77373	-3.24398	-3.13869
65	75	25	2.7609	-3.77985	-3.81693
65	75	35	3.44868	-5.10302	-5.97986
65	75	45	2.73268	-5.21122	-5.17446
65	75	55	2.70155	-4.73198	-4.66249
65	75	65	2.68671	-2.77963	-2.68554
65	75	75	2.85398	-3.61524	-3.55308
65	75	85	3.80753	-5.58634	-5.33712
65	85	5	4.35256	-5.25809	-3.67596
65	85	15	4.05209	-4.39001	-2.95808
65	85	25	3.87937	-4.76803	-3.73389
65	85	35	3.72562	-5.71403	-5.63399
65	85	45	3.16809	-5.57303	-5.24841
65	85	55	2.92663	-5.23719	-4.8625
65	85	65	3.18786	-3.40246	-2.84562
65	85	75	3.46378	-4.77935	-4.07876
65	85	85	4.45672	-6.2191	-5.12307
75	5	5	3.89279	-5.52765	-5.64285
75	5	15	4.09433	-5.5794	-4.74657
75	5	25	3.96509	-5.12848	-4.44252
75	5	35	4.18461	-6.40411	-5.37294
75	5	45	3.46983	-5.91773	-5.04454
75	5	55	3.00316	-5.39404	-4.94218
75	5	65	3.20348	-5.08564	-5.0413
75	5	75	3.30397	-5.54732	-5.27785
75	5	85	3.49058	-5.53392	-5.56455
75	15	5	4.1056	-6.04933	-5.547
75	15	15	3.59648	-5.86096	-5.24371
75	15	25	3.90931	-5.74624	-4.87535
75	15	35	4.36728	-6.68506	-5.27369
75	15	45	3.38634	-5.83492	-5.04367
75	15	55	3.30568	-5.13525	-4.50268
75	15	65	4.04351	-5.25364	-5.22932
75	15	75	3.70772	-5.77819	-5.55327
75	15	85	3.63236	-5.76674	-5.51605
75	25	5	2.95889	-4.94361	-5.06733
75	25	15	3.18515	-4.59318	-4.58323
75	25	25	3.39893	-4.10802	-3.82833
75	25	35	2.99459	-5.37128	-5.23861
75	25	45	2.80965	-4.63507	-4.38642
75	25	55	3.23432	-3.87876	-3.56461
75	25	65	3.17978	-4.24186	-4.32773
75	25	75	3.04593	-5.15178	-5.51323
75	25	85	2.88876	-5.1651	-5.3755
75	35	5	3.36845	-4.96202	-5.49941
75	35	15	3.81799	-3.37361	-4.15898
75	35	25	4.0945	-3.44044	-4.25752
75	35	35	3.08936	-5.29269	-5.37087
75	35	45	2.99866	-4.14051	-3.9899
75	35	55	3.20622	-3.03542	-3.33824
75	35	65	3.24415	-3.68655	-4.25299
75	35	75	3.3212	-5.08129	-5.86743
75	35	85	3.06866	-5.1413	-5.57887
75	45	5	3.67032	-4.8428	-5.89327
75	45	15	4.27256	-4.19838	-5.3839
75	45	25	4.27413	-4.60475	-5.83398
75	45	35	3.67387	-5.27969	-5.98673
75	45	45	3.29122	-4.68349	-5.2993
75	45	55	2.952	-4.12288	-4.40136
75	45	65	2.92015	-4.33866	-4.54696
75	45	75	3.77386	-4.96963	-5.99207
75	45	85	3.07102	-5.15987	-5.77946
75	55	5	4.29037	-5.42507	-6.03822
75	55	15	3.94654	-4.12068	-5.15406
75	55	25	3.93317	-4.23009	-5.57053
75	55	35	3.93307	-5.13639	-6.43601
75	55	45	3.41852	-5.00447	-5.70637
75	55	55	3.1394	-4.90685	-5.09359
75	55	65	3.02147	-3.98131	-3.82457
75	55	75	4.0587	-5.18687	-5.56009
75	55	85	4.03027	-5.80704	-5.78297
75	65	5	4.79234	-6.18436	-5.15908
75	65	15	3.90657	-4.23562	-3.95049
75	65	25	3.47811	-3.38395	-3.91119
75	65	35	4.24302	-5.40956	-6.48156
75	65	45	3.51868	-5.62235	-5.54918
75	65	55	3.10821	-5.45087	-5.0872
75	65	65	3.17517	-3.82189	-3.44484
75	65	75	3.99614	-5.18447	-5.14095
75	65	85	4.56128	-6.19766	-5.95226
75	75	5	4.34426	-4.90414	-4.61094
75	75	15	3.33108	-3.49842	-3.09446
75	75	25	3.26186	-3.15156	-3.21198
75	75	35	3.61742	-5.11818	-6.05978
75	75	45	3.01504	-5.46799	-5.20039
75	75	55	3.16779	-5.39366	-4.90634
75	75	65	3.34877	-3.77249	-3.05488
75	75	75	3.6731	-4.84069	-4.27941
75	75	85	5.00636	-6.37358	-6.16154
75	85	5	4.8419	-5.71193	-5.29229
75	85	15	3.65432	-4.09847	-3.34323
75	85	25	3.47672	-3.86484	-3.66406
75	85	35	3.61907	-5.51949	-5.69629
75	85	45	2.87942	-5.34465	-5.06825
75	85	55	3.25587	-5.54685	-4.92209
75	85	65	3.89906	-4.78047	-3.47245
75	85	75	4.4875	-6.32735	-4.75572
75	85	85	5.22643	-6.56274	-6.08998
85	5	5	3.55309	-5.32062	-5.721
85	5	15	3.09669	-5.34999	-5.04995
85	5	25	3.23903	-5.25058	-4.80419
85	5	35	3.58057	-5.69558	-5.26598
85	5	45	3.24464	-5.77268	-5.0843
85	5	55	3.21608	-5.68524	-5.02149
85	5	65	3.35303	-5.29844	-4.73885
85	5	75	3.53786	-5.96946	-5.11548
85	5	85	3.8727	-5.6319	-5.87271
85	15	5	3.49665	-5.28519	-5.86362
85	15	15	2.85751	-5.18194	-5.28112
85	15	25	2.71433	-5.06993	-5.02904
85	15	35	2.88161	-5.27176	-5.24197
85	15	45	2.96392	-5.48752	-5.08824
85	15	55	3.4358	-5.16247	-4.68318
85	15	65	4.57392	-4.51486	-4.66572
85	15	75	3.3779	-5.58675	-5.26961
85	15	85	3.31145	-5.43713	-5.52475
85	25	5	3.25809	-5.04384	-5.74726
85	25	15	2.73669	-4.80125	-4.98526
85	25	25	2.71388	-4.42064	-4.5034
85	25	35	2.81273	-5.21275	-5.15423
85	25	45	3.10698	-5.22538	-4.77343
85	25	55	4.21134	-4.07654	-3.82465
85	25	65	4.15478	-3.59812	-4.58331
85	25	75	3.48432	-5.17716	-5.77595
85	25	85	2.95811	-5.20284	-5.40775
85	35	5	3.17593	-4.92245	-5.50652
85	35	15	3.97709	-3.77683	-4.76129
85	35	25	3.72426	-3.50623	-3.87786
85	35	35	3.14745	-5.1977	-5.1005
85	35	45	3.17523	-4.077	-3.91054
85	35	55	3.52651	-2.75739	-3.51336
85	35	65	3.02282	-3.41012	-3.75688
85	35	75	3.2748	-5.07994	-5.76226
85	35	85	2.86111	-5.12178	-5.39171
85	45	5	4.44309	-5.26563	-5.9905
85	45	15	4.91034	-3.50166	-5.17054
85	45	25	4.20747	-3.70628	-4.87548
85	45	35	3.01907	-5.00397	-5.38717
85	45	45	3.06238	-4.8821	-5.27176
85	45	55	3.18042	-4.19692	-4.54613
85	45	65	2.99919	-4.13783	-4.50471
85	45	75	3.61022	-5.21206	-5.91204
85	45	85	3.78298	-5.38315	-5.89195
85	55	5	4.59908	-4.83164	-6.0964
85	55	15	4.52476	-3.338	-4.98128
85	55	25	4.31905	-3.31942	-5.04583
85	55	35	3.45144	-5.04716	-5.94756
85	55	45	3.53753	-4.96144	-5.94795
85	55	55	3.00757	-4.81323	-5.22817
85	55	65	2.69438	-4.12285	-4.22297
85	55	75	3.58102	-5.01516	-5.98513
85	55	85	3.511	-5.29334	-5.82134
85	65	5	5.1278	-6.04548	-5.25352
85	65	15	4.77679	-4.31769	-4.22159
85	65	25	4.19305	-3.63915	-4.08033
85	65	35	4.04625	-5.22461	-6.19898
85	65	45	4.04909	-5.1219	-6.37998
85	65	55	3.19406	-5.35884	-5.40107
85	65	65	3.17573	-4.63619	-4.05676
85	65	75	3.81491	-5.69704	-5.19316
85	65	85	4.6574	-6.15633	-6.09484
85	75	5	4.01951	-4.84548	-4.9058
85	75	15	3.6755	-3.53367	-3.13245
85	75	25	3.61464	-3.33191	-3.46831
85	75	35	4.05504	-4.9257	-6.14568
85	75	45	3.67023	-4.983	-5.53979
85	75	55	2.86841	-5.12204	-5.15944
85	75	65	2.83166	-3.60028	-3.39998
85	75	75	3.07397	-4.82776	-4.54804
85	75	85	4.15479	-5.77133	-5.97004
85	85	5	3.67664	-5.36401	-5.04321
85	85	15	3.49672	-4.30129	-3.91844
85	85	25	3.1531	-3.94021	-3.73653
85	85	35	3.99224	-5.47735	-5.87692
85	85	45	3.40745	-5.38113	-4.99753
85	85	55	3.35437	-5.82204	-5.02539
85	85	65	3.17112	-4.61683	-4.03693
85	85	75	3.05344	-5.1803	-4.84272
85	85	85	3.61229	-5.60038	-5.54085
