5	5	5	3.16904	-5.15802	-5.10324
5	5	15	2.93462	-5.24186	-5.25826
5	5	25	3.59508	-5.20311	-6.03985
5	5	35	2.88954	-4.78232	-4.91663
5	5	45	2.74456	-3.76857	-3.58173
5	5	55	2.9772	-3.15679	-2.7708
5	5	65	3.31468	-4.32164	-3.72124
5	5	75	3.98791	-6.03242	-5.59728
5	5	85	3.52544	-5.55391	-5.38431
5	15	5	2.77453	-5.06232	-5.08445
5	15	15	2.67365	-5.00183	-5.12082
5	15	25	2.87185	-5.0428	-5.36197
5	15	35	2.59309	-5.00192	-4.9647
5	15	45	2.7118	-3.6205	-3.46107
5	15	55	3.17619	-3.13359	-2.75085
5	15	65	3.57356	-4.47571	-3.58604
5	15	75	3.62155	-5.41953	-5.9115
5	15	85	3.4195	-5.18928	-5.72324
5	25	5	2.77393	-4.54172	-4.72447
5	25	15	2.63305	-4.33966	-4.38085
5	25	25	2.87222	-4.56003	-4.51963
5	25	35	2.95823	-4.54199	-4.1476
5	25	45	3.10058	-3.24725	-3.10318
5	25	55	4.03284	-3.38457	-4.07571
5	25	65	2.91645	-4.44515	-4.59146
5	25	75	3.03757	-5.15115	-5.51266
5	25	85	3.33359	-5.10334	-5.84444
5	35	5	3.09745	-3.82324	-3.64648
5	35	15	3.25743	-3.40442	-2.94283
5	35	25	3.01704	-4.11354	-3.85072
5	35	35	2.84745	-4.75018	-4.55776
5	35	45	3.29686	-3.67685	-4.33944
5	35	55	3.90595	-3.79634	-5.02997
5	35	65	3.45593	-5.06332	-5.68927
5	35	75	2.89781	-5.11935	-5.38451
5	35	85	3.43629	-5.04202	-5.56725
5	45	5	3.97232	-3.27367	-4.2629
5	45	15	3.7155	-3.99121	-4.37239
5	45	25	2.96587	-4.19865	-4.28304
5	45	35	2.8007	-4.40925	-4.61731
5	45	45	3.41676	-4.19594	-5.06166
5	45	55	2.9607	-4.55627	-4.96595
5	45	65	3.27502	-4.97821	-5.66066
5	45	75	2.86254	-5.10244	-5.37084
5	45	85	3.20554	-4.79206	-5.38651
5	55	5	5.66905	-4.35155	-5.30171
5	55	15	5.64862	-6.06144	-5.79029
5	55	25	4.13758	-5.5218	-4.78649
5	55	35	3.62195	-4.61181	-4.44189
5	55	45	3.30075	-4.09841	-4.32729
5	55	55	3.07874	-4.81753	-5.10525
5	55	65	3.73143	-5.21003	-5.78962
5	55	75	4.02349	-5.70091	-5.96924
5	55	85	4.74338	-5.4859	-5.91048
5	65	5	5.06286	-3.83416	-4.94014
5	65	15	5.00153	-5.49025	-6.53338
5	65	25	4.21348	-5.69652	-5.83408
5	65	35	3.98154	-4.87093	-5.41343
5	65	45	3.14878	-3.90564	-4.17938
5	65	55	2.97397	-4.91919	-4.77972
5	65	65	3.69103	-4.95112	-5.81113
5	65	75	3.5355	-5.3405	-5.84406
5	65	85	4.62837	-4.48292	-5.75841
5	75	5	4.17545	-4.24523	-4.72966
5	75	15	4.29504	-5.56215	-5.88135
5	75	25	4.45069	-5.73854	-6.30847
5	75	35	4.33277	-4.9157	-5.89009
5	75	45	3.39449	-4.08442	-3.92622
5	75	55	3.21367	-4.71402	-4.09664
5	75	65	3.73102	-5.70362	-5.28362
5	75	75	4.15347	-5.69522	-6.11767
5	75	85	3.92343	-4.90193	-5.43433
5	85	5	3.45308	-5.15286	-4.99405
5	85	15	3.45065	-5.37369	-5.67286
5	85	25	4.33585	-5.48995	-6.42908
5	85	35	3.95663	-5.22756	-5.49795
5	85	45	3.45801	-4.63831	-4.0861
5	85	55	3.28239	-4.10148	-3.45045
5	85	65	3.33703	-4.87399	-4.3312
5	85	75	4.13307	-5.77814	-5.99859
5	85	85	4.23544	-5.90218	-5.74618
15	5	5	2.91431	-3.88251	-3.52006
15	5	15	2.68545	-4.84666	-4.91227
15	5	25	3.54222	-5.19268	-6.00148
15	5	35	3.46229	-4.30295	-5.13101
15	5	45	2.56205	-3.11561	-3.12182
15	5	55	2.63717	-2.72385	-2.79864
15	5	65	2.81119	-3.36594	-3.23064
15	5	75	3.55677	-5.64951	-5.08462
15	5	85	3.09556	-3.66607	-3.28396
15	15	5	2.59789	-3.86648	-3.81968
15	15	15	2.57495	-5.04036	-5.05643
15	15	25	3.39281	-5.12215	-5.92197
15	15	35	2.75806	-4.76213	-4.88969
15	15	45	2.59602	-3.21381	-3.17839
15	15	55	2.95318	-2.95237	-2.69293
15	15	65	3.3617	-3.66207	-2.93864
15	15	75	3.15945	-5.30079	-4.93322
15	15	85	2.75823	-4.04793	-4.00314
15	25	5	2.59243	-4.96139	-5.0009
15	25	15	2.63105	-4.79926	-4.71923
15	25	25	2.87223	-4.78001	-4.7012
15	25	35	2.80547	-4.28204	-4.09489
15	25	45	2.77295	-3.24047	-3.07993
15	25	55	2.91283	-2.96925	-3.20977
15	25	65	2.6736	-3.55272	-3.55264
15	25	75	2.61686	-4.955	-5.01163
15	25	85	2.7341	-4.70404	-4.80265
15	35	5	3.13312	-4.7433	-4.32208
15	35	15	3.37264	-4.41205	-3.63044
15	35	25	3.45383	-4.32879	-4.06678
15	35	35	2.94987	-3.94799	-3.82362
15	35	45	2.93548	-3.62324	-3.92686
15	35	55	3.33212	-3.35564	-4.13867
15	35	65	2.7279	-4.81498	-5.01622
15	35	75	2.45269	-5.08676	-5.18829
15	35	85	2.75313	-5.06228	-5.12338
15	45	5	2.86549	-3.85164	-3.77771
15	45	15	2.82784	-4.68606	-4.56923
15	45	25	3.37024	-4.39523	-4.77681
15	45	35	2.80869	-4.10185	-4.26578
15	45	45	3.27608	-3.17135	-3.85394
15	45	55	2.87446	-3.75395	-4.03491
15	45	65	2.85093	-4.71463	-5.01463
15	45	75	2.79335	-5.11882	-5.36083
15	45	85	2.89264	-5.08519	-5.22357
15	55	5	3.239	-3.68169	-4.27686
15	55	15	3.15806	-4.86739	-5.22196
15	55	25	3.19893	-5.13629	-5.3756
15	55	35	2.96006	-4.7233	-4.88708
15	55	45	3.23564	-3.4283	-3.71186
15	55	55	2.81428	-4.12473	-4.18637
15	55	65	3.11184	-4.71153	-5.15153
15	55	75	2.77545	-5.07916	-5.30357
15	55	85	2.83663	-4.86483	-5.10483
15	65	5	3.09233	-3.47211	-4.1133
15	65	15	3.85188	-4.98499	-6.24617
15	65	25	3.2567	-5.24802	-5.59275
15	65	35	3.2599	-4.95088	-5.17243
15	65	45	3.12108	-3.34383	-3.5459
15	65	55	2.59269	-4.45838	-4.41681
15	65	65	3.07187	-4.81479	-5.33396
15	65	75	2.97471	-5.09826	-5.5218
15	65	85	3.23589	-4.22202	-4.9268
15	75	5	2.89226	-3.80204	-4.14288
15	75	15	3.57103	-5.00223	-5.98103
15	75	25	2.91902	-5.11813	-5.40133
15	75	35	3.48107	-4.84151	-5.48631
15	75	45	3.01829	-3.62896	-3.33536
15	75	55	3.03147	-4.05488	-3.57531
15	75	65	3.31185	-5.13276	-4.77359
15	75	75	3.57184	-5.27623	-5.87704
15	75	85	3.01664	-4.102	-4.50762
15	85	5	3.27187	-4.65004	-4.17009
15	85	15	4.11145	-5.73414	-5.65373
15	85	25	3.6346	-5.25719	-6.00079
15	85	35	3.86548	-4.90427	-5.85313
15	85	45	2.788	-3.53545	-3.56202
15	85	55	3.06069	-3.26127	-2.75174
15	85	65	3.97784	-4.86588	-3.6839
15	85	75	4.27305	-6.15967	-5.6785
15	85	85	3.59303	-4.5227	-3.96351
25	5	5	2.85163	-2.9946	-2.69489
25	5	15	3.0731	-4.14305	-3.98102
25	5	25	3.33027	-5.29469	-5.68111
25	5	35	3.1891	-4.53077	-5.0704
25	5	45	2.56121	-3.30124	-3.29782
25	5	55	2.68235	-3.01905	-3.12949
25	5	65	2.61248	-4.15521	-4.13632
25	5	75	2.9841	-4.76389	-4.49165
25	5	85	2.9733	-3.12101	-2.74359
25	15	5	2.66377	-3.05596	-2.94486
25	15	15	2.59873	-4.31807	-4.27043
25	15	25	3.0356	-5.09761	-5.57946
25	15	35	2.98236	-4.40251	-4.83289
25	15	45	2.57457	-3.16536	-3.12866
25	15	55	2.61444	-2.94392	-3.00402
25	15	65	2.63456	-3.19665	-3.15561
25	15	75	2.73792	-3.82984	-3.76379
25	15	85	2.80276	-3.12741	-2.91809
25	25	5	2.57626	-4.34361	-4.31851
25	25	15	2.67402	-5.01938	-4.97641
25	25	25	2.99706	-5.04156	-5.32593
25	25	35	2.91074	-4.68243	-4.80174
25	25	45	2.55939	-3.17487	-3.16239
25	25	55	2.55099	-2.74196	-2.92255
25	25	65	2.59197	-3.07197	-3.07185
25	25	75	2.61358	-3.62005	-3.67832
25	25	85	2.55665	-3.28107	-3.27867
25	35	5	2.73204	-4.93414	-4.75336
25	35	15	3.33106	-5.27924	-4.61922
25	35	25	4.05462	-5.65559	-5.47678
25	35	35	3.52706	-3.9728	-3.06684
25	35	45	2.98261	-3.82445	-3.56957
25	35	55	2.73096	-3.15921	-3.2199
25	35	65	2.67071	-4.69663	-4.69705
25	35	75	1.9932	-5.07	-5.11188
25	35	85	2.01409	-4.99924	-5.00224
25	45	5	2.71917	-4.66005	-4.47976
25	45	15	2.89344	-5.34725	-5.04483
25	45	25	3.72505	-5.00424	-5.57421
25	45	35	2.96789	-4.12978	-4.11695
25	45	45	2.85577	-2.76534	-2.80686
25	45	55	2.6413	-2.7981	-2.83549
25	45	65	2.65237	-4.34766	-4.38803
25	45	75	2.37196	-5.07685	-5.15684
25	45	85	2.42146	-4.82135	-4.84336
25	55	5	2.53002	-3.90206	-3.89924
25	55	15	2.574	-4.97637	-4.99314
25	55	25	3.05309	-5.05186	-5.58978
25	55	35	2.76593	-4.82723	-4.99473
25	55	45	2.84413	-3.46406	-3.39125
25	55	55	2.75126	-3.1831	-2.98315
25	55	65	2.75234	-3.87553	-3.9151
25	55	75	2.69278	-4.71638	-4.79438
25	55	85	2.57225	-4.80559	-4.82558
25	65	5	2.49138	-3.3569	-3.39725
25	65	15	2.75142	-4.93318	-5.0935
25	65	25	2.93146	-5.17486	-5.41522
25	65	35	2.87466	-5.19867	-5.28305
25	65	45	2.81474	-3.55325	-3.5345
25	65	55	2.59315	-3.38623	-3.38501
25	65	65	2.75167	-4.18065	-4.40136
25	65	75	2.71174	-4.93321	-5.09356
25	65	85	2.61203	-4.04175	-4.12243
25	75	5	2.65185	-3.62484	-3.64566
25	75	15	2.83023	-4.71024	-4.95066
25	75	25	2.83262	-5.12011	-5.36011
25	75	35	2.85383	-4.92135	-5.22456
25	75	45	2.69346	-3.47414	-3.33659
25	75	55	2.81195	-3.5036	-3.24372
25	75	65	3.21167	-3.94836	-3.64896
25	75	75	3.01189	-5.13628	-5.15755
25	75	85	2.69426	-3.68197	-3.6652
25	85	5	3.77785	-4.18764	-3.0017
25	85	15	3.97463	-5.49963	-4.63604
25	85	25	3.63264	-5.82006	-5.46086
25	85	35	3.45264	-5.44151	-5.22314
25	85	45	2.6535	-3.77437	-3.71605
25	85	55	2.71316	-2.90577	-2.82631
25	85	65	2.87566	-3.5955	-3.35213
25	85	75	3.71869	-5.61826	-5.01232
25	85	85	3.87865	-4.30712	-3.10356
35	5	5	3.0778	-3.46717	-2.94125
35	5	15	3.20755	-4.17575	-3.64003
35	5	25	3.01585	-5.47074	-5.16834
35	5	35	2.72309	-4.97	-5.00606
35	5	45	2.64192	-3.72164	-3.76452
35	5	55	2.58962	-3.42071	-3.44564
35	5	65	2.67742	-4.97865	-4.93915
35	5	75	2.76703	-4.90051	-4.88795
35	5	85	2.89672	-3.47824	-3.17672
35	15	5	2.79309	-3.25525	-3.01571
35	15	15	2.95129	-3.87252	-3.75552
35	15	25	3.14329	-5.22546	-5.51885
35	15	35	2.76208	-4.18372	-4.31127
35	15	45	2.49607	-2.89018	-2.91413
35	15	55	2.5165	-3.16723	-3.21003
35	15	65	2.61639	-4.20464	-4.18108
35	15	75	2.75935	-3.80899	-3.84394
35	15	85	2.68077	-3.91553	-3.83067
35	25	5	2.56453	-3.34975	-3.33963
35	25	15	2.75712	-4.76412	-4.87974
35	25	25	3.07518	-5.08673	-5.62824
35	25	35	2.78199	-4.46199	-4.57283
35	25	45	2.45891	-3.02812	-3.05586
35	25	55	2.59519	-3.04497	-2.92581
35	25	65	2.65355	-3.40133	-3.34129
35	25	75	2.69317	-3.20442	-3.1831
35	25	85	2.59943	-3.14124	-3.1761
35	35	5	2.57264	-4.88643	-4.86622
35	35	15	2.8319	-4.84722	-5.08639
35	35	25	3.63747	-5.15954	-6.00437
35	35	35	3.54916	-4.00083	-3.79614
35	35	45	3.36739	-3.71367	-3.04518
35	35	55	3.21282	-3.9051	-3.40527
35	35	65	2.89387	-5.02008	-4.71889
35	35	75	2.63628	-5.0255	-5.08185
35	35	85	2.33808	-4.95492	-4.93445
35	45	5	2.72848	-4.70039	-4.52023
35	45	15	2.79223	-5.15627	-5.15507
35	45	25	3.45463	-5.07279	-5.65319
35	45	35	3.0723	-3.95951	-4.27354
35	45	45	2.87183	-2.88587	-2.83623
35	45	55	2.80197	-2.83764	-2.79255
35	45	65	2.65711	-4.10691	-4.20325
35	45	75	2.73628	-4.99643	-5.09439
35	45	85	2.6603	-4.72542	-4.62705
35	55	5	2.55805	-3.78458	-3.7769
35	55	15	2.65427	-4.97292	-5.06959
35	55	25	3.6559	-5.10418	-6.2017
35	55	35	3.20986	-5.05587	-5.71066
35	55	45	2.7445	-3.69994	-3.89011
35	55	55	2.6357	-2.63445	-2.61557
35	55	65	2.6581	-3.71929	-3.65866
35	55	75	2.66061	-4.7545	-4.84738
35	55	85	2.56695	-3.97061	-3.96758
35	65	5	2.49109	-3.3361	-3.33605
35	65	15	2.55108	-4.83804	-4.83799
35	65	25	3.11103	-5.09947	-5.65946
35	65	35	3.09865	-5.14101	-5.60861
35	65	45	2.55832	-3.9961	-4.00333
35	65	55	2.5736	-2.68574	-2.70809
35	65	65	2.57529	-3.03944	-3.02336
35	65	75	2.73254	-4.27689	-4.45642
35	65	85	2.55157	-3.67356	-3.67396
35	75	5	2.87106	-3.48126	-3.20126
35	75	15	2.89105	-4.72915	-4.42915
35	75	25	2.95143	-5.27827	-5.31866
35	75	35	2.69544	-5.1023	-5.20591
35	75	45	2.57386	-3.96157	-3.98441
35	75	55	2.61506	-2.72824	-2.75228
35	75	65	2.61767	-2.8673	-2.85392
35	75	75	2.79333	-3.74363	-3.5859
35	75	85	2.91191	-3.55868	-3.23953
35	85	5	4.56425	-4.76444	-2.79286
35	85	15	4.59903	-5.7797	-3.81171
35	85	25	3.81424	-6.19663	-5.25423
35	85	35	3.49466	-5.90279	-5.20483
35	85	45	3.03829	-4.77963	-4.34449
35	85	55	2.9227	-3.54708	-3.23797
35	85	65	3.13664	-4.40687	-3.94847
35	85	75	3.72168	-5.31819	-4.4712
35	85	85	4.22547	-4.55153	-2.95958
45	5	5	2.91683	-3.90374	-3.53881
45	5	15	3.61287	-4.51687	-3.49586
45	5	25	3.62468	-6.00708	-5.21744
45	5	35	3.32633	-5.4739	-5.30516
45	5	45	3.20275	-4.26925	-4.74576
45	5	55	2.75911	-4.19402	-4.34681
45	5	65	2.70989	-5.07124	-5.0959
45	5	75	2.83674	-5.24089	-5.08022
45	5	85	2.92674	-4.42067	-4.12743
45	15	5	2.9503	-3.8419	-3.48357
45	15	15	3.20253	-3.82947	-3.29967
45	15	25	2.99621	-5.33357	-5.27481
45	15	35	2.96168	-4.66794	-4.9462
45	15	45	3.14253	-3.1014	-3.68619
45	15	55	2.72728	-3.65771	-3.82645
45	15	65	2.72027	-5.05133	-5.05447
45	15	75	2.67994	-4.9823	-5.02245
45	15	85	2.65857	-4.62244	-4.55696
45	25	5	2.82069	-3.12409	-3.01792
45	25	15	2.73816	-4.22616	-4.32156
45	25	25	3.03906	-5.11508	-5.53751
45	25	35	2.81604	-4.32204	-4.50642
45	25	45	2.83867	-3.20348	-3.32985
45	25	55	2.71772	-3.60118	-3.5251
45	25	65	2.6738	-4.48601	-4.5274
45	25	75	2.75408	-4.62423	-4.64525
45	25	85	2.83629	-4.31765	-4.15771
45	35	5	2.81546	-5.124	-4.94575
45	35	15	2.73333	-4.88722	-4.9886
45	35	25	3.15628	-5.15441	-5.6396
45	35	35	3.02198	-4.30216	-4.61301
45	35	45	2.85753	-3.5493	-3.49329
45	35	55	2.87521	-3.80627	-3.60624
45	35	65	2.97268	-5.04212	-4.66208
45	35	75	2.87591	-5.22969	-5.06761
45	35	85	2.81808	-5.08531	-4.98745
45	45	5	3.02628	-4.91311	-4.4398
45	45	15	3.22078	-5.34494	-5.23944
45	45	25	3.56395	-5.203	-5.90298
45	45	35	3.43194	-4.22478	-4.73769
45	45	45	2.70151	-3.62923	-3.57724
45	45	55	2.67507	-2.82224	-2.78066
45	45	65	2.68027	-4.39533	-4.34689
45	45	75	2.88871	-5.22685	-5.19875
45	45	85	3.00372	-5.29771	-4.91504
45	55	5	2.55516	-3.67635	-3.67264
45	55	15	2.65404	-4.63336	-4.73044
45	55	25	3.4367	-5.10356	-5.98353
45	55	35	3.3303	-5.09864	-5.87709
45	55	45	2.69824	-4.23793	-4.38353
45	55	55	2.61346	-2.63562	-2.69484
45	55	65	2.63713	-3.6795	-3.7542
45	55	75	2.84261	-5.01083	-5.28484
45	55	85	2.63279	-4.04872	-4.03156
45	65	5	2.55206	-3.32025	-3.31924
45	65	15	2.61234	-4.33684	-4.39555
45	65	25	3.39226	-5.09982	-5.9402
45	65	35	3.14265	-5.10243	-5.69322
45	65	45	2.71604	-4.30111	-4.42606
45	65	55	2.71232	-2.63404	-2.79519
45	65	65	2.61277	-2.91198	-2.97347
45	65	75	2.87407	-4.31336	-4.63511
45	65	85	2.55616	-3.17603	-3.17896
45	75	5	3.21149	-3.81352	-3.15389
45	75	15	3.17109	-4.70757	-4.08754
45	75	25	3.33185	-5.49679	-5.47756
45	75	35	3.05462	-5.22239	-5.44519
45	75	45	2.71442	-4.48203	-4.56541
45	75	55	2.81587	-2.87993	-3.02476
45	75	65	2.59743	-3.21372	-3.22012
45	75	75	2.65519	-4.12087	-4.04407
45	75	85	2.99271	-3.56678	-3.12594
45	85	5	4.73227	-5.08479	-2.90521
45	85	15	4.88863	-5.88123	-3.58363
45	85	25	4.55784	-6.8942	-5.28899
45	85	35	3.87385	-6.22277	-5.18398
45	85	45	3.15351	-5.02205	-4.82372
45	85	55	3.08304	-3.77965	-3.91084
45	85	65	3.0071	-5.17582	-4.94859
45	85	75	3.74208	-6.00425	-4.8999
45	85	85	4.26554	-5.26456	-3.5513
55	5	5	2.88727	-4.5468	-4.21148
55	5	15	3.53229	-5.09896	-4.19849
55	5	25	4.18449	-6.60392	-5.17209
55	5	35	3.75407	-6.10075	-5.10582
55	5	45	3.44095	-4.83059	-5.10102
55	5	55	3.44008	-4.42027	-4.97366
55	5	65	2.90655	-5.25951	-5.23919
55	5	75	2.72488	-5.22928	-5.11794
55	5	85	2.81176	-4.77621	-4.59879
55	15	5	2.71233	-4.00214	-3.88261
55	15	15	3.04784	-3.52705	-3.23131
55	15	25	2.98872	-5.36313	-5.25359
55	15	35	2.89745	-4.60175	-4.66769
55	15	45	3.59925	-3.20618	-4.20212
55	15	55	3.17161	-3.9958	-4.55206
55	15	65	2.74641	-5.13266	-5.18938
55	15	75	2.64777	-5.13479	-5.16213
55	15	85	2.6242	-4.69144	-4.66245
55	25	5	2.71675	-3.01353	-2.93364
55	25	15	2.77885	-3.65646	-3.7499
55	25	25	2.79729	-5.08804	-5.28779
55	25	35	2.96043	-4.08322	-4.48905
55	25	45	3.19855	-2.95464	-3.55696
55	25	55	2.924	-3.52514	-3.77176
55	25	65	2.86355	-5.07868	-5.2
55	25	75	2.6554	-4.96203	-4.98108
55	25	85	2.75867	-4.70262	-4.54175
55	35	5	3.47889	-5.32617	-4.52551
55	35	15	3.53672	-5.48292	-5.02023
55	35	25	3.17755	-5.46524	-5.3285
55	35	35	3.22499	-4.62507	-4.65179
55	35	45	3.01713	-4.08612	-4.15125
55	35	55	2.71736	-4.04465	-4.0866
55	35	65	2.79337	-4.90984	-4.8713
55	35	75	3.0966	-5.33159	-5.0326
55	35	85	3.28316	-5.43511	-4.87796
55	45	5	3.12629	-4.68136	-4.29003
55	45	15	3.00811	-4.67415	-4.73904
55	45	25	3.24482	-5.24546	-5.64221
55	45	35	2.95647	-4.66475	-4.78448
55	45	45	2.67564	-4.08526	-4.16823
55	45	55	2.63193	-3.04777	-3.04786
55	45	65	2.71185	-4.5713	-4.57129
55	45	75	3.06629	-5.33806	-5.28284
55	45	85	3.14466	-5.17943	-4.89446
55	55	5	2.71292	-3.39313	-3.44399
55	55	15	2.92499	-3.84011	-4.11142
55	55	25	3.46194	-5.16445	-5.94476
55	55	35	3.03524	-5.10237	-5.54331
55	55	45	2.6342	-4.76202	-4.80279
55	55	55	2.57269	-2.95218	-2.97061
55	55	65	2.79468	-3.99843	-4.23481
55	55	75	3.30829	-5.05257	-5.79695
55	55	85	2.64265	-4.3533	-4.37969
55	65	5	2.61698	-3.10334	-3.04258
55	65	15	2.69483	-3.69594	-3.83477
55	65	25	3.49671	-5.09507	-6.03583
55	65	35	2.87277	-5.10331	-5.42246
55	65	45	2.6127	-4.64211	-4.6635
55	65	55	2.57194	-2.66523	-2.68517
55	65	65	2.69164	-3.43328	-3.5727
55	65	75	3.1765	-4.83375	-5.45868
55	65	85	2.58615	-3.50432	-3.49089
55	75	5	3.25617	-3.62808	-2.92406
55	75	15	3.61236	-4.60728	-3.62683
55	75	25	3.99148	-5.96676	-5.64712
55	75	35	3.1011	-5.40281	-5.35125
55	75	45	2.65287	-4.90247	-4.92346
55	75	55	2.65232	-2.82607	-2.88648
55	75	65	2.69183	-3.99349	-4.09268
55	75	75	2.83523	-4.80083	-4.91985
55	75	85	2.93702	-3.95141	-3.5671
55	85	5	4.27597	-5.30658	-3.58339
55	85	15	4.85991	-5.8319	-3.60312
55	85	25	4.78264	-7.15335	-5.24176
55	85	35	4.3031	-6.66438	-5.25157
55	85	45	3.39408	-5.36288	-5.00346
55	85	55	3.25188	-4.74929	-4.68925
55	85	65	3.11791	-5.41887	-5.22081
55	85	75	2.92736	-5.39898	-5.06511
55	85	85	3.73202	-5.64059	-4.50202
65	5	5	3.10796	-5.58399	-5.03218
65	5	15	3.57266	-5.65268	-4.63226
65	5	25	4.84688	-6.88544	-5.55295
65	5	35	4.32243	-6.70255	-5.11293
65	5	45	3.58377	-5.4539	-4.46212
65	5	55	3.07916	-4.80256	-4.71604
65	5	65	3.22135	-5.69568	-5.1494
65	5	75	3.07834	-5.56736	-5.18142
65	5	85	3.33055	-5.75622	-5.06506
65	15	5	2.78401	-4.48402	-4.29125
65	15	15	2.73235	-3.68464	-3.58513
65	15	25	3.11368	-5.44289	-5.28609
65	15	35	2.72309	-4.54458	-4.39034
65	15	45	2.70166	-3.44942	-3.4213
65	15	55	3.06156	-4.10056	-4.35082
65	15	65	2.7729	-5.24405	-5.14792
65	15	75	2.91415	-5.38161	-5.18438
65	15	85	2.70744	-4.93458	-4.8249
65	25	5	2.81034	-3.36514	-3.1598
65	25	15	2.96854	-3.29048	-3.28151
65	25	25	3.05008	-5.27246	-5.37183
65	25	35	2.73702	-3.92332	-3.94546
65	25	45	3.15342	-3.05031	-3.29055
65	25	55	2.85858	-3.6883	-3.96646
65	25	65	2.76269	-5.18875	-5.18147
65	25	75	2.68755	-5.13353	-5.20593
65	25	85	2.70974	-4.93641	-4.86632
65	35	5	3.56826	-4.9157	-3.96228
65	35	15	3.86656	-5.52284	-4.50833
65	35	25	3.73692	-5.8767	-5.45277
65	35	35	3.22291	-5.0474	-4.86749
65	35	45	3.18399	-4.20463	-4.55159
65	35	55	2.93819	-4.27954	-4.58451
65	35	65	2.63638	-4.88927	-4.95458
65	35	75	2.10196	-5.04069	-5.18918
65	35	85	2.75952	-4.94084	-4.82444
65	45	5	3.253	-4.56709	-4.01091
65	45	15	3.57206	-4.98579	-4.45373
65	45	25	3.63481	-5.66167	-5.61246
65	45	35	3.09728	-5.18698	-5.20262
65	45	45	2.84043	-4.78811	-4.91337
65	45	55	2.71657	-3.71815	-3.76283
65	45	65	2.79678	-4.70085	-4.7842
65	45	75	3.08749	-5.2374	-5.43024
65	45	85	3.04065	-5.14024	-4.99816
65	55	5	2.81441	-3.6089	-3.44435
65	55	15	2.98249	-3.35165	-3.44779
65	55	25	3.80492	-5.21404	-6.21898
65	55	35	2.86414	-5.22516	-5.29183
65	55	45	2.6408	-5.05526	-5.01539
65	55	55	2.57883	-3.32852	-3.34187
65	55	65	3.0771	-4.46459	-4.94179
65	55	75	3.31755	-5.0999	-5.80627
65	55	85	3.16296	-4.51473	-5.09974
65	65	5	2.94073	-3.18409	-3.05846
65	65	15	3.06092	-3.05596	-3.10746
65	65	25	3.72471	-5.10059	-6.18465
65	65	35	2.65201	-5.10442	-5.20054
65	65	45	2.59433	-4.88249	-4.84404
65	65	55	2.57319	-3.03615	-3.01566
65	65	65	3.11447	-4.04124	-4.56024
65	65	75	3.54214	-5.0806	-5.99031
65	65	85	3.00017	-3.97076	-4.16023
65	75	5	3.60618	-4.15872	-3.23606
65	75	15	3.91547	-4.50408	-3.46197
65	75	25	5.01522	-6.5156	-6.09634
65	75	35	3.20777	-5.62206	-5.1184
65	75	45	2.69465	-5.00422	-4.90349
65	75	55	2.61403	-3.51464	-3.45325
65	75	65	2.83373	-4.59559	-4.83371
65	75	75	3.21708	-5.1123	-5.53106
65	75	85	3.43615	-5.11173	-4.48674
65	85	5	3.52705	-5.34516	-4.41352
65	85	15	4.36104	-5.8678	-4.09916
65	85	25	5.03759	-7.11535	-5.55467
65	85	35	4.2545	-6.65427	-5.09268
65	85	45	3.54336	-5.89146	-4.98496
65	85	55	3.03853	-5.22474	-4.73725
65	85	65	3.02376	-5.42805	-5.11691
65	85	75	2.98928	-5.47559	-5.12158
65	85	85	3.20913	-5.54438	-4.94286
75	5	5	4.23786	-6.73055	-5.11286
75	5	15	4.34189	-6.61159	-5.11493
75	5	25	5.1193	-7.10257	-5.62885
75	5	35	4.6837	-7.06809	-5.22746
75	5	45	3.7094	-5.63835	-4.48089
75	5	55	3.06006	-4.04788	-3.61884
75	5	65	3.16407	-5.52171	-5.12083
75	5	75	3.90609	-6.05095	-5.50556
75	5	85	3.66981	-6.11068	-5.21129
75	15	5	3.30211	-5.52099	-4.83094
75	15	15	3.25193	-4.99722	-4.46487
75	15	25	3.75819	-5.71492	-5.59751
75	15	35	3.06735	-5.2137	-4.74547
75	15	45	2.68773	-3.2167	-3.16087
75	15	55	2.70611	-3.44271	-3.49005
75	15	65	2.82087	-5.24507	-5.04459
75	15	75	3.23415	-5.57556	-5.31107
75	15	85	3.29265	-5.65533	-5.17032
75	25	5	2.71917	-3.67887	-3.60135
75	25	15	2.96371	-3.37186	-3.25167
75	25	25	3.24798	-5.08216	-5.27657
75	25	35	2.85989	-3.92743	-3.74477
75	25	45	2.85619	-2.9327	-2.64774
75	25	55	2.80469	-3.43718	-3.43089
75	25	65	2.7436	-5.12444	-5.20695
75	25	75	2.74092	-5.12304	-5.27027
75	25	85	2.61778	-4.96331	-4.90751
75	35	5	2.88737	-3.27924	-3.36999
75	35	15	3.57556	-4.02667	-3.92318
75	35	25	3.5623	-5.78921	-5.18516
75	35	35	2.94219	-5.14625	-4.88782
75	35	45	2.95957	-4.32241	-4.1998
75	35	55	2.76413	-4.20072	-4.20636
75	35	65	2.76488	-5.05414	-5.26547
75	35	75	2.40682	-5.08202	-5.23735
75	35	85	2.70137	-4.76283	-5.01158
75	45	5	3.755	-3.85805	-3.69947
75	45	15	4.30545	-4.00397	-4.34768
75	45	25	3.22548	-5.4321	-5.37668
75	45	35	3.27348	-5.18559	-5.45973
75	45	45	3.02582	-4.95367	-5.10599
75	45	55	3.07904	-4.34246	-4.38803
75	45	65	3.3984	-5.34638	-5.47055
75	45	75	3.07468	-5.2994	-5.37985
75	45	85	3.64182	-4.904	-4.99599
75	55	5	3.26701	-3.6681	-3.40076
75	55	15	4.29897	-3.92242	-3.90311
75	55	25	4.05866	-5.4246	-6.01141
75	55	35	3.15826	-5.24273	-5.36872
75	55	45	2.92837	-5.18009	-5.31413
75	55	55	2.82279	-4.09814	-4.28187
75	55	65	3.36043	-4.87963	-5.55609
75	55	75	3.68117	-5.18374	-6.0912
75	55	85	3.341	-4.37616	-5.09606
75	65	5	3.49585	-3.56289	-3.00198
75	65	15	3.47773	-3.3239	-3.3386
75	65	25	4.20956	-4.92768	-6.25822
75	65	35	2.88486	-4.78819	-4.94963
75	65	45	2.59037	-4.99245	-5.01099
75	65	55	2.74216	-3.46902	-3.44174
75	65	65	3.4835	-4.53644	-5.2489
75	65	75	3.59992	-5.18369	-6.00282
75	65	85	3.21123	-4.34395	-4.63904
75	75	5	4.08689	-5.13728	-3.67142
75	75	15	4.68662	-5.23037	-3.98229
75	75	25	4.94524	-6.42304	-5.88425
75	75	35	3.85355	-5.94236	-4.8832
75	75	45	3.21991	-5.64936	-5.06402
75	75	55	3.08335	-4.48787	-4.07813
75	75	65	3.44698	-5.13545	-5.2811
75	75	75	4.11346	-5.63721	-6.00599
75	75	85	3.96013	-5.44747	-5.24323
75	85	5	3.37684	-5.69423	-4.98584
75	85	15	4.39308	-6.40197	-4.80687
75	85	25	5.44953	-7.01727	-5.81326
75	85	35	4.33239	-6.7904	-5.15393
75	85	45	3.63719	-6.06649	-5.06137
75	85	55	3.18512	-5.23094	-4.63844
75	85	65	3.03798	-5.41561	-5.16945
75	85	75	3.46975	-5.50655	-5.59511
75	85	85	3.18453	-5.35125	-5.3218
85	5	5	3.39105	-5.6664	-5.17442
85	5	15	3.94194	-6.12701	-5.461
85	5	25	4.00476	-5.925	-5.71606
85	5	35	3.692	-6.1339	-5.04571
85	5	45	4.20489	-6.09545	-4.52168
85	5	55	3.38432	-3.7937	-3.00043
85	5	65	3.42706	-5.20597	-4.69478
85	5	75	4.41076	-5.85939	-6.20231
85	5	85	4.17745	-5.77264	-6.01745
85	15	5	2.96993	-5.0257	-5.31727
85	15	15	3.05715	-5.10364	-5.32562
85	15	25	3.17429	-5.3814	-5.36059
85	15	35	3.13763	-5.58544	-5.04444
85	15	45	2.83927	-3.74975	-3.46176
85	15	55	3.10872	-3.04325	-3.09366
85	15	65	3.29147	-4.9303	-4.67331
85	15	75	3.28758	-5.35174	-5.58542
85	15	85	3.34623	-5.14874	-5.81049
85	25	5	2.80516	-4.06088	-4.23495
85	25	15	2.93473	-3.59602	-3.69971
85	25	25	2.93427	-4.48841	-4.51006
85	25	35	2.95585	-4.14425	-3.78348
85	25	45	2.82214	-3.04451	-2.85547
85	25	55	3.54423	-3.44153	-3.89649
85	25	65	3.2235	-5.13436	-5.39367
85	25	75	3.02969	-5.18354	-5.51552
85	25	85	3.09875	-5.10365	-5.60815
85	35	5	3.04392	-3.15845	-3.29053
85	35	15	3.05914	-2.89514	-2.95523
85	35	25	2.97449	-4.69012	-4.57757
85	35	35	2.80295	-5.04355	-4.80161
85	35	45	2.9435	-4.02154	-3.99821
85	35	55	2.97053	-3.93515	-4.23027
85	35	65	3.04048	-5.10779	-5.47475
85	35	75	2.88551	-5.18161	-5.39525
85	35	85	2.91682	-4.98244	-5.14783
85	45	5	4.32886	-3.60492	-3.87941
85	45	15	4.31899	-3.63042	-4.22381
85	45	25	3.04417	-4.75414	-4.87752
85	45	35	2.72037	-4.92006	-5.04774
85	45	45	3.08126	-4.91765	-5.36544
85	45	55	3.28362	-4.56395	-5.13092
85	45	65	3.53995	-5.14272	-5.73005
85	45	75	3.3522	-5.42424	-5.57824
85	45	85	3.79566	-4.94766	-5.05784
85	55	5	5.13238	-4.45584	-4.78154
85	55	15	5.6705	-5.34678	-5.17965
85	55	25	4.26638	-5.14639	-5.26092
85	55	35	3.42902	-4.38094	-4.85894
85	55	45	3.21075	-5.21923	-5.23896
85	55	55	3.36015	-5.07626	-4.84456
85	55	65	4.13429	-5.46246	-6.12486
85	55	75	3.83162	-5.6003	-5.87969
85	55	85	4.59022	-5.30587	-5.85643
85	65	5	5.10376	-4.34051	-4.22587
85	65	15	4.95554	-4.72675	-5.04482
85	65	25	4.48389	-5.19318	-5.94163
85	65	35	3.66092	-4.50449	-4.96398
85	65	45	3.00097	-4.76244	-5.08761
85	65	55	3.06388	-4.54718	-4.32802
85	65	65	4.04351	-5.31312	-5.70154
85	65	75	4.0563	-5.85394	-5.84386
85	65	85	4.61315	-5.12313	-5.5019
85	75	5	4.66039	-5.25731	-4.21852
85	75	15	4.63351	-5.71146	-5.08343
85	75	25	4.87188	-5.92622	-6.38934
85	75	35	3.5611	-4.99851	-4.88291
85	75	45	3.0934	-4.95966	-4.6108
85	75	55	2.95737	-4.76244	-4.60319
85	75	65	3.91663	-5.53201	-5.568
85	75	75	4.76147	-6.41655	-5.97096
85	75	85	4.9031	-6.37543	-5.2194
85	85	5	3.19353	-5.36728	-5.10086
85	85	15	3.54995	-5.58603	-5.35835
85	85	25	4.78265	-6.19842	-6.09435
85	85	35	3.69984	-5.96915	-5.01794
85	85	45	3.94855	-5.86802	-4.59995
85	85	55	3.48709	-4.87644	-4.02051
85	85	65	3.28342	-5.27234	-5.10074
85	85	75	4.02105	-5.44361	-6.21684
85	85	85	3.81265	-5.59242	-5.83083
