5	5	5	5.48479	-2.51147	-4.155
5	5	15	4.41918	-2.24734	-3.86972
5	5	25	3.74572	-2.38219	-3.96355
5	5	35	3.04032	-1.90323	-3.72716
5	5	45	1.24743	-1.40204	-2.56263
5	5	55	0.0655159	-2.0815	-2.95247
5	5	65	2.51699	-3.51684	-5.23132
5	5	75	4.30522	-3.9444	-6.1296
5	5	85	5.55165	-2.87699	-4.90804
5	15	5	4.03003	-1.68563	-3.4382
5	15	15	3.75783	-1.47792	-3.55925
5	15	25	2.00129	-0.507776	-2.29085
5	15	35	0.995644	-0.263621	-1.53437
5	15	45	0.0859546	0.564694	-2.18173
5	15	55	-1.16325	-0.0605591	-3.93415
5	15	65	1.39723	-3.02535	-6.56019
5	15	75	3.3875	-3.63061	-5.73615
5	15	85	2.79948	-1.92076	-2.53721
5	25	5	2.74701	-1.93311	-1.80513
5	25	15	2.48559	-0.720888	-2.6212
5	25	25	0.906923	-0.825233	-1.84633
5	25	35	0.65527	-0.148792	-1.11391
5	25	45	0.0447333	0.547509	-1.69573
5	25	55	-1.30592	-0.516436	-4.66397
5	25	65	0.470138	-2.82631	-6.13538
5	25	75	2.42509	-3.07633	-4.63897
5	25	85	3.04846	-2.53691	-2.46204
5	35	5	3.59035	-3.26299	-2.14298
5	35	15	1.13512	-3.51624	-5.33702
5	35	25	-1.60386	-4.24741	-6.14466
5	35	35	-1.36296	-2.58428	-3.8822
5	35	45	-1.33599	-1.31684	-2.88211
5	35	55	-0.92507	-3.32646	-4.55339
5	35	65	0.916828	-4.41518	-5.56229
5	35	75	2.69828	-3.19604	-3.54984
5	35	85	3.37445	-2.94211	-2.47363
5	45	5	3.78769	-2.85987	-2.90747
5	45	15	0.391082	-4.44476	-6.00222
5	45	25	-2.07008	-5.00721	-7.26413
5	45	35	-1.26283	-4.00166	-5.13575
5	45	45	-0.0497454	-3.44806	-3.32887
5	45	55	0.405765	-3.27257	-2.42574
5	45	65	0.325272	-3.7665	-3.02818
5	45	75	1.94816	-2.30069	-2.00707
5	45	85	3.23744	-2.9003	-2.52645
5	55	5	2.41671	-2.43749	-2.45236
5	55	15	0.174363	-4.08955	-5.06764
5	55	25	-1.57611	-4.83486	-5.77916
5	55	35	-1.41346	-4.5463	-4.48676
5	55	45	-0.415797	-3.81479	-2.54072
5	55	55	-0.307235	-3.71715	-1.89817
5	55	65	-0.932178	-3.22371	-1.83678
5	55	75	0.99255	-1.56941	-0.752237
5	55	85	1.67091	-1.65092	-1.35421
5	65	5	2.74571	-3.68531	-3.19736
5	65	15	1.70469	-4.033	-3.89572
5	65	25	0.133048	-4.73295	-4.31619
5	65	35	-1.76743	-6.50455	-3.05329
5	65	45	0.890033	-8.45455	-2.88199
5	65	55	3.52405	-8.80599	-4.14755
5	65	65	2.45884	-6.18073	-1.99075
5	65	75	2.0594	-3.01362	-0.404803
5	65	85	2.09572	-2.56522	-0.931947
5	75	5	4.77442	-4.70456	-4.13935
5	75	15	3.50419	-4.23967	-3.17765
5	75	25	2.73767	-4.32286	-3.7884
5	75	35	2.17493	-5.34747	-4.01429
5	75	45	3.05663	-7.29328	-3.70128
5	75	55	4.45857	-8.24222	-4.87187
5	75	65	4.52963	-7.02438	-3.89384
5	75	75	4.02944	-4.95091	-2.12197
5	75	85	4.30024	-4.27193	-2.94813
5	85	5	6.10054	-4.26244	-3.92567
5	85	15	4.04046	-3.6605	-2.78433
5	85	25	3.38918	-3.67479	-3.65813
5	85	35	3.101	-3.65448	-3.96434
5	85	45	2.4763	-4.14901	-4.2568
5	85	55	2.16782	-4.44855	-3.84188
5	85	65	3.48602	-4.69709	-3.61581
5	85	75	4.28333	-4.04411	-5.58055
5	85	85	5.89504	-4.21547	-5.13906
15	5	5	6.21825	-4.15948	-4.19001
15	5	15	3.89428	-3.06833	-2.69686
15	5	25	3.69563	-2.63033	-3.22865
15	5	35	3.44809	-2.05402	-3.63669
15	5	45	2.10366	-2.72846	-4.83216
15	5	55	1.02503	-3.28687	-7.31168
15	5	65	4.02986	-0.615458	-8.82294
15	5	75	5.0968	-0.288471	-7.30996
15	5	85	5.76044	-2.70231	-5.82626
15	15	5	5.41537	-2.60484	-3.58043
15	15	15	4.64558	-0.970068	-3.60809
15	15	25	4.10869	-0.776344	-3.74957
15	15	35	3.65353	-0.0653151	-3.76697
15	15	45	2.57353	2.09968	-5.0576
15	15	55	2.80057	1.38155	-9.5646
15	15	65	4.75191	1.51634	-9.80683
15	15	75	5.30321	-0.475701	-7.27576
15	15	85	5.6953	-2.55387	-4.92547
15	25	5	6.30018	-0.765099	-4.08015
15	25	15	5.34143	0.53141	-3.57183
15	25	25	2.64241	1.60474	-2.43712
15	25	35	2.07999	1.19934	-2.24357
15	25	45	2.42643	2.90903	-3.57396
15	25	55	3.25795	-1.27207	-8.93573
15	25	65	5.04393	-2.14125	-9.14542
15	25	75	5.00895	-2.66087	-6.68588
15	25	85	5.77366	-2.69884	-4.98447
15	35	5	7.41402	-2.59553	-4.21556
15	35	15	6.89862	-1.12058	-4.25806
15	35	25	3.15733	-0.402347	-4.77595
15	35	35	2.81125	0.833379	-3.62858
15	35	45	2.75531	2.31066	-3.99644
15	35	55	4.19217	-2.5633	-7.84222
15	35	65	6.30931	-5.09082	-8.65628
15	35	75	6.30904	-4.55186	-7.22264
15	35	85	6.53697	-3.48809	-5.00443
15	45	5	5.68648	-3.24832	-3.13922
15	45	15	4.39126	-2.26896	-3.69874
15	45	25	2.12574	-2.93211	-5.11484
15	45	35	1.25491	-1.74927	-3.78982
15	45	45	2.93994	-1.87116	-4.38261
15	45	55	4.11628	-5.37819	-6.34665
15	45	65	5.23846	-6.41583	-8.36907
15	45	75	5.85823	-3.82613	-4.61697
15	45	85	6.07147	-3.30056	-3.94232
15	55	5	3.61979	-3.17945	-2.82864
15	55	15	2.32395	-2.30192	-2.58131
15	55	25	1.10725	-2.41901	-3.11104
15	55	35	-0.668356	-3.85073	-3.3947
15	55	45	1.17035	-4.75073	-3.87838
15	55	55	3.45727	-5.91924	-3.65783
15	55	65	3.50304	-5.62852	-4.56607
15	55	75	3.22163	-2.93682	-2.62956
15	55	85	3.35896	-2.25902	-2.36365
15	65	5	2.44709	-5.04685	-4.12191
15	65	15	1.01634	-4.65912	-2.44714
15	65	25	-1.93375	-5.14355	-1.31007
15	65	35	-4.07974	-6.90624	-2.01487
15	65	45	-2.60963	-7.98666	-3.09464
15	65	55	3.33181	-9.04181	-4.15397
15	65	65	3.75258	-8.29903	-4.35153
15	65	75	2.77165	-5.39441	-4.02882
15	65	85	1.93746	-4.27887	-3.55998
15	75	5	3.08082	-6.03362	-4.81146
15	75	15	2.39618	-5.72033	-3.46289
15	75	25	1.46689	-5.21848	-2.66348
15	75	35	-1.76762	-7.05517	-1.64446
15	75	45	-0.770712	-9.06256	-2.77075
15	75	55	2.36305	-8.80795	-5.23276
15	75	65	4.12759	-7.81844	-5.31881
15	75	75	2.90062	-5.2046	-4.51119
15	75	85	3.55577	-5.36491	-4.90739
15	85	5	5.23761	-4.57202	-4.7391
15	85	15	4.37144	-4.90987	-3.58228
15	85	25	3.26932	-4.08357	-3.00653
15	85	35	1.7385	-4.9321	-2.97641
15	85	45	0.365302	-7.21453	-3.7415
15	85	55	0.552768	-7.22323	-5.96119
15	85	65	2.88786	-5.34276	-5.8532
15	85	75	4.52991	-4.12449	-6.38872
15	85	85	5.53503	-4.59935	-6.04286
25	5	5	4.59646	-2.81104	-3.53455
25	5	15	3.63397	-3.01658	-2.18688
25	5	25	2.3772	-2.38037	-1.71771
25	5	35	2.23358	-1.67096	-1.56713
25	5	45	1.41893	-3.72727	-3.75918
25	5	55	0.550437	-5.65635	-8.32191
25	5	65	1.7473	-5.0427	-9.41827
25	5	75	3.78404	-3.46286	-8.2021
25	5	85	4.86308	-0.894229	-6.04032
25	15	5	7.00208	-0.436449	-4.43232
25	15	15	4.79681	-0.715995	-1.88414
25	15	25	2.48628	0.28716	-1.67399
25	15	35	3.00077	0.95021	-2.37836
25	15	45	2.22605	-0.368747	-3.67665
25	15	55	1.37134	-4.95083	-8.6241
25	15	65	2.07885	-4.34076	-9.45208
25	15	75	4.7317	0.683988	-6.60253
25	15	85	5.34611	1.05161	-4.9873
25	25	5	7.27084	2.55274	-4.70409
25	25	15	6.93752	2.60594	-3.42505
25	25	25	3.74221	1.82915	-2.1365
25	25	35	3.70112	2.83107	-2.79221
25	25	45	3.68434	2.32604	-3.51866
25	25	55	3.38822	-4.31073	-7.89002
25	25	65	4.06982	-4.42049	-8.31061
25	25	75	5.36564	0.628478	-5.87798
25	25	85	5.92001	0.2737	-5.24657
25	35	5	8.63445	-0.393479	-5.01929
25	35	15	9.04887	0.286409	-4.56179
25	35	25	7.45757	1.27901	-4.35463
25	35	35	5.45613	2.88221	-3.49429
25	35	45	5.98449	3.15176	-4.40813
25	35	55	5.57644	-3.6144	-7.32197
25	35	65	5.71787	-4.21384	-7.84785
25	35	75	6.12012	-1.83903	-6.32946
25	35	85	6.43473	-1.08212	-5.43411
25	45	5	7.25611	-3.83042	-4.68905
25	45	15	6.59257	-2.46634	-4.15509
25	45	25	5.33502	-1.27786	-3.38653
25	45	35	3.64276	0.453766	-2.96463
25	45	45	5.02368	-0.719692	-3.63366
25	45	55	5.45897	-3.60646	-6.18214
25	45	65	5.67209	-4.22204	-6.61617
25	45	75	6.2047	-3.72742	-5.32434
25	45	85	6.84413	-3.60846	-5.12678
25	55	5	4.68135	-3.51381	-3.43825
25	55	15	3.39467	-2.73101	-2.1465
25	55	25	1.96691	-1.84985	-1.29563
25	55	35	1.44496	-2.76043	-1.77496
25	55	45	1.49249	-2.42229	-1.97653
25	55	55	3.36349	-3.77504	-3.44493
25	55	65	5.03682	-4.60705	-5.38014
25	55	75	5.55064	-3.93148	-4.63888
25	55	85	5.15271	-3.36771	-3.48756
25	65	5	0.588821	-5.91224	-3.71341
25	65	15	0.949941	-6.56155	-1.0058
25	65	25	-0.43095	-5.40396	0.424827
25	65	35	-1.7935	-6.39532	-1.27468
25	65	45	-0.54189	-7.09179	-3.14962
25	65	55	1.40522	-6.60783	-3.39557
25	65	65	3.82004	-6.05905	-4.20364
25	65	75	2.8538	-5.60198	-4.79552
25	65	85	0.84979	-5.10697	-4.36627
25	75	5	-1.55388	-6.78458	-4.75248
25	75	15	-0.550329	-7.25541	-2.02715
25	75	25	-0.0265128	-5.85786	0.157386
25	75	35	-1.77982	-6.33629	0.68696
25	75	45	0.563265	-7.89566	-2.77172
25	75	55	2.19757	-7.19249	-5.94922
25	75	65	1.44147	-7.37481	-6.76063
25	75	75	-0.0371288	-6.49334	-5.79745
25	75	85	-0.525648	-5.76945	-5.50408
25	85	5	3.13628	-4.54795	-4.32795
25	85	15	3.06785	-4.20693	-2.6879
25	85	25	2.60502	-4.27906	-1.94065
25	85	35	1.51432	-4.31905	0.0341062
25	85	45	0.567912	-6.17911	-2.39077
25	85	55	0.538927	-6.66382	-8.16874
25	85	65	2.57524	-5.59927	-9.11109
25	85	75	2.338	-5.14026	-7.58244
25	85	85	2.39483	-4.9975	-6.13405
35	5	5	0.874631	-2.76392	-3.13868
35	5	15	0.939643	-1.73787	-1.46687
35	5	25	0.447354	-0.909215	0.129668
35	5	35	1.0259	-1.2523	0.235046
35	5	45	1.99261	-2.95095	-2.12382
35	5	55	0.139715	-5.59643	-8.91562
35	5	65	0.252328	-5.32117	-9.28848
35	5	75	1.12114	-4.50454	-7.3385
35	5	85	0.949614	-2.93835	-4.69608
35	15	5	2.6447	-0.392868	-3.53512
35	15	15	1.14771	-0.0356738	-0.773881
35	15	25	0.692958	-0.0592417	-0.0808549
35	15	35	1.18077	-0.264955	-0.112804
35	15	45	1.71893	-1.58295	-1.41636
35	15	55	1.00788	-5.25625	-6.83934
35	15	65	0.648693	-5.14088	-8.24906
35	15	75	2.08523	-3.66248	-5.88447
35	15	85	2.56707	-0.561009	-4.12523
35	25	5	5.27845	1.25655	-4.52519
35	25	15	4.06006	1.49909	-2.42092
35	25	25	1.90792	0.341116	-0.144868
35	25	35	2.57005	0.5227	-0.0919791
35	25	45	3.24932	-0.564184	-1.49811
35	25	55	2.7872	-4.65789	-5.78452
35	25	65	2.17986	-4.49953	-5.75745
35	25	75	3.45656	-1.19844	-4.94217
35	25	85	4.38409	0.614669	-4.84425
35	35	5	5.99026	0.345451	-4.9811
35	35	15	7.21257	-0.30517	-3.93404
35	35	25	5.56119	-0.678196	-1.44609
35	35	35	6.30476	0.0184878	-1.3439
35	35	45	6.01607	0.442733	-2.00393
35	35	55	4.75757	-3.99011	-5.45189
35	35	65	3.83048	-3.83159	-5.42314
35	35	75	4.88206	-0.969106	-6.08384
35	35	85	5.17189	-0.0102784	-5.63132
35	45	5	5.85929	-2.4427	-5.13407
35	45	15	6.31489	-2.58198	-4.54186
35	45	25	5.84321	-2.40148	-3.03648
35	45	35	5.20767	-0.541582	-1.38761
35	45	45	4.87669	0.083198	-1.35653
35	45	55	5.04173	-2.42677	-4.56895
35	45	65	4.72531	-3.08948	-5.14526
35	45	75	5.04765	-2.7812	-5.34057
35	45	85	5.14894	-2.53796	-5.19672
35	55	5	4.05822	-3.10926	-3.63472
35	55	15	3.46434	-3.14018	-2.33462
35	55	25	2.86176	-2.4167	-0.922708
35	55	35	2.61629	-2.21941	-0.761793
35	55	45	1.40793	-1.24517	-0.567822
35	55	55	3.16424	-2.07552	-2.90997
35	55	65	4.5123	-2.89989	-4.73287
35	55	75	4.53129	-2.66648	-4.85083
35	55	85	4.22122	-2.46192	-4.30751
35	65	5	0.0191024	-2.73278	-1.85883
35	65	15	0.154736	-2.91735	-0.867075
35	65	25	0.843684	-2.46673	-0.470893
35	65	35	1.72292	-3.60244	-0.721483
35	65	45	3.39293	-4.26446	-1.7249
35	65	55	2.07544	-2.31258	-1.61816
35	65	65	2.55358	-2.10983	-3.55296
35	65	75	0.912216	-3.0315	-3.71565
35	65	85	0.759502	-2.96129	-3.4071
35	75	5	-2.63807	-4.36016	-3.66454
35	75	15	-1.12543	-3.1468	-1.14296
35	75	25	0.109355	-2.60093	-0.00294134
35	75	35	1.5947	-4.15743	-0.273389
35	75	45	4.51429	-6.1816	-2.52945
35	75	55	1.52441	-2.20151	-6.57765
35	75	65	-2.30761	-1.7573	-7.50922
35	75	75	-2.37556	-5.20707	-5.88408
35	75	85	-2.11787	-4.79591	-4.97095
35	85	5	-0.696108	-3.48005	-3.86545
35	85	15	0.373916	-3.07761	-2.12595
35	85	25	0.802773	-2.35917	-0.549118
35	85	35	1.73146	-2.61097	0.607041
35	85	45	2.87374	-4.76154	-1.90412
35	85	55	0.200058	-2.19874	-9.25604
35	85	65	-0.90628	-4.05611	-9.4134
35	85	75	-0.658713	-5.05007	-7.28206
35	85	85	-0.528134	-3.69168	-4.60821
45	5	5	-3.12383	-2.14732	-3.36186
45	5	15	-1.76622	-1.8472	-2.40262
45	5	25	0.0844955	-1.04403	-0.914171
45	5	35	0.675472	-1.0121	-0.191696
45	5	45	2.4066	-2.1816	-1.49841
45	5	55	2.25346	-3.88457	-5.64094
45	5	65	-1.16306	-5.01187	-8.09939
45	5	75	-0.469803	-3.65958	-5.53082
45	5	85	-1.56704	-1.9336	-3.11073
45	15	5	-2.63886	-4.18948	-2.35815
45	15	15	-0.907438	-2.27648	-1.88832
45	15	25	-0.00594949	-1.23705	-0.802519
45	15	35	0.372477	-0.840142	-0.396291
45	15	45	1.72369	-2.00054	-1.52365
45	15	55	0.557733	-4.60664	-5.11877
45	15	65	-1.41766	-5.12952	-6.46074
45	15	75	-1.6412	-4.181	-3.84748
45	15	85	-1.9481	-3.97695	-2.45297
45	25	5	-0.207213	-4.97548	-3.38032
45	25	15	1.04639	-2.98597	-2.35342
45	25	25	0.915982	-1.92757	-1.37878
45	25	35	1.37993	-1.50819	-0.74774
45	25	45	3.0969	-2.83632	-0.783856
45	25	55	2.25827	-4.11372	-3.44867
45	25	65	1.05931	-3.95176	-4.07704
45	25	75	-0.0183097	-4.60192	-3.68567
45	25	85	-0.178144	-5.28568	-3.43253
45	35	5	1.52073	-2.73876	-3.5541
45	35	15	2.87582	-2.62007	-3.59714
45	35	25	2.45447	-2.32297	-2.78632
45	35	35	3.23915	-2.55103	-0.871021
45	35	45	5.33328	-2.36855	0.0868043
45	35	55	3.52322	-3.28577	-2.56794
45	35	65	2.38538	-3.71349	-3.87797
45	35	75	2.7269	-4.20793	-5.17563
45	35	85	2.62597	-3.61351	-5.19295
45	45	5	1.43032	-1.22425	-2.88863
45	45	15	2.41073	-1.86639	-3.10725
45	45	25	3.04174	-2.39584	-3.27782
45	45	35	4.34204	-2.2747	-2.12339
45	45	45	4.2303	-1.1248	0.250699
45	45	55	4.4525	-2.56235	-2.4799
45	45	65	3.0971	-2.94972	-3.74272
45	45	75	3.87906	-3.25125	-5.05744
45	45	85	2.83189	-1.90193	-4.44393
45	55	5	-0.163891	-0.872673	-1.7797
45	55	15	0.233503	-1.95778	-2.6906
45	55	25	2.35122	-2.61317	-3.10118
45	55	35	2.7017	-1.85299	-1.61521
45	55	45	2.16278	-1.19893	-0.297024
45	55	55	2.3533	-0.775718	-1.69818
45	55	65	2.64865	-1.24973	-3.25172
45	55	75	3.17399	-1.23652	-3.88846
45	55	85	1.56013	-0.679461	-2.61723
45	65	5	-0.834848	-0.797931	-1.73253
45	65	15	-0.878179	-2.18368	-2.92496
45	65	25	1.29535	-2.92908	-2.92282
45	65	35	2.73436	-3.16339	-2.3092
45	65	45	3.53705	-3.37073	-1.28701
45	65	55	2.74623	-0.708913	-1.27928
45	65	65	1.86043	1.03096	-2.46279
45	65	75	0.887621	-0.132737	-2.28489
45	65	85	0.313829	-0.553978	-1.29373
45	75	5	-1.98735	-0.507473	-2.50255
45	75	15	-2.23352	-1.58597	-3.09135
45	75	25	0.499843	-3.39696	-3.52416
45	75	35	2.60553	-4.04106	-2.68567
45	75	45	4.4159	-5.04472	-2.46872
45	75	55	4.40186	-0.821418	-3.82909
45	75	65	0.863713	1.65238	-6.84612
45	75	75	-0.985128	-3.14588	-6.13784
45	75	85	-0.817074	-2.28889	-3.13509
45	85	5	-3.77326	-1.05759	-4.33809
45	85	15	-2.89624	-2.21156	-3.78594
45	85	25	-0.0366685	-2.47623	-2.54785
45	85	35	1.97599	-2.44689	-1.03347
45	85	45	3.85787	-3.81765	-1.35733
45	85	55	3.79341	-2.10525	-5.43195
45	85	65	-1.23899	-3.65217	-8.7553
45	85	75	-2.22225	-4.53594	-7.05896
45	85	85	-2.03844	-2.68224	-4.3974
55	5	5	-2.17531	-2.75403	-5.65416
55	5	15	0.18896	-3.98656	-7.35927
55	5	25	1.55288	-3.27251	-5.10464
55	5	35	1.98767	-1.74222	-1.61126
55	5	45	3.82731	-2.40856	-1.61152
55	5	55	4.8812	-2.8123	-3.71526
55	5	65	2.27918	-3.11937	-5.06061
55	5	75	0.710678	-1.92783	-3.33157
55	5	85	-0.308565	-0.650408	-2.62077
55	15	5	-2.90873	-4.85877	-3.79549
55	15	15	0.244406	-5.22656	-5.79493
55	15	25	1.38635	-3.68714	-3.23155
55	15	35	0.486863	-2.64606	-1.88097
55	15	45	1.24469	-3.43266	-2.66013
55	15	55	2.02677	-3.99039	-3.53803
55	15	65	-0.0688099	-3.96765	-3.65071
55	15	75	-1.25264	-3.43306	-1.9149
55	15	85	-2.19232	-4.26747	-2.25689
55	25	5	-3.55485	-6.98978	-3.90755
55	25	15	0.89522	-6.39141	-5.45188
55	25	25	0.909464	-4.99696	-4.67616
55	25	35	-0.0177681	-4.23366	-3.73814
55	25	45	-0.997566	-5.42492	-4.0565
55	25	55	0.566129	-5.8193	-3.30918
55	25	65	-1.55253	-4.5704	-2.06876
55	25	75	-3.47416	-5.91408	-1.11679
55	25	85	-3.71009	-7.03078	-2.23106
55	35	5	-2.22575	-5.90436	-3.57993
55	35	15	1.10998	-5.3576	-5.64116
55	35	25	2.09684	-4.73197	-5.20883
55	35	35	2.66851	-4.48981	-4.74652
55	35	45	2.89505	-4.18126	-2.78693
55	35	55	2.77683	-4.65413	-1.9155
55	35	65	0.814995	-3.82704	-2.14123
55	35	75	-1.13448	-4.95361	-3.09009
55	35	85	-2.03633	-5.25233	-3.12383
55	45	5	-1.16054	-3.55083	-3.78588
55	45	15	1.58508	-4.29832	-6.07757
55	45	25	2.59344	-3.21896	-5.26243
55	45	35	3.077	-3.05738	-3.756
55	45	45	4.12135	-3.43444	-1.36569
55	45	55	3.18053	-2.56215	-0.0355073
55	45	65	1.49506	-2.25349	-2.20155
55	45	75	0.874459	-2.76007	-3.46918
55	45	85	-1.01634	-2.83877	-2.78776
55	55	5	-0.786114	-1.91663	-3.34441
55	55	15	1.8368	-3.19379	-5.96692
55	55	25	2.61314	-1.6603	-4.70817
55	55	35	3.23433	-2.22329	-3.39579
55	55	45	2.66876	-2.00412	-0.96478
55	55	55	2.06773	-1.01778	-0.0997944
55	55	65	1.42189	-0.0267577	-1.5186
55	55	75	1.04515	-0.315193	-2.23842
55	55	85	-0.287507	-1.12436	-1.61848
55	65	5	-0.978984	-0.65907	-3.30254
55	65	15	1.86534	-1.94729	-6.53484
55	65	25	3.86585	-2.90753	-6.57711
55	65	35	4.17743	-2.51761	-4.42612
55	65	45	3.58803	-2.25413	-1.85989
55	65	55	3.43643	-0.921305	-0.810721
55	65	65	1.76421	1.32189	-2.04846
55	65	75	0.839017	0.761463	-1.55913
55	65	85	-0.038705	-0.211054	-1.21399
55	75	5	-1.86149	1.12703	-5.18889
55	75	15	1.35497	0.181772	-8.14993
55	75	25	3.99585	-4.12173	-8.14273
55	75	35	4.91913	-4.03668	-5.57863
55	75	45	5.75121	-3.69736	-3.58435
55	75	55	6.98637	-1.87721	-4.1723
55	75	65	5.33528	-0.0577237	-4.85554
55	75	75	2.53516	1.09653	-4.86117
55	75	85	0.608188	-0.484072	-2.27348
55	85	5	-1.79502	0.453635	-6.73513
55	85	15	1.74462	-2.93116	-8.95216
55	85	25	3.98866	-4.51039	-8.61041
55	85	35	3.90731	-3.06978	-3.88997
55	85	45	5.30274	-4.10013	-3.51292
55	85	55	6.83679	-3.06351	-4.46366
55	85	65	3.75305	-2.65222	-5.05565
55	85	75	0.893996	-2.62349	-6.14486
55	85	85	-0.118718	-0.0841313	-4.25736
65	5	5	0.763625	-3.80311	-7.53458
65	5	15	2.45084	-4.9501	-9.90443
65	5	25	4.46155	-3.82177	-6.62634
65	5	35	4.04076	-2.23458	-4.08585
65	5	45	5.45296	-2.87762	-3.30603
65	5	55	5.68849	-2.79372	-3.88487
65	5	65	2.70752	-1.52472	-2.6922
65	5	75	1.01971	-0.760002	-1.73856
65	5	85	1.23603	-0.645852	-2.23881
65	15	5	-2.19796	-4.56148	-5.42139
65	15	15	-0.391457	-4.98866	-7.70389
65	15	25	1.78999	-3.75802	-4.75745
65	15	35	0.780574	-2.57977	-2.36359
65	15	45	1.76592	-2.80731	-2.9871
65	15	55	2.27614	-2.95068	-2.68387
65	15	65	0.254766	-2.69781	-1.67224
65	15	75	0.0533013	-1.75007	-0.886053
65	15	85	-1.1214	-2.78601	-1.67609
65	25	5	-3.32346	-6.09321	-4.46787
65	25	15	-2.59688	-6.36784	-5.82053
65	25	25	-1.94046	-5.60769	-5.29455
65	25	35	-1.87222	-4.85297	-4.70314
65	25	45	-2.41103	-4.64748	-4.39818
65	25	55	-2.7155	-5.865	-3.7071
65	25	65	-4.09367	-6.28853	-0.985988
65	25	75	-3.42505	-4.52732	-0.893803
65	25	85	-3.88297	-5.4258	-1.95759
65	35	5	-1.02917	-5.79996	-4.7117
65	35	15	0.262213	-5.42909	-5.82157
65	35	25	-0.540443	-5.27831	-5.94046
65	35	35	-0.171192	-5.19739	-5.37442
65	35	45	-0.797658	-4.78349	-4.51046
65	35	55	-0.797203	-4.90463	-1.71152
65	35	65	-1.88652	-3.9445	0.21107
65	35	75	-1.92955	-3.07657	-0.973912
65	35	85	-2.64024	-4.4962	-2.27056
65	45	5	-0.306035	-4.38363	-4.70238
65	45	15	0.564538	-4.85474	-6.81274
65	45	25	1.02043	-4.45562	-6.68317
65	45	35	2.06775	-3.81564	-4.39985
65	45	45	2.6093	-3.12591	-2.37605
65	45	55	1.75185	-2.54259	-0.386324
65	45	65	0.433215	-1.52888	-0.314743
65	45	75	-0.0477308	-1.47667	-0.961889
65	45	85	-0.614602	-2.51677	-2.06373
65	55	5	0.22352	-4.11709	-5.03775
65	55	15	1.73842	-3.56386	-6.72961
65	55	25	3.34151	-1.46673	-6.65788
65	55	35	3.5019	-1.21506	-3.98245
65	55	45	3.03846	-2.16786	-2.21827
65	55	55	2.10416	-1.29718	-0.0755358
65	55	65	0.66641	-0.370501	-0.383327
65	55	75	0.433765	-0.673108	-0.973771
65	55	85	-0.0601097	-1.28049	-1.34815
65	65	5	1.61172	-1.96251	-5.53336
65	65	15	3.90138	-0.418094	-7.10479
65	65	25	4.72378	0.120205	-6.11139
65	65	35	5.0148	0.831964	-5.16404
65	65	45	5.19794	0.28067	-3.59072
65	65	55	3.79018	-0.492633	-0.953999
65	65	65	1.3743	-0.714413	-0.608923
65	65	75	1.00284	-0.600048	-1.30563
65	65	85	0.496387	-0.522059	-0.863568
65	75	5	2.12877	-1.24297	-8.40369
65	75	15	4.39026	0.905102	-9.31337
65	75	25	4.8848	-0.392028	-7.39992
65	75	35	5.56	-1.32071	-5.93172
65	75	45	6.87277	-0.748469	-4.86668
65	75	55	7.97058	-1.8286	-3.96889
65	75	65	5.8778	-2.9393	-3.09503
65	75	75	4.07462	-0.878634	-3.6381
65	75	85	2.50235	-1.36663	-2.48451
65	85	5	2.82746	-3.03668	-9.00182
65	85	15	3.92513	-4.69106	-9.87058
65	85	25	5.02344	-3.81765	-7.31999
65	85	35	5.56968	-2.55761	-5.32473
65	85	45	6.86238	-2.82993	-5.09482
65	85	55	8.10705	-2.87658	-4.88182
65	85	65	5.21311	-2.07356	-3.59942
65	85	75	3.50355	-0.788722	-3.55949
65	85	85	3.19753	-0.445046	-3.94243
75	5	5	3.01419	-2.53932	-4.66556
75	5	15	2.39294	-3.50691	-7.44368
75	5	25	4.45399	-2.63191	-5.20212
75	5	35	4.82199	-2.21024	-4.80049
75	5	45	5.10646	-2.15125	-4.62265
75	5	55	4.97786	-2.05623	-3.66702
75	5	65	2.79127	-1.1298	-1.7305
75	5	75	1.18308	-0.390891	-0.929498
75	5	85	2.04423	-0.343736	-1.70026
75	15	5	0.975766	-3.24868	-3.92658
75	15	15	0.962377	-3.19027	-5.08507
75	15	25	2.19392	-1.82859	-3.1175
75	15	35	2.11053	-1.44928	-2.60545
75	15	45	2.58964	-1.29233	-2.49449
75	15	55	1.40982	-1.01842	-1.46181
75	15	65	0.511525	-0.974315	-0.69124
75	15	75	0.320319	-0.605762	-0.575126
75	15	85	0.250656	-1.73616	-1.46248
75	25	5	-1.97008	-5.13454	-4.61034
75	25	15	-2.17692	-5.40115	-5.1287
75	25	25	-1.58605	-4.67222	-4.74234
75	25	35	-1.41725	-3.53066	-3.60124
75	25	45	-1.3999	-2.78128	-2.62265
75	25	55	-1.70157	-2.29597	-0.771367
75	25	65	-1.67051	-2.32352	-0.772526
75	25	75	-1.02054	-1.9456	-0.376865
75	25	85	-0.86635	-3.98144	-2.74564
75	35	5	0.134582	-5.85137	-4.98977
75	35	15	-0.768231	-5.72186	-5.92059
75	35	25	-2.4669	-5.0855	-5.431
75	35	35	-2.49315	-4.6212	-4.81715
75	35	45	-1.7114	-2.82584	-2.40443
75	35	55	-1.31646	-2.06592	-0.284474
75	35	65	-0.861012	-1.80917	0.0937648
75	35	75	-0.490633	-1.49909	-0.476627
75	35	85	0.207756	-3.16509	-1.91019
75	45	5	1.37149	-4.43438	-5.05279
75	45	15	0.40713	-5.03461	-6.99819
75	45	25	-1.45179	-4.64036	-6.01388
75	45	35	-0.880973	-3.28874	-3.64099
75	45	45	-0.0658906	-1.68063	-1.43482
75	45	55	-0.0771263	-1.45215	-0.129116
75	45	65	-0.331998	-0.983824	0.170152
75	45	75	0.104651	-0.916995	-0.368001
75	45	85	0.385949	-1.60354	-1.17525
75	55	5	1.21413	-4.06888	-4.86345
75	55	15	0.169279	-5.02658	-6.31906
75	55	25	-0.00422053	-3.91858	-4.87642
75	55	35	1.1776	-1.84047	-3.39009
75	55	45	0.780034	-1.00396	-1.47666
75	55	55	0.435875	-0.566111	-0.171503
75	55	65	0.17858	-0.473715	-0.142218
75	55	75	0.194793	-0.357848	-0.167695
75	55	85	0.124831	-0.739335	-0.612979
75	65	5	2.5522	-4.10587	-4.24804
75	65	15	3.0961	-4.69775	-6.08755
75	65	25	2.77426	-2.70996	-5.00846
75	65	35	4.12442	0.400534	-4.43375
75	65	45	3.05534	-0.539782	-2.45769
75	65	55	2.46995	-1.42964	-1.03081
75	65	65	1.8501	-1.56521	-0.604569
75	65	75	1.30566	-1.1487	-0.142633
75	65	85	0.747135	-0.906229	-0.429388
75	75	5	3.73027	-3.63388	-5.29583
75	75	15	4.50951	-3.26007	-6.74697
75	75	25	4.74759	-2.16198	-6.20899
75	75	35	5.19361	-0.934617	-5.26908
75	75	45	5.8001	-1.72705	-4.75684
75	75	55	6.25245	-2.96923	-3.4865
75	75	65	4.30811	-3.61545	-1.99805
75	75	75	2.53918	-1.76204	-1.3243
75	75	85	3.05508	-2.73082	-1.51038
75	85	5	3.87264	-2.63324	-5.34112
75	85	15	3.57602	-3.97145	-7.67271
75	85	25	4.89854	-3.56763	-6.16495
75	85	35	5.29502	-2.78764	-5.22643
75	85	45	5.66574	-2.08677	-5.19997
75	85	55	6.76502	-2.41743	-4.4851
75	85	65	4.69687	-2.26441	-2.71695
75	85	75	2.95514	-1.30303	-2.16945
75	85	85	4.10951	-1.58611	-2.8211
85	5	5	4.38404	-1.8573	-3.77376
85	5	15	3.61288	-1.73503	-4.00486
85	5	25	3.91916	-2.21572	-4.42167
85	5	35	3.82023	-1.30901	-4.1617
85	5	45	3.32308	-1.125	-3.55646
85	5	55	1.95062	-0.510895	-1.85511
85	5	65	1.78835	-1.35431	-1.8847
85	5	75	2.6852	-1.78321	-2.87537
85	5	85	4.09832	-0.875369	-3.13935
85	15	5	2.55335	-1.28712	-2.57645
85	15	15	2.6815	-1.46133	-2.96154
85	15	25	1.68779	-0.57961	-2.06068
85	15	35	1.48678	-0.077739	-1.59761
85	15	45	0.855333	-0.00235055	-1.25376
85	15	55	0.0635524	-0.369762	-0.9541
85	15	65	0.134878	-1.18952	-1.3491
85	15	75	1.27022	-1.21633	-1.60237
85	15	85	1.59681	-1.07117	-1.35425
85	25	5	0.992953	-3.13589	-2.67707
85	25	15	0.0048764	-2.95787	-3.29947
85	25	25	-0.487392	-2.60254	-2.80462
85	25	35	-0.621779	-1.71169	-1.91605
85	25	45	-0.50701	-0.92786	-0.816295
85	25	55	-1.43417	-0.708726	-1.18675
85	25	65	-0.556857	-1.01267	-1.03267
85	25	75	0.541099	-0.852901	-0.741038
85	25	85	1.81734	-2.62205	-1.74514
85	35	5	1.4716	-4.23444	-3.6698
85	35	15	-2.64143	-5.14302	-6.24633
85	35	25	-2.57313	-4.71801	-5.25876
85	35	35	-2.43278	-3.56163	-3.76337
85	35	45	-2.31959	-2.34064	-1.95136
85	35	55	-1.87952	-1.87252	-0.858143
85	35	65	-0.981897	-1.73351	-0.759042
85	35	75	0.450004	-1.65972	-0.811625
85	35	85	2.13573	-2.47823	-1.67598
85	45	5	1.74019	-3.77016	-4.22761
85	45	15	-1.9277	-5.26994	-7.09731
85	45	25	-2.52733	-4.49874	-5.7677
85	45	35	-2.24204	-2.97107	-3.6545
85	45	45	-1.17171	-1.61068	-1.55343
85	45	55	-0.732134	-1.47591	-0.341605
85	45	65	-0.533475	-1.38347	-0.266712
85	45	75	0.424958	-1.22958	-0.419476
85	45	85	1.41807	-1.34939	-1.13997
85	55	5	2.19311	-3.25739	-3.35858
85	55	15	-0.904571	-5.1784	-6.67928
85	55	25	-0.954204	-4.1222	-4.92854
85	55	35	-0.834656	-2.69742	-2.7615
85	55	45	-1.39332	-2.02539	-1.47802
85	55	55	-1.20082	-1.98556	-0.837171
85	55	65	-0.33392	-0.794409	-0.102469
85	55	75	0.315256	-0.588059	-0.230158
85	55	85	0.800581	-0.881072	-0.520654
85	65	5	2.74824	-3.24556	-3.00651
85	65	15	1.90672	-4.81526	-4.83786
85	65	25	1.8412	-4.92224	-4.96907
85	65	35	2.2627	-4.51372	-3.95549
85	65	45	2.45973	-4.84072	-3.18812
85	65	55	2.80077	-4.75301	-2.23588
85	65	65	2.22787	-2.95928	-0.325789
85	65	75	1.5561	-1.47496	0.0945915
85	65	85	1.57906	-1.41242	-0.551251
85	75	5	4.23251	-3.61996	-3.07621
85	75	15	3.10634	-4.09362	-4.17089
85	75	25	2.77909	-3.98461	-4.10071
85	75	35	3.64967	-3.9933	-4.11276
85	75	45	3.67688	-4.52223	-3.8619
85	75	55	4.43888	-4.98328	-3.61118
85	75	65	3.71221	-4.13174	-1.80161
85	75	75	2.63996	-2.40401	-1.34165
85	75	85	4.15786	-3.1272	-1.75685
85	85	5	5.30467	-3.32091	-3.67753
85	85	15	4.50857	-2.38513	-5.09338
85	85	25	3.91195	-3.81589	-4.94157
85	85	35	4.35072	-3.28349	-4.91779
85	85	45	3.69354	-3.09352	-4.26215
85	85	55	2.92651	-2.33856	-2.56672
85	85	65	2.56238	-1.95223	-2.13298
85	85	75	3.18403	-2.66576	-3.28616
85	85	85	5.38688	-3.53586	-3.77656
