5	5	5	2.98133	-1.60409	-2.90126
5	5	15	1.2249	-2.40883	-4.6849
5	5	25	0.696278	-2.51832	-5.22168
5	5	35	0.958269	-0.87926	-3.81154
5	5	45	1.27169	-0.284963	-1.91888
5	5	55	2.65575	-0.853121	-2.94471
5	5	65	4.94244	-1.92946	-4.0317
5	5	75	4.50382	-2.11513	-3.40612
5	5	85	3.6753	-1.03358	-3.45235
5	15	5	2.17695	-0.902825	-2.43701
5	15	15	0.15293	-0.150091	-5.08201
5	15	25	-1.04843	-1.56502	-4.41711
5	15	35	0.84455	0.146895	-2.51674
5	15	45	1.14035	0.250538	-1.97549
5	15	55	1.74276	-0.933005	-2.47421
5	15	65	4.40326	-2.64229	-3.63666
5	15	75	4.01957	-2.66267	-3.46223
5	15	85	2.2482	-2.51505	-3.48603
5	25	5	0.188455	-4.42269	-3.99243
5	25	15	-1.74265	-1.25106	-4.48959
5	25	25	-2.49349	-1.3704	-3.67815
5	25	35	-0.728339	-1.43329	-2.65937
5	25	45	0.418772	-0.940403	-1.46284
5	25	55	0.368602	-1.64564	-1.57879
5	25	65	4.18185	-3.71345	-4.89912
5	25	75	4.98862	-4.61123	-4.50212
5	25	85	3.91533	-5.56857	-3.98283
5	35	5	3.18562	-7.7101	-4.36742
5	35	15	-0.764473	-6.20479	-6.92523
5	35	25	-3.69495	-6.04799	-5.7939
5	35	35	-1.96495	-6.17639	-4.78518
5	35	45	0.909644	-5.14446	-4.06294
5	35	55	0.887136	-4.78854	-3.87826
5	35	65	4.34734	-5.64833	-6.12617
5	35	75	5.67922	-7.18407	-6.044
5	35	85	4.57465	-8.13698	-3.94737
5	45	5	2.4263	-3.26471	-3.65776
5	45	15	1.36035	-4.74341	-5.75388
5	45	25	0.037395	-4.86257	-5.33898
5	45	35	0.626461	-5.23846	-5.11277
5	45	45	2.21182	-5.29032	-4.97707
5	45	55	1.87292	-4.76829	-4.70765
5	45	65	3.82711	-4.96545	-5.91263
5	45	75	3.80603	-4.48766	-3.87908
5	45	85	3.14193	-3.76124	-2.25315
5	55	5	2.08172	-2.73451	-2.90978
5	55	15	1.02445	-4.76975	-5.25251
5	55	25	1.31098	-5.02429	-5.06505
5	55	35	1.58427	-4.82334	-4.91795
5	55	45	1.20139	-3.84465	-3.71826
5	55	55	1.36683	-3.92221	-3.94032
5	55	65	2.4502	-3.37527	-3.48746
5	55	75	2.9366	-3.39293	-2.30628
5	55	85	2.70683	-2.7795	-2.10102
5	65	5	2.20803	-2.60108	-2.76658
5	65	15	1.20356	-4.94939	-5.13342
5	65	25	1.43419	-4.95868	-5.15942
5	65	35	1.78614	-3.96241	-4.10401
5	65	45	0.849013	-1.46946	-1.83104
5	65	55	1.3531	-2.48729	-2.6483
5	65	65	2.18796	-2.47016	-2.42342
5	65	75	2.853	-2.52669	-2.61405
5	65	85	2.49608	-2.10823	-2.09292
5	75	5	1.9576	-1.67666	-2.21796
5	75	15	1.866	-4.89051	-5.00396
5	75	25	1.70471	-4.67828	-5.04333
5	75	35	1.85115	-2.79129	-3.09828
5	75	45	1.29016	-1.45648	-1.68697
5	75	55	1.82556	-1.42601	-1.96765
5	75	65	2.96307	-1.47565	-3.03636
5	75	75	4.23541	-2.15194	-3.94188
5	75	85	2.84507	-1.85778	-2.52186
5	85	5	2.53805	-1.41981	-2.55681
5	85	15	1.73314	-4.32744	-4.91954
5	85	25	1.73753	-3.428	-4.69909
5	85	35	1.56564	-1.53634	-3.12368
5	85	45	0.888988	-0.494998	-1.59902
5	85	55	2.23811	-1.33797	-2.38414
5	85	65	4.25099	-1.40331	-4.04304
5	85	75	4.4344	-1.73595	-3.79828
5	85	85	3.16109	-1.01044	-2.83745
15	5	5	3.76208	-0.0314739	-3.51836
15	5	15	0.729506	-2.12372	-3.61146
15	5	25	-1.10653	-2.78457	-4.04856
15	5	35	-0.18515	-2.03247	-2.5674
15	5	45	0.596934	-1.29362	-2.76206
15	5	55	2.84965	-2.64243	-5.81945
15	5	65	4.48185	-1.70992	-5.53654
15	5	75	4.9941	-1.40327	-4.53332
15	5	85	4.84021	-0.448517	-4.3133
15	15	5	2.91386	1.04121	-2.83077
15	15	15	0.0568033	-0.916642	-2.82077
15	15	25	-2.16369	-1.1542	-3.85007
15	15	35	-0.351853	-0.987707	-1.77476
15	15	45	0.617792	-0.366407	-2.74204
15	15	55	3.14518	-3.0428	-6.87196
15	15	65	4.45649	-2.86189	-6.0332
15	15	75	4.60329	-1.60739	-4.29919
15	15	85	4.04406	-0.0128582	-3.51345
15	25	5	3.34452	-1.72933	-2.97519
15	25	15	0.288853	-0.964995	-1.92176
15	25	25	-1.31918	-0.500522	-2.97916
15	25	35	0.282469	-1.77937	-3.00857
15	25	45	1.54619	-1.78916	-3.35747
15	25	55	2.48703	-3.65131	-4.11107
15	25	65	4.32468	-5.64396	-6.33376
15	25	75	4.58222	-5.04173	-5.16696
15	25	85	4.59926	-4.21066	-3.13312
15	35	5	5.23825	-6.26868	-3.40906
15	35	15	2.74873	-4.34232	-3.66404
15	35	25	0.385548	-2.78144	-3.509
15	35	35	1.92396	-5.15604	-5.09992
15	35	45	3.76804	-6.13489	-5.0953
15	35	55	4.45778	-6.85942	-4.99438
15	35	65	4.6347	-6.89872	-6.02349
15	35	75	5.32177	-8.60911	-5.71826
15	35	85	4.9461	-9.15207	-3.77525
15	45	5	3.22564	-3.62678	-2.64232
15	45	15	1.54619	-3.15328	-3.24838
15	45	25	0.808292	-4.11742	-4.0781
15	45	35	1.83211	-5.09649	-5.01233
15	45	45	2.70908	-5.27222	-5.09981
15	45	55	2.73035	-5.38909	-5.15709
15	45	65	3.63159	-5.27572	-6.10784
15	45	75	3.79292	-5.71007	-5.891
15	45	85	3.54152	-5.27269	-2.72139
15	55	5	2.36099	-2.48885	-2.495
15	55	15	1.38053	-3.32758	-3.41615
15	55	25	1.51165	-4.60641	-4.6001
15	55	35	2.33202	-5.13879	-4.95045
15	55	45	1.38105	-4.54642	-4.52112
15	55	55	1.24171	-4.9749	-5.66165
15	55	65	2.28314	-4.97487	-6.09973
15	55	75	2.8298	-4.62891	-4.31707
15	55	85	2.51131	-2.85558	-1.91587
15	65	5	2.12845	-2.84944	-2.7869
15	65	15	0.522255	-3.99558	-3.99196
15	65	25	0.70002	-4.91094	-4.84964
15	65	35	1.08576	-4.37516	-4.41777
15	65	45	-0.0349227	-3.1387	-3.14282
15	65	55	0.734038	-4.50785	-4.64801
15	65	65	2.12637	-4.89666	-5.02041
15	65	75	2.58562	-3.96052	-3.82231
15	65	85	2.13709	-2.48932	-2.18516
15	75	5	2.75949	-2.70797	-3.05951
15	75	15	-0.000999137	-4.03181	-3.69174
15	75	25	0.0884862	-4.60557	-4.56707
15	75	35	0.109339	-3.29022	-3.57782
15	75	45	0.652878	-2.40751	-2.66876
15	75	55	1.05174	-3.74877	-4.01074
15	75	65	2.19702	-3.74203	-4.88646
15	75	75	3.3491	-2.84512	-3.94999
15	75	85	4.2737	-1.95455	-4.65656
15	85	5	3.6371	-1.72789	-3.53548
15	85	15	0.774624	-3.40337	-3.7982
15	85	25	-0.134598	-3.87461	-4.30066
15	85	35	0.55918	-2.43716	-2.76525
15	85	45	0.43486	-2.10722	-2.64937
15	85	55	1.66096	-3.11597	-4.14003
15	85	65	2.85362	-2.74844	-4.37985
15	85	75	4.38935	-2.82376	-4.83513
15	85	85	5.0101	-1.8999	-4.66971
25	5	5	1.74336	-0.154031	-1.66414
25	5	15	0.81364	-1.56506	-1.93275
25	5	25	0.615394	-3.87258	-4.4035
25	5	35	0.925028	-2.4775	-2.73455
25	5	45	1.46666	-3.35915	-3.53217
25	5	55	1.47164	-4.79336	-6.08683
25	5	65	1.93812	-4.41924	-6.05105
25	5	75	2.27311	-2.9641	-4.24646
25	5	85	3.35291	-1.20615	-3.57615
25	15	5	1.88605	0.850363	-1.68095
25	15	15	0.978002	-1.06181	-1.33283
25	15	25	1.72059	-2.34318	-4.67947
25	15	35	-0.0372282	-1.6264	-2.05047
25	15	45	0.606035	-2.68345	-3.62798
25	15	55	1.89774	-4.21879	-7.76563
25	15	65	2.64463	-3.72699	-8.12124
25	15	75	3.73233	-1.47027	-4.87604
25	15	85	3.66486	0.11209	-3.58867
25	25	5	4.62114	-1.60754	-2.63209
25	25	15	1.55124	-1.17925	-1.09124
25	25	25	2.16138	-0.224388	-3.0802
25	25	35	1.20455	-2.10566	-3.61674
25	25	45	1.66823	-3.27864	-4.09945
25	25	55	4.26701	-5.5946	-7.00772
25	25	65	5.40245	-6.44454	-8.02511
25	25	75	5.05422	-4.85051	-5.85466
25	25	85	5.5386	-2.61496	-4.41
25	35	5	6.17851	-4.81144	-3.6422
25	35	15	4.57427	-3.68303	-2.38371
25	35	25	3.79714	-2.61416	-2.69635
25	35	35	3.50994	-4.34494	-4.23455
25	35	45	3.11743	-5.32355	-4.87613
25	35	55	3.70914	-6.75818	-5.72807
25	35	65	2.96338	-8.67243	-6.09771
25	35	75	2.72317	-8.21561	-4.91287
25	35	85	4.98298	-5.58839	-3.67742
25	45	5	4.4866	-4.60179	-3.02752
25	45	15	2.96063	-2.72999	-2.40816
25	45	25	2.73337	-3.19095	-2.85799
25	45	35	2.94374	-5.30964	-5.14018
25	45	45	2.84554	-5.2273	-4.99648
25	45	55	1.62441	-5.22262	-5.74165
25	45	65	2.7959	-6.05996	-6.58448
25	45	75	3.8233	-6.80311	-5.5472
25	45	85	4.24115	-6.25332	-4.02394
25	55	5	2.44687	-2.44701	-2.22763
25	55	15	1.11915	-1.50169	-1.33289
25	55	25	1.85881	-4.33184	-4.20059
25	55	35	2.05524	-5.01167	-5.081
25	55	45	2.27809	-4.63055	-4.78191
25	55	55	2.24207	-4.935	-5.26702
25	55	65	1.38587	-5.04698	-6.0837
25	55	75	2.41754	-5.0243	-5.13217
25	55	85	2.48627	-3.22932	-2.90041
25	65	5	0.77019	-3.69669	-2.5744
25	65	15	-0.385296	-2.91928	-1.7343
25	65	25	1.05516	-4.79613	-4.45088
25	65	35	1.64022	-5.05429	-5.07239
25	65	45	1.21806	-4.24069	-4.324
25	65	55	2.00581	-4.93863	-5.08293
25	65	65	1.13009	-4.98409	-5.53064
25	65	75	0.666468	-5.02254	-5.0807
25	65	85	0.995024	-4.53155	-3.63436
25	75	5	-2.18696	-6.42656	-3.43569
25	75	15	-2.61533	-4.94072	-1.82281
25	75	25	1.48204	-5.19705	-4.47027
25	75	35	0.682857	-4.43178	-4.57287
25	75	45	0.64878	-3.91568	-4.00244
25	75	55	0.777619	-4.87249	-5.31844
25	75	65	0.622263	-4.7585	-5.68999
25	75	75	-0.766058	-4.75541	-4.9121
25	75	85	-1.36241	-6.05355	-4.9332
25	85	5	0.671297	-2.16163	-1.74757
25	85	15	0.0519583	-2.74811	-2.28871
25	85	25	1.09704	-4.41687	-4.43643
25	85	35	0.730178	-3.53998	-3.745
25	85	45	1.32291	-3.57	-3.73613
25	85	55	0.932195	-4.59225	-5.37999
25	85	65	0.54389	-4.53208	-5.52664
25	85	75	0.934425	-3.8423	-4.01778
25	85	85	1.87514	-2.71109	-3.16688
35	5	5	0.635382	-0.909097	-0.745129
35	5	15	1.41828	-2.15654	-2.01288
35	5	25	1.76813	-3.07708	-3.45767
35	5	35	1.68802	-2.99702	-3.35829
35	5	45	2.59075	-3.59363	-3.83294
35	5	55	0.344149	-4.6738	-6.23388
35	5	65	0.824866	-5.01249	-6.59901
35	5	75	1.08917	-4.24157	-4.41585
35	5	85	1.52872	-2.67907	-2.76751
35	15	5	0.936939	-0.622364	-0.888112
35	15	15	1.6258	-1.27782	-1.49441
35	15	25	2.00016	-1.94062	-2.20203
35	15	35	2.2826	-1.20765	-2.75253
35	15	45	2.48908	-3.15418	-3.70786
35	15	55	1.67375	-4.11315	-6.67488
35	15	65	1.14319	-4.76944	-7.2301
35	15	75	2.43575	-3.60028	-4.79235
35	15	85	1.69493	-1.56151	-2.19713
35	25	5	3.70166	-2.63279	-1.84253
35	25	15	2.49011	-1.86463	-1.63451
35	25	25	2.63291	-1.29443	-2.48664
35	25	35	3.10495	-1.90037	-3.55016
35	25	45	3.11548	-3.14974	-4.34433
35	25	55	3.95081	-4.33077	-6.41758
35	25	65	4.34976	-5.85317	-7.33864
35	25	75	5.41761	-4.56834	-4.71816
35	25	85	4.88185	-3.02139	-3.57407
35	35	5	5.81173	-4.11093	-3.10878
35	35	15	5.49336	-3.70737	-2.9324
35	35	25	5.60844	-3.11404	-3.95884
35	35	35	4.57074	-3.71314	-3.82768
35	35	45	2.8075	-3.41067	-3.43387
35	35	55	3.46261	-3.29678	-7.66384
35	35	65	4.42562	-4.70758	-8.05786
35	35	75	5.01175	-5.44822	-4.75158
35	35	85	5.85489	-4.65363	-3.9693
35	45	5	5.57363	-5.15264	-3.59794
35	45	15	4.40521	-2.99641	-3.4168
35	45	25	4.6252	-2.79731	-3.37968
35	45	35	3.82277	-4.5581	-3.99027
35	45	45	2.69274	-4.25852	-3.61047
35	45	55	3.10853	-4.4226	-5.46899
35	45	65	4.07761	-5.38084	-7.74552
35	45	75	4.05572	-6.2936	-5.49939
35	45	85	5.12816	-6.41958	-4.00958
35	55	5	2.22567	-2.07008	-1.7261
35	55	15	2.23975	-1.99511	-2.08223
35	55	25	2.69476	-3.41732	-3.58991
35	55	35	2.08219	-4.5913	-4.56516
35	55	45	2.72494	-4.10279	-3.94092
35	55	55	2.1344	-4.6239	-4.76346
35	55	65	0.765718	-5.17936	-6.06338
35	55	75	1.47644	-5.32129	-5.53889
35	55	85	3.05244	-3.93604	-3.13436
35	65	5	0.112171	-2.0145	-1.38929
35	65	15	1.04026	-3.29819	-2.45113
35	65	25	2.56508	-5.24684	-4.24815
35	65	35	0.936732	-5.42076	-4.96162
35	65	45	1.76808	-4.49253	-4.46224
35	65	55	0.484996	-4.91841	-5.10816
35	65	65	-1.29042	-5.20269	-6.33823
35	65	75	-1.0086	-4.20212	-4.99099
35	65	85	0.248645	-2.42274	-2.13846
35	75	5	-4.20587	-4.80725	-1.85888
35	75	15	-3.16282	-6.63665	-3.81803
35	75	25	2.88794	-7.44688	-4.89589
35	75	35	1.34102	-5.77935	-5.28864
35	75	45	1.49944	-5.14414	-5.23717
35	75	55	-0.268582	-5.21588	-5.80412
35	75	65	-1.65085	-5.30388	-6.93212
35	75	75	-3.68583	-5.83668	-5.13512
35	75	85	-4.42444	-5.46118	-3.26861
35	85	5	-2.04918	-3.32007	-0.891992
35	85	15	-0.0541059	-4.41206	-3.10566
35	85	25	2.4219	-5.44124	-5.05187
35	85	35	1.2523	-4.36415	-4.95809
35	85	45	2.06339	-4.49541	-4.76953
35	85	55	0.0899936	-4.8953	-6.09957
35	85	65	0.624531	-4.74689	-6.26615
35	85	75	-1.37222	-4.76458	-4.3411
35	85	85	-3.05123	-4.66268	-2.72488
45	5	5	0.971716	-2.17676	-1.44601
45	5	15	1.92143	-3.02748	-2.34969
45	5	25	2.93165	-3.26506	-3.01115
45	5	35	1.99244	-2.33858	-2.24921
45	5	45	2.18567	-3.04489	-3.338
45	5	55	0.297206	-4.30583	-5.4337
45	5	65	-0.339034	-5.08575	-6.58128
45	5	75	1.44751	-5.21548	-5.00052
45	5	85	2.21438	-4.73612	-3.8513
45	15	5	1.65688	-1.79072	-1.57365
45	15	15	2.05078	-1.83746	-1.80339
45	15	25	2.57127	-2.52702	-2.32183
45	15	35	2.91564	-1.44586	-2.93563
45	15	45	2.62573	-1.77178	-2.82333
45	15	55	1.37183	-3.19708	-4.76578
45	15	65	1.44564	-4.89414	-6.1306
45	15	75	2.12133	-4.90965	-4.93459
45	15	85	2.05068	-3.09709	-2.84616
45	25	5	3.18897	-2.46767	-1.98347
45	25	15	3.21277	-2.58153	-2.5734
45	25	25	3.30719	-2.85571	-2.74168
45	25	35	4.54995	-1.1405	-4.3386
45	25	45	4.4793	-2.43403	-4.56247
45	25	55	3.66149	-1.28388	-5.23424
45	25	65	3.12483	-3.72084	-5.88022
45	25	75	4.2184	-4.87837	-4.59103
45	25	85	4.52099	-3.82281	-3.11871
45	35	5	4.48839	-2.59682	-2.60113
45	35	15	4.7395	-2.89775	-3.48651
45	35	25	4.64731	-3.15776	-3.84617
45	35	35	5.97623	-3.27552	-4.84084
45	35	45	5.35031	-3.08501	-4.40482
45	35	55	5.39545	0.012082	-6.91621
45	35	65	4.61712	-1.18305	-8.2055
45	35	75	4.66234	-3.78843	-5.49811
45	35	85	3.99172	-3.03075	-3.17937
45	45	5	5.94851	-4.48623	-3.98294
45	45	15	6.06751	-3.7549	-4.11439
45	45	25	5.86549	-3.53029	-4.30905
45	45	35	5.86181	-3.57089	-4.23595
45	45	45	4.81396	-3.13025	-3.38162
45	45	55	5.79569	-3.80167	-5.16052
45	45	65	6.07776	-4.8805	-6.72908
45	45	75	4.82198	-4.16888	-5.36406
45	45	85	4.92389	-4.20064	-3.8019
45	55	5	3.50978	-2.85076	-2.6427
45	55	15	4.37587	-2.69437	-3.95502
45	55	25	5.03286	-2.65686	-4.55008
45	55	35	4.64664	-3.11589	-3.85692
45	55	45	3.59101	-3.0535	-3.18165
45	55	55	3.95793	-3.87569	-4.39327
45	55	65	3.36794	-4.22484	-5.97054
45	55	75	2.62095	-4.41103	-6.00803
45	55	85	3.59526	-3.65145	-3.68928
45	65	5	0.887778	-1.40584	-1.53679
45	65	15	2.39895	-2.50892	-2.54954
45	65	25	4.31945	-3.07181	-3.55859
45	65	35	3.6944	-3.20986	-3.68977
45	65	45	2.55916	-3.33264	-3.66829
45	65	55	0.864728	-4.13083	-5.10043
45	65	65	0.0562449	-4.57775	-7.18345
45	65	75	0.894028	-2.75657	-4.80689
45	65	85	1.10531	-1.60173	-1.99801
45	75	5	-3.19621	-4.43227	-2.30439
45	75	15	-3.16023	-6.49148	-4.47485
45	75	25	2.18338	-7.48626	-4.74285
45	75	35	3.94147	-6.18792	-4.22824
45	75	45	-0.624135	-5.87383	-5.47441
45	75	55	-2.21123	-5.35328	-6.69559
45	75	65	-1.7812	-5.38046	-7.37227
45	75	75	-2.67127	-4.63049	-4.60842
45	75	85	-3.10916	-4.19372	-2.94059
45	85	5	-0.476422	-4.1715	-2.22662
45	85	15	0.891771	-5.3301	-4.0752
45	85	25	3.27264	-5.342	-4.45464
45	85	35	2.26914	-3.85812	-3.79024
45	85	45	0.9758	-3.98683	-4.65976
45	85	55	-0.624955	-4.86343	-6.46743
45	85	65	-1.65771	-5.27282	-6.46926
45	85	75	-3.19029	-5.71946	-4.73202
45	85	85	-1.41124	-5.14634	-2.98328
55	5	5	2.8286	-4.86381	-3.48316
55	5	15	3.14053	-4.8823	-3.90146
55	5	25	3.80252	-5.31008	-4.94436
55	5	35	3.30064	-3.48784	-3.36399
55	5	45	2.29801	-2.76915	-2.5205
55	5	55	1.32141	-3.44379	-3.89291
55	5	65	-1.10241	-5.14019	-5.58926
55	5	75	1.40358	-5.51869	-5.15198
55	5	85	2.88035	-5.5615	-4.81278
55	15	5	2.55427	-4.26761	-3.17088
55	15	15	3.40862	-4.51982	-4.44119
55	15	25	3.78303	-4.3625	-4.78309
55	15	35	3.14731	-2.92659	-2.82712
55	15	45	2.75761	-1.60941	-2.46214
55	15	55	2.00047	-3.40718	-3.96443
55	15	65	0.833347	-5.2531	-5.39913
55	15	75	2.61401	-5.59476	-5.00754
55	15	85	3.12443	-5.39537	-4.46117
55	25	5	4.00952	-3.40325	-3.14685
55	25	15	3.77966	-3.83944	-4.31164
55	25	25	3.94235	-3.68957	-4.39851
55	25	35	4.83553	-0.559497	-4.70396
55	25	45	5.25093	-0.563592	-4.89722
55	25	55	3.66343	-1.62138	-4.30064
55	25	65	2.82474	-5.54094	-5.59783
55	25	75	3.17571	-5.7548	-4.99656
55	25	85	3.59818	-4.29814	-3.96958
55	35	5	4.64183	0.276287	-4.33404
55	35	15	4.64628	-2.83466	-5.13272
55	35	25	4.20653	-2.85925	-4.44765
55	35	35	5.86101	-2.27672	-5.0403
55	35	45	6.37126	-1.87713	-5.13451
55	35	55	6.13579	-2.70934	-5.38183
55	35	65	4.50091	-5.39825	-6.38732
55	35	75	4.5582	-3.33376	-5.90708
55	35	85	4.52687	-0.88674	-4.3796
55	45	5	5.03537	0.51912	-5.67928
55	45	15	5.52195	-3.20975	-5.69566
55	45	25	5.52127	-3.85266	-5.34145
55	45	35	6.79525	-3.42068	-5.13701
55	45	45	7.07019	-3.3768	-4.94124
55	45	55	6.07931	-3.4149	-5.24297
55	45	65	5.33506	-4.00968	-6.11881
55	45	75	5.37704	-1.84441	-6.23387
55	45	85	5.14962	0.664243	-4.83736
55	55	5	4.98881	-1.92508	-5.62141
55	55	15	5.01483	-2.0525	-4.97742
55	55	25	5.89846	-2.78203	-5.02266
55	55	35	7.46046	-3.41992	-5.05801
55	55	45	7.46962	-2.91184	-4.88126
55	55	55	5.36269	-1.95383	-5.01454
55	55	65	4.5855	-0.797811	-5.02698
55	55	75	4.07819	-1.33904	-5.65264
55	55	85	4.91055	-1.32667	-5.62321
55	65	5	2.5515	-1.38519	-3.20664
55	65	15	4.03798	-2.3641	-3.96027
55	65	25	5.67707	-2.80815	-4.86871
55	65	35	6.73066	-2.7221	-4.66551
55	65	45	5.14304	-2.5038	-4.60534
55	65	55	3.30582	-2.37859	-5.53528
55	65	65	1.38401	-1.92156	-5.6348
55	65	75	2.52841	-0.876069	-3.30686
55	65	85	2.35019	-1.11355	-3.21918
55	75	5	-0.936862	-2.33542	-1.7152
55	75	15	-0.663089	-3.92908	-3.9827
55	75	25	2.29272	-4.25154	-4.54466
55	75	35	6.45263	-4.47099	-4.47406
55	75	45	3.771	-4.31936	-4.37028
55	75	55	-0.784542	-4.61478	-6.1607
55	75	65	-2.2305	-5.0726	-6.33256
55	75	75	-1.6957	-3.69526	-3.8893
55	75	85	-1.07938	-2.48403	-2.38763
55	85	5	0.66815	-5.24162	-3.76894
55	85	15	0.523773	-5.85702	-4.55364
55	85	25	3.3257	-6.58716	-5.14657
55	85	35	5.00609	-5.52238	-4.64088
55	85	45	3.07069	-3.54496	-3.49507
55	85	55	0.277119	-4.10176	-4.82031
55	85	65	-2.55204	-5.30554	-5.48521
55	85	75	-1.38528	-5.45462	-4.61856
55	85	85	0.727633	-4.99594	-4.16962
65	5	5	1.45359	-5.42065	-4.20095
65	5	15	2.51179	-5.32759	-4.53114
65	5	25	3.49041	-5.87245	-5.2725
65	5	35	4.15381	-5.44111	-5.0282
65	5	45	3.92004	-4.59874	-3.25937
65	5	55	2.9764	-3.61191	-2.61462
65	5	65	1.13586	-5.43323	-4.89226
65	5	75	1.99865	-5.96567	-5.18807
65	5	85	2.331	-6.07993	-5.04367
65	15	5	1.5095	-4.98714	-4.10119
65	15	15	2.67953	-5.36572	-5.25492
65	15	25	4.13597	-5.62594	-6.39437
65	15	35	4.06348	-5.07802	-4.42416
65	15	45	3.51175	-3.86441	-2.6699
65	15	55	3.00275	-3.23583	-3.0777
65	15	65	1.16616	-5.42981	-4.92633
65	15	75	1.81715	-5.96197	-5.04537
65	15	85	2.15363	-5.81136	-4.7877
65	25	5	2.34248	-4.92845	-3.83423
65	25	15	2.32552	-5.34211	-6.32755
65	25	25	3.93905	-5.11596	-7.38211
65	25	35	3.53314	-4.30127	-4.98507
65	25	45	3.69596	-3.0189	-3.67379
65	25	55	3.11158	-3.44497	-2.97565
65	25	65	1.8221	-5.74555	-4.9709
65	25	75	2.35622	-5.9727	-5.09225
65	25	85	2.74066	-5.82254	-4.67035
65	35	5	3.63043	-1.7787	-5.52076
65	35	15	3.47023	-4.26877	-7.44474
65	35	25	4.41558	-4.55789	-7.61276
65	35	35	5.02384	-2.70142	-5.55807
65	35	45	5.38423	-2.54122	-4.47644
65	35	55	4.41846	-3.637	-3.63858
65	35	65	3.06571	-5.55204	-4.47361
65	35	75	3.55104	-6.42234	-5.22744
65	35	85	3.45161	-3.1152	-4.83987
65	45	5	4.19857	-0.766383	-6.18172
65	45	15	4.28571	-3.72123	-7.91494
65	45	25	5.03522	-4.30674	-7.58983
65	45	35	6.08399	-3.44246	-5.58287
65	45	45	7.20235	-3.35527	-5.24149
65	45	55	6.52995	-3.568	-4.49564
65	45	65	3.73615	-3.42327	-3.47603
65	45	75	4.19644	-3.29681	-4.82517
65	45	85	4.29226	0.416204	-4.79877
65	55	5	3.87906	0.45413	-4.95473
65	55	15	4.77677	-2.93381	-6.993
65	55	25	5.32927	-3.58132	-6.66255
65	55	35	6.78526	-2.98165	-5.66573
65	55	45	8.06316	-1.61939	-5.05382
65	55	55	6.9813	-0.154113	-3.86482
65	55	65	3.4893	0.461306	-2.91282
65	55	75	3.17759	-1.10533	-3.64665
65	55	85	3.79863	0.272667	-4.60908
65	65	5	2.31147	0.0229979	-3.46425
65	65	15	4.25566	-2.99733	-5.79604
65	65	25	5.11936	-2.46089	-6.00441
65	65	35	6.24597	-1.77127	-5.34316
65	65	45	6.5538	-0.0055966	-4.21741
65	65	55	4.32087	1.69632	-2.93618
65	65	65	2.48349	0.594959	-2.56257
65	65	75	1.31331	0.0028975	-1.71726
65	65	85	1.33968	0.261043	-2.25132
65	75	5	0.544859	-1.22836	-1.41391
65	75	15	2.45382	-2.82081	-3.4414
65	75	25	4.29929	-3.68146	-5.70833
65	75	35	5.20237	-2.85523	-4.89037
65	75	45	4.83286	-2.70661	-2.98793
65	75	55	2.2452	-2.42265	-3.4728
65	75	65	-0.798929	-3.53857	-3.91318
65	75	75	-0.814171	-2.402	-2.63073
65	75	85	0.093866	-1.91936	-2.38365
65	85	5	-0.234662	-6.37689	-4.22427
65	85	15	0.89371	-4.74848	-3.89557
65	85	25	3.33137	-5.14586	-4.3742
65	85	35	5.23264	-5.56889	-5.14265
65	85	45	4.85194	-4.76535	-3.13711
65	85	55	2.59584	-3.36858	-2.5585
65	85	65	0.356087	-5.39828	-4.55373
65	85	75	-0.4575	-5.50828	-4.95743
65	85	85	-0.70542	-6.62161	-5.15803
75	5	5	1.11715	-4.24166	-2.95899
75	5	15	1.36466	-4.50043	-4.32112
75	5	25	2.32776	-5.33813	-6.17558
75	5	35	3.16727	-4.90327	-4.99064
75	5	45	3.45406	-3.94999	-3.33482
75	5	55	3.38517	-3.50317	-2.19904
75	5	65	4.14534	-5.94547	-3.56951
75	5	75	1.71358	-6.68175	-5.16139
75	5	85	-1.25187	-6.80025	-5.11299
75	15	5	-0.28404	-4.20978	-3.38994
75	15	15	-0.200612	-4.247	-4.92195
75	15	25	0.0884332	-4.70047	-7.7806
75	15	35	2.19107	-3.86861	-4.85118
75	15	45	2.96632	-3.33131	-3.01851
75	15	55	3.10454	-3.41939	-2.07666
75	15	65	3.54278	-5.47923	-3.84824
75	15	75	0.890857	-6.36589	-5.39205
75	15	85	-0.155362	-6.0434	-5.05882
75	25	5	0.126299	-4.26408	-4.46683
75	25	15	-1.09682	-3.7998	-6.24014
75	25	25	-1.00648	-4.64228	-7.73143
75	25	35	-0.172607	-5.08926	-5.30986
75	25	45	1.06059	-5.3764	-3.66053
75	25	55	1.39348	-5.60111	-2.44335
75	25	65	2.41188	-6.4221	-3.07266
75	25	75	2.00336	-5.81219	-5.28363
75	25	85	1.43017	-5.08975	-5.0964
75	35	5	1.24968	-4.5948	-4.98087
75	35	15	-0.657711	-4.3179	-7.42988
75	35	25	0.920396	-4.54765	-7.71543
75	35	35	1.56985	-4.10652	-4.9388
75	35	45	2.48262	-3.53617	-3.24353
75	35	55	2.52595	-3.52715	-2.33547
75	35	65	2.46865	-5.01928	-3.51116
75	35	75	2.21532	-5.10399	-4.76484
75	35	85	1.70484	-4.49448	-4.70306
75	45	5	1.76125	-4.30303	-5.46392
75	45	15	1.03017	-4.70332	-7.25699
75	45	25	2.49431	-4.52561	-7.46191
75	45	35	3.53505	-4.07086	-6.09236
75	45	45	3.02054	-3.36318	-4.04882
75	45	55	2.55723	-2.6622	-2.25461
75	45	65	1.90667	-2.62247	-1.45266
75	45	75	2.41125	-3.66618	-3.69584
75	45	85	1.97232	-2.68315	-3.22645
75	55	5	2.24681	-2.39426	-4.78367
75	55	15	3.15221	-4.40603	-6.90915
75	55	25	3.56526	-4.09687	-7.18195
75	55	35	4.38587	-3.03098	-6.08471
75	55	45	4.61473	-1.46959	-4.91111
75	55	55	3.17734	-0.437184	-1.77962
75	55	65	2.18922	-1.12623	-0.565938
75	55	75	2.30944	-1.65683	-2.29776
75	55	85	2.22265	-0.859567	-2.82911
75	65	5	2.00916	-0.996215	-3.19208
75	65	15	4.35848	-4.28376	-6.62478
75	65	25	4.49824	-4.14831	-6.91218
75	65	35	4.23923	-2.29753	-5.36482
75	65	45	3.73977	0.909757	-3.49839
75	65	55	2.59016	1.03131	-1.19922
75	65	65	2.55584	-0.375761	-1.22883
75	65	75	1.64452	-0.783266	-1.48219
75	65	85	1.1978	-0.289404	-1.72976
75	75	5	1.41807	-1.25877	-1.95191
75	75	15	3.70661	-3.79895	-4.88204
75	75	25	4.48312	-4.44299	-5.70675
75	75	35	4.38559	-2.68486	-4.5514
75	75	45	3.99758	-0.518701	-3.36492
75	75	55	4.07895	-1.20639	-2.66794
75	75	65	1.59592	-1.00146	-1.50117
75	75	75	0.811465	-1.52783	-1.70527
75	75	85	1.44409	-1.45493	-1.72693
75	85	5	0.741082	-2.57099	-2.19793
75	85	15	2.51096	-3.49366	-3.51457
75	85	25	3.62559	-4.4154	-4.74803
75	85	35	4.76663	-4.95071	-4.85456
75	85	45	4.78167	-4.41426	-3.13553
75	85	55	3.5173	-3.0831	-1.89405
75	85	65	3.30285	-5.09458	-3.29816
75	85	75	-0.14373	-6.44816	-5.04003
75	85	85	-2.3023	-5.64788	-4.2573
85	5	5	2.0162	-2.27686	-2.09837
85	5	15	2.27968	-3.40944	-4.50367
85	5	25	1.97575	-3.02918	-6.53505
85	5	35	2.78474	-1.20036	-5.11724
85	5	45	2.68626	-2.20759	-2.89743
85	5	55	2.09135	-1.69642	-1.51597
85	5	65	4.5315	-3.72387	-2.91446
85	5	75	0.504273	-6.37753	-4.90162
85	5	85	0.487902	-3.87581	-3.01799
85	15	5	1.09383	-2.86074	-2.57959
85	15	15	0.441834	-2.15888	-5.52532
85	15	25	0.270618	-2.71711	-6.47422
85	15	35	2.10362	-0.928357	-3.63421
85	15	45	1.44653	-1.23698	-2.00867
85	15	55	1.62741	-1.65143	-1.2528
85	15	65	4.68685	-3.54565	-3.35573
85	15	75	2.00342	-5.39643	-5.19764
85	15	85	0.259491	-4.87047	-4.27808
85	25	5	-0.926363	-4.912	-4.56459
85	25	15	-2.12307	-1.25362	-5.78271
85	25	25	-2.28161	-3.07819	-5.40891
85	25	35	-1.75194	-2.91593	-2.71703
85	25	45	-0.999101	-2.15405	-1.40861
85	25	55	-0.249531	-2.53687	-1.15407
85	25	65	3.72099	-4.3801	-4.3177
85	25	75	4.69783	-6.00981	-5.15078
85	25	85	1.98752	-5.96997	-4.87444
85	35	5	0.453622	-4.76953	-5.35335
85	35	15	-1.20492	-3.44318	-7.57164
85	35	25	-1.15346	-4.7061	-5.93641
85	35	35	-1.81333	-4.82394	-4.04575
85	35	45	-1.48938	-4.04519	-3.15996
85	35	55	-0.0470923	-3.73215	-2.29752
85	35	65	3.69289	-5.57694	-5.24085
85	35	75	4.31389	-6.26049	-5.42217
85	35	85	2.41639	-5.3983	-4.43622
85	45	5	1.67504	-3.83963	-4.61799
85	45	15	1.12022	-4.86695	-7.02574
85	45	25	0.975217	-4.74308	-5.47344
85	45	35	1.37816	-4.62656	-4.85688
85	45	45	0.779066	-3.84528	-3.91812
85	45	55	0.572831	-2.6195	-2.24353
85	45	65	2.50751	-2.68614	-2.39745
85	45	75	2.67372	-3.37119	-2.84531
85	45	85	2.37948	-3.3112	-3.16818
85	55	5	1.80188	-3.24231	-3.88604
85	55	15	2.01913	-4.76679	-5.85962
85	55	25	1.9183	-4.57717	-5.36159
85	55	35	2.04192	-4.22884	-4.7481
85	55	45	1.14237	-2.30904	-2.81517
85	55	55	0.774621	-1.43567	-1.45817
85	55	65	2.01985	-1.79093	-1.44937
85	55	75	2.78486	-2.85947	-2.39069
85	55	85	1.38055	-1.48513	-1.47745
85	65	5	1.79532	-2.38295	-3.09968
85	65	15	3.0047	-5.00473	-5.69462
85	65	25	3.00349	-4.75091	-5.37524
85	65	35	3.02018	-3.84863	-4.13545
85	65	45	1.84437	-0.755175	-1.92262
85	65	55	1.38777	-0.725791	-1.13146
85	65	65	2.67128	-1.51505	-1.93853
85	65	75	2.5845	-1.93127	-2.26837
85	65	85	1.08647	-0.71758	-1.22939
85	75	5	1.60354	-1.67378	-2.10832
85	75	15	2.95007	-4.34907	-5.20872
85	75	25	3.09589	-4.31191	-4.97747
85	75	35	3.397	-2.84122	-4.15737
85	75	45	2.23166	-0.934243	-2.16031
85	75	55	2.12419	-1.1593	-1.90524
85	75	65	3.00608	-1.45407	-2.57289
85	75	75	2.46697	-1.40661	-2.3291
85	75	85	1.40754	-1.15825	-1.52591
85	85	5	1.40528	-1.47978	-1.62485
85	85	15	2.63163	-3.72975	-4.19726
85	85	25	2.94728	-3.51428	-4.77819
85	85	35	3.30119	-2.11339	-4.12021
85	85	45	2.72175	-1.56233	-2.27742
85	85	55	2.59937	-1.93891	-1.94299
85	85	65	3.68442	-2.4993	-2.95154
85	85	75	0.941714	-3.39452	-3.34543
85	85	85	1.28547	-1.84114	-1.96344
