5	5	5	2.59307	-2.95137	-2.9918
5	5	15	2.59303	-3.9964	-4.03519
5	5	25	2.72154	-5.05185	-5.21093
5	5	35	2.59483	-4.32948	-4.3557
5	5	45	2.60187	-3.38726	-3.33877
5	5	55	2.83707	-3.7927	-4.0709
5	5	65	3.40043	-5.1021	-5.9456
5	5	75	3.25079	-5.08359	-5.77764
5	5	85	2.60069	-4.74123	-4.79007
5	15	5	2.63188	-2.68478	-2.72557
5	15	15	2.6315	-3.43275	-3.51309
5	15	25	2.83395	-4.83361	-5.11628
5	15	35	2.58418	-3.50069	-3.53254
5	15	45	2.55235	-3.06109	-3.0602
5	15	55	2.6521	-3.69487	-3.79389
5	15	65	3.43515	-5.09391	-5.97543
5	15	75	3.33032	-5.10245	-5.88088
5	15	85	2.69785	-4.62239	-4.76837
5	25	5	2.75226	-2.84563	-2.96685
5	25	15	2.67265	-4.03269	-4.0343
5	25	25	2.89343	-4.73824	-5.04064
5	25	35	2.65554	-3.66674	-3.57029
5	25	45	2.99231	-3.32478	-2.88352
5	25	55	3.27108	-4.24763	-3.6476
5	25	65	4.01188	-5.70676	-5.92752
5	25	75	3.54225	-5.50201	-5.6932
5	25	85	2.8364	-5.00244	-5.00702
5	35	5	3.15627	-4.76925	-4.57368
5	35	15	2.77784	-5.23681	-5.06281
5	35	25	2.91636	-5.38553	-5.06756
5	35	35	3.69915	-5.62812	-4.48084
5	35	45	4.26554	-5.2966	-3.58293
5	35	55	4.73146	-5.74309	-3.56269
5	35	65	5.24942	-7.39933	-5.46253
5	35	75	4.72064	-6.88795	-5.44554
5	35	85	3.85522	-5.94245	-4.88503
5	45	5	2.97023	-4.34004	-4.58404
5	45	15	2.69309	-5.09923	-5.18601
5	45	25	2.66147	-5.14379	-5.12004
5	45	35	2.77505	-4.78033	-4.55796
5	45	45	2.88633	-4.54551	-4.21186
5	45	55	2.93641	-4.52348	-4.17811
5	45	65	3.79326	-6.11271	-5.27209
5	45	75	3.62469	-5.93341	-5.14378
5	45	85	3.22513	-4.99286	-4.72292
5	55	5	2.73482	-3.96699	-4.14407
5	55	15	2.64655	-5.06709	-5.1551
5	55	25	2.69659	-5.18313	-5.1626
5	55	35	2.65664	-4.70474	-4.68159
5	55	45	2.63817	-3.94845	-3.86217
5	55	55	2.95026	-3.50959	-3.15119
5	55	65	3.28368	-5.66016	-5.21152
5	55	75	3.11628	-4.72349	-4.76479
5	55	85	3.18134	-3.14623	-3.64416
5	65	5	2.80417	-3.58261	-3.67446
5	65	15	2.7586	-5.09487	-5.05968
5	65	25	2.73625	-4.94006	-5.0439
5	65	35	2.67328	-4.61938	-4.53959
5	65	45	2.7943	-3.11351	-2.91117
5	65	55	2.7998	-3.77719	-3.65012
5	65	65	2.8001	-5.11065	-5.26799
5	65	75	2.93829	-4.12424	-4.42589
5	65	85	3.1797	-2.97256	-3.52019
5	75	5	2.7776	-4.16372	-4.02777
5	75	15	2.89522	-5.03054	-4.85051
5	75	25	3.09392	-5.28936	-5.03055
5	75	35	2.85797	-5.03415	-4.85373
5	75	45	2.81523	-4.64434	-4.54363
5	75	55	2.89364	-4.96007	-4.9
5	75	65	3.07672	-5.14407	-5.54884
5	75	75	2.83595	-4.36148	-4.52634
5	75	85	2.85848	-3.98608	-4.09264
5	85	5	2.71434	-3.1086	-3.06944
5	85	15	2.65464	-4.57411	-4.51211
5	85	25	2.70147	-5.14166	-5.11443
5	85	35	2.82851	-4.97299	-4.86469
5	85	45	3.01139	-4.61533	-4.24114
5	85	55	3.16694	-4.95214	-4.61989
5	85	65	3.48387	-5.48457	-5.64215
5	85	75	3.1084	-4.68836	-4.91279
5	85	85	2.86028	-4.24844	-4.18969
15	5	5	2.61273	-3.3425	-3.36179
15	5	15	2.63306	-4.44178	-4.52056
15	5	25	2.7843	-5.07347	-5.29947
15	5	35	2.71141	-4.58752	-4.73539
15	5	45	2.67559	-3.44824	-3.50758
15	5	55	2.86755	-3.2395	-3.44495
15	5	65	3.14763	-5.14089	-5.63484
15	5	75	2.87892	-5.16725	-5.36453
15	5	85	2.67646	-5.01208	-5.09424
15	15	5	2.59121	-3.03496	-3.03486
15	15	15	2.79153	-3.9995	-4.23903
15	15	25	3.30245	-5.0405	-5.79072
15	15	35	2.6103	-3.8412	-3.89993
15	15	45	2.68168	-2.9507	-3.0328
15	15	55	2.93741	-2.89051	-3.14939
15	15	65	3.39912	-5.05827	-5.90139
15	15	75	3.01606	-5.10445	-5.56456
15	15	85	2.61429	-4.84291	-4.90359
15	25	5	2.61188	-3.49287	-3.47287
15	25	15	2.71148	-4.59374	-4.71331
15	25	25	3.19703	-5.00947	-5.61385
15	25	35	2.64447	-4.43927	-4.36752
15	25	45	2.93877	-3.55515	-3.1726
15	25	55	3.39693	-4.00579	-3.44252
15	25	65	4.51514	-6.09477	-6.0171
15	25	75	3.75152	-5.9219	-5.3623
15	25	85	2.8934	-5.18286	-4.9236
15	35	5	3.23312	-5.33848	-4.8181
15	35	15	3.05147	-5.41656	-5.15611
15	35	25	3.13511	-5.46193	-5.28107
15	35	35	2.90696	-5.26947	-4.91521
15	35	45	3.71176	-5.55151	-4.39189
15	35	55	4.31553	-5.80174	-4.11811
15	35	65	5.38027	-7.34059	-5.63217
15	35	75	4.87148	-7.09334	-5.27059
15	35	85	4.19488	-6.52448	-5.00346
15	45	5	3.18118	-4.80498	-4.81564
15	45	15	2.90328	-5.25522	-5.27179
15	45	25	2.76018	-5.28865	-5.12197
15	45	35	2.72483	-5.17348	-5.04209
15	45	45	2.77097	-5.24869	-5.03048
15	45	55	2.92686	-4.96744	-4.6717
15	45	65	3.67191	-6.01213	-5.25127
15	45	75	4.25331	-6.55429	-5.19127
15	45	85	3.89184	-5.54063	-4.68347
15	55	5	3.29839	-4.01656	-4.71164
15	55	15	2.75119	-5.11761	-5.25266
15	55	25	2.66161	-5.17076	-5.14269
15	55	35	2.62699	-4.83624	-4.84279
15	55	45	2.60258	-4.32223	-4.27161
15	55	55	2.73184	-3.68464	-3.58462
15	55	65	3.04812	-5.47945	-5.18398
15	55	75	2.9487	-4.67504	-4.48548
15	55	85	3.27144	-3.46028	-3.90021
15	65	5	3.16204	-3.6642	-4.23003
15	65	15	2.73986	-5.14245	-5.20493
15	65	25	2.71867	-5.20687	-5.16331
15	65	35	2.61537	-4.86466	-4.84369
15	65	45	2.75615	-3.31706	-3.15368
15	65	55	2.77434	-3.20004	-3.17775
15	65	65	2.7823	-5.12981	-5.2267
15	65	75	2.78047	-3.86465	-4.04757
15	65	85	3.57489	-2.85102	-3.87131
15	75	5	3.06131	-4.45913	-4.56844
15	75	15	2.84014	-4.93223	-5.09696
15	75	25	2.63338	-5.16011	-5.08118
15	75	35	3.0167	-5.12028	-4.70138
15	75	45	3.23859	-4.57501	-3.97329
15	75	55	3.57589	-5.22208	-4.51842
15	75	65	3.47823	-5.77598	-5.29479
15	75	75	3.34028	-5.00293	-5.02892
15	75	85	3.49957	-4.38525	-4.68655
15	85	5	2.67599	-3.69854	-3.78186
15	85	15	2.69352	-4.66005	-4.72174
15	85	25	2.77472	-5.13578	-5.21864
15	85	35	2.92217	-5.16382	-4.96527
15	85	45	3.05433	-4.37552	-3.99941
15	85	55	3.29582	-4.69255	-4.47073
15	85	65	2.99201	-5.29127	-5.34006
15	85	75	3.04909	-5.06939	-5.27202
15	85	85	2.9595	-4.84889	-4.97165
25	5	5	2.72096	-4.09895	-4.13923
25	5	15	2.7228	-4.82078	-4.97811
25	5	25	2.95031	-5.11683	-5.46725
25	5	35	2.75785	-4.41116	-4.56108
25	5	45	2.63931	-3.17124	-3.23224
25	5	55	3.00959	-3.25282	-3.28318
25	5	65	3.25601	-5.15188	-5.48147
25	5	75	2.95645	-5.12639	-5.28285
25	5	85	2.88158	-5.18166	-5.26577
25	15	5	2.61248	-3.40069	-3.38039
25	15	15	3.0544	-4.44776	-4.90847
25	15	25	3.2897	-5.09103	-5.78525
25	15	35	3.1904	-4.1821	-4.74008
25	15	45	2.73034	-2.88146	-2.80117
25	15	55	3.07212	-3.12559	-3.13214
25	15	65	3.91004	-4.99329	-5.89309
25	15	75	2.78573	-4.74661	-4.89168
25	15	85	2.57841	-4.98447	-5.007
25	25	5	2.67404	-4.13902	-4.01767
25	25	15	3.15445	-4.8225	-5.30152
25	25	25	3.52373	-5.06228	-5.9904
25	25	35	2.99398	-4.78445	-4.98011
25	25	45	3.43813	-4.41188	-3.78887
25	25	55	3.84084	-4.54765	-3.81923
25	25	65	4.88318	-6.15982	-6.08541
25	25	75	4.0913	-6.20284	-4.85967
25	25	85	3.13362	-5.60225	-5.02443
25	35	5	3.50125	-5.56706	-4.61845
25	35	15	3.29853	-5.53655	-5.30906
25	35	25	3.48537	-5.4834	-5.63387
25	35	35	3.07723	-5.41591	-5.14985
25	35	45	3.24708	-5.55715	-4.99317
25	35	55	3.66603	-5.63724	-4.84457
25	35	65	5.36282	-6.75535	-5.98849
25	35	75	4.67279	-7.1251	-5.15962
25	35	85	4.20502	-6.65338	-5.04229
25	45	5	3.5633	-4.59111	-3.57885
25	45	15	2.93915	-5.32208	-5.09554
25	45	25	3.22144	-5.72902	-5.14284
25	45	35	3.04575	-5.56822	-5.12969
25	45	45	3.30856	-5.81363	-5.10048
25	45	55	3.12608	-5.5222	-4.98852
25	45	65	4.01499	-6.10258	-5.5245
25	45	75	4.43614	-6.89561	-5.15238
25	45	85	4.27486	-6.16136	-4.52336
25	55	5	2.86121	-3.37821	-3.50964
25	55	15	2.74278	-5.13964	-5.07193
25	55	25	2.77072	-5.26075	-5.16244
25	55	35	2.87499	-5.3222	-5.0858
25	55	45	2.68663	-4.93346	-4.80298
25	55	55	2.76451	-4.59347	-4.3812
25	55	65	3.17313	-5.19305	-5.53432
25	55	75	3.00245	-5.08116	-4.81312
25	55	85	2.73466	-3.36359	-3.22091
25	65	5	3.1125	-3.56748	-3.7668
25	65	15	2.6386	-5.08451	-5.12268
25	65	25	2.72344	-5.21118	-5.16464
25	65	35	2.60666	-4.9343	-4.9254
25	65	45	2.68554	-3.67044	-3.57614
25	65	55	2.82425	-3.33776	-3.14632
25	65	65	2.94719	-5.06413	-5.07381
25	65	75	2.76938	-3.89151	-3.69018
25	65	85	2.69421	-2.70955	-2.68889
25	75	5	2.97648	-4.23958	-4.37944
25	75	15	2.69372	-5.07334	-5.13423
25	75	25	2.45611	-5.08201	-5.14625
25	75	35	2.61576	-4.66325	-4.68554
25	75	45	2.87927	-3.4589	-3.18223
25	75	55	3.7406	-4.44798	-3.6669
25	75	65	4.02566	-6.14697	-5.29076
25	75	75	3.46001	-5.62617	-4.92532
25	75	85	3.35845	-4.44293	-4.47815
25	85	5	2.97937	-4.18331	-4.4475
25	85	15	2.69718	-5.0456	-5.0709
25	85	25	2.64233	-5.15899	-5.24711
25	85	35	2.87509	-4.76241	-4.72644
25	85	45	2.90457	-3.49682	-3.20386
25	85	55	3.33357	-3.93071	-3.44905
25	85	65	3.70894	-5.82409	-5.42814
25	85	75	3.3637	-5.52793	-5.20763
25	85	85	3.30631	-5.05775	-5.28239
35	5	5	2.95947	-4.6775	-4.84264
35	5	15	3.08081	-5.04604	-5.4878
35	5	25	2.91994	-5.16618	-5.40215
35	5	35	3.17717	-4.73289	-5.13635
35	5	45	3.1083	-3.32663	-3.81391
35	5	55	4.09173	-4.19521	-4.75252
35	5	65	3.72423	-5.22967	-4.67549
35	5	75	3.52974	-4.66136	-4.67924
35	5	85	3.1054	-5.14005	-5.21279
35	15	5	2.78918	-4.19158	-4.40892
35	15	15	3.40317	-4.86989	-5.50362
35	15	25	3.65984	-5.20628	-6.09508
35	15	35	3.40006	-4.39673	-5.016
35	15	45	2.95677	-3.21018	-3.25082
35	15	55	4.16823	-4.43602	-4.5475
35	15	65	4.05425	-5.07678	-5.668
35	15	75	3.08184	-4.34328	-4.5461
35	15	85	2.89311	-4.78644	-4.95573
35	25	5	3.28068	-5.10696	-4.58198
35	25	15	3.84453	-5.33824	-5.68967
35	25	25	3.86019	-5.46368	-6.02254
35	25	35	3.6251	-5.21821	-5.09862
35	25	45	3.54925	-4.4695	-3.85439
35	25	55	4.52258	-5.8559	-4.82573
35	25	65	5.73741	-6.68921	-6.49191
35	25	75	4.26536	-5.90178	-4.68311
35	25	85	3.76121	-5.69528	-4.54298
35	35	5	3.65837	-5.0265	-4.04174
35	35	15	3.68512	-5.43363	-5.34114
35	35	25	3.88319	-5.46177	-6.06081
35	35	35	3.56853	-5.49588	-5.68323
35	35	45	2.91749	-5.2447	-4.94821
35	35	55	3.76189	-5.74024	-5.4169
35	35	65	5.19732	-6.72936	-5.93848
35	35	75	4.72197	-6.9704	-5.03881
35	35	85	4.3019	-6.24413	-4.57719
35	45	5	3.70934	-4.13834	-2.98082
35	45	15	3.14046	-4.98139	-4.63275
35	45	25	3.54164	-5.58795	-5.60463
35	45	35	3.80327	-6.03205	-5.38386
35	45	45	3.61882	-6.00948	-5.05911
35	45	55	4.32677	-6.75081	-5.22202
35	45	65	5.10203	-6.73743	-6.00092
35	45	75	4.64448	-7.04033	-5.09177
35	45	85	4.57817	-6.46828	-4.52213
35	55	5	2.68729	-2.92587	-2.86961
35	55	15	2.71097	-4.48545	-4.53766
35	55	25	3.19102	-5.33546	-5.50513
35	55	35	3.13454	-5.55583	-5.19172
35	55	45	3.19891	-5.57535	-4.9966
35	55	55	3.41869	-5.68213	-5.10867
35	55	65	3.71493	-5.67598	-5.60664
35	55	75	3.35894	-5.68392	-5.16806
35	55	85	3.04375	-3.99391	-3.50208
35	65	5	2.91731	-3.36908	-3.16523
35	65	15	2.75568	-5.09575	-4.96046
35	65	25	2.78577	-5.14563	-5.28952
35	65	35	2.70066	-5.10337	-5.21034
35	65	45	2.64282	-4.08211	-4.05136
35	65	55	2.75814	-3.57885	-3.54029
35	65	65	3.38234	-4.55405	-4.87249
35	65	75	2.84635	-4.03233	-3.7851
35	65	85	2.81723	-3.02019	-2.81488
35	75	5	2.96069	-4.13854	-4.01584
35	75	15	2.80149	-5.15105	-5.19447
35	75	25	2.66125	-5.08286	-5.22976
35	75	35	2.43654	-4.96207	-4.88751
35	75	45	2.71674	-3.09884	-3.02296
35	75	55	2.86005	-2.83392	-2.81735
35	75	65	3.58192	-5.00732	-4.82779
35	75	75	3.46059	-5.64388	-4.86013
35	75	85	2.89572	-4.13823	-3.83373
35	85	5	2.82204	-4.64238	-4.59092
35	85	15	3.02524	-5.18316	-5.17494
35	85	25	3.06799	-5.46187	-5.29642
35	85	35	3.06018	-4.60284	-4.67078
35	85	45	3.26218	-3.35565	-3.06519
35	85	55	3.69563	-3.72722	-3.50365
35	85	65	3.45999	-5.29461	-4.79286
35	85	75	3.00212	-5.28457	-4.9658
35	85	85	2.91813	-5.10058	-5.0194
45	5	5	3.52081	-5.01753	-5.34731
45	5	15	3.85959	-5.43004	-5.69778
45	5	25	3.48905	-5.55927	-5.57644
45	5	35	3.66863	-5.10261	-5.21942
45	5	45	4.32151	-3.99195	-4.27379
45	5	55	4.85912	-5.50489	-5.55732
45	5	65	4.50257	-6.04417	-4.70911
45	5	75	3.49995	-4.7922	-4.1403
45	5	85	3.24004	-4.038	-4.327
45	15	5	2.90214	-4.70038	-4.9267
45	15	15	4.03946	-5.17713	-5.93355
45	15	25	3.84306	-5.65208	-5.84004
45	15	35	4.42358	-4.81967	-5.17687
45	15	45	4.84502	-3.95411	-4.56476
45	15	55	5.36048	-6.11952	-6.2616
45	15	65	4.50918	-5.97729	-5.84901
45	15	75	3.82104	-5.01933	-5.10533
45	15	85	3.21596	-4.06883	-4.08335
45	25	5	3.1435	-4.51962	-4.22085
45	25	15	3.79427	-5.20642	-5.84408
45	25	25	3.92343	-5.76002	-5.80281
45	25	35	5.0387	-5.84995	-5.68157
45	25	45	5.52252	-5.43969	-4.90309
45	25	55	5.48641	-6.41463	-6.20186
45	25	65	5.24711	-6.42892	-6.4145
45	25	75	4.26499	-5.44169	-5.29711
45	25	85	3.50182	-4.14683	-3.97115
45	35	5	4.00697	-4.74268	-3.53383
45	35	15	4.14782	-5.10559	-4.9104
45	35	25	3.86545	-5.54934	-5.95978
45	35	35	3.47745	-5.33017	-5.5598
45	35	45	3.59712	-5.14364	-5.16732
45	35	55	3.73271	-5.52772	-5.80048
45	35	65	4.55629	-5.68038	-6.45909
45	35	75	4.18633	-5.84801	-5.10719
45	35	85	3.7182	-4.95912	-4.02547
45	45	5	4.20491	-4.36453	-2.79077
45	45	15	3.64471	-4.4529	-3.92001
45	45	25	4.36629	-5.79002	-6.21806
45	45	35	4.05905	-5.74031	-5.73152
45	45	45	3.42988	-5.51242	-5.00966
45	45	55	3.60267	-5.72428	-5.4439
45	45	65	4.56347	-6.12791	-6.08345
45	45	75	3.48077	-5.51156	-4.77862
45	45	85	3.73033	-4.69297	-3.64312
45	55	5	2.85916	-2.89775	-2.62965
45	55	15	2.98709	-3.77325	-3.70204
45	55	25	4.15106	-5.58897	-6.19157
45	55	35	3.75809	-5.29346	-5.95764
45	55	45	2.79177	-5.02836	-5.13566
45	55	55	2.97715	-5.06368	-5.36246
45	55	65	3.29552	-5.18404	-5.6644
45	55	75	2.89826	-5.28392	-4.98707
45	55	85	3.13487	-4.02419	-3.48043
45	65	5	3.06515	-3.20011	-3.27409
45	65	15	3.11188	-4.73571	-4.65833
45	65	25	3.22231	-5.27482	-5.57374
45	65	35	3.36285	-5.16535	-5.81049
45	65	45	2.90828	-4.52366	-4.87688
45	65	55	2.95511	-4.35928	-4.6833
45	65	65	2.99227	-4.47925	-4.64046
45	65	75	2.83423	-4.40199	-4.164
45	65	85	2.87436	-3.20363	-2.86057
45	75	5	3.49261	-3.9434	-4.46997
45	75	15	3.0791	-4.98428	-5.38796
45	75	25	3.02759	-5.13977	-5.49384
45	75	35	3.13676	-4.90242	-5.36852
45	75	45	2.82553	-3.52204	-3.67575
45	75	55	2.93513	-2.96083	-3.06411
45	75	65	2.95788	-3.97354	-3.97157
45	75	75	2.84147	-4.77377	-4.52818
45	75	85	2.85899	-3.88216	-3.69626
45	85	5	2.94955	-4.59749	-4.91359
45	85	15	3.06201	-5.04026	-5.38564
45	85	25	3.00589	-5.28177	-5.355
45	85	35	3.12042	-5.10482	-5.02702
45	85	45	3.42993	-3.62487	-3.36933
45	85	55	3.586	-4.35043	-3.88367
45	85	65	3.29338	-4.60033	-4.16887
45	85	75	2.74088	-4.57291	-4.39303
45	85	85	2.75645	-4.21679	-4.38052
55	5	5	3.22073	-4.30434	-4.4532
55	5	15	3.37347	-4.77113	-5.35357
55	5	25	3.14143	-5.37956	-5.36915
55	5	35	3.73758	-5.44369	-5.42611
55	5	45	4.64016	-4.57951	-4.90089
55	5	55	4.40739	-5.82509	-5.51359
55	5	65	4.48501	-6.59637	-5.16161
55	5	75	3.94083	-5.76121	-4.82914
55	5	85	4.01716	-3.82818	-4.09349
55	15	5	3.12076	-4.57878	-4.82448
55	15	15	3.71223	-5.09516	-5.69395
55	15	25	3.56142	-5.23819	-5.96859
55	15	35	4.1	-4.50248	-5.57045
55	15	45	4.96565	-3.95338	-5.56534
55	15	55	4.66597	-5.66748	-6.37738
55	15	65	3.68072	-5.77163	-5.49316
55	15	75	3.76438	-5.47087	-5.15852
55	15	85	3.50394	-3.62345	-3.64914
55	25	5	3.19359	-4.0957	-3.69661
55	25	15	4.17105	-5.19278	-5.57278
55	25	25	4.09505	-5.85622	-5.80025
55	25	35	4.76744	-4.682	-5.69842
55	25	45	4.75953	-4.26124	-5.62975
55	25	55	4.85825	-5.54225	-6.72867
55	25	65	4.17463	-5.79892	-5.97612
55	25	75	4.20201	-5.36315	-5.68519
55	25	85	3.39004	-3.65183	-3.68429
55	35	5	3.30326	-3.48127	-2.77431
55	35	15	3.62222	-4.25268	-3.94148
55	35	25	4.19785	-5.72247	-6.0405
55	35	35	4.10424	-4.40271	-4.59431
55	35	45	4.53666	-4.99085	-5.13567
55	35	55	4.13265	-5.45414	-5.95532
55	35	65	4.08665	-5.37764	-6.31158
55	35	75	4.35195	-5.14433	-6.09955
55	35	85	3.46085	-3.99745	-3.77288
55	45	5	2.78138	-2.90837	-2.75835
55	45	15	3.07871	-3.57429	-3.28981
55	45	25	4.13428	-5.54622	-5.76542
55	45	35	4.23144	-4.15796	-3.96636
55	45	45	3.48425	-4.09164	-3.88086
55	45	55	3.48744	-5.14906	-5.41266
55	45	65	4.09662	-5.28507	-6.46347
55	45	75	3.49268	-4.365	-5.09934
55	45	85	2.83052	-3.2153	-3.29059
55	55	5	2.73123	-2.79168	-2.65166
55	55	15	3.1374	-3.39897	-2.97744
55	55	25	3.988	-5.7689	-5.29366
55	55	35	3.26271	-4.23121	-4.32434
55	55	45	2.9999	-3.9869	-4.10126
55	55	55	2.85211	-5.13752	-5.23643
55	55	65	3.47324	-5.10299	-6.02157
55	55	75	2.78827	-4.72282	-4.95841
55	55	85	2.59441	-3.19365	-3.15695
55	65	5	3.01945	-3.27602	-3.05082
55	65	15	2.9924	-3.86753	-3.55823
55	65	25	3.44203	-5.06015	-5.73164
55	65	35	3.31477	-4.72433	-5.36303
55	65	45	2.69476	-4.98137	-5.08327
55	65	55	2.69231	-4.73931	-4.84044
55	65	65	2.83144	-4.60042	-4.84
55	65	75	2.77425	-4.28164	-4.06326
55	65	85	2.95247	-3.42004	-3.01989
55	75	5	3.68033	-3.42004	-4.46449
55	75	15	2.86711	-4.88064	-5.07505
55	75	25	3.09551	-5.18879	-5.47233
55	75	35	3.35389	-5.02262	-5.7438
55	75	45	2.93386	-4.42165	-4.44447
55	75	55	2.97423	-3.97203	-3.67204
55	75	65	3.23503	-4.30999	-3.90678
55	75	75	2.90345	-4.03241	-3.69359
55	75	85	2.99698	-3.82604	-3.78557
55	85	5	3.84551	-3.73312	-5.02678
55	85	15	3.31705	-4.7147	-5.48073
55	85	25	2.87778	-5.11919	-5.4044
55	85	35	3.27747	-4.98317	-5.66682
55	85	45	2.76589	-3.68687	-3.84168
55	85	55	2.88945	-4.70526	-4.61164
55	85	65	3.06426	-4.60805	-4.33801
55	85	75	2.76827	-4.22062	-4.10739
55	85	85	3.27604	-3.17092	-3.85433
65	5	5	3.03375	-3.14353	-3.26521
65	5	15	2.95223	-3.89546	-4.09506
65	5	25	2.87384	-4.7547	-4.9567
65	5	35	2.79304	-4.82199	-5.06397
65	5	45	2.69656	-3.94444	-4.0397
65	5	55	2.69787	-5.03999	-5.05314
65	5	65	3.27767	-5.17603	-5.65018
65	5	75	2.96612	-5.00863	-5.01513
65	5	85	3.39748	-3.42374	-3.98493
65	15	5	2.83747	-3.52856	-3.487
65	15	15	3.09266	-4.2225	-4.6809
65	15	25	2.77627	-4.93386	-5.15743
65	15	35	2.81427	-4.08162	-4.34479
65	15	45	3.13268	-3.43687	-4.05845
65	15	55	3.03149	-4.91358	-5.39432
65	15	65	3.03467	-5.13486	-5.53843
65	15	75	2.9979	-5.23871	-5.36465
65	15	85	3.23877	-3.63566	-3.87609
65	25	5	2.9111	-3.60323	-3.24325
65	25	15	3.55104	-3.94834	-3.98835
65	25	25	3.53464	-5.51628	-5.37989
65	25	35	3.43585	-3.86197	-4.30679
65	25	45	3.19269	-3.58564	-4.1665
65	25	55	3.85104	-4.71064	-5.97106
65	25	65	3.09743	-5.12051	-5.62452
65	25	75	3.05904	-4.96415	-5.38657
65	25	85	3.07991	-3.47699	-3.72022
65	35	5	2.65707	-2.89018	-2.78581
65	35	15	3.26186	-3.8211	-3.51274
65	35	25	4.67623	-6.05586	-5.57227
65	35	35	4.07824	-4.18272	-3.50674
65	35	45	3.71306	-3.78244	-3.34288
65	35	55	4.17183	-4.95682	-5.37683
65	35	65	3.69703	-5.92005	-5.42524
65	35	75	3.51824	-5.06151	-5.66874
65	35	85	2.82065	-3.87677	-3.78081
65	45	5	2.5535	-3.01102	-3.00867
65	45	15	2.67833	-4.12071	-4.23666
65	45	25	3.3692	-4.68897	-5.11167
65	45	35	3.61795	-3.52648	-2.98277
65	45	45	3.0956	-3.15857	-2.77489
65	45	55	3.6539	-4.16428	-4.54142
65	45	65	3.50903	-5.15269	-6.00188
65	45	75	3.77388	-4.57274	-5.61319
65	45	85	2.72441	-3.33604	-3.42621
65	55	5	2.6713	-3.04247	-3.08233
65	55	15	2.95344	-3.47517	-3.19598
65	55	25	3.53849	-4.59042	-4.04378
65	55	35	3.10023	-3.38528	-2.95849
65	55	45	2.67745	-3.07044	-2.94486
65	55	55	2.69748	-4.31683	-4.37041
65	55	65	3.45495	-5.10018	-5.99625
65	55	75	3.44167	-4.42301	-5.27169
65	55	85	2.59977	-3.16536	-3.13384
65	65	5	2.83201	-3.02271	-2.98323
65	65	15	2.7147	-3.17268	-3.09466
65	65	25	2.71397	-3.74043	-3.81832
65	65	35	2.65684	-3.30087	-3.35746
65	65	45	2.59329	-4.36068	-4.31847
65	65	55	2.57158	-4.93695	-4.95639
65	65	65	3.45185	-5.06076	-5.80153
65	65	75	2.89873	-4.74243	-4.72933
65	65	85	2.83701	-3.49564	-3.21923
65	75	5	2.89161	-3.1392	-3.40055
65	75	15	2.63144	-4.65657	-4.69817
65	75	25	2.29306	-5.07065	-5.13105
65	75	35	2.73196	-5.0591	-5.15985
65	75	45	2.69158	-4.83334	-4.81369
65	75	55	3.05229	-5.06048	-4.55921
65	75	65	3.47344	-5.6556	-4.97558
65	75	75	3.16547	-3.6136	-3.06405
65	75	85	2.89373	-3.76323	-3.58191
65	85	5	3.33489	-2.79246	-3.53472
65	85	15	2.77384	-4.3487	-4.52914
65	85	25	2.65217	-5.05633	-5.15754
65	85	35	2.70664	-4.86138	-4.98258
65	85	45	2.73548	-4.58365	-4.56008
65	85	55	2.76542	-5.21923	-5.04484
65	85	65	3.08824	-4.94903	-5.09261
65	85	75	2.90709	-4.13416	-4.05257
65	85	85	2.94193	-2.6806	-2.97778
75	5	5	2.81702	-2.77564	-2.67571
75	5	15	2.81198	-3.83553	-3.69629
75	5	25	2.71236	-4.84742	-4.84702
75	5	35	2.61513	-4.00321	-3.98355
75	5	45	2.53305	-3.75884	-3.75695
75	5	55	2.57299	-4.97162	-4.98959
75	5	65	3.41626	-5.10374	-5.9625
75	5	75	2.75512	-5.05712	-5.25707
75	5	85	2.72786	-3.72201	-3.85144
75	15	5	2.7124	-2.82686	-2.70577
75	15	15	2.67315	-3.04094	-3.15971
75	15	25	2.65127	-4.27606	-4.37598
75	15	35	2.57482	-3.67368	-3.6971
75	15	45	2.49118	-3.25659	-3.25645
75	15	55	2.59108	-4.85845	-4.85838
75	15	65	3.11109	-5.11954	-5.63946
75	15	75	2.80226	-5.16104	-5.2922
75	15	85	2.80121	-4.13612	-4.10624
75	25	5	2.69228	-2.84824	-2.7095
75	25	15	3.0319	-3.08769	-3.04777
75	25	25	3.19157	-4.06364	-3.74415
75	25	35	2.85187	-3.47866	-3.33951
75	25	45	2.67144	-3.28163	-3.24205
75	25	55	2.77102	-4.44874	-4.58914
75	25	65	2.89142	-5.11827	-5.41867
75	25	75	2.77623	-5.1027	-5.2863
75	25	85	2.6735	-3.96157	-4.08405
75	35	5	2.63234	-3.28708	-3.2076
75	35	15	2.85245	-4.00566	-4.06549
75	35	25	3.07629	-4.61337	-4.57064
75	35	35	3.50106	-3.80593	-2.98236
75	35	45	3.85785	-4.03884	-2.81366
75	35	55	4.01784	-4.9777	-4.03172
75	35	65	3.95542	-6.23743	-5.35463
75	35	75	3.57464	-5.80239	-5.38519
75	35	85	3.11348	-4.87843	-4.32088
75	45	5	2.61997	-3.42069	-3.47602
75	45	15	2.6021	-4.90614	-4.93633
75	45	25	2.87207	-4.78641	-5.0271
75	45	35	2.96572	-3.50769	-3.21706
75	45	45	2.97133	-3.34147	-2.96208
75	45	55	3.13119	-3.87979	-3.85964
75	45	65	3.23428	-5.40918	-5.44834
75	45	75	3.08906	-5.09841	-5.24362
75	45	85	2.64233	-3.74685	-3.73971
75	55	5	2.61245	-3.24603	-3.26718
75	55	15	2.61476	-4.20183	-4.18225
75	55	25	2.71372	-3.78459	-3.78272
75	55	35	2.69993	-3.9363	-3.83226
75	55	45	2.782	-3.24495	-3.01488
75	55	55	2.84297	-3.72581	-3.79391
75	55	65	3.16153	-5.1037	-5.65886
75	55	75	3.14124	-4.14333	-4.73082
75	55	85	2.51489	-3.01011	-2.99302
75	65	5	2.59	-3.04053	-3.02106
75	65	15	2.61076	-3.27933	-3.2593
75	65	25	2.63318	-3.14442	-3.18311
75	65	35	2.61437	-3.17861	-3.15768
75	65	45	2.55666	-3.34276	-3.33877
75	65	55	2.55623	-4.72406	-4.71892
75	65	65	3.09763	-5.1488	-5.56863
75	65	75	3.04271	-4.46276	-4.83278
75	65	85	2.57445	-3.24805	-3.15146
75	75	5	3.07173	-3.66352	-3.50177
75	75	15	2.60907	-4.75488	-4.73567
75	75	25	2.37307	-5.04269	-5.04147
75	75	35	2.41279	-4.93411	-4.93557
75	75	45	2.57172	-4.88616	-4.86559
75	75	55	2.79194	-5.02727	-4.86638
75	75	65	3.63625	-5.75875	-5.40393
75	75	75	3.63153	-4.24082	-3.63893
75	75	85	3.56056	-3.91284	-3.03918
75	85	5	2.80455	-2.82164	-2.81194
75	85	15	2.63912	-4.12845	-4.16367
75	85	25	2.63353	-4.99326	-4.9948
75	85	35	2.58833	-4.62187	-4.62423
75	85	45	2.54875	-4.5208	-4.5205
75	85	55	2.87145	-5.29548	-5.09508
75	85	65	3.51584	-5.2536	-5.53358
75	85	75	2.89829	-4.16952	-3.89193
75	85	85	2.85422	-2.91548	-2.78899
85	5	5	2.6356	-2.63567	-2.71694
85	5	15	2.71401	-3.73558	-3.77502
85	5	25	2.77649	-5.0859	-5.14365
85	5	35	2.56502	-4.0074	-4.00471
85	5	45	2.56115	-3.70151	-3.69268
85	5	55	2.67875	-4.63816	-4.75041
85	5	65	3.29635	-5.10403	-5.8427
85	5	75	2.97236	-5.1019	-5.51588
85	5	85	2.64862	-4.23917	-4.33272
85	15	5	2.59395	-2.634	-2.67687
85	15	15	2.57436	-2.91197	-2.93508
85	15	25	2.67243	-4.33288	-4.41394
85	15	35	2.55846	-3.17632	-3.18178
85	15	45	2.53118	-3.3593	-3.3593
85	15	55	2.65108	-4.3356	-4.43554
85	15	65	3.65228	-5.09945	-6.20059
85	15	75	3.20784	-5.10202	-5.75883
85	15	85	2.74286	-4.32112	-4.43293
85	25	5	2.57349	-2.81992	-2.84239
85	25	15	2.57512	-3.21372	-3.19781
85	25	25	2.77156	-4.0608	-4.20131
85	25	35	2.75152	-3.32554	-3.12599
85	25	45	2.89105	-3.47349	-3.13348
85	25	55	2.85106	-4.38635	-4.08634
85	25	65	3.43103	-5.41678	-5.65677
85	25	75	3.23864	-5.262	-5.58961
85	25	85	2.57869	-4.46242	-4.44929
85	35	5	3.03626	-4.04043	-3.60327
85	35	15	2.91805	-5.17456	-4.8608
85	35	25	3.11532	-5.37856	-4.89883
85	35	35	3.58071	-4.5605	-3.57254
85	35	45	4.20424	-4.53837	-2.92519
85	35	55	4.56344	-5.55643	-3.58405
85	35	65	4.77942	-7.09618	-5.30858
85	35	75	3.77784	-6.14477	-5.16598
85	35	85	3.43466	-5.44244	-4.68448
85	45	5	2.60631	-4.19038	-4.19765
85	45	15	2.62146	-5.01097	-5.06774
85	45	25	2.79581	-5.10065	-5.17953
85	45	35	2.70655	-4.20087	-4.12784
85	45	45	2.89545	-3.86199	-3.55921
85	45	55	3.11738	-4.00181	-3.51547
85	45	65	3.30755	-5.67155	-5.23583
85	45	75	3.05748	-5.38549	-5.12472
85	45	85	2.66509	-4.24965	-4.22771
85	55	5	2.48334	-3.59451	-3.62572
85	55	15	2.61581	-4.98962	-5.01173
85	55	25	2.69721	-4.96238	-5.01964
85	55	35	2.6606	-4.62161	-4.55782
85	55	45	2.65875	-3.57041	-3.46353
85	55	55	2.85226	-3.47966	-3.29924
85	55	65	2.89087	-5.33023	-5.15281
85	55	75	2.82453	-4.77118	-4.70581
85	55	85	2.59966	-3.03979	-3.12493
85	65	5	2.55524	-3.32147	-3.34553
85	65	15	2.73359	-4.58698	-4.44622
85	65	25	2.69395	-4.54449	-4.64485
85	65	35	2.6556	-4.17578	-4.11689
85	65	45	2.55986	-2.94377	-2.93746
85	65	55	2.72447	-4.2121	-4.32192
85	65	65	3.03909	-5.11752	-5.5151
85	65	75	2.72165	-4.28284	-4.45083
85	65	85	2.45559	-3.00291	-2.98734
85	75	5	3.33595	-4.30739	-3.60747
85	75	15	3.15308	-5.22166	-4.66209
85	75	25	2.93346	-5.32682	-5.06522
85	75	35	2.55671	-4.92691	-4.94369
85	75	45	2.57647	-4.92649	-4.90442
85	75	55	2.7328	-4.86768	-5.00762
85	75	65	3.11471	-5.11523	-5.63721
85	75	75	2.84274	-4.34252	-4.39261
85	75	85	3.22045	-3.98965	-3.41586
85	85	5	2.79725	-2.92467	-2.80041
85	85	15	2.71986	-4.4545	-4.32731
85	85	25	2.6367	-5.03923	-5.11517
85	85	35	2.59797	-4.92327	-4.88292
85	85	45	2.65455	-4.54271	-4.43938
85	85	55	2.91225	-5.05852	-5.21733
85	85	65	3.61786	-5.13773	-6.00217
85	85	75	3.10996	-4.20278	-4.4377
85	85	85	2.72858	-3.63162	-3.60193
