5	5	5	2.65342	-3.58839	-3.60996
5	5	15	2.65148	-2.81984	-2.75947
5	5	25	3.07629	-4.59173	-4.54649
5	5	35	3.7415	-5.47363	-5.78475
5	5	45	3.09333	-5.34332	-4.91903
5	5	55	2.85352	-4.63587	-4.54615
5	5	65	3.02179	-5.10544	-5.27995
5	5	75	3.53909	-5.17898	-5.88214
5	5	85	3.03442	-4.06159	-4.50335
5	15	5	2.59413	-4.23873	-4.27858
5	15	15	2.57469	-2.63725	-2.65444
5	15	25	2.69748	-3.68023	-3.81381
5	15	35	3.20924	-5.03506	-5.62724
5	15	45	2.61698	-4.05457	-4.0103
5	15	55	2.60495	-3.70417	-3.65543
5	15	65	2.75766	-4.69572	-4.77173
5	15	75	3.53588	-5.12234	-6.06392
5	15	85	2.89228	-5.11943	-5.41827
5	25	5	2.61291	-4.28157	-4.3425
5	25	15	2.63249	-2.63457	-2.71482
5	25	25	2.67129	-2.93212	-3.05185
5	25	35	2.77694	-4.29701	-4.47433
5	25	45	2.61521	-3.21788	-3.15537
5	25	55	2.55406	-3.3417	-3.33977
5	25	65	2.59393	-4.3392	-4.37718
5	25	75	3.11273	-5.10069	-5.65981
5	25	85	2.82002	-5.12215	-5.35087
5	35	5	2.81289	-4.46246	-4.68345
5	35	15	2.89184	-2.82034	-3.11993
5	35	25	2.81803	-3.27631	-3.37813
5	35	35	2.95738	-4.38432	-4.0204
5	35	45	3.27683	-3.82931	-3.14593
5	35	55	3.5728	-4.13476	-3.11475
5	35	65	3.47112	-4.96637	-4.12637
5	35	75	2.99185	-5.39758	-5.23677
5	35	85	2.76028	-5.12242	-5.25082
5	45	5	3.51166	-5.00208	-5.20183
5	45	15	3.65472	-3.9617	-4.30046
5	45	25	3.07413	-5.18927	-5.00217
5	45	35	3.77208	-6.03631	-4.8978
5	45	45	4.29554	-5.27292	-3.56932
5	45	55	4.82031	-5.1728	-2.90446
5	45	65	4.66303	-5.63524	-3.60403
5	45	75	4.25428	-6.67071	-5.20909
5	45	85	3.25632	-5.64321	-5.14602
5	55	5	3.74095	-4.34948	-5.20373
5	55	15	3.32737	-4.35429	-4.7548
5	55	25	2.82968	-5.15673	-5.13019
5	55	35	2.83214	-5.23676	-5.07972
5	55	45	2.90849	-4.42157	-4.10827
5	55	55	3.5324	-4.49922	-3.55925
5	55	65	4.18421	-5.00809	-3.576
5	55	75	3.7941	-6.17441	-5.2595
5	55	85	3.06735	-5.31163	-5.20846
5	65	5	3.20812	-3.23021	-3.82298
5	65	15	2.93015	-3.72329	-3.96375
5	65	25	2.81265	-5.00298	-5.1952
5	65	35	2.64381	-4.949	-4.95962
5	65	45	2.71364	-4.67535	-4.55912
5	65	55	2.99066	-3.85974	-3.50605
5	65	65	3.00489	-3.51203	-3.37946
5	65	75	2.87428	-5.21183	-5.2546
5	65	85	2.98439	-4.62789	-5.00896
5	75	5	2.87982	-3.24602	-3.44846
5	75	15	2.76077	-3.6058	-3.60434
5	75	25	2.67578	-4.56798	-4.62742
5	75	35	2.89858	-4.76826	-4.7073
5	75	45	2.76093	-4.21725	-4.18234
5	75	55	2.68182	-3.0033	-2.99971
5	75	65	2.83579	-4.18355	-4.42179
5	75	75	2.8173	-5.07407	-5.33717
5	75	85	2.92437	-4.30412	-4.63267
5	85	5	2.71702	-3.43023	-3.47185
5	85	15	2.73216	-3.68441	-3.58426
5	85	25	3.07372	-5.08274	-4.72086
5	85	35	3.4457	-5.63146	-5.23684
5	85	45	3.59041	-5.8279	-5.09877
5	85	55	3.3468	-5.60633	-4.99452
5	85	65	3.21365	-5.2484	-5.10775
5	85	75	3.41992	-5.418	-5.65965
5	85	85	3.01448	-4.42219	-4.4847
15	5	5	2.6364	-4.12487	-4.08939
15	5	15	2.65281	-3.08857	-3.02794
15	5	25	3.21467	-4.65288	-4.99251
15	5	35	3.54911	-5.37484	-5.82923
15	5	45	3.73418	-5.41102	-5.35882
15	5	55	3.35353	-4.95503	-4.24843
15	5	65	3.38176	-5.04495	-4.74189
15	5	75	3.96615	-5.36265	-6.24635
15	5	85	2.82339	-4.60397	-4.71258
15	15	5	2.56065	-4.74805	-4.74322
15	15	15	2.5763	-2.9754	-2.9518
15	15	25	3.12272	-4.02526	-4.53601
15	15	35	3.51472	-5.05941	-5.99655
15	15	45	3.08402	-4.49557	-4.60039
15	15	55	2.84945	-3.4849	-3.44926
15	15	65	2.95616	-3.91328	-4.0695
15	15	75	3.80312	-5.22237	-6.22802
15	15	85	2.7148	-5.14556	-5.17968
15	25	5	2.5738	-4.6233	-4.62341
15	25	15	2.57406	-2.68697	-2.66555
15	25	25	2.85173	-3.51338	-3.73269
15	25	35	3.22326	-4.94331	-5.35588
15	25	45	2.93837	-3.71731	-3.59011
15	25	55	2.84664	-3.2096	-3.04604
15	25	65	2.75698	-3.73787	-3.85423
15	25	75	3.55592	-5.09504	-6.09508
15	25	85	2.66605	-5.14289	-5.17616
15	35	5	2.65614	-4.94424	-4.92497
15	35	15	2.57332	-2.84791	-2.82563
15	35	25	2.75588	-4.09633	-4.05389
15	35	35	3.34819	-5.51369	-4.80075
15	35	45	3.56783	-4.55457	-3.59315
15	35	55	3.77652	-4.06637	-2.88531
15	35	65	4.01304	-5.02811	-3.60748
15	35	75	3.55457	-5.66734	-5.54968
15	35	85	2.74375	-5.22417	-5.17253
15	45	5	3.05897	-5.24913	-4.7821
15	45	15	3.16377	-4.74079	-4.56965
15	45	25	3.00838	-5.43213	-5.09722
15	45	35	3.24173	-5.67389	-5.10457
15	45	45	3.54904	-5.43382	-4.52417
15	45	55	4.3429	-5.37182	-3.58505
15	45	65	4.59525	-5.60589	-3.56289
15	45	75	4.62484	-6.71386	-5.52341
15	45	85	3.57174	-6.03176	-5.15403
15	55	5	2.91958	-4.82816	-4.58209
15	55	15	3.55972	-4.86073	-4.65283
15	55	25	3.08132	-5.53821	-5.13526
15	55	35	3.30931	-5.81202	-5.09963
15	55	45	3.12877	-5.1115	-4.58051
15	55	55	3.57216	-5.2128	-4.23189
15	55	65	4.4265	-5.99265	-4.19899
15	55	75	4.41486	-6.73219	-5.2942
15	55	85	3.573	-6.01403	-5.01148
15	65	5	3.10248	-3.27018	-3.56136
15	65	15	3.01288	-4.14264	-4.28649
15	65	25	2.9334	-5.34351	-5.16552
15	65	35	2.78833	-5.23313	-5.20435
15	65	45	2.80901	-4.85323	-4.68547
15	65	55	2.71882	-4.00214	-3.88911
15	65	65	3.09542	-3.4709	-3.31504
15	65	75	3.00339	-5.23267	-5.43872
15	65	85	2.74487	-4.55089	-4.56598
15	75	5	3.06489	-3.01594	-3.482
15	75	15	3.00677	-3.63344	-3.87023
15	75	25	2.66862	-5.00535	-5.05841
15	75	35	2.81516	-5.05378	-5.08909
15	75	45	2.9314	-4.75029	-4.66601
15	75	55	2.79659	-3.10396	-2.92303
15	75	65	2.87141	-3.77911	-3.7398
15	75	75	2.93393	-5.1459	-5.46496
15	75	85	2.97869	-4.26251	-4.32802
15	85	5	2.79925	-3.92652	-4.09297
15	85	15	2.67657	-4.00408	-4.08838
15	85	25	2.7156	-4.78963	-4.93336
15	85	35	2.82834	-5.13296	-5.22537
15	85	45	3.59633	-5.77621	-4.97166
15	85	55	3.79116	-5.62691	-4.537
15	85	65	3.60083	-5.56404	-5.00322
15	85	75	3.49441	-5.50971	-5.62049
15	85	85	2.95418	-4.42406	-4.58239
25	5	5	3.04794	-4.94725	-4.96214
25	5	15	3.14038	-4.01932	-3.88546
25	5	25	3.49597	-4.84168	-5.36261
25	5	35	3.73303	-5.57901	-6.07422
25	5	45	3.67604	-5.44108	-5.57316
25	5	55	3.502	-4.68079	-4.16063
25	5	65	3.80036	-4.59418	-5.07363
25	5	75	3.80244	-5.31933	-6.16243
25	5	85	3.07908	-5.08291	-5.30849
25	15	5	2.62405	-5.03445	-5.01945
25	15	15	2.69942	-3.42775	-3.44322
25	15	25	3.48484	-4.55149	-5.26262
25	15	35	3.51969	-5.10488	-6.00383
25	15	45	3.51321	-4.99282	-4.9791
25	15	55	3.60037	-4.29889	-3.62716
25	15	65	3.5018	-3.66439	-3.65469
25	15	75	4.32637	-5.33037	-6.62411
25	15	85	2.92052	-5.22359	-5.34978
25	25	5	2.70224	-4.95082	-4.88362
25	25	15	2.72234	-3.14484	-3.09611
25	25	25	3.18631	-4.15351	-4.55982
25	25	35	3.71919	-5.22245	-6.0251
25	25	45	3.90632	-4.633	-4.50336
25	25	55	3.04149	-3.42122	-3.00062
25	25	65	3.15864	-2.99032	-3.27009
25	25	75	3.54513	-5.12218	-6.02349
25	25	85	2.70151	-5.13239	-5.22366
25	35	5	3.08256	-5.37308	-4.92255
25	35	15	2.92618	-3.82719	-3.45284
25	35	25	3.26865	-5.17053	-4.6937
25	35	35	3.86135	-5.81613	-5.51311
25	35	45	4.35432	-5.85715	-4.65869
25	35	55	4.30156	-4.88102	-3.24791
25	35	65	4.14059	-4.7657	-3.42308
25	35	75	4.41911	-6.2547	-5.8611
25	35	85	3.22998	-5.64877	-5.1143
25	45	5	3.16476	-5.55534	-4.9425
25	45	15	2.97758	-5.1038	-4.79804
25	45	25	3.07217	-5.45159	-5.14259
25	45	35	3.26734	-5.41094	-5.46427
25	45	45	3.4286	-5.68186	-5.02607
25	45	55	4.30418	-6.14989	-4.46589
25	45	65	4.74942	-6.12855	-4.22437
25	45	75	4.78681	-6.80024	-5.619
25	45	85	3.74271	-6.0674	-5.16776
25	55	5	3.06053	-4.91069	-4.4821
25	55	15	3.11921	-5.0022	-4.55645
25	55	25	3.53593	-6.03721	-5.12166
25	55	35	3.76943	-6.10982	-5.31004
25	55	45	4.33119	-6.67314	-5.14878
25	55	55	4.2253	-6.67335	-5.06012
25	55	65	4.65632	-6.65267	-4.71593
25	55	75	5.12253	-7.07789	-5.6361
25	55	85	3.73099	-6.17955	-5.04528
25	65	5	2.62499	-3.35391	-3.32014
25	65	15	2.92987	-4.20558	-4.1941
25	65	25	3.17239	-5.55886	-5.2326
25	65	35	3.35334	-5.71475	-5.29043
25	65	45	3.27667	-5.5221	-4.80701
25	65	55	3.21295	-4.88778	-4.31645
25	65	65	3.35956	-4.22653	-3.71049
25	65	75	3.46898	-5.57543	-5.58884
25	65	85	2.70919	-4.47769	-4.44493
25	75	5	2.80477	-2.88	-2.89221
25	75	15	2.62543	-3.58743	-3.65258
25	75	25	2.80575	-5.12101	-5.29307
25	75	35	2.86806	-5.16255	-5.35703
25	75	45	3.04341	-4.94484	-5.19155
25	75	55	3.011	-3.37925	-3.34636
25	75	65	3.26283	-3.32851	-3.53777
25	75	75	3.00041	-5.32838	-5.34625
25	75	85	2.94187	-4.16646	-3.90796
25	85	5	2.96871	-4.16578	-4.37518
25	85	15	2.85908	-4.24111	-4.52624
25	85	25	3.07683	-4.93011	-5.35585
25	85	35	2.35428	-5.10026	-5.40192
25	85	45	2.40982	-4.74159	-5.25479
25	85	55	3.64213	-4.49438	-4.45746
25	85	65	4.40775	-5.16547	-5.40689
25	85	75	3.18556	-5.39679	-5.44133
25	85	85	3.33409	-4.90725	-5.11957
35	5	5	2.97355	-4.87524	-5.13216
35	5	15	3.04054	-4.30204	-4.38995
35	5	25	3.99705	-5.30798	-6.10722
35	5	35	3.91825	-5.64463	-5.8774
35	5	45	4.51719	-5.11288	-5.71488
35	5	55	4.59064	-3.76006	-4.62591
35	5	65	4.21291	-3.4835	-4.77561
35	5	75	3.48646	-5.008	-5.90176
35	5	85	3.24904	-5.00186	-5.63903
35	15	5	3.45861	-5.57885	-5.44603
35	15	15	3.1583	-4.51456	-4.20098
35	15	25	3.99247	-5.31415	-5.7536
35	15	35	4.06294	-5.81672	-5.86
35	15	45	4.89932	-5.44896	-5.54155
35	15	55	5.39253	-4.85885	-4.455
35	15	65	4.69431	-3.81913	-4.40162
35	15	75	4.0723	-5.04419	-6.20546
35	15	85	3.65572	-5.3219	-5.7882
35	25	5	2.9938	-5.36805	-5.11881
35	25	15	3.2266	-3.91185	-3.48336
35	25	25	3.96949	-5.1649	-5.12803
35	25	35	4.29512	-5.93088	-5.95162
35	25	45	4.48313	-5.47508	-4.73982
35	25	55	4.13114	-3.89404	-3.38612
35	25	65	3.86945	-3.45993	-3.59595
35	25	75	4.24785	-5.00849	-6.1153
35	25	85	3.04186	-4.74419	-5.15303
35	35	5	2.89896	-5.30524	-5.08679
35	35	15	3.2559	-4.68164	-4.0569
35	35	25	4.13944	-6.06871	-5.0411
35	35	35	5.4463	-6.79482	-6.1824
35	35	45	4.87552	-6.19528	-5.37122
35	35	55	4.07433	-4.99248	-3.82606
35	35	65	3.86514	-4.46781	-3.92414
35	35	75	4.09903	-5.50054	-6.04049
35	35	85	3.07625	-5.18673	-4.86312
35	45	5	3.46707	-5.91684	-5.04092
35	45	15	3.02303	-5.07004	-4.63765
35	45	25	3.08184	-5.39705	-5.23147
35	45	35	4.18357	-5.60307	-6.2124
35	45	45	3.94149	-5.47505	-5.9558
35	45	55	3.33833	-5.54042	-5.10115
35	45	65	4.10115	-5.87185	-5.04623
35	45	75	4.22372	-5.9963	-5.66829
35	45	85	3.90902	-6.41388	-5.10628
35	55	5	3.38436	-5.29372	-4.50052
35	55	15	3.54869	-4.27246	-3.8829
35	55	25	3.55074	-5.77316	-5.25607
35	55	35	3.78694	-5.79153	-5.64584
35	55	45	3.94592	-5.7676	-5.83048
35	55	55	3.91509	-6.08674	-5.43394
35	55	65	3.74644	-5.79999	-5.33267
35	55	75	3.94683	-6.19612	-5.40276
35	55	85	4.18685	-6.69525	-5.10544
35	65	5	2.86567	-3.39407	-3.20144
35	65	15	3.82383	-3.88755	-4.08292
35	65	25	3.22831	-5.24134	-5.47575
35	65	35	2.9931	-5.16847	-5.49709
35	65	45	3.14121	-5.10609	-5.56813
35	65	55	2.90721	-4.94249	-5.01453
35	65	65	3.11676	-4.70263	-4.62429
35	65	75	3.15727	-5.59644	-5.25509
35	65	85	2.85997	-5.00955	-4.74546
35	75	5	3.01392	-2.98635	-2.87181
35	75	15	3.11612	-3.65339	-3.82371
35	75	25	3.06424	-5.14355	-5.51008
35	75	35	2.8463	-5.12331	-5.37577
35	75	45	2.85566	-4.94207	-5.16703
35	75	55	3.00353	-3.69605	-3.86852
35	75	65	3.03593	-3.30622	-3.38953
35	75	75	3.0089	-5.19409	-4.98636
35	75	85	2.80569	-3.93134	-3.68666
35	85	5	3.10225	-4.11903	-4.54585
35	85	15	3.26206	-4.15664	-4.76517
35	85	25	3.41959	-5.11327	-5.82099
35	85	35	3.06861	-5.16199	-5.53919
35	85	45	3.36843	-4.82203	-5.31943
35	85	55	3.7612	-3.32006	-4.16301
35	85	65	3.98092	-3.71106	-4.64415
35	85	75	3.06669	-5.20848	-5.33027
35	85	85	2.90705	-5.02917	-4.97056
45	5	5	3.04029	-4.87643	-5.36575
45	5	15	2.97914	-4.50193	-4.88845
45	5	25	3.4525	-4.96339	-5.82179
45	5	35	3.4513	-5.13055	-5.95094
45	5	45	4.07553	-4.51727	-5.6097
45	5	55	5.01756	-3.2457	-4.92774
45	5	65	4.17268	-3.22795	-4.47916
45	5	75	2.99745	-4.49005	-4.93488
45	5	85	3.00194	-4.87965	-5.33134
45	15	5	3.10674	-5.01923	-5.33501
45	15	15	2.99356	-4.85626	-4.69799
45	15	25	4.15309	-5.60408	-6.00203
45	15	35	4.17891	-5.98316	-5.8441
45	15	45	5.31136	-5.64547	-6.23836
45	15	55	6.08552	-4.99158	-5.15731
45	15	65	5.48198	-4.8844	-5.43348
45	15	75	3.97105	-4.7664	-5.08558
45	15	85	3.77796	-4.42017	-5.16666
45	25	5	3.17483	-4.98125	-5.0427
45	25	15	2.73366	-4.36117	-4.2238
45	25	25	3.17029	-5.00035	-5.13988
45	25	35	3.97437	-5.49718	-6.11869
45	25	45	4.22675	-4.96476	-5.23386
45	25	55	4.40033	-3.65051	-4.07165
45	25	65	4.33708	-4.42716	-4.72792
45	25	75	4.27023	-5.04518	-5.83557
45	25	85	4.13191	-4.3777	-5.55576
45	35	5	3.36842	-5.15404	-4.69142
45	35	15	3.35119	-5.28044	-4.52061
45	35	25	3.29222	-5.4868	-4.9884
45	35	35	3.89227	-5.50854	-6.00979
45	35	45	3.93623	-5.20178	-5.42619
45	35	55	3.63465	-4.40524	-4.02405
45	35	65	3.81148	-5.01785	-4.95301
45	35	75	4.41707	-5.40146	-6.45935
45	35	85	3.90905	-4.93451	-5.25247
45	45	5	3.24551	-5.22642	-4.53858
45	45	15	3.23552	-4.64484	-4.00054
45	45	25	3.31305	-5.50114	-4.90196
45	45	35	3.99227	-6.01558	-5.61606
45	45	45	3.51384	-5.62123	-5.50322
45	45	55	3.13269	-5.21286	-5.19364
45	45	65	3.17148	-5.39362	-5.17153
45	45	75	4.07966	-5.57907	-6.05106
45	45	85	3.51824	-5.64913	-5.15715
45	55	5	2.95777	-4.88771	-4.48233
45	55	15	3.37427	-3.66245	-3.12163
45	55	25	3.53389	-5.44837	-4.5592
45	55	35	3.88349	-5.67299	-5.88145
45	55	45	3.58865	-5.41824	-5.78305
45	55	55	2.87784	-5.20401	-5.12362
45	55	65	2.77549	-5.2022	-5.21935
45	55	75	2.91307	-5.19574	-5.35364
45	55	85	2.74363	-5.20911	-5.02334
45	65	5	3.25777	-3.98558	-3.68445
45	65	15	4.5532	-3.72571	-3.85569
45	65	25	3.17636	-4.78086	-4.66763
45	65	35	3.1427	-5.26755	-5.54472
45	65	45	3.41334	-5.1627	-5.86405
45	65	55	2.75566	-4.96386	-5.16485
45	65	65	2.61346	-4.9824	-5.04317
45	65	75	2.71147	-5.09942	-5.25977
45	65	85	2.69474	-5.16174	-5.02604
45	75	5	3.65138	-3.25057	-3.55866
45	75	15	3.95366	-3.27297	-4.45569
45	75	25	3.38042	-4.9687	-5.67385
45	75	35	2.83836	-5.12153	-5.4262
45	75	45	3.27635	-5.10211	-5.78768
45	75	55	2.73627	-4.02126	-4.20568
45	75	65	2.85423	-3.63681	-3.57842
45	75	75	3.09302	-4.68802	-4.38921
45	75	85	2.94664	-4.10787	-3.81386
45	85	5	3.45795	-3.83488	-4.69934
45	85	15	3.18399	-4.01344	-4.36623
45	85	25	3.29427	-5.08972	-5.75253
45	85	35	2.98096	-5.28116	-5.35115
45	85	45	3.53671	-5.22363	-5.48652
45	85	55	4.40108	-3.62285	-4.1833
45	85	65	3.68865	-3.05513	-3.42474
45	85	75	2.98507	-4.54654	-4.63172
45	85	85	2.80193	-4.83787	-5.0051
55	5	5	3.23634	-4.21716	-4.86001
55	5	15	2.71347	-4.55628	-4.71872
55	5	25	3.07135	-4.97782	-5.45744
55	5	35	2.87775	-5.20371	-5.3253
55	5	45	2.98703	-4.93562	-5.02523
55	5	55	3.42865	-3.25366	-3.73846
55	5	65	3.25065	-3.81838	-4.07997
55	5	75	3.04189	-4.02068	-4.43703
55	5	85	2.85826	-4.40727	-4.67285
55	15	5	3.01789	-3.93839	-4.20367
55	15	15	2.53148	-4.73794	-4.67758
55	15	25	3.07105	-4.90963	-5.42964
55	15	35	2.99785	-5.12205	-5.52246
55	15	45	3.30189	-4.64766	-5.30644
55	15	55	3.4785	-3.39186	-4.06769
55	15	65	4.03693	-4.58136	-5.65868
55	15	75	3.23886	-4.46348	-4.90605
55	15	85	3.23557	-4.20911	-4.455
55	25	5	2.69945	-3.7852	-3.85044
55	25	15	2.4719	-4.61843	-4.61843
55	25	25	2.7515	-4.83078	-5.05154
55	25	35	3.39189	-5.1001	-5.94085
55	25	45	2.99671	-4.04207	-4.54761
55	25	55	2.8523	-3.03127	-3.51247
55	25	65	3.6291	-4.88382	-5.76375
55	25	75	3.15988	-5.17733	-5.21967
55	25	85	3.54265	-4.62812	-5.21054
55	35	5	3.1828	-4.08353	-3.71531
55	35	15	3.11109	-4.614	-4.05407
55	35	25	2.89024	-5.12323	-5.02484
55	35	35	3.21065	-5.11523	-5.69566
55	35	45	2.83263	-4.48193	-4.72353
55	35	55	2.69026	-3.70363	-3.88327
55	35	65	3.30623	-4.87693	-5.59374
55	35	75	3.61825	-5.17769	-6.03767
55	35	85	4.10271	-4.93205	-5.64367
55	45	5	3.06926	-4.41787	-3.91692
55	45	15	3.93549	-4.71468	-3.49035
55	45	25	3.71503	-5.31161	-4.27242
55	45	35	3.57222	-5.89814	-5.35776
55	45	45	3.23262	-5.58216	-5.06297
55	45	55	3.37186	-5.43284	-4.61285
55	45	65	2.82782	-5.25084	-5.17046
55	45	75	3.61375	-5.22988	-5.94708
55	45	85	3.52589	-4.76516	-5.52961
55	55	5	2.56151	-3.58406	-3.58322
55	55	15	2.83011	-2.94844	-2.83206
55	55	25	3.4	-4.44493	-3.68367
55	55	35	3.07557	-5.56053	-5.27685
55	55	45	2.9751	-5.34478	-5.04311
55	55	55	2.58546	-4.85602	-4.82165
55	55	65	2.66222	-5.14945	-5.07825
55	55	75	3.4734	-5.14104	-5.98023
55	55	85	2.71874	-4.68263	-4.84672
55	65	5	2.95249	-3.80117	-3.50111
55	65	15	3.66064	-3.39669	-2.9322
55	65	25	3.06225	-3.98761	-3.52284
55	65	35	2.73826	-5.21625	-5.15149
55	65	45	2.77829	-5.08886	-5.18325
55	65	55	2.59541	-4.96556	-5.00209
55	65	65	2.57241	-5.02099	-5.00041
55	65	75	2.73236	-5.08211	-5.18317
55	65	85	2.60528	-4.98208	-4.99632
55	75	5	2.91672	-2.94208	-3.14449
55	75	15	3.41381	-2.94976	-3.7099
55	75	25	2.77371	-4.2976	-4.51427
55	75	35	2.55488	-5.11047	-5.26985
55	75	45	2.69239	-5.08256	-5.22282
55	75	55	2.69149	-4.58167	-4.58208
55	75	65	2.81143	-4.55965	-4.33924
55	75	75	2.95182	-4.50003	-4.52003
55	75	85	2.91109	-4.36282	-4.28443
55	85	5	3.19529	-3.65566	-4.25869
55	85	15	2.90887	-3.73113	-4.09489
55	85	25	2.88468	-4.9377	-5.19763
55	85	35	2.7935	-5.13819	-5.42051
55	85	45	3.29268	-5.36246	-5.10401
55	85	55	3.47351	-4.26366	-3.58211
55	85	65	3.25382	-3.44362	-2.90042
55	85	75	3.33264	-3.91034	-4.28952
55	85	85	2.80184	-4.54537	-4.71615
65	5	5	2.76759	-3.17652	-3.34027
65	5	15	2.59245	-3.75319	-3.71365
65	5	25	2.69234	-4.73517	-4.83555
65	5	35	2.61072	-5.09849	-5.19816
65	5	45	2.71825	-5.16118	-5.02437
65	5	55	2.84465	-3.95966	-3.65726
65	5	65	2.86265	-4.78127	-4.50963
65	5	75	3.26587	-4.39126	-4.69642
65	5	85	2.87263	-4.1834	-4.24338
65	15	5	2.9136	-3.46779	-3.35018
65	15	15	2.61235	-4.08439	-4.00478
65	15	25	2.8136	-4.69322	-4.87161
65	15	35	2.71479	-5.06238	-5.21968
65	15	45	2.61387	-4.84484	-4.90286
65	15	55	2.45473	-3.53887	-3.57568
65	15	65	2.73331	-4.7432	-4.92153
65	15	75	2.89513	-4.9557	-5.25239
65	15	85	2.91839	-4.76203	-4.80348
65	25	5	2.57514	-3.14144	-3.12223
65	25	15	2.51251	-4.39732	-4.39767
65	25	25	2.71144	-4.81535	-4.99618
65	25	35	2.79246	-5.09836	-5.33946
65	25	45	2.55432	-4.16204	-4.24641
65	25	55	2.2919	-3.27211	-3.33286
65	25	65	2.83147	-4.98616	-5.22655
65	25	75	2.93185	-5.22757	-5.32834
65	25	85	3.03586	-4.88685	-5.00923
65	35	5	2.81351	-3.48886	-3.25054
65	35	15	3.05198	-4.05489	-3.59581
65	35	25	2.81166	-4.79276	-4.61339
65	35	35	2.91187	-5.15662	-5.41748
65	35	45	2.65266	-4.082	-4.10444
65	35	55	2.39067	-3.60164	-3.6025
65	35	65	2.84823	-5.00022	-5.25943
65	35	75	2.93223	-5.09572	-5.43693
65	35	85	3.03185	-4.83788	-5.03951
65	45	5	2.67517	-3.55103	-3.43362
65	45	15	2.91551	-3.03527	-2.83216
65	45	25	3.4591	-4.44788	-3.58236
65	45	35	3.87744	-6.3041	-5.13851
65	45	45	3.77825	-4.92752	-3.74555
65	45	55	3.69508	-5.15284	-4.0097
65	45	65	3.45065	-5.6345	-5.09411
65	45	75	3.69385	-5.63719	-5.66003
65	45	85	3.22028	-4.80188	-5.31034
65	55	5	2.56487	-3.12364	-3.11661
65	55	15	2.71175	-2.75834	-2.83872
65	55	25	2.92453	-3.50087	-3.16906
65	55	35	2.97129	-5.18405	-4.90463
65	55	45	2.87199	-3.50211	-3.22396
65	55	55	2.89389	-3.84169	-3.50047
65	55	65	2.74747	-5.00866	-4.81228
65	55	75	3.08346	-5.15071	-5.5847
65	55	85	2.98989	-4.26775	-4.693
65	65	5	2.60058	-3.17528	-3.16161
65	65	15	2.67637	-2.55384	-2.67465
65	65	25	2.69911	-3.04149	-2.93663
65	65	35	2.80156	-5.02332	-4.91361
65	65	45	2.66296	-4.03385	-3.92514
65	65	55	2.57877	-3.84731	-3.81971
65	65	65	2.59239	-5.03779	-5.07645
65	65	75	2.8767	-5.12165	-5.40637
65	65	85	2.81207	-4.74213	-4.9629
65	75	5	2.40025	-2.74013	-2.84761
65	75	15	2.43147	-2.66854	-2.78833
65	75	25	2.61283	-3.49234	-3.55225
65	75	35	2.53745	-4.8948	-4.99162
65	75	45	2.57823	-4.66698	-4.68744
65	75	55	2.59412	-5.00343	-5.00055
65	75	65	2.71187	-4.82007	-4.77925
65	75	75	3.37343	-4.68001	-5.2224
65	75	85	2.64589	-4.16167	-4.11648
65	85	5	2.76535	-3.66445	-3.71638
65	85	15	2.67249	-3.43524	-3.43665
65	85	25	2.56802	-4.83314	-4.91423
65	85	35	1.69212	-5.06575	-5.24638
65	85	45	2.29395	-5.12267	-4.98379
65	85	55	3.23118	-4.94167	-4.24177
65	85	65	3.41222	-4.45123	-3.63003
65	85	75	4.45382	-4.62759	-4.64838
65	85	85	3.09548	-4.02803	-3.88802
75	5	5	2.87085	-2.78173	-2.80555
75	5	15	2.6188	-2.77654	-2.83456
75	5	25	2.61789	-4.3312	-4.35078
75	5	35	2.73508	-5.12157	-5.11798
75	5	45	2.70907	-5.00251	-4.84735
75	5	55	2.68829	-4.61964	-4.47852
75	5	65	2.83303	-5.20684	-5.12483
75	5	75	3.75585	-4.81583	-5.8134
75	5	85	3.39308	-4.09857	-4.57014
75	15	5	2.66005	-3.3428	-3.32828
75	15	15	2.67775	-3.02726	-2.98547
75	15	25	2.56347	-3.80261	-3.79835
75	15	35	2.74143	-4.68418	-4.85482
75	15	45	2.55962	-4.81053	-4.80284
75	15	55	2.55417	-3.90334	-3.90002
75	15	65	2.55464	-4.97683	-4.97316
75	15	75	3.09305	-5.05182	-5.58979
75	15	85	3.06029	-4.80558	-5.31194
75	25	5	2.59398	-3.4121	-3.45483
75	25	15	2.59524	-3.34473	-3.3486
75	25	25	2.55865	-4.14107	-4.16671
75	25	35	2.59339	-4.9331	-4.97531
75	25	45	2.53196	-4.02124	-4.04246
75	25	55	2.39107	-3.4969	-3.51687
75	25	65	2.57104	-4.91311	-4.93312
75	25	75	2.81144	-5.13484	-5.33522
75	25	85	2.67507	-5.07867	-5.20266
75	35	5	2.61709	-3.35411	-3.38017
75	35	15	2.64232	-3.26241	-3.27368
75	35	25	2.81465	-3.66836	-3.53194
75	35	35	3.03208	-5.23592	-5.07775
75	35	45	2.8919	-3.92199	-3.66401
75	35	55	2.89183	-3.86405	-3.56489
75	35	65	2.77064	-4.87145	-4.73145
75	35	75	2.75183	-5.11972	-5.27973
75	35	85	2.67346	-4.92135	-5.04379
75	45	5	2.93829	-4.03436	-3.74083
75	45	15	3.10479	-3.30698	-2.81673
75	45	25	3.6033	-4.32032	-3.35496
75	45	35	4.28593	-6.28466	-4.79317
75	45	45	4.5647	-5.03393	-3.06442
75	45	55	4.55945	-4.96884	-2.96128
75	45	65	3.71424	-5.45806	-4.41566
75	45	75	3.45304	-5.92046	-5.18088
75	45	85	3.11628	-5.34271	-4.98558
75	55	5	2.60236	-3.30126	-3.33894
75	55	15	2.69811	-3.09156	-3.07275
75	55	25	2.68541	-4.22851	-4.13592
75	55	35	2.99628	-4.61484	-4.41286
75	55	45	3.10021	-3.24711	-2.74441
75	55	55	3.14837	-3.29055	-2.69572
75	55	65	3.07627	-4.1838	-3.94182
75	55	75	3.06185	-5.1663	-5.54112
75	55	85	2.74393	-4.50555	-4.65045
75	65	5	2.48018	-3.02656	-3.01305
75	65	15	2.518	-2.94674	-2.94477
75	65	25	2.65895	-3.18105	-3.1156
75	65	35	2.67875	-3.49028	-3.44338
75	65	45	2.83108	-3.13611	-2.93852
75	65	55	2.81131	-3.20267	-2.94581
75	65	65	2.86132	-4.41943	-4.43085
75	65	75	3.19561	-5.138	-5.69908
75	65	85	2.72208	-4.40258	-4.57253
75	75	5	2.62662	-3.1761	-3.16838
75	75	15	2.53329	-2.78476	-2.78446
75	75	25	2.67358	-3.15397	-3.07306
75	75	35	2.61941	-3.44588	-3.53911
75	75	45	2.56293	-3.28726	-3.28194
75	75	55	2.59696	-4.36368	-4.31914
75	75	65	2.79237	-4.93772	-5.19642
75	75	75	3.63673	-5.0008	-5.98637
75	75	85	2.98802	-4.6021	-4.95895
75	85	5	3.22742	-4.06243	-3.57721
75	85	15	2.95596	-3.4236	-3.18411
75	85	25	2.5763	-4.66306	-4.72021
75	85	35	2.21639	-5.07361	-5.27146
75	85	45	2.39719	-5.01872	-4.98346
75	85	55	2.57253	-4.77409	-4.75389
75	85	65	2.79184	-4.68042	-4.67961
75	85	75	3.85463	-5.356	-5.49639
75	85	85	3.7103	-3.77283	-3.44806
85	5	5	2.78023	-2.78341	-2.84701
85	5	15	2.7007	-2.77848	-2.75046
85	5	25	2.84432	-4.31492	-4.18244
85	5	35	3.25151	-5.39047	-5.25558
85	5	45	3.0776	-5.13547	-4.6743
85	5	55	2.97927	-4.94838	-4.52056
85	5	65	2.81714	-5.20154	-5.13512
85	5	75	3.61786	-5.0952	-5.79402
85	5	85	3.43153	-3.95673	-4.63475
85	15	5	2.69761	-3.69987	-3.84324
85	15	15	2.71795	-2.59838	-2.7539
85	15	25	2.62143	-3.64423	-3.69705
85	15	35	2.92309	-4.77582	-5.04855
85	15	45	2.55897	-3.96426	-3.96437
85	15	55	2.554	-3.8398	-3.83684
85	15	65	2.61387	-4.97243	-5.02959
85	15	75	3.39224	-5.10091	-5.94131
85	15	85	3.14304	-5.05505	-5.64545
85	25	5	2.67446	-3.99615	-4.11946
85	25	15	2.75597	-2.68575	-2.89045
85	25	25	2.55808	-2.95952	-2.98527
85	25	35	2.59581	-4.23699	-4.27957
85	25	45	2.55247	-3.69411	-3.69351
85	25	55	2.53273	-3.31735	-3.31648
85	25	65	2.55147	-4.83843	-4.83802
85	25	75	2.93225	-5.09989	-5.48026
85	25	85	2.93385	-5.12103	-5.4638
85	35	5	2.81311	-4.02158	-4.16365
85	35	15	2.90263	-2.72824	-3.03984
85	35	25	2.76593	-2.92698	-2.94092
85	35	35	3.03565	-3.88407	-3.48656
85	35	45	3.2115	-3.85871	-3.20029
85	35	55	3.17186	-3.80127	-3.18205
85	35	65	2.97106	-4.81356	-4.43355
85	35	75	2.89223	-5.23866	-5.29907
85	35	85	2.73345	-5.12191	-5.22431
85	45	5	3.31557	-4.51884	-4.88256
85	45	15	3.07311	-3.54833	-3.38712
85	45	25	3.79048	-5.03214	-3.97621
85	45	35	4.28763	-5.98346	-4.39189
85	45	45	4.77267	-5.09874	-2.95916
85	45	55	4.86905	-5.09004	-2.7729
85	45	65	4.37745	-5.5769	-3.7913
85	45	75	3.85384	-6.27465	-5.21585
85	45	85	3.25471	-5.4824	-5.38527
85	55	5	3.16681	-3.72528	-4.28577
85	55	15	2.79062	-3.48098	-3.58638
85	55	25	2.86081	-5.1193	-4.9819
85	55	35	2.99004	-5.1407	-4.91076
85	55	45	2.93723	-3.51761	-3.17386
85	55	55	3.59287	-3.96226	-2.96133
85	55	65	3.54353	-4.51087	-3.64008
85	55	75	3.22626	-5.55913	-5.29032
85	55	85	2.98229	-4.9896	-5.24565
85	65	5	2.76179	-3.01339	-3.21665
85	65	15	2.67938	-3.34894	-3.3112
85	65	25	2.69748	-4.26455	-4.28226
85	65	35	2.77977	-3.82901	-3.90434
85	65	45	2.9931	-4.18463	-3.86869
85	65	55	3.22335	-3.60505	-3.0962
85	65	65	2.95427	-3.87587	-3.75516
85	65	75	3.06245	-5.1422	-5.52123
85	65	85	2.77967	-4.14532	-4.36726
85	75	5	2.79767	-3.30943	-3.3133
85	75	15	2.65379	-3.0632	-3.08458
85	75	25	2.67245	-3.42107	-3.34126
85	75	35	2.79582	-3.36508	-3.2235
85	75	45	2.82276	-3.31479	-3.21266
85	75	55	2.63999	-3.38378	-3.38102
85	75	65	2.73566	-4.76169	-4.86072
85	75	75	3.09676	-5.12592	-5.61062
85	75	85	3.02257	-4.48257	-4.79283
85	85	5	2.86238	-3.23335	-3.02049
85	85	15	2.99311	-3.72514	-3.36553
85	85	25	2.83551	-4.94175	-4.73807
85	85	35	2.87788	-5.1831	-5.14544
85	85	45	2.76738	-5.18931	-5.02298
85	85	55	2.59265	-4.92597	-4.86669
85	85	65	2.89318	-4.8864	-5.1085
85	85	75	3.49793	-5.13918	-5.88518
85	85	85	3.4288	-3.58008	-4.09573
