5	5	5	2.83246	-8.36297	-5.41431
5	5	15	2.34772	-6.68586	3.6156
5	5	25	2.10562	-3.99218	-3.93625
5	5	35	4.18259	-4.24524	-9.09041
5	5	45	-0.0397106	-5.81245	-3.2351
5	5	55	-3.5777	-5.73342	6.22861
5	5	65	-6.33763	-5.18205	5.39209
5	5	75	-5.38529	-4.81523	-8.73761
5	5	85	-0.986508	-4.99149	-9.37963
5	15	5	2.79743	-5.86796	-2.68712
5	15	15	1.56946	-2.55062	1.75708
5	15	25	2.42015	0.691534	-3.72583
5	15	35	4.74965	-2.52103	-6.31534
5	15	45	0.509482	-3.42148	-2.35969
5	15	55	-2.48681	-3.84619	3.80476
5	15	65	-4.60685	-3.87156	2.74177
5	15	75	-5.15476	-3.24199	-5.2425
5	15	85	-2.76209	-4.10225	-7.35608
5	25	5	1.53642	-0.657731	-0.0435067
5	25	15	1.38122	-0.0233482	0.499349
5	25	25	1.80887	0.750526	-1.22864
5	25	35	2.95211	1.6201	-3.15333
5	25	45	1.66694	0.440422	-1.14896
5	25	55	-0.564269	0.182901	1.78855
5	25	65	-1.36971	-0.935774	0.170971
5	25	75	-2.00058	-2.01419	-3.24765
5	25	85	-0.607683	-1.52118	-3.01174
5	35	5	5.24336	3.85566	-0.148574
5	35	15	3.23174	2.97681	2.45975
5	35	25	2.03538	1.62735	-0.231365
5	35	35	2.66829	2.58604	-2.10756
5	35	45	3.31509	3.62591	-1.83855
5	35	55	1.76933	3.27712	1.40515
5	35	65	-0.782026	1.12129	0.838445
5	35	75	-2.27937	0.967149	-5.06878
5	35	85	0.736307	2.33644	-5.67024
5	45	5	8.10138	5.60084	-1.72671
5	45	15	5.95354	3.43003	6.13149
5	45	25	5.28084	1.81158	4.69635
5	45	35	5.56022	2.88744	-4.1
5	45	45	7.39499	3.72771	-3.46685
5	45	55	6.66251	4.48806	1.23842
5	45	65	-0.946	2.03461	0.547361
5	45	75	-1.94623	1.85887	-9.46972
5	45	85	2.71909	2.06768	-8.6604
5	55	5	7.80696	-5.10304	-0.599634
5	55	15	5.25079	-3.04271	4.97506
5	55	25	4.9333	0.0399292	0.0324746
5	55	35	5.93604	-1.20987	-5.83596
5	55	45	7.26152	-2.84955	-4.21691
5	55	55	5.93025	-1.9677	2.46497
5	55	65	0.501217	-0.138585	3.22705
5	55	75	-1.41205	-1.93694	-7.88636
5	55	85	2.67664	-3.36111	-7.25248
5	65	5	2.1892	-1.85708	0.239797
5	65	15	1.70121	-2.12347	1.27278
5	65	25	1.99416	-2.56706	-2.09722
5	65	35	3.35867	-3.23439	-3.44422
5	65	45	1.56116	-1.67176	-1.29745
5	65	55	0.43393	-1.30598	0.683105
5	65	65	-0.10084	-1.4567	0.527704
5	65	75	-0.870946	-1.71617	-2.6276
5	65	85	0.899935	-2.25096	-2.43553
5	75	5	0.891858	-0.589041	-0.4164
5	75	15	1.15987	-1.32178	0.199916
5	75	25	1.2515	-3.27844	-1.40263
5	75	35	2.16043	-2.19134	-2.60164
5	75	45	0.608299	-0.377572	-0.40392
5	75	55	-0.320284	-0.528845	0.678206
5	75	65	-0.368267	-1.47741	0.337005
5	75	75	-0.888385	-1.81585	-1.85555
5	75	85	0.447545	-0.353603	-1.07398
5	85	5	1.93892	-3.87674	-1.21184
5	85	15	1.66303	-4.85494	4.21415
5	85	25	1.78326	-6.66868	-1.83847
5	85	35	2.83502	-3.1702	-7.6385
5	85	45	0.208022	-2.2056	-2.57881
5	85	55	-1.65469	-1.96431	3.94043
5	85	65	-4.31377	-2.89876	3.44792
5	85	75	-3.99533	-3.72579	-5.97263
5	85	85	-0.74876	-2.51508	-7.14414
15	5	5	-6.85446	-3.96825	-6.14863
15	5	15	-4.42184	-5.01813	1.41316
15	5	25	0.321208	-3.42865	-1.80903
15	5	35	-0.253868	-4.60664	-5.55867
15	5	45	-3.88945	-6.16741	-0.297312
15	5	55	-5.25101	-5.0525	7.85791
15	5	65	-0.368366	-5.07342	4.62262
15	5	75	-4.33347	-4.35394	-9.06551
15	5	85	-6.38011	-2.90133	-9.41352
15	15	5	-1.25767	-2.17967	-3.69598
15	15	15	0.511038	-1.83097	0.777845
15	15	25	1.34635	-0.314841	-1.04808
15	15	35	1.60121	-2.67975	-3.8485
15	15	45	-1.55145	-3.2336	0.237494
15	15	55	-3.34032	-4.04765	5.73271
15	15	65	-1.27488	-3.93515	2.36709
15	15	75	-3.01512	-3.603	-5.92734
15	15	85	-3.96462	-3.86609	-6.34757
15	25	5	1.61319	-1.323	-0.953141
15	25	15	1.26276	-0.630626	-0.066492
15	25	25	1.74254	-0.107802	-0.72193
15	25	35	1.74858	0.15461	-1.16143
15	25	45	0.605062	-0.396255	-0.0130319
15	25	55	-0.346397	-0.582221	1.86241
15	25	65	-0.125279	-1.36837	0.136103
15	25	75	-0.815534	-1.76722	-2.49086
15	25	85	-0.411886	-0.917403	-2.06682
15	35	5	2.57284	1.13711	-1.77326
15	35	15	2.28034	0.38163	0.88437
15	35	25	3.36146	0.205536	-0.635485
15	35	35	2.29554	1.6365	-1.91971
15	35	45	2.43472	2.08544	0.131819
15	35	55	0.78652	2.17483	2.37865
15	35	65	0.155523	-0.260227	0.0147948
15	35	75	-1.38169	0.159267	-3.82923
15	35	85	-0.251027	0.21186	-3.28665
15	45	5	2.59925	0.223651	-2.15186
15	45	15	3.32629	0.236525	3.03972
15	45	25	5.78377	-0.0228903	2.37377
15	45	35	6.1926	2.74901	-4.1654
15	45	45	6.30942	3.72298	-0.844854
15	45	55	2.80017	3.48718	5.7113
15	45	65	3.38936	1.24983	2.91306
15	45	75	-0.966025	-2.5473	-8.24339
15	45	85	-1.50682	-1.20195	-6.22309
15	55	5	3.01832	-2.19968	-0.885758
15	55	15	4.39787	-1.74825	2.89104
15	55	25	6.54467	0.212753	0.330274
15	55	35	6.51453	-0.47352	-5.30399
15	55	45	6.09746	-0.87323	-2.83012
15	55	55	3.06571	-1.09683	3.91784
15	55	65	3.98241	-0.917888	3.91032
15	55	75	2.34166	-2.13099	-4.4764
15	55	85	0.639288	-2.29371	-4.35043
15	65	5	1.23988	-0.614634	-0.210675
15	65	15	2.06222	-1.418	0.485328
15	65	25	3.48654	-1.83646	-1.82521
15	65	35	3.03363	-2.20943	-2.53377
15	65	45	1.00896	-0.768779	-0.567106
15	65	55	0.863775	-0.792076	0.543019
15	65	65	1.84665	-1.15864	0.82328
15	65	75	1.27008	-0.984451	-1.06786
15	65	85	0.345935	-0.944253	-1.39165
15	75	5	0.342288	-0.0618264	-0.236488
15	75	15	1.42273	-0.989026	0.103097
15	75	25	2.32327	-2.43488	-1.29053
15	75	35	1.34291	-1.35023	-1.20291
15	75	45	0.393303	-0.135465	0.0305442
15	75	55	0.150325	-0.135696	0.260713
15	75	65	0.963409	-0.900321	-0.253478
15	75	75	0.914946	-0.282473	-1.33468
15	75	85	-0.0940986	0.272291	-1.39668
15	85	5	-2.97642	-0.846129	-1.93706
15	85	15	-1.2185	-3.30311	1.94831
15	85	25	0.820473	-5.94947	-1.62223
15	85	35	-0.695427	-2.85793	-4.1407
15	85	45	-1.39923	-2.42142	-0.581218
15	85	55	-2.16669	-1.61806	2.7599
15	85	65	0.280276	-1.96129	3.28602
15	85	75	-1.50991	-1.57595	-5.51186
15	85	85	-3.99472	1.38288	-6.17521
25	5	5	-3.26774	0.0778958	-3.62375
25	5	15	-2.06798	0.0578173	1.01468
25	5	25	-0.111039	-0.183895	0.41892
25	5	35	0.254946	-1.41382	-1.28715
25	5	45	0.129003	-2.7563	1.36642
25	5	55	0.899698	-3.50519	4.95183
25	5	65	3.32958	-2.16034	1.44012
25	5	75	-1.20725	-1.92981	-5.70863
25	5	85	-4.66054	-1.17637	-7.87697
25	15	5	-1.01917	0.337464	-1.37065
25	15	15	-0.839379	0.0655925	-0.564532
25	15	25	-0.293413	0.0166434	0.256496
25	15	35	-0.629276	-0.183554	0.496366
25	15	45	-0.078058	-0.330927	0.250572
25	15	55	0.328502	-1.0847	1.58931
25	15	65	0.919606	-0.957726	0.3596
25	15	75	-0.748106	-1.20612	-1.8937
25	15	85	-1.59422	-0.153017	-2.59365
25	25	5	0.0121638	-0.289804	-0.555573
25	25	15	-0.207215	-0.693126	-1.04675
25	25	25	0.460666	-0.588649	-0.463833
25	25	35	0.0900399	-0.269684	0.531631
25	25	45	-0.0892192	-0.00621446	0.590304
25	25	55	-0.133743	-0.269374	0.0146349
25	25	65	0.383192	-0.394172	0.107693
25	25	75	0.0661779	-0.193662	-0.128794
25	25	85	-0.141064	-0.0841897	-0.188221
25	35	5	0.0431468	-0.68911	-0.417397
25	35	15	0.226448	-0.961077	-0.826108
25	35	25	1.15974	-1.4916	-0.227693
25	35	35	0.848428	-0.353605	0.396241
25	35	45	0.170657	0.170536	0.434436
25	35	55	-0.0506088	0.191953	0.164352
25	35	65	0.945628	-0.754573	-0.492878
25	35	75	0.452682	-1.04031	-0.852737
25	35	85	-0.206724	-0.362386	-0.735915
25	45	5	0.635432	-0.992581	-0.606239
25	45	15	0.840181	-0.840112	0.111923
25	45	25	3.28004	-2.2909	-0.414779
25	45	35	3.57978	-0.677084	-1.34118
25	45	45	1.19525	0.0957476	-0.022749
25	45	55	1.19831	0.401375	1.58526
25	45	65	3.6446	-0.637834	1.34984
25	45	75	2.33486	-1.96127	-1.83131
25	45	85	0.240862	-1.74005	-2.51648
25	55	5	0.544199	-0.64499	-0.709044
25	55	15	1.05258	-0.365555	-0.872571
25	55	25	3.783	-0.473926	-1.27666
25	55	35	3.24994	0.517755	-1.43757
25	55	45	1.40643	0.331376	-0.0947684
25	55	55	1.44677	0.250175	0.846668
25	55	65	4.57764	0.563218	1.58743
25	55	75	2.25704	-0.29479	0.311857
25	55	85	0.117839	-0.999884	-0.672844
25	65	5	0.176404	-0.0086025	-0.499954
25	65	15	0.765731	-0.369372	-0.961685
25	65	25	2.39464	-0.443741	-1.22479
25	65	35	0.834565	0.0146753	-0.0108948
25	65	45	0.343322	-0.0796863	0.0643622
25	65	55	0.309934	-0.298754	-0.247673
25	65	65	1.35835	-0.150104	-0.160565
25	65	75	1.14899	-0.12461	0.381968
25	65	85	0.193595	-0.00138383	0.0369487
25	75	5	0.1423	0.0638541	-0.388323
25	75	15	0.506817	-0.00792459	-0.724601
25	75	25	1.30859	-0.67754	-0.586951
25	75	35	0.406601	-0.170711	0.320222
25	75	45	0.217536	0.0372642	0.260191
25	75	55	0.286478	-0.102074	-0.257539
25	75	65	1.17162	-0.317147	-0.459914
25	75	75	1.07533	-0.498977	0.24055
25	75	85	0.124685	0.0749252	0.224923
25	85	5	-1.16139	-1.10354	-1.54865
25	85	15	-0.0930718	-0.813459	-0.139396
25	85	25	1.12811	-2.556	-1.43618
25	85	35	1.08592	-2.87031	-1.7638
25	85	45	0.890269	-3.90681	0.25166
25	85	55	0.799139	-2.21575	1.80465
25	85	65	3.28896	-3.02237	1.2288
25	85	75	1.57892	-2.14433	-0.949775
25	85	85	-1.74968	-0.165191	-2.4487
35	5	5	1.61492	1.97695	-3.35201
35	5	15	1.12019	2.17302	1.65543
35	5	25	-0.878243	2.31933	2.49916
35	5	35	2.14908	-0.0721105	-1.05168
35	5	45	5.64525	-2.14846	0.426333
35	5	55	6.30978	-2.57393	4.24246
35	5	65	3.83	-1.66594	1.69709
35	5	75	2.68287	-1.18815	-5.65296
35	5	85	3.00186	0.392104	-6.774
35	15	5	0.176882	0.538344	-1.45746
35	15	15	-0.97731	0.654344	-0.0903905
35	15	25	-2.22161	2.00293	1.78443
35	15	35	-0.140141	1.12739	1.04039
35	15	45	1.36451	0.136976	0.457533
35	15	55	2.15348	-0.652172	1.61904
35	15	65	1.87577	-0.720933	0.743097
35	15	75	1.04493	-0.315277	-1.61702
35	15	85	1.05513	-0.0812904	-1.73157
35	25	5	-0.204978	-0.377842	-0.217786
35	25	15	-0.787054	-0.718138	-0.784867
35	25	25	-1.63501	-0.612044	-0.568624
35	25	35	-0.411536	-0.143335	0.412912
35	25	45	0.159147	-0.0169586	0.282389
35	25	55	0.450944	0.00931098	-0.0622136
35	25	65	0.254892	-0.0355114	-0.0860907
35	25	75	0.446396	-0.549097	-0.246006
35	25	85	0.131886	-0.35791	-0.378008
35	35	5	0.0924654	-0.774724	-0.313043
35	35	15	-0.741727	-2.06409	-0.498743
35	35	25	-1.08892	-2.47217	-0.412212
35	35	35	0.310662	-0.852025	0.289963
35	35	45	0.384045	0.0777212	0.0474532
35	35	55	0.707832	0.0749065	0.0667772
35	35	65	1.13434	-0.85789	-0.251806
35	35	75	0.713628	-1.30253	-0.167979
35	35	85	0.545527	-0.682047	-0.713427
35	45	5	1.14873	-1.66769	-1.0121
35	45	15	-0.336886	-2.20567	-0.14848
35	45	25	-2.77863	-3.00932	-0.75486
35	45	35	1.38744	-1.82117	-0.723729
35	45	45	1.24975	-0.491662	-0.0846831
35	45	55	1.70253	-0.218999	1.11191
35	45	65	3.25381	-1.14158	1.97059
35	45	75	2.25883	-2.33075	-0.490064
35	45	85	2.02088	-2.28999	-2.31832
35	55	5	0.233483	-0.72859	-0.355022
35	55	15	-0.808175	-0.304591	-1.03647
35	55	25	-2.29124	0.0942572	-1.61923
35	55	35	1.5723	-0.0973563	-0.722498
35	55	45	1.1994	0.0667244	-0.393432
35	55	55	1.46122	-0.116511	0.661766
35	55	65	2.22167	0.500898	1.39009
35	55	75	1.26213	0.371073	1.05766
35	55	85	1.01198	-0.898144	-0.582613
35	65	5	0.25996	-0.0716778	-0.185748
35	65	15	-0.230061	0.328321	-1.08547
35	65	25	-0.983747	0.56524	-0.538075
35	65	35	0.358595	0.272423	0.209593
35	65	45	0.313917	0.0718792	0.0701632
35	65	55	0.500286	-0.130343	-0.293383
35	65	65	0.64063	0.156601	-0.23487
35	65	75	0.607876	0.238313	0.342542
35	65	85	0.368575	0.101892	0.144417
35	75	5	0.160915	0.275217	-0.268142
35	75	15	-0.288462	0.198435	-0.706652
35	75	25	-0.562822	0.470174	-0.337978
35	75	35	0.119378	0.0973701	0.276837
35	75	45	0.271379	0.0915788	0.0647667
35	75	55	0.617146	0.0489259	-0.15714
35	75	65	0.83442	-0.191162	-0.139911
35	75	75	0.511216	0.04266	0.220143
35	75	85	0.581164	0.0894018	0.041029
35	85	5	0.871935	0.33037	-0.938685
35	85	15	0.304526	0.499379	-0.310764
35	85	25	-0.201726	-0.589831	0.463032
35	85	35	2.43877	-2.08647	-0.434733
35	85	45	2.80473	-1.08565	0.297905
35	85	55	3.75626	-1.61151	0.705176
35	85	65	3.60376	-2.4126	1.06801
35	85	75	2.23227	-1.79326	-0.909952
35	85	85	1.75033	0.239417	-2.00894
45	5	5	3.79831	6.34651	-1.28509
45	5	15	-0.800134	4.83307	5.97149
45	5	25	-3.55458	5.06941	2.92395
45	5	35	4.19717	1.46417	-6.28742
45	5	45	8.71059	-0.613893	-2.39939
45	5	55	7.99393	-0.938325	2.65328
45	5	65	4.98262	0.0908167	1.12185
45	5	75	5.65103	0.863	-8.56122
45	5	85	5.7189	2.76506	-9.25833
45	15	5	0.165086	0.190674	-0.428287
45	15	15	-1.80956	0.936255	1.9916
45	15	25	-3.0458	2.83599	0.807772
45	15	35	0.44567	0.23811	-1.82636
45	15	45	4.18216	-1.34945	-0.904198
45	15	55	4.53727	-2.15147	3.62699
45	15	65	2.65574	-0.133002	0.903995
45	15	75	4.11375	-1.70893	-4.6
45	15	85	2.31179	-0.198432	-3.99668
45	25	5	-0.0906348	-0.417891	-0.183403
45	25	15	-1.07261	-0.579999	-0.365596
45	25	25	-0.991767	-0.614639	-1.0281
45	25	35	-0.43919	-0.344274	-0.891604
45	25	45	0.908819	-0.288605	-0.485829
45	25	55	1.54368	-0.202416	0.744781
45	25	65	1.06054	-0.655471	0.830918
45	25	75	1.67613	-0.772936	-0.912847
45	25	85	0.326954	-0.344784	-0.638836
45	35	5	-0.450937	-1.00018	-0.141471
45	35	15	-1.77377	-2.13673	0.676179
45	35	25	-3.34621	-2.26367	-1.97608
45	35	35	-0.815635	0.499998	-2.73562
45	35	45	0.922589	1.00049	-0.645554
45	35	55	1.63161	1.43703	1.93453
45	35	65	1.21414	0.430702	1.61379
45	35	75	1.20002	-1.05808	-1.03853
45	35	85	-0.0816312	-0.586211	-1.27165
45	45	5	-0.27285	-4.34398	-0.0718567
45	45	15	-3.22442	-3.5586	3.58616
45	45	25	-5.51544	-1.33975	-3.82973
45	45	35	-0.296313	-0.125569	-6.75117
45	45	45	1.19801	0.113931	-3.80738
45	45	55	2.59317	0.867003	4.80282
45	45	65	2.34182	0.355847	7.5995
45	45	75	2.20642	-2.94769	-0.563665
45	45	85	1.10217	-2.7585	-3.94026
45	55	5	-1.02541	-2.62377	0.743257
45	55	15	-2.63253	-2.0924	0.996981
45	55	25	-4.61266	-1.83891	-5.26502
45	55	35	-0.218494	-1.35584	-6.58911
45	55	45	1.93913	-1.70903	-3.74891
45	55	55	2.15613	-2.06021	3.18923
45	55	65	1.71473	-0.226079	5.0017
45	55	75	0.63328	0.192759	1.55007
45	55	85	0.5862	-2.56244	-2.42022
45	65	5	-0.484819	-1.12564	0.263638
45	65	15	-1.2638	-0.978244	0.682041
45	65	25	-1.85967	0.216913	-1.79224
45	65	35	-0.562895	-0.412126	-2.57546
45	65	45	0.84476	-0.585334	-0.809093
45	65	55	0.846545	-0.929442	0.610177
45	65	65	0.744826	-0.248854	0.938648
45	65	75	0.364959	0.297642	0.104066
45	65	85	0.312576	-0.569941	-0.488093
45	75	5	-0.78146	0.908049	0.417595
45	75	15	-1.10168	0.978666	1.08519
45	75	25	-1.46474	1.58557	-1.33462
45	75	35	-0.0401285	1.03786	-1.09645
45	75	45	0.634292	0.434388	-0.228576
45	75	55	0.861756	0.23859	0.591579
45	75	65	1.05083	0.111853	0.541563
45	75	75	0.291856	0.136226	-0.399151
45	75	85	0.736588	0.620607	-1.46824
45	85	5	1.24971	3.83358	0.718948
45	85	15	-1.88843	3.97271	4.18007
45	85	25	-3.31772	2.68623	0.0148802
45	85	35	2.00982	1.5704	-3.03039
45	85	45	5.27275	1.96678	-1.963
45	85	55	5.69743	1.70191	2.23691
45	85	65	3.82639	-0.732054	1.40034
45	85	75	3.07234	-0.464661	-4.01755
45	85	85	4.09704	3.39088	-5.80166
55	5	5	-5.34058	3.12736	1.29181
55	5	15	-4.63	1.48263	8.16477
55	5	25	-0.0562858	3.62617	-0.146397
55	5	35	2.25862	3.00191	-9.30252
55	5	45	4.09057	2.46064	-6.49328
55	5	55	5.09407	2.17462	0.641513
55	5	65	4.61711	2.36687	1.72599
55	5	75	3.22523	3.20733	-8.37219
55	5	85	-2.68694	2.25818	-8.85415
55	15	5	-1.48995	-1.37092	0.972398
55	15	15	-1.24691	-1.40622	2.42162
55	15	25	-0.150772	1.47845	-2.17044
55	15	35	1.09105	-1.41448	-6.93231
55	15	45	1.28895	-1.8374	-4.21402
55	15	55	2.75977	-1.43971	2.6583
55	15	65	4.31583	1.86317	0.567956
55	15	75	4.04053	1.19512	-4.9869
55	15	85	-0.0953432	-0.835424	-3.49332
55	25	5	-0.411995	-0.366277	-0.0732608
55	25	15	-0.458716	-0.698473	-0.323373
55	25	25	-0.213188	0.00823888	-1.61299
55	25	35	-0.418985	-0.330092	-2.12949
55	25	45	0.276964	-0.531405	-1.10245
55	25	55	1.22215	-0.581033	0.847107
55	25	65	1.79345	-0.168885	0.506835
55	25	75	1.51693	-0.50775	-1.16886
55	25	85	0.0612681	-0.250925	-0.446839
55	35	5	-1.58018	-0.463511	0.410126
55	35	15	-2.51939	-1.15039	1.0192
55	35	25	-1.96598	-1.87655	-2.72329
55	35	35	-1.72962	1.62301	-4.64613
55	35	45	-0.939556	1.79355	-2.31144
55	35	55	0.730119	1.86657	1.74468
55	35	65	1.91215	0.228368	2.53314
55	35	75	1.73494	-1.5192	-0.194832
55	35	85	-0.811965	-0.88157	-0.841024
55	45	5	-7.00674	-5.01365	1.45126
55	45	15	-4.96859	-4.83412	2.07947
55	45	25	-3.02978	-2.69389	-6.24856
55	45	35	-4.9178	0.631255	-9.51325
55	45	45	-5.82645	-1.64028	-6.53423
55	45	55	-4.2929	-1.97993	3.31466
55	45	65	-0.261437	-0.980201	6.96702
55	45	75	0.458097	-3.3913	1.28686
55	45	85	-3.98214	-3.15412	-2.61901
55	55	5	-5.81551	-4.59377	2.35264
55	55	15	-2.45635	-3.32267	1.92651
55	55	25	-2.5313	-3.63422	-7.39781
55	55	35	-3.92692	-4.65624	-9.39105
55	55	45	-4.04904	-3.99026	-6.90616
55	55	55	-4.05621	-4.08004	0.204433
55	55	65	-0.307879	-1.79605	4.76007
55	55	75	0.559265	-0.616448	1.2792
55	55	85	-3.08988	-2.93759	-1.07463
55	65	5	-1.38468	-1.67288	0.788849
55	65	15	-0.726933	-0.851503	1.06379
55	65	25	-1.10405	-1.59117	-3.30862
55	65	35	-2.31701	-2.80006	-5.87178
55	65	45	-0.678358	-2.00151	-3.09815
55	65	55	0.838825	-1.38222	1.31678
55	65	65	0.618426	-0.30004	1.05111
55	65	75	0.835858	-0.148872	0.121322
55	65	85	-0.562581	-1.40671	-0.806444
55	75	5	-0.515531	0.392463	0.604166
55	75	15	0.0119345	0.84034	0.86069
55	75	25	-0.0807195	0.642092	-1.86338
55	75	35	-0.50189	1.15356	-3.15377
55	75	45	1.69732	1.29417	-1.97092
55	75	55	1.9172	1.54126	1.48029
55	75	65	0.769653	-0.0724081	0.0271058
55	75	75	1.03927	0.127458	-0.268537
55	75	85	-0.191184	0.118997	-1.53726
55	85	5	-1.62107	3.02715	2.51207
55	85	15	-1.62032	3.20192	4.1229
55	85	25	1.44287	3.09495	-1.92238
55	85	35	1.08114	4.12439	-6.9175
55	85	45	4.39286	4.25768	-4.73457
55	85	55	4.6738	3.34584	1.14017
55	85	65	2.55261	-0.458142	0.241478
55	85	75	1.47206	-0.569503	-4.52999
55	85	85	-1.33141	2.26258	-5.32458
65	5	5	-1.95179	-0.508869	0.566518
65	5	15	-0.132023	-0.0312899	3.00468
65	5	25	5.24681	1.46129	-1.59755
65	5	35	-1.21835	-0.435605	-6.63542
65	5	45	-1.03325	0.0217635	-4.19183
65	5	55	0.323026	0.152004	-1.13746
65	5	65	2.81465	-0.0887111	-0.983395
65	5	75	1.10905	0.271353	-2.94516
65	5	85	-1.59534	-0.640419	-4.02223
65	15	5	-0.515714	-0.774313	0.327815
65	15	15	0.374379	-0.538379	-0.304736
65	15	25	3.35603	1.74575	-2.0268
65	15	35	-0.195132	-0.608209	-3.01385
65	15	45	-0.616012	-0.578391	-1.70229
65	15	55	0.357612	-0.0799397	-0.836784
65	15	65	3.19549	1.29063	-0.857391
65	15	75	2.17662	1.19477	-0.756234
65	15	85	-0.168625	-0.395997	-0.285533
65	25	5	-0.192538	-0.257925	-0.0702807
65	25	15	0.15023	-0.181722	-0.530994
65	25	25	0.925772	0.209436	-1.13578
65	25	35	-0.660649	0.314654	-0.909156
65	25	45	-0.430962	-0.0484659	-0.396024
65	25	55	0.375781	0.0956041	-0.604396
65	25	65	1.37824	0.560278	-0.58102
65	25	75	1.49181	0.439118	0.184894
65	25	85	-0.000433965	0.00742798	0.436838
65	35	5	-1.05967	-0.180592	0.291935
65	35	15	-0.615758	-1.53457	-0.292089
65	35	25	-0.148363	-1.8409	-1.75336
65	35	35	-1.54565	0.76492	-1.72804
65	35	45	-0.806511	0.740085	-0.777615
65	35	55	-0.21154	0.785341	-0.260625
65	35	65	0.716345	-0.0429128	0.240169
65	35	75	0.883671	-0.693851	0.506113
65	35	85	-0.72271	-0.577132	0.117995
65	45	5	-5.97354	-4.46989	0.239641
65	45	15	-3.52771	-4.14212	1.01112
65	45	25	-0.879245	-4.41979	-3.63771
65	45	35	-3.87374	-1.30685	-5.86964
65	45	45	-4.23239	-1.21321	-4.37819
65	45	55	-4.00012	-1.33663	-0.865907
65	45	65	-2.12772	-1.45672	2.23981
65	45	75	-1.80722	-2.5816	1.55685
65	45	85	-3.38457	-2.01909	-1.42288
65	55	5	-2.9632	-1.95814	0.553481
65	55	15	-1.18758	-1.52111	-0.345518
65	55	25	0.0398808	-1.47862	-4.36633
65	55	35	-3.33781	-1.12093	-5.14948
65	55	45	-3.92706	-1.70859	-4.33639
65	55	55	-2.64107	-0.841981	-1.00728
65	55	65	-1.68733	-0.94188	0.968725
65	55	75	-1.19552	-0.898463	1.17256
65	55	85	-1.82688	-1.39276	-0.394194
65	65	5	-0.491109	-0.615871	0.0679858
65	65	15	0.036239	-0.567032	-0.773272
65	65	25	0.582241	-1.53915	-2.25276
65	65	35	-1.27175	-1.54749	-1.80941
65	65	45	-0.609994	-0.478567	-0.722411
65	65	55	-0.267688	-0.734244	-0.538196
65	65	65	0.0137382	-0.81489	-0.157709
65	65	75	0.0505142	-0.400714	0.164213
65	65	85	-0.0457086	-0.307626	0.389298
65	75	5	-0.286015	0.138872	-0.145834
65	75	15	0.181532	-0.0486157	-0.334801
65	75	25	0.509162	-0.0758515	-0.911463
65	75	35	-0.611919	-0.111888	-0.691085
65	75	45	-0.1159	-0.0178343	-0.342562
65	75	55	0.0305058	-0.474925	-0.749229
65	75	65	0.431349	-0.721887	-0.629463
65	75	75	0.169261	-0.402374	0.14178
65	75	85	-0.138139	-0.17949	0.31529
65	85	5	-0.741539	-0.0476884	0.0882124
65	85	15	-0.0200252	-0.0565575	0.815163
65	85	25	2.44051	-0.00471749	-1.44235
65	85	35	-0.486649	0.726938	-2.8204
65	85	45	-0.673274	-0.230728	-1.85278
65	85	55	-0.144775	0.0633151	-1.07766
65	85	65	0.855257	-1.42966	-0.625414
65	85	75	0.0309857	-1.83116	-1.62378
65	85	85	-1.06935	-0.812503	-1.21907
75	5	5	1.44128	-1.3117	0.215859
75	5	15	2.48828	-0.618881	1.62609
75	5	25	4.20729	-0.398984	-1.95539
75	5	35	2.24709	-1.62754	-5.55712
75	5	45	0.920149	-1.73997	-3.38939
75	5	55	0.800695	-1.28062	-1.48117
75	5	65	-0.323211	-1.09004	-0.422747
75	5	75	-0.63148	-1.13484	-0.198983
75	5	85	1.44923	-1.15881	-2.08981
75	15	5	0.214099	-0.528791	-0.142847
75	15	15	1.61974	-0.0261	-0.76794
75	15	25	2.85556	1.39742	-1.63327
75	15	35	1.23429	0.421299	-1.53371
75	15	45	0.0161224	-0.579819	-1.19779
75	15	55	0.333652	-0.321028	-1.12878
75	15	65	0.447409	0.136868	-1.16385
75	15	75	0.28402	0.463593	0.00080376
75	15	85	0.343065	-0.406975	0.143324
75	25	5	0.203798	-0.185312	0.0212299
75	25	15	0.762417	-0.0206004	-0.672474
75	25	25	0.776395	0.21682	-0.70892
75	25	35	0.321655	0.0929854	-0.653369
75	25	45	0.135005	0.102882	-0.356147
75	25	55	-0.00413749	0.286518	-0.827756
75	25	65	-0.13875	0.0622096	-0.867197
75	25	75	-0.115229	0.120455	0.101451
75	25	85	0.231667	-0.0913614	0.397949
75	35	5	0.237876	-0.192379	-0.106931
75	35	15	0.1713	-0.242602	-0.23955
75	35	25	0.851248	-0.519103	-0.727096
75	35	35	0.391551	0.344242	-0.544217
75	35	45	0.152653	0.435192	-0.31844
75	35	55	0.037219	0.688249	-0.454805
75	35	65	-0.721182	0.0625332	-1.06511
75	35	75	0.204723	-0.0878789	-0.0583765
75	35	85	0.172387	-0.189419	0.0369448
75	45	5	-1.33521	-2.69564	-0.10403
75	45	15	-1.43359	-1.80288	1.81992
75	45	25	-0.149478	-1.63382	-0.0496889
75	45	35	0.637127	0.126101	-2.94495
75	45	45	0.700738	0.488801	-3.90559
75	45	55	0.31266	0.33549	-0.51437
75	45	65	-1.29994	-0.462795	-0.343303
75	45	75	-0.945144	-0.656212	-0.835592
75	45	85	-1.13351	-0.921262	-1.50031
75	55	5	-0.422295	-0.788723	-0.172701
75	55	15	-0.303221	-0.890183	-0.0992044
75	55	25	-0.151961	-0.765001	-1.04725
75	55	35	0.344438	-0.573529	-3.01063
75	55	45	0.375454	-0.244716	-2.50632
75	55	55	-0.469146	-0.0922098	-0.00348491
75	55	65	-1.89784	-0.148774	-0.646123
75	55	75	-1.53547	-0.243959	-0.103701
75	55	85	-0.534777	-0.525943	-0.303527
75	65	5	0.0447874	-0.441606	-0.109495
75	65	15	0.101238	-0.401746	-0.576545
75	65	25	-0.0793362	-0.83794	-0.690427
75	65	35	-0.0293972	-0.435163	-0.597944
75	65	45	0.0683715	-0.329592	-0.311054
75	65	55	-0.143814	-0.452891	-0.334612
75	65	65	-1.28913	-0.802182	-0.661399
75	65	75	-0.988001	-0.419737	0.116206
75	65	85	-0.105475	-0.433288	0.393056
75	75	5	0.0273165	-0.108964	0.0288634
75	75	15	0.188148	-0.382707	-0.634713
75	75	25	0.0246495	-0.622575	-0.00222738
75	75	35	-0.0619173	-0.296992	-0.203076
75	75	45	-0.0346658	-0.209	-0.370909
75	75	55	-0.582456	-0.782713	-1.13373
75	75	65	-1.51659	-1.57029	-1.06741
75	75	75	-1.10724	-1.17318	0.31661
75	75	85	-0.114882	-0.247688	0.218933
75	85	5	0.862551	-0.620774	-0.210574
75	85	15	1.03541	-0.96801	0.427171
75	85	25	1.7803	-1.88009	-0.435285
75	85	35	0.979447	-1.26805	-1.21785
75	85	45	0.368696	-1.21109	-2.04589
75	85	55	0.0981747	-1.31332	-1.34846
75	85	65	-1.15072	-2.904	-0.507323
75	85	75	-1.16862	-3.58061	-0.536218
75	85	85	0.74113	-1.17626	-1.00193
85	5	5	6.29659	-5.48045	-0.943248
85	5	15	3.98553	-3.49901	3.04443
85	5	25	3.92982	-2.59611	-3.74821
85	5	35	5.57799	-1.65928	-8.21784
85	5	45	3.99044	-3.20958	-5.41001
85	5	55	0.719746	-3.11811	-0.617223
85	5	65	-5.42494	-3.80962	1.32294
85	5	75	-3.69216	-2.97347	-3.51577
85	5	85	4.08452	-3.48578	-5.13734
85	15	5	2.3477	-1.88379	0.228464
85	15	15	2.73942	-1.24373	0.779704
85	15	25	3.052	0.820805	-1.36673
85	15	35	3.23361	-0.848399	-3.33204
85	15	45	2.08029	-0.807965	-2.51255
85	15	55	0.44154	-0.624749	-0.264015
85	15	65	-3.81013	-1.37803	0.0484984
85	15	75	-2.71864	-0.786377	-1.76287
85	15	85	0.633887	-1.61186	-1.71929
85	25	5	0.528044	-0.15126	-0.0747708
85	25	15	0.91861	0.0474743	-0.338523
85	25	25	1.09773	0.666938	-0.894578
85	25	35	1.72297	0.437811	-1.58473
85	25	45	0.693745	-0.0587063	-0.607842
85	25	55	0.300712	-0.0513415	-0.366723
85	25	65	-1.56095	-0.484328	-0.762313
85	25	75	-0.931524	-0.0787171	-0.938028
85	25	85	0.61611	-0.201716	-0.301241
85	35	5	1.01427	1.01907	-0.094666
85	35	15	0.973601	0.785057	0.88371
85	35	25	1.56917	0.121664	-0.260216
85	35	35	2.35568	1.35405	-1.61515
85	35	45	1.38108	1.2605	-1.12084
85	35	55	0.467463	1.02354	-0.252018
85	35	65	-1.41458	0.140094	-1.05267
85	35	75	-0.862732	0.0587022	-1.25756
85	35	85	0.440194	0.956803	-1.54646
85	45	5	5.41803	0.572256	-0.957624
85	45	15	2.7829	0.690973	5.2028
85	45	25	1.60917	-0.478258	1.99213
85	45	35	4.51571	0.665126	-3.08939
85	45	45	5.58234	1.55508	-4.69598
85	45	55	4.74111	1.89888	-2.14383
85	45	65	-0.84421	1.34442	-1.3445
85	45	75	-1.54571	0.37375	-5.31215
85	45	85	2.94919	1.2921	-6.02063
85	55	5	3.30773	-2.74645	0.345401
85	55	15	1.89442	-2.11307	2.10322
85	55	25	1.43841	-0.379209	-0.408367
85	55	35	4.279	-1.30195	-4.27068
85	55	45	4.80509	-1.46776	-3.44945
85	55	55	3.34745	-0.554687	-0.344876
85	55	65	-1.37081	0.0693288	-0.511152
85	55	75	-2.45661	-0.258223	-3.30603
85	55	85	1.85932	-1.70619	-2.24639
85	65	5	0.56024	-0.548238	0.212778
85	65	15	0.59598	-1.4346	-0.0386924
85	65	25	0.805855	-2.09436	-1.62967
85	65	35	2.00667	-2.22852	-1.9361
85	65	45	0.683078	-0.611916	-0.702523
85	65	55	0.0755773	-0.679387	-0.375975
85	65	65	-1.89339	-1.16557	-0.614765
85	65	75	-1.69769	-1.16718	-0.945353
85	65	85	0.354974	-0.846426	-0.374101
85	75	5	0.516075	-0.183918	-0.014925
85	75	15	0.399747	-0.949635	-0.403907
85	75	25	-0.316201	-2.02391	-1.11108
85	75	35	1.14892	-1.01354	-0.61017
85	75	45	0.252671	-0.375063	-0.371538
85	75	55	-0.266343	-0.512603	-0.333737
85	75	65	-1.92339	-2.05374	-0.721867
85	75	75	-1.73815	-2.42498	-0.599301
85	75	85	0.279993	-0.435855	-0.253394
85	85	5	3.30564	-2.15363	-0.903682
85	85	15	2.57206	-3.16401	1.88796
85	85	25	2.26638	-5.40409	-1.30523
85	85	35	3.00968	-2.56002	-3.43534
85	85	45	1.76074	-2.28753	-2.60842
85	85	55	0.633875	-3.24366	-0.375378
85	85	65	-3.34155	-5.68988	1.76655
85	85	75	-2.42537	-5.99307	-2.74533
85	85	85	2.50533	-2.74527	-3.30249
