5	5	5	1.25483	-3.20526	-0.524811
5	5	15	3.81174	-3.21752	1.82201
5	5	25	4.49417	-2.92941	-0.463295
5	5	35	-1.04865	-2.15165	-1.67289
5	5	45	-3.12952	-2.69432	-0.340104
5	5	55	-6.35342	-4.97751	-0.894389
5	5	65	-4.96803	-4.79399	-5.4106
5	5	75	-0.300275	-3.47679	-6.04858
5	5	85	0.80535	-3.23389	-3.8986
5	15	5	0.515905	-1.4398	-0.550438
5	15	15	2.3377	-1.19483	0.811832
5	15	25	2.44163	-0.653175	-0.287864
5	15	35	0.191187	-0.305037	-0.705671
5	15	45	-0.461618	-0.671023	0.0942929
5	15	55	-3.07431	-1.61168	-0.432946
5	15	65	-2.73045	-1.42669	-3.19848
5	15	75	-0.953932	-1.08438	-3.14587
5	15	85	0.0799129	-1.91815	-2.73686
5	25	5	1.73409	-1.5569	-0.0936988
5	25	15	2.98244	-1.57943	0.241887
5	25	25	1.947	0.140838	-0.906417
5	25	35	0.228048	0.114268	-0.58277
5	25	45	-0.577078	-0.0829547	-0.182363
5	25	55	-1.25587	-0.608888	-0.608205
5	25	65	-1.13248	-0.764768	-2.23271
5	25	75	-0.0203522	0.146559	-3.31568
5	25	85	1.1504	-0.77309	-2.169
5	35	5	5.37777	-3.18166	-1.73264
5	35	15	6.3502	-2.53149	-0.498208
5	35	25	5.83725	0.0286235	-3.53131
5	35	35	2.63688	0.259319	-2.91289
5	35	45	0.779874	-0.864839	-1.61143
5	35	55	-2.54406	-0.355185	-1.41369
5	35	65	-0.912131	-0.94749	-5.81835
5	35	75	2.4276	-0.734236	-7.5644
5	35	85	4.08703	-0.879194	-6.40985
5	45	5	8.24061	-3.18695	-2.91115
5	45	15	8.68788	-2.91911	-3.51185
5	45	25	7.22937	-1.58375	-5.62388
5	45	35	4.09107	-0.138167	-5.60507
5	45	45	1.35376	0.94739	-3.83183
5	45	55	-3.16078	3.4494	-1.77962
5	45	65	-0.806311	2.31714	-8.00009
5	45	75	3.10838	-2.40197	-8.85509
5	45	85	4.88649	-1.79782	-7.11686
5	55	5	4.42511	-0.45071	0.548679
5	55	15	7.42456	-2.75418	-1.65387
5	55	25	5.50554	-2.49777	-5.4057
5	55	35	3.02877	-0.443447	-4.12599
5	55	45	0.440848	0.965827	-2.53357
5	55	55	-3.24469	2.95073	-3.28468
5	55	65	-2.00945	-0.925065	-6.61754
5	55	75	1.40532	-2.10722	-6.49404
5	55	85	2.96509	-0.329401	-2.86166
5	65	5	0.836101	-0.958769	-0.361975
5	65	15	2.85653	-2.15653	-0.847293
5	65	25	2.88285	-2.64775	-3.38828
5	65	35	0.596971	-1.0027	-1.86361
5	65	45	-1.10534	-1.22385	-1.53297
5	65	55	-1.92591	-1.3485	-2.02488
5	65	65	-2.50338	-2.67319	-3.24349
5	65	75	0.0283364	-1.56435	-1.84742
5	65	85	0.476021	-0.546368	-0.842207
5	75	5	-0.781317	-3.81545	-0.739162
5	75	15	1.54642	-5.09154	-0.48267
5	75	25	1.67691	-5.79288	-2.5053
5	75	35	-2.61318	-4.97778	-1.41953
5	75	45	-3.78336	-4.89655	-0.79444
5	75	55	-4.31158	-5.21758	-2.10367
5	75	65	-3.94282	-6.10967	-3.8407
5	75	75	0.275573	-5.32787	-3.94916
5	75	85	0.235201	-4.02136	-2.55381
5	85	5	2.1056	-5.13363	-0.956381
5	85	15	3.92393	-4.37586	1.22676
5	85	25	2.99473	-5.18445	-1.51644
5	85	35	-1.86979	-4.9937	-2.444
5	85	45	-4.44862	-5.53863	-0.504116
5	85	55	-5.11421	-5.90383	-1.10562
5	85	65	-4.91695	-6.59825	-5.29224
5	85	75	0.990507	-5.78235	-6.42857
5	85	85	1.59826	-5.10056	-5.14469
15	5	5	-0.825175	-6.218	-5.4858
15	5	15	0.339903	-5.42558	-0.740442
15	5	25	0.469303	-3.22844	0.500871
15	5	35	-1.0432	-1.76585	-0.135666
15	5	45	-1.661	-1.63602	0.0499023
15	5	55	-3.92836	-3.91158	-0.908822
15	5	65	-4.83387	-6.03538	-7.11662
15	5	75	-3.26985	-5.74245	-9.1918
15	5	85	-2.07021	-5.58157	-7.95695
15	15	5	0.95422	-3.427	-2.85184
15	15	15	1.27969	-1.68865	-0.168899
15	15	25	0.732782	-1.10307	0.400124
15	15	35	-0.275159	-0.352346	0.0821996
15	15	45	-0.364325	-0.588778	0.163039
15	15	55	-1.46732	-2.05075	-1.30801
15	15	65	-3.92782	-4.2548	-5.972
15	15	75	-3.67664	-4.42873	-8.36344
15	15	85	-1.2785	-4.12866	-8.247
15	25	5	3.88144	-0.389167	-1.09791
15	25	15	2.24269	-0.658263	0.131004
15	25	25	1.15045	-0.402018	-0.06786
15	25	35	0.194841	-0.206515	-0.213547
15	25	45	-0.0687312	-0.267145	-0.0429771
15	25	55	-0.330591	-1.35519	-1.24698
15	25	65	0.757364	-1.59231	-4.43735
15	25	75	0.492101	-0.0243671	-6.24848
15	25	85	2.03722	0.650057	-4.48539
15	35	5	8.46732	2.36595	-2.52674
15	35	15	7.6239	0.0902112	-1.58801
15	35	25	4.45836	-1.15646	-1.94715
15	35	35	1.71394	-1.17771	-1.47302
15	35	45	0.394929	-0.71441	-0.0972698
15	35	55	-0.136348	-0.482754	-1.01128
15	35	65	2.7907	2.61624	-8.68913
15	35	75	4.14172	2.37818	-7.8799
15	35	85	4.62395	2.38329	-6.20711
15	45	5	8.84898	1.3307	-3.45856
15	45	15	9.92596	0.513243	-4.21858
15	45	25	9.20377	1.10566	-4.35951
15	45	35	3.6732	-0.144922	-2.71387
15	45	45	1.8004	0.265845	-0.276156
15	45	55	0.0284613	1.83232	-1.80647
15	45	65	0.375683	1.75271	-10.1087
15	45	75	2.60307	-1.39561	-9.36197
15	45	85	5.84926	-0.931849	-5.95264
15	55	5	5.32379	-0.168142	-1.61722
15	55	15	8.19248	-1.73933	-3.54073
15	55	25	7.10024	-0.0509109	-4.11733
15	55	35	2.93355	1.13944	-2.26522
15	55	45	1.35408	1.08388	-0.554405
15	55	55	0.347989	1.00058	-2.46492
15	55	65	-0.592709	-3.01069	-9.74085
15	55	75	2.93519	-2.11633	-7.81878
15	55	85	4.34256	-1.24086	-4.33259
15	65	5	1.14374	-0.776881	-0.580687
15	65	15	3.49279	-1.64735	-2.10328
15	65	25	1.98526	-0.902134	-1.54516
15	65	35	0.645526	-0.617301	-0.672516
15	65	45	-0.386511	-0.594892	-1.08832
15	65	55	-0.205952	-0.392632	-1.76519
15	65	65	0.059511	-2.41033	-6.07991
15	65	75	1.66326	-2.0371	-3.95365
15	65	85	0.920441	-0.419693	-0.887738
15	75	5	-0.488751	-4.24179	-1.61751
15	75	15	0.42311	-5.74827	0.0688755
15	75	25	0.476991	-5.61025	0.240941
15	75	35	-2.38324	-3.73897	-0.0133563
15	75	45	-3.07503	-3.715	-0.527661
15	75	55	-3.56606	-4.77506	-2.60562
15	75	65	-3.56376	-5.13676	-4.89793
15	75	75	-0.983752	-4.66406	-4.58516
15	75	85	-0.723384	-4.07948	-3.61779
15	85	5	-2.24215	-7.94019	-4.2843
15	85	15	-1.43989	-8.3861	-1.10051
15	85	25	0.392345	-5.44994	0.961039
15	85	35	-2.76753	-4.75994	0.126673
15	85	45	-3.41845	-4.27667	0.302378
15	85	55	-4.24792	-5.32316	-1.65317
15	85	65	-4.20523	-6.30263	-6.66186
15	85	75	-2.96143	-6.22201	-7.7872
15	85	85	-2.11115	-5.52405	-5.82327
25	5	5	-1.30954	-1.56844	-2.00104
25	5	15	-0.926527	-1.07754	-0.0158236
25	5	25	-0.638239	-0.596092	0.679849
25	5	35	-0.427991	-0.681173	0.332223
25	5	45	-0.44128	-0.714131	-0.0315063
25	5	55	-0.433058	-2.79781	-1.85626
25	5	65	-3.32213	-4.19808	-7.20711
25	5	75	-4.76941	-4.63317	-7.99809
25	5	85	-2.62503	-3.56136	-5.54402
25	15	5	-0.30002	-0.88675	-1.31736
25	15	15	-0.444231	-0.891598	-0.532654
25	15	25	-0.263952	-0.593872	0.139079
25	15	35	-0.309859	-0.198188	0.238186
25	15	45	-0.147807	-0.766786	-0.0701205
25	15	55	0.19854	-2.05936	-1.80366
25	15	65	-2.27761	-4.25973	-5.18774
25	15	75	-2.45692	-3.64944	-5.32058
25	15	85	-0.323406	-2.24273	-3.00136
25	25	5	1.32183	-1.9275	-1.84871
25	25	15	1.0318	-1.79747	-0.789167
25	25	25	0.683349	-1.3885	0.0176286
25	25	35	0.0998142	-0.729533	0.343862
25	25	45	-0.0342197	-0.788888	0.188996
25	25	55	0.670503	-2.08074	-1.02139
25	25	65	0.87494	-3.95023	-3.86428
25	25	75	0.859761	-2.86733	-3.33864
25	25	85	1.44805	-1.96478	-2.57749
25	35	5	4.03357	-1.85691	-3.72799
25	35	15	4.657	-2.51663	-1.25975
25	35	25	2.61461	-1.89466	-0.419773
25	35	35	1.21903	-1.38084	-0.338239
25	35	45	0.750049	-1.31247	0.0972252
25	35	55	1.90441	-2.30899	-0.0379893
25	35	65	3.34387	-1.964	-4.44601
25	35	75	2.8726	-2.29116	-4.75153
25	35	85	3.45652	-2.5728	-4.5838
25	45	5	4.72526	-0.395004	-3.98712
25	45	15	6.67885	-0.252346	-3.72062
25	45	25	6.27067	-0.554457	-2.62921
25	45	35	3.20463	-0.900911	-0.926148
25	45	45	1.8009	-0.405041	0.585379
25	45	55	3.95617	-0.0877839	-0.807927
25	45	65	5.26385	0.738814	-7.23687
25	45	75	3.77924	-0.704637	-6.156
25	45	85	4.21363	-1.97736	-4.53897
25	55	5	4.54561	-0.227683	-3.5484
25	55	15	5.86345	-0.268604	-3.93346
25	55	25	4.5407	0.853321	-2.24081
25	55	35	2.37452	1.2099	-0.984156
25	55	45	1.69393	0.439308	-0.0123187
25	55	55	3.60658	1.08123	-1.51455
25	55	65	3.8316	-0.889935	-5.53469
25	55	75	2.66336	-0.536144	-3.90362
25	55	85	3.47	-0.65603	-3.53848
25	65	5	1.80975	-0.394181	-1.43981
25	65	15	2.5977	-0.233902	-2.07155
25	65	25	1.44818	-0.304602	-0.562503
25	65	35	0.40584	-0.125191	-0.163796
25	65	45	0.62657	-0.635835	-1.10548
25	65	55	1.30601	0.248814	-1.52545
25	65	65	1.55104	-0.491981	-2.33557
25	65	75	0.631744	-0.331774	-1.47971
25	65	85	0.832835	-0.126898	-1.05234
25	75	5	0.283881	-1.33765	-0.573945
25	75	15	0.709252	-1.67151	-0.101574
25	75	25	0.167745	-1.69328	0.235501
25	75	35	-0.339138	-1.4865	-0.303489
25	75	45	-0.461666	-1.9245	-0.807217
25	75	55	-1.483	-4.00731	-2.82548
25	75	65	-0.944267	-2.63736	-2.39872
25	75	75	-0.0132499	-1.20428	-1.6922
25	75	85	-0.0111076	-1.35682	-1.73051
25	85	5	-1.78556	-3.41216	-2.32394
25	85	15	-1.04271	-2.70401	0.787417
25	85	25	-0.732136	-1.45371	0.915247
25	85	35	-1.18663	-1.67586	-0.449752
25	85	45	-1.07432	-1.82254	-0.359634
25	85	55	-0.824492	-3.75617	-1.91385
25	85	65	-2.23366	-4.48837	-5.02617
25	85	75	-3.30583	-2.2274	-5.97163
25	85	85	-2.11852	-3.93477	-4.62003
35	5	5	-1.90772	-0.454812	-1.64098
35	5	15	-1.43168	-0.391312	0.125188
35	5	25	-1.28872	-0.11022	0.597513
35	5	35	-0.716647	-0.408195	0.480753
35	5	45	-0.0256411	-0.923719	0.0986554
35	5	55	1.21322	-1.77201	-0.715847
35	5	65	0.0531287	-2.06048	-4.13686
35	5	75	-1.71969	-1.87093	-5.9851
35	5	85	-1.61746	-0.619697	-2.95201
35	15	5	-1.09406	-1.07589	-1.27788
35	15	15	-1.27974	-1.25491	-0.916357
35	15	25	-0.902397	-1.15643	-0.381516
35	15	35	-0.477145	-0.777243	0.344246
35	15	45	-0.01829	-0.725294	0.248845
35	15	55	0.836222	-1.71476	-1.20877
35	15	65	0.27616	-2.33939	-2.22741
35	15	75	-0.302234	-1.26361	-1.77
35	15	85	-0.619165	-1.01477	-1.21838
35	25	5	0.351133	-3.47261	-2.83166
35	25	15	-0.950797	-4.82705	-2.31754
35	25	25	-1.43104	-5.02405	-0.328083
35	25	35	0.25126	-2.18119	0.605393
35	25	45	0.530141	-1.4141	0.772856
35	25	55	1.89649	-2.59738	-0.980667
35	25	65	2.71805	-3.45594	-2.5942
35	25	75	1.45796	-3.30633	-2.91139
35	25	85	0.700588	-3.05778	-2.87981
35	35	5	2.04117	-4.01341	-3.8113
35	35	15	1.05932	-4.86648	-1.66871
35	35	25	-0.493612	-4.62874	-1.01821
35	35	35	0.906358	-3.04233	-1.3984
35	35	45	2.43928	-3.79891	0.0579316
35	35	55	3.30189	-4.01209	1.05511
35	35	65	3.69935	-4.35776	-1.98607
35	35	75	2.18717	-4.25755	-3.99967
35	35	85	1.91143	-4.29742	-4.51786
35	45	5	1.23607	-1.80276	-2.60637
35	45	15	0.207698	-1.36756	-2.19431
35	45	25	-0.214091	-1.67553	-2.08703
35	45	35	1.29445	-1.51404	-1.13131
35	45	45	2.0862	-1.8464	-0.367981
35	45	55	5.55386	-2.01706	0.0587369
35	45	65	6.26674	-1.19254	-3.2164
35	45	75	3.52704	-2.15187	-4.01911
35	45	85	2.11253	-2.49302	-3.55558
35	55	5	1.61441	-0.0334367	-2.13648
35	55	15	0.405868	0.394285	-1.77886
35	55	25	0.551862	0.11852	-0.884569
35	55	35	1.17567	0.111891	-0.604342
35	55	45	1.69935	0.364126	-0.301914
35	55	55	4.13927	1.13029	-1.05943
35	55	65	5.17689	0.347756	-3.30818
35	55	75	3.12877	-0.509456	-2.90927
35	55	85	1.68673	-0.235641	-2.07028
35	65	5	0.585257	0.15152	-0.980211
35	65	15	0.551642	0.353058	-1.10565
35	65	25	0.143747	0.0392303	-0.461242
35	65	35	0.509239	0.112119	-0.070033
35	65	45	0.94091	-0.0908602	-0.543316
35	65	55	1.56649	0.688703	-0.942264
35	65	65	2.06023	0.155512	-1.53041
35	65	75	0.764149	0.0465917	-0.942984
35	65	85	0.373589	0.15234	-0.582118
35	75	5	0.0541443	-0.0817734	-0.309268
35	75	15	0.027984	-0.175909	-0.361238
35	75	25	-0.0955165	-0.345404	-0.324464
35	75	35	0.288629	-0.784289	-0.300624
35	75	45	0.456961	-1.17963	-0.64708
35	75	55	0.917622	-1.96861	-1.17235
35	75	65	0.89372	-0.824927	-1.01143
35	75	75	0.344172	-0.113787	-0.747714
35	75	85	0.197049	-0.163672	-0.574812
35	85	5	-0.747731	-0.220455	-0.681798
35	85	15	-1.22096	-0.191021	0.586195
35	85	25	-0.905004	-0.891778	0.492545
35	85	35	-0.376635	-1.33752	-0.65408
35	85	45	0.242642	-1.94507	-0.923153
35	85	55	1.25248	-2.61691	-0.930323
35	85	65	0.321582	-2.57555	-2.95825
35	85	75	-1.28878	-0.773023	-4.55032
35	85	85	-0.757274	-1.34822	-2.91079
45	5	5	0.67838	0.500496	-3.73971
45	5	15	-1.07368	1.4701	1.02635
45	5	25	-1.3332	0.700369	1.5965
45	5	35	0.435251	-1.03041	-0.693134
45	5	45	1.87605	-1.828	-0.742116
45	5	55	2.95102	-2.53149	0.297571
45	5	65	4.23005	-3.01807	-4.11365
45	5	75	2.77181	-1.31345	-6.52448
45	5	85	0.991593	0.409611	-5.62194
45	15	5	-0.580607	-1.39846	-1.64799
45	15	15	-0.969465	-0.928999	-1.02496
45	15	25	-1.17095	-0.580711	-0.63076
45	15	35	-0.081515	-0.530883	0.296708
45	15	45	0.414936	-0.685337	0.0773353
45	15	55	1.77599	-1.8609	-0.77299
45	15	65	2.42868	-2.43077	-2.66525
45	15	75	1.52149	-1.95174	-2.53243
45	15	85	0.305685	-1.52194	-1.97031
45	25	5	-2.21287	-4.99637	-2.11932
45	25	15	-3.43244	-6.17301	-1.59359
45	25	25	-2.5172	-4.88061	-1.15833
45	25	35	0.553841	-2.13961	0.0317853
45	25	45	1.27013	-1.55565	0.659755
45	25	55	2.44476	-2.81179	-1.08295
45	25	65	3.32461	-4.40736	-2.75811
45	25	75	2.46292	-4.05553	-3.0125
45	25	85	-0.0566772	-3.3854	-2.86145
45	35	5	-0.315116	-6.42814	-3.10163
45	35	15	-1.66757	-7.90574	-3.49052
45	35	25	-4.18226	-6.87937	-3.40448
45	35	35	1.99205	-5.40238	-2.41531
45	35	45	3.73591	-4.87617	-0.617578
45	35	55	4.56704	-4.90658	0.802002
45	35	65	4.67212	-6.18708	-1.80502
45	35	75	3.14703	-4.9201	-3.55457
45	35	85	1.50685	-4.55312	-3.55971
45	45	5	-0.65752	-4.73105	-2.98147
45	45	15	-5.44691	-5.15844	-4.24196
45	45	25	-4.82533	-4.97639	-5.44532
45	45	35	1.61022	-4.34079	-4.42273
45	45	45	4.94903	-5.69749	-3.68798
45	45	55	6.98361	-5.85853	-1.75576
45	45	65	6.09389	-4.57404	-2.48432
45	45	75	3.46742	-3.61528	-3.63399
45	45	85	2.45522	-3.90481	-3.81057
45	55	5	-0.162875	-0.661706	-2.22027
45	55	15	-4.6929	-0.809027	-4.15623
45	55	25	-2.08092	-0.606575	-4.0545
45	55	35	1.92804	-1.03852	-3.37443
45	55	45	3.365	-0.378042	-2.77917
45	55	55	4.66674	0.619054	-2.00012
45	55	65	5.41347	-0.311381	-3.42405
45	55	75	3.57043	-1.53383	-3.51484
45	55	85	2.44364	-1.03891	-2.94221
45	65	5	-0.0185371	0.605372	-1.075
45	65	15	-1.68958	1.35934	-2.04439
45	65	25	-0.531011	0.769343	-1.29238
45	65	35	0.653895	-0.0897999	-1.12417
45	65	45	1.12984	-0.0372464	-0.782563
45	65	55	1.99269	0.577585	-0.709607
45	65	65	3.04125	-0.28505	-2.43927
45	65	75	2.51537	0.267388	-2.22319
45	65	85	1.10653	0.660596	-1.39083
45	75	5	0.000178123	1.07852	-0.729594
45	75	15	-0.664821	1.19366	-1.23083
45	75	25	-0.0822923	0.35509	-0.97895
45	75	35	0.847679	-0.65911	-1.40104
45	75	45	1.75086	-1.60647	-1.89876
45	75	55	2.26948	-2.0136	-1.21822
45	75	65	2.63914	-0.16916	-1.79615
45	75	75	1.564	1.01604	-1.71016
45	75	85	0.238413	0.460393	-0.670562
45	85	5	0.0829914	2.39952	-0.743218
45	85	15	-1.91985	3.04086	0.359973
45	85	25	-0.579261	0.0289013	-0.741314
45	85	35	1.19824	-2.93102	-4.3921
45	85	45	3.40791	-4.57253	-4.09104
45	85	55	4.02274	-5.62199	-1.1407
45	85	65	4.5065	-4.21029	-3.60952
45	85	75	3.07914	-0.493324	-4.71476
45	85	85	1.05574	0.932741	-2.86
55	5	5	7.13219	3.61036	-2.9955
55	5	15	6.4025	5.44352	1.22843
55	5	25	3.84226	3.08	-2.09751
55	5	35	4.86578	-1.412	-3.51775
55	5	45	7.15771	-3.45684	-1.76965
55	5	55	7.89411	-3.78671	-1.4169
55	5	65	7.79541	-3.91899	-4.1555
55	5	75	6.46438	-0.46182	-5.47713
55	5	85	5.86962	1.19787	-5.07636
55	15	5	2.02656	-1.86178	-2.14812
55	15	15	1.26516	-0.757395	-1.49079
55	15	25	0.582428	0.0820582	-1.43793
55	15	35	1.08739	-0.755862	-0.603979
55	15	45	1.90312	-0.907811	-0.0456615
55	15	55	4.236	-2.75037	0.329492
55	15	65	5.12788	-3.47819	-3.14963
55	15	75	2.71128	-1.7461	-2.27575
55	15	85	1.91961	-1.63863	-2.00775
55	25	5	-2.49955	-5.99971	-0.602902
55	25	15	-2.91287	-4.70285	-0.364427
55	25	25	-1.80171	-3.02219	-1.59723
55	25	35	0.512496	-1.69909	-1.06445
55	25	45	1.47583	-1.86823	-0.277444
55	25	55	2.71921	-3.20396	-1.24948
55	25	65	3.12845	-5.11087	-2.21818
55	25	75	1.97069	-5.93719	-2.32141
55	25	85	-0.668116	-5.44992	-1.26647
55	35	5	-2.2898	-8.71026	0.543206
55	35	15	-4.58491	-6.96632	-3.15623
55	35	25	-4.96388	-3.36359	-5.38388
55	35	35	1.76293	-4.65249	-4.56196
55	35	45	3.42185	-4.67285	-3.23277
55	35	55	4.56699	-6.36295	-0.929964
55	35	65	3.54319	-8.38226	-1.99631
55	35	75	1.20355	-8.3235	-2.62646
55	35	85	-0.311303	-8.57354	0.366226
55	45	5	-3.43753	-7.94463	1.58719
55	45	15	-6.32792	-8.02871	-5.11732
55	45	25	-3.02892	-5.78432	-8.26819
55	45	35	2.98026	-4.90224	-7.93691
55	45	45	6.07522	-6.20408	-5.41676
55	45	55	6.88832	-7.50929	-4.99827
55	45	65	5.25479	-7.46337	-4.15293
55	45	75	2.74409	-6.09218	-3.37054
55	45	85	-0.432103	-6.06	-0.976461
55	55	5	-0.976437	-2.84173	0.383016
55	55	15	-6.37088	-5.20961	-3.92605
55	55	25	-2.78498	-4.52539	-8.03746
55	55	35	2.62252	-3.77423	-7.57669
55	55	45	6.28949	-4.88661	-4.65726
55	55	55	7.88044	-3.65512	-2.15685
55	55	65	4.92827	-1.68966	-2.07307
55	55	75	3.35079	-2.15999	-3.13733
55	55	85	2.03267	-2.51356	-2.66199
55	65	5	0.626211	1.01871	-0.944177
55	65	15	-2.18363	-0.03921	-3.33751
55	65	25	-1.82751	-0.664349	-5.25755
55	65	35	1.82661	-0.26719	-4.19838
55	65	45	3.55909	-0.135251	-2.07231
55	65	55	3.75632	-0.0313633	0.154938
55	65	65	3.50964	0.302284	-1.89811
55	65	75	2.07819	0.458319	-1.76191
55	65	85	1.83925	0.829588	-1.98318
55	75	5	2.24503	3.66956	-1.24324
55	75	15	1.08985	3.54623	-1.93502
55	75	25	0.513199	2.44057	-3.54331
55	75	35	2.5603	1.7106	-3.28113
55	75	45	3.15305	1.19583	-2.48642
55	75	55	3.8293	0.317817	-1.28739
55	75	65	4.23262	0.934575	-2.23263
55	75	75	3.0892	2.20627	-2.9534
55	75	85	2.35952	2.12964	-2.18036
55	85	5	5.68144	6.31845	-2.03722
55	85	15	5.03192	7.35589	-2.59277
55	85	25	2.75084	4.0808	-5.64719
55	85	35	5.93115	0.784503	-6.38743
55	85	45	7.2878	-0.371539	-5.11204
55	85	55	7.54332	-2.60301	-2.5765
55	85	65	8.04017	-1.88374	-3.79772
55	85	75	7.36236	1.08738	-4.79959
55	85	85	5.43878	3.12358	-3.3464
65	5	5	7.04643	2.55189	-0.4699
65	5	15	8.19525	3.77907	-0.673491
65	5	25	7.2248	0.707272	-5.93831
65	5	35	6.71763	-0.886554	-5.38868
65	5	45	7.62942	-2.18252	-4.16602
65	5	55	9.54599	-3.2187	-3.97836
65	5	65	9.42929	-2.48104	-4.50605
65	5	75	8.2146	-0.402306	-4.88133
65	5	85	7.80489	1.29266	-3.37063
65	15	5	3.06709	-1.74426	-0.980602
65	15	15	3.47841	-0.996443	-1.74214
65	15	25	2.90625	0.0582823	-2.0254
65	15	35	3.31912	-1.23781	-2.35021
65	15	45	3.32891	-1.207	-1.18233
65	15	55	5.76832	-2.31305	0.446565
65	15	65	6.11966	-2.99865	-2.87479
65	15	75	4.05549	-2.03307	-2.20488
65	15	85	2.83371	-1.65463	-1.34998
65	25	5	0.123785	-4.99168	0.0450884
65	25	15	-0.182587	-2.7611	-0.407996
65	25	25	-0.947608	-1.25952	-2.08358
65	25	35	1.13237	-2.01001	-2.25838
65	25	45	0.909706	-2.23408	-1.73251
65	25	55	0.999188	-2.94345	-0.840499
65	25	65	2.06238	-4.82053	-1.44046
65	25	75	0.573357	-4.09493	-0.671983
65	25	85	0.0308649	-4.31348	0.0862833
65	35	5	-2.02347	-9.57056	1.82711
65	35	15	-3.27033	-6.72613	-2.80826
65	35	25	-3.90181	0.555518	-8.4484
65	35	35	1.27778	-5.24586	-6.22728
65	35	45	1.15042	-5.31203	-5.55331
65	35	55	-0.763545	-6.24351	-3.57568
65	35	65	-1.69089	-7.71699	-1.38798
65	35	75	-2.65735	-7.49007	-1.33744
65	35	85	-2.54721	-9.37757	1.15082
65	45	5	-1.42332	-7.16073	4.56431
65	45	15	-2.52863	-6.3057	-5.19467
65	45	25	-0.173419	-2.89997	-10.1659
65	45	35	2.05003	-4.71924	-9.10181
65	45	45	1.85595	-5.20788	-7.52406
65	45	55	1.7896	-4.33515	-3.57733
65	45	65	1.09188	-3.25766	-2.02676
65	45	75	-0.118825	-4.59433	-2.47021
65	45	85	-0.332221	-5.58433	1.45305
65	55	5	1.44594	-2.5358	3.02929
65	55	15	-1.7303	-6.30028	-3.86443
65	55	25	-0.502595	-5.42433	-9.9726
65	55	35	0.897847	-4.24251	-9.30271
65	55	45	2.84122	-3.24093	-6.58892
65	55	55	3.30046	-2.92164	-3.12982
65	55	65	1.8183	-1.90458	-0.220254
65	55	75	1.45105	-1.70827	-0.951305
65	55	85	0.458124	-1.32437	0.228598
65	65	5	1.88203	-0.0662759	0.226306
65	65	15	-0.313536	-1.67444	-2.9253
65	65	25	-1.32264	-3.44255	-7.11005
65	65	35	1.76111	-1.19101	-4.7223
65	65	45	4.23867	-0.755956	-3.48521
65	65	55	3.9227	-0.93926	-1.06075
65	65	65	1.47111	-0.230712	-0.204968
65	65	75	1.09383	0.0884532	-0.599338
65	65	85	0.888371	-0.162275	-0.0649956
65	75	5	3.06164	2.77258	0.327534
65	75	15	2.46115	1.37878	-1.57248
65	75	25	0.492365	-0.78493	-3.61908
65	75	35	3.24445	1.26116	-3.99134
65	75	45	5.07723	2.26263	-3.93225
65	75	55	6.53389	2.25311	-2.93511
65	75	65	3.35065	0.705183	-0.714349
65	75	75	2.30872	0.679091	-0.614402
65	75	85	2.09617	1.22746	-0.790381
65	85	5	5.9371	4.30913	-0.22396
65	85	15	6.19343	5.07526	-3.29383
65	85	25	5.38699	3.27617	-6.95719
65	85	35	5.88873	2.34454	-5.75087
65	85	45	7.30649	2.5122	-5.28791
65	85	55	9.47226	1.90812	-4.3021
65	85	65	8.84586	0.639125	-2.71597
65	85	75	7.63508	0.729281	-2.73233
65	85	85	7.25422	3.13401	-1.48403
75	5	5	5.0491	-0.242392	1.70123
75	5	15	6.72224	1.73595	0.812274
75	5	25	7.14887	-0.485728	-3.89011
75	5	35	5.45989	-1.52334	-4.73832
75	5	45	4.42029	-1.2094	-4.30986
75	5	55	5.19026	-1.1189	-2.86653
75	5	65	5.94359	-1.48996	-3.03226
75	5	75	5.59681	-1.43486	-2.7897
75	5	85	3.72775	-0.856654	-0.573829
75	15	5	3.18466	-1.22061	0.390638
75	15	15	3.10992	0.931662	-0.750683
75	15	25	3.70154	2.33789	-1.80663
75	15	35	2.73615	0.392742	-2.53209
75	15	45	1.69708	0.00885562	-1.64802
75	15	55	2.47381	-0.180314	-0.977992
75	15	65	4.17474	-0.925852	-1.45035
75	15	75	2.93602	-0.909545	-0.70839
75	15	85	2.01829	-0.65769	0.341928
75	25	5	2.61345	-3.00896	0.200885
75	25	15	2.07733	-1.62772	-0.0432938
75	25	25	1.2163	0.0452986	-1.49875
75	25	35	0.827582	-0.554983	-1.44032
75	25	45	0.643457	-0.934513	-1.33458
75	25	55	0.649192	-1.03703	-1.16882
75	25	65	1.28579	-1.56218	-0.525506
75	25	75	1.5712	-2.20719	0.0786797
75	25	85	1.43465	-2.14794	0.0218765
75	35	5	3.30394	-6.69064	0.832511
75	35	15	3.90477	-3.41208	-1.97142
75	35	25	1.19972	1.06753	-6.48574
75	35	35	-0.675429	-2.42295	-5.13686
75	35	45	0.0117947	-3.92218	-4.68239
75	35	55	-0.0963028	-3.30711	-2.28917
75	35	65	-0.0612857	-3.26393	-0.341352
75	35	75	0.0460147	-3.20835	-0.784166
75	35	85	0.21619	-5.68156	1.00846
75	45	5	2.51823	-2.9567	1.93096
75	45	15	3.47519	-4.56824	-3.97552
75	45	25	0.779019	0.382477	-9.88243
75	45	35	-1.18606	-2.49634	-9.25808
75	45	45	-0.472443	-2.11957	-5.09816
75	45	55	-0.741426	-0.823213	-1.63535
75	45	65	-1.03645	-0.995269	-0.99994
75	45	75	-0.326545	-1.13302	-0.703086
75	45	85	0.360629	-1.30899	0.497676
75	55	5	1.94459	-1.16964	1.25837
75	55	15	4.53978	-4.05359	-3.88689
75	55	25	0.540165	-5.04361	-9.67148
75	55	35	1.51397	-1.67885	-7.78936
75	55	45	-0.282546	0.39254	-3.82384
75	55	55	-1.64472	-0.209378	-1.88712
75	55	65	-1.71559	-0.773582	-0.654386
75	55	75	-0.298021	-0.656853	-0.115996
75	55	85	0.281012	-0.706814	0.166696
75	65	5	1.19641	-0.54145	0.413671
75	65	15	2.70318	-1.48489	-1.70122
75	65	25	1.19742	-2.24967	-5.55561
75	65	35	0.926781	-0.550178	-3.88084
75	65	45	-0.542709	-1.59416	-2.52506
75	65	55	-1.16887	-1.93492	-1.43399
75	65	65	-1.04961	-1.395	-0.164045
75	65	75	0.0386474	-0.575753	0.339022
75	65	85	0.363654	-0.458624	0.338241
75	75	5	1.55103	0.399894	0.327534
75	75	15	2.30407	-1.20719	-1.04764
75	75	25	0.913014	-2.61036	-3.08397
75	75	35	1.53817	-2.12397	-3.11095
75	75	45	1.45746	-1.87428	-2.74386
75	75	55	0.478257	-2.41896	-1.71735
75	75	65	1.00065	-2.95629	-0.444227
75	75	75	0.960771	-1.19028	0.597684
75	75	85	0.845502	-0.449778	0.598557
75	85	5	3.41663	0.465493	1.0399
75	85	15	5.54309	-0.388023	-0.856887
75	85	25	4.02195	-3.16935	-4.34885
75	85	35	3.60236	-2.40009	-4.74705
75	85	45	3.78074	-1.51226	-3.95746
75	85	55	3.5094	-2.39819	-2.28544
75	85	65	3.89208	-3.33815	-0.988545
75	85	75	3.34811	-1.33019	-0.938526
75	85	85	2.44878	-0.236992	0.0675069
85	5	5	1.85699	-0.513511	0.242655
85	5	15	3.84501	0.0769107	0.277024
85	5	25	5.02125	-1.06236	-1.71029
85	5	35	1.31681	-1.59174	-2.42657
85	5	45	-0.852983	-1.38459	-1.66834
85	5	55	-4.20429	-2.48168	-1.15621
85	5	65	-2.01124	-1.7169	-1.16695
85	5	75	0.866444	-0.661013	-0.960576
85	5	85	0.782739	-0.616417	-0.201525
85	15	5	1.01417	-0.362627	0.0268511
85	15	15	1.88134	0.600559	-0.344471
85	15	25	2.63732	1.28171	-0.857598
85	15	35	0.891035	0.348385	-1.08425
85	15	45	0.0365571	-0.109124	-0.971409
85	15	55	-1.26784	-0.335784	-1.07189
85	15	65	-0.406875	-0.210002	-0.425657
85	15	75	0.503823	-0.160447	-0.339325
85	15	85	0.662791	-0.410566	-0.123086
85	25	5	2.58966	-2.31537	-0.380315
85	25	15	2.75389	-1.38692	-0.167947
85	25	25	2.1119	0.169094	-1.30215
85	25	35	0.40271	0.154283	-0.911348
85	25	45	-0.0312989	-0.0562486	-0.990803
85	25	55	-0.805325	-0.50875	-1.27244
85	25	65	-0.507039	-0.655385	-0.465883
85	25	75	0.670719	-0.819427	-0.452041
85	25	85	1.72941	-1.74318	-0.353399
85	35	5	4.95827	-6.21202	-0.609874
85	35	15	5.09744	-3.68094	-1.72457
85	35	25	4.75512	0.702915	-4.3897
85	35	35	0.513857	-0.411684	-3.65739
85	35	45	0.157071	-1.72488	-3.70115
85	35	55	-1.01325	-1.16385	-1.7015
85	35	65	-1.66562	-2.27428	-1.77829
85	35	75	0.486526	-2.54127	-2.30849
85	35	85	2.45041	-4.17141	-1.9213
85	45	5	4.37011	-3.89274	0.128664
85	45	15	5.59473	-3.86935	-3.11501
85	45	25	3.01307	-1.23397	-6.84229
85	45	35	2.34285	-1.20482	-8.04919
85	45	45	0.577759	-0.595094	-4.93619
85	45	55	-2.10069	0.0835331	-2.50146
85	45	65	-3.05177	0.116307	-3.15187
85	45	75	-0.692694	-1.62204	-2.43894
85	45	85	0.874459	-2.085	-1.97101
85	55	5	2.02045	-0.0819785	0.0249542
85	55	15	5.38899	-2.4305	-2.69393
85	55	25	3.75776	-3.53415	-5.97385
85	55	35	1.85997	-0.0373397	-5.32726
85	55	45	0.405945	1.90725	-4.01311
85	55	55	-3.29689	1.43096	-3.49227
85	55	65	-3.66417	0.614446	-2.70624
85	55	75	-0.699607	-0.348273	-1.18159
85	55	85	0.595416	-0.112243	-0.0890537
85	65	5	0.703809	-0.488646	-0.302288
85	65	15	1.77722	-1.09175	-1.47905
85	65	25	2.69375	-2.10942	-3.56782
85	65	35	0.34585	-0.519931	-2.07888
85	65	45	-1.44713	-1.57957	-2.34243
85	65	55	-3.28564	-2.03304	-2.09648
85	65	65	-2.20332	-2.08645	-0.83266
85	65	75	-0.142427	-0.879765	-0.149233
85	65	85	0.239393	-0.263758	-0.0278387
85	75	5	0.792872	-0.679585	0.114789
85	75	15	2.53493	-2.86789	-1.51766
85	75	25	1.87093	-4.18722	-3.16012
85	75	35	0.390397	-3.9974	-3.3813
85	75	45	-1.76383	-4.50879	-2.26927
85	75	55	-4.10159	-5.76912	-1.32551
85	75	65	-3.45307	-5.75466	-1.63942
85	75	75	0.357193	-2.71869	-0.526441
85	75	85	0.738354	-1.06865	-0.185447
85	85	5	1.62001	-0.957177	0.291289
85	85	15	4.00897	-1.91634	0.00963935
85	85	25	4.0135	-4.71108	-3.08001
85	85	35	1.61079	-4.6349	-3.89083
85	85	45	-1.61489	-4.18347	-2.10373
85	85	55	-4.99627	-5.23255	-1.03447
85	85	65	-2.74312	-4.44491	-1.99094
85	85	75	0.985338	-2.93673	-2.07769
85	85	85	0.634881	-0.937908	-0.550074
