5	5	5	3.06456	-3.14054	-2.02669
5	5	15	2.33897	-1.80609	-0.969349
5	5	25	1.41933	-1.52208	-1.23654
5	5	35	0.368131	-2.11288	-1.21373
5	5	45	-1.8049	-2.79706	-0.260088
5	5	55	-2.55976	-2.77601	1.02681
5	5	65	-2.0752	-1.97111	-1.48996
5	5	75	-0.688564	-1.98067	-2.45104
5	5	85	2.37402	-2.7226	-2.48787
5	15	5	5.76348	-1.50243	-4.09607
5	15	15	4.25138	-2.06582	-2.41901
5	15	25	2.08414	-0.936334	-1.66009
5	15	35	0.966621	-1.59373	-1.17815
5	15	45	-1.044	-2.5566	-0.267776
5	15	55	-2.77353	-2.21063	0.634013
5	15	65	-1.13466	-0.730995	-1.1933
5	15	75	0.171019	-0.949931	-1.68546
5	15	85	3.78213	-1.37729	-3.15042
5	25	5	8.22392	1.74201	-4.24711
5	25	15	5.09604	2.43243	-3.28279
5	25	25	2.48767	1.09544	-2.04186
5	25	35	1.12114	0.668782	-0.926021
5	25	45	-0.694323	0.613352	0.0937366
5	25	55	-1.66773	0.780981	0.486799
5	25	65	-0.193956	0.0807564	-0.782391
5	25	75	1.1196	0.397869	-2.20032
5	25	85	5.00654	1.27548	-3.50731
5	35	5	6.41859	3.85094	-2.59581
5	35	15	4.49695	3.28744	-2.51972
5	35	25	3.12803	2.55881	-2.27001
5	35	35	2.2042	2.29647	-1.21897
5	35	45	0.686136	2.9027	-0.563905
5	35	55	-1.14854	2.03765	-0.217093
5	35	65	-0.327448	0.274458	-0.878167
5	35	75	2.00767	1.41043	-4.00629
5	35	85	4.57485	3.0154	-3.6372
5	45	5	5.5284	-0.37824	-2.87387
5	45	15	4.70455	0.235523	-2.62848
5	45	25	3.43376	0.633623	-2.7025
5	45	35	5.66672	1.58327	-2.6657
5	45	45	2.40904	1.47608	-0.576867
5	45	55	-0.942013	-0.493936	-1.03851
5	45	65	-0.77724	-0.15996	-2.23093
5	45	75	1.96014	1.08687	-5.72217
5	45	85	5.22284	-0.544259	-6.14284
5	55	5	3.78213	-4.77603	-2.302
5	55	15	2.40533	-2.44976	-1.67615
5	55	25	2.8619	-1.41512	-2.24511
5	55	35	3.93026	-2.61705	-1.98479
5	55	45	1.11919	-3.43174	-1.91958
5	55	55	-0.723556	-2.17998	-1.7076
5	55	65	-0.621361	-0.662454	-1.85586
5	55	75	0.301184	-2.03794	-2.09142
5	55	85	3.71293	-4.50296	-3.145
5	65	5	3.25162	-3.92136	-1.93796
5	65	15	2.32903	-2.31916	-1.23134
5	65	25	2.12136	-2.36847	-1.71137
5	65	35	2.42729	-2.75785	-2.02492
5	65	45	-0.339214	-2.61878	-1.41669
5	65	55	-0.762974	-1.23799	-0.208587
5	65	65	-0.449173	-0.970274	-0.720496
5	65	75	-0.158926	-1.88635	-1.55365
5	65	85	3.05187	-3.9197	-3.51761
5	75	5	2.70778	-1.61548	-1.90444
5	75	15	1.04058	-0.840384	-0.67605
5	75	25	1.28723	-1.20802	-1.25751
5	75	35	1.04762	-1.45051	-1.83495
5	75	45	-0.408106	-1.38685	-1.0997
5	75	55	-0.952338	-0.953673	-0.173865
5	75	65	-1.05185	-1.17013	-0.753103
5	75	75	-0.0669695	-1.66384	-1.89592
5	75	85	3.003	-2.39831	-3.52766
5	85	5	1.99549	-1.07582	-0.95287
5	85	15	0.827103	-0.653565	-0.105782
5	85	25	0.83222	-1.13	-1.09245
5	85	35	0.530553	-1.2575	-0.997692
5	85	45	-0.548009	-1.57991	-0.2902
5	85	55	-1.51429	-1.57688	-0.0607493
5	85	65	-2.37136	-2.63508	-1.60577
5	85	75	-0.731419	-1.88614	-2.43112
5	85	85	1.65396	-1.40152	-2.72132
15	5	5	-2.93635	-5.00839	-2.49558
15	5	15	-1.24295	-2.95182	-1.10554
15	5	25	-0.743504	-2.09286	0.176744
15	5	35	-2.00081	-2.62012	0.836022
15	5	45	-3.5019	-4.04959	0.755787
15	5	55	-2.90166	-3.95274	-0.0553372
15	5	65	-2.67838	-3.46145	-2.5579
15	5	75	-3.6186	-4.13108	-5.49729
15	5	85	-3.52954	-4.92209	-4.38708
15	15	5	-1.44916	-3.49384	-3.59987
15	15	15	-0.770005	-2.61701	-2.24723
15	15	25	-1.04589	-1.66986	0.310749
15	15	35	-1.8973	-1.86487	1.49903
15	15	45	-4.81125	-3.94557	2.59676
15	15	55	-3.30697	-3.86953	-0.014596
15	15	65	-1.55692	-1.99871	-1.98904
15	15	75	-1.58859	-3.8373	-4.59022
15	15	85	-2.25797	-4.66015	-4.4992
15	25	5	-1.4121	0.0820123	-4.78538
15	25	15	-1.27929	-0.65857	-3.48903
15	25	25	-0.886514	-0.0457405	-0.649937
15	25	35	-0.898702	0.712199	1.13252
15	25	45	-3.82809	0.137922	2.55721
15	25	55	-2.47742	0.0164016	0.551826
15	25	65	-0.589058	-0.784434	-1.37588
15	25	75	-0.747733	-0.917673	-5.20471
15	25	85	-0.943384	0.143463	-5.47558
15	35	5	-0.703995	2.88574	-4.86186
15	35	15	-0.250768	1.52803	-3.02606
15	35	25	-0.090556	0.849225	-0.866289
15	35	35	-0.155124	0.715929	0.442179
15	35	45	-1.67626	2.97571	0.825616
15	35	55	-1.86978	3.11475	0.80339
15	35	65	-0.254356	0.592813	-1.82446
15	35	75	0.294117	3.46051	-6.75362
15	35	85	-0.118243	4.22466	-6.76639
15	45	5	4.4568	-4.25488	-6.39215
15	45	15	3.90531	-2.89186	-3.45353
15	45	25	3.4276	-0.849106	-1.78591
15	45	35	2.98941	-0.305446	0.318754
15	45	45	2.99481	-0.387963	1.6092
15	45	55	1.15327	0.789278	0.830889
15	45	65	1.20702	0.762739	-3.68418
15	45	75	1.66959	1.98283	-8.93264
15	45	85	4.15799	-0.622696	-8.5994
15	55	5	2.46414	-5.35566	-5.05755
15	55	15	2.20955	-3.31457	-2.82851
15	55	25	1.60777	-1.27719	-1.33322
15	55	35	1.88056	-1.4075	0.955238
15	55	45	1.19432	-3.30058	0.988089
15	55	55	0.971445	-2.54433	-0.299202
15	55	65	0.227023	-0.71511	-2.13721
15	55	75	-0.0358883	-2.82481	-4.94435
15	55	85	1.40342	-5.15502	-5.46766
15	65	5	-0.653601	-3.20137	-2.71648
15	65	15	0.964915	-1.38456	-1.20518
15	65	25	1.14812	-1.33407	-0.909325
15	65	35	0.815519	-1.25346	-0.289675
15	65	45	-1.27812	-2.23103	0.202876
15	65	55	-0.880438	-1.58118	0.0211994
15	65	65	-0.222485	-0.820132	-0.763526
15	65	75	-0.851401	-2.76239	-3.11859
15	65	85	-0.896865	-4.23226	-5.34599
15	75	5	-0.877805	-0.486166	-1.7796
15	75	15	0.774553	-0.677503	-0.811203
15	75	25	0.477454	-0.634541	-0.648275
15	75	35	-0.0897381	-0.418396	-0.390844
15	75	45	-1.5767	-0.507366	-0.152037
15	75	55	-1.14997	-0.647184	-0.0570034
15	75	65	-0.396836	-0.8891	-0.821697
15	75	75	-1.38028	-1.14083	-2.90283
15	75	85	-2.46089	-1.70593	-4.46423
15	85	5	-1.37006	-1.4751	-0.757857
15	85	15	0.284448	-1.24627	-0.267033
15	85	25	-0.138046	-0.844392	-0.402194
15	85	35	-0.827359	-0.85121	-0.316608
15	85	45	-2.11568	-0.672716	-0.053868
15	85	55	-1.8072	-0.891125	0.0819672
15	85	65	-2.0637	-2.5757	-2.65004
15	85	75	-2.57667	-1.01826	-3.98841
15	85	85	-2.86324	-1.11686	-3.17801
25	5	5	-5.85355	-5.1096	-3.58977
25	5	15	-4.3183	-3.84004	-1.55896
25	5	25	-2.59669	-2.23091	0.622149
25	5	35	-2.97685	-2.93353	1.55834
25	5	45	-3.19933	-4.32707	0.234226
25	5	55	-1.64473	-4.53008	-1.64647
25	5	65	-2.33109	-3.18864	-2.78566
25	5	75	-3.51641	-3.93027	-4.21644
25	5	85	-5.57383	-5.40041	-4.04272
25	15	5	-5.04882	-5.87457	-4.39476
25	15	15	-4.57725	-4.9957	-2.63486
25	15	25	-1.88101	-2.68052	-0.303304
25	15	35	-1.64635	-2.46903	1.46572
25	15	45	-3.51752	-5.96451	1.69863
25	15	55	-0.648841	-6.40847	-2.14984
25	15	65	-1.02101	-3.33077	-2.35758
25	15	75	-2.30876	-3.60085	-2.45729
25	15	85	-5.51467	-5.83017	-4.40934
25	25	5	-5.42866	-4.75791	-5.78283
25	25	15	-4.49356	-4.6674	-3.91681
25	25	25	-1.628	-2.25338	-0.928591
25	25	35	-1.46462	-1.83251	1.65498
25	25	45	-4.54935	-2.22072	4.48876
25	25	55	-1.74284	-2.8564	-0.47927
25	25	65	-0.650734	-1.56667	-1.71209
25	25	75	-1.59781	-3.33295	-3.59496
25	25	85	-4.87119	-2.96115	-6.71373
25	35	5	-4.08604	-0.285757	-6.98147
25	35	15	-3.49064	-0.578718	-3.36513
25	35	25	-0.480807	-0.643112	-0.433037
25	35	35	-0.426847	-0.0970671	1.40157
25	35	45	-0.878321	2.83524	2.06309
25	35	55	0.0253917	3.53392	1.02684
25	35	65	0.672727	0.00506814	-2.02876
25	35	75	-0.500701	-0.892703	-4.82641
25	35	85	-1.69687	-0.00780798	-8.49093
25	45	5	4.14386	-2.5092	-6.79458
25	45	15	3.11718	-1.86471	-3.54801
25	45	25	2.68543	-2.14128	-1.02636
25	45	35	2.57631	-1.27722	1.6305
25	45	45	4.23786	-1.6025	2.448
25	45	55	4.42352	-0.459836	1.1831
25	45	65	3.61451	-0.9652	-3.16667
25	45	75	3.10554	-1.59168	-8.01089
25	45	85	3.07541	-1.40047	-9.4345
25	55	5	5.02762	-6.20717	-4.99065
25	55	15	4.62086	-4.51004	-3.64005
25	55	25	1.73856	-1.69705	-1.03563
25	55	35	2.30643	-2.25831	1.61124
25	55	45	3.83554	-4.73077	0.203344
25	55	55	3.44769	-3.92318	-1.36318
25	55	65	2.99268	-1.83848	-2.71696
25	55	75	2.39832	-3.35906	-5.05702
25	55	85	2.01179	-5.07387	-7.20683
25	65	5	2.37566	-4.45248	-6.52542
25	65	15	1.24077	-1.75593	-1.88127
25	65	25	0.461184	-0.503874	-0.258536
25	65	35	0.599662	-0.977925	0.509445
25	65	45	1.42498	-3.58715	0.300144
25	65	55	1.03452	-2.96387	-0.621051
25	65	65	0.591534	-0.952227	-0.927648
25	65	75	0.36037	-1.43429	-2.28277
25	65	85	1.08828	-3.24455	-7.8433
25	75	5	0.703223	0.86494	-4.86287
25	75	15	0.131076	0.216471	-0.934325
25	75	25	0.363253	-0.195189	-0.247212
25	75	35	0.156002	-0.243153	0.276511
25	75	45	-0.166105	-0.247917	-0.0415047
25	75	55	0.491763	-0.277382	-0.703198
25	75	65	0.333087	-0.410054	-0.805354
25	75	75	-0.124733	0.311142	-1.4886
25	75	85	-0.769052	-2.05844	-7.27811
25	85	5	-1.90005	1.61169	-2.85215
25	85	15	-0.776622	-0.0201356	-0.457644
25	85	25	-0.339475	-0.283295	0.118046
25	85	35	-0.587418	-0.651019	-0.380613
25	85	45	-0.78875	0.651422	-0.0851745
25	85	55	-0.230034	-0.431283	-0.631618
25	85	65	-1.158	-1.93706	-2.43436
25	85	75	-1.56471	-0.490611	-3.06831
25	85	85	-2.30923	1.07625	-4.06321
35	5	5	-5.29167	-5.0297	-3.45669
35	5	15	-3.19634	-3.28119	-0.0299662
35	5	25	-1.78988	-1.54883	0.782138
35	5	35	-1.61861	-2.48828	0.882402
35	5	45	-0.102629	-5.297	-0.361586
35	5	55	3.03799	-6.03367	-2.61729
35	5	65	-0.178307	-4.19256	-3.14877
35	5	75	-1.23427	-4.32698	-4.73835
35	5	85	-3.64674	-5.24181	-5.0248
35	15	5	-5.13853	-7.72232	-4.68983
35	15	15	-3.35694	-7.27232	-3.89275
35	15	25	1.00759	-5.08579	-0.790085
35	15	35	1.13701	-4.10711	2.61553
35	15	45	1.27491	-7.23453	2.11298
35	15	55	4.5549	-6.89404	-2.93371
35	15	65	2.39921	-4.48041	-2.52961
35	15	75	0.413806	-4.03746	-1.99603
35	15	85	-1.91371	-6.92622	-3.9571
35	25	5	-3.16847	-7.52192	-6.1447
35	25	15	1.00783	-5.61379	-3.85509
35	25	25	1.39641	-3.13491	-1.20659
35	25	35	1.15072	-1.97313	1.48214
35	25	45	3.35218	-4.24909	4.13973
35	25	55	4.23614	-3.45634	-0.666575
35	25	65	1.12041	-1.83867	-1.49489
35	25	75	0.893084	-2.83681	-2.47102
35	25	85	-2.52884	-5.43949	-7.52265
35	35	5	-1.06751	-2.53719	-6.23968
35	35	15	0.298739	-1.19128	-2.77011
35	35	25	-0.0307509	-0.852924	-0.535291
35	35	35	0.894729	-0.823404	0.996716
35	35	45	3.20554	1.72091	1.82902
35	35	55	3.7201	2.78307	-0.221193
35	35	65	1.38344	-0.398314	-1.1629
35	35	75	1.91889	-2.86926	-4.18711
35	35	85	-1.42398	-4.55404	-8.65924
35	45	5	3.16296	-2.89368	-3.9337
35	45	15	3.2439	-1.89014	-1.76907
35	45	25	1.77255	-0.820149	-0.562713
35	45	35	3.1342	-1.10394	0.713488
35	45	45	5.50826	-0.996128	0.0471418
35	45	55	5.6424	-0.64556	-0.157829
35	45	65	3.85002	-1.35246	-2.00037
35	45	75	3.59277	-2.66368	-4.76293
35	45	85	2.33374	-3.56206	-6.93912
35	55	5	4.02575	-3.59186	-4.18932
35	55	15	5.67051	-4.28811	-3.15439
35	55	25	3.656	-2.69984	-1.42166
35	55	35	3.16693	-2.27262	1.14538
35	55	45	6.3665	-4.68486	1.21586
35	55	55	5.18122	-4.28632	-1.5728
35	55	65	4.21714	-2.60918	-2.45389
35	55	75	3.91464	-2.63878	-3.18246
35	55	85	3.83167	-3.10232	-4.7106
35	65	5	6.14252	1.80105	-6.52721
35	65	15	6.10423	-1.35503	-4.129
35	65	25	2.36749	-0.924227	-1.10552
35	65	35	3.09758	-1.70271	0.917519
35	65	45	7.2747	-4.15055	0.70964
35	65	55	6.21923	-3.24369	-2.66017
35	65	65	2.56334	-1.21895	-1.03546
35	65	75	2.3728	-0.520753	-1.46037
35	65	85	4.97303	1.85041	-5.29398
35	75	5	3.36084	6.5666	-5.16935
35	75	15	3.96008	3.22637	-2.09534
35	75	25	1.20882	0.489836	-0.158878
35	75	35	1.57298	0.278268	0.440002
35	75	45	5.40187	-0.0765076	0.300327
35	75	55	5.05395	0.485146	-1.87745
35	75	65	2.30093	0.682498	-1.57568
35	75	75	2.4305	1.53243	-1.28506
35	75	85	4.62308	2.81908	-5.03007
35	85	5	-1.32841	5.86355	-4.49407
35	85	15	1.58871	3.44869	-0.511255
35	85	25	0.490682	0.555793	0.36171
35	85	35	0.411922	0.207252	-0.200648
35	85	45	2.60475	1.33394	-0.8815
35	85	55	2.2013	0.725634	-0.807768
35	85	65	0.955462	-0.869348	-1.63182
35	85	75	1.05349	0.441266	-2.80322
35	85	85	0.815424	4.43943	-4.96964
45	5	5	-1.0509	-3.76024	-1.28703
45	5	15	-0.209119	-0.740224	0.88741
45	5	25	-0.0066126	-0.0775201	0.239929
45	5	35	1.12721	-1.0296	0.165981
45	5	45	4.1186	-4.00885	-1.29046
45	5	55	4.5566	-4.71563	-2.07154
45	5	65	3.13607	-3.16556	-2.11826
45	5	75	2.53377	-2.62365	-4.20136
45	5	85	0.982973	-3.97149	-4.86229
45	15	5	-1.5163	-6.15157	-2.9687
45	15	15	1.33777	-3.49693	-1.39997
45	15	25	0.621689	-1.77795	-0.899997
45	15	35	1.2125	-2.20823	0.771078
45	15	45	4.34008	-5.34291	0.338371
45	15	55	4.96307	-5.24039	-2.47428
45	15	65	3.69762	-3.93599	-2.12501
45	15	75	2.72848	-3.35603	-1.07231
45	15	85	2.2117	-5.85221	-3.77214
45	25	5	0.812546	-3.92737	-2.30834
45	25	15	1.91069	-3.5266	-2.98077
45	25	25	1.00059	-2.52986	-1.82534
45	25	35	1.6026	-3.01798	0.463357
45	25	45	5.32989	-3.13537	1.38805
45	25	55	5.89077	-3.48141	-1.38531
45	25	65	2.5339	-2.41027	-1.26975
45	25	75	2.29835	-2.81699	-1.25598
45	25	85	2.30693	-5.49578	-3.61263
45	35	5	1.20948	-1.34066	-3.07358
45	35	15	1.07551	-3.34154	-3.30356
45	35	25	0.34844	-3.42815	-2.21001
45	35	35	0.126988	-2.93886	-0.28102
45	35	45	4.76759	-0.416113	-0.945509
45	35	55	5.60242	0.539656	-1.99625
45	35	65	2.31178	-0.695058	-0.541064
45	35	75	2.57269	-2.25777	-2.41694
45	35	85	3.13245	-2.80095	-4.28605
45	45	5	1.20108	-3.61853	-2.68321
45	45	15	-0.279725	-4.08924	-0.902108
45	45	25	-0.315957	-2.98462	-2.31104
45	45	35	-0.44154	-1.98642	-1.83234
45	45	45	3.57913	-0.725057	-0.954901
45	45	55	4.02209	-1.31705	-1.39925
45	45	65	2.71689	-1.0988	-0.7966
45	45	75	2.56158	-2.20435	-1.98725
45	45	85	3.05071	-3.02483	-2.43661
45	55	5	2.81261	-3.26591	-2.68223
45	55	15	3.75067	-1.56752	-3.56844
45	55	25	3.71181	-0.438161	-2.2396
45	55	35	4.09788	-0.311872	0.925934
45	55	45	5.49558	-2.10424	0.0753401
45	55	55	4.8447	-2.36601	-2.30449
45	55	65	3.68224	-2.45369	-2.12694
45	55	75	3.08449	-1.57117	-1.08778
45	55	85	4.08822	-2.27859	-1.51354
45	65	5	5.65735	2.43082	-3.51207
45	65	15	6.05353	3.34415	-4.98094
45	65	25	5.47144	2.35672	-4.94601
45	65	35	5.73796	1.50024	-0.415672
45	65	45	8.60231	-0.115936	-0.407445
45	65	55	8.7141	-0.0362687	-4.01701
45	65	65	7.13346	0.375651	-3.17464
45	65	75	4.41433	0.469963	-0.974801
45	65	85	7.31338	2.4912	-0.0734284
45	75	5	4.44531	6.30287	-2.98498
45	75	15	4.94762	5.15159	-3.08008
45	75	25	3.26933	3.72482	-2.37529
45	75	35	4.19875	2.22482	0.404086
45	75	45	8.15793	0.830666	0.106011
45	75	55	7.70303	1.00614	-3.55358
45	75	65	4.85423	2.09973	-2.36484
45	75	75	4.00185	3.10445	-0.401902
45	75	85	6.03334	4.98352	-0.405981
45	85	5	1.47861	4.80244	-2.04446
45	85	15	3.37685	5.15518	-1.06755
45	85	25	1.84791	2.25319	-0.284927
45	85	35	2.59085	1.44276	-0.259581
45	85	45	4.78641	2.67614	-1.60735
45	85	55	3.84978	1.02915	-1.75695
45	85	65	3.23899	0.278478	-1.81222
45	85	75	2.84622	1.68969	-1.89896
45	85	85	4.35268	4.85137	-2.99541
55	5	5	1.48315	-1.09706	0.248336
55	5	15	1.26121	-0.200665	1.0727
55	5	25	0.662465	-0.00237721	-0.780062
55	5	35	2.44767	-1.00641	-2.37608
55	5	45	4.26623	-3.09605	-3.11611
55	5	55	4.28507	-3.77596	-2.24644
55	5	65	2.51633	-1.47309	-1.74947
55	5	75	2.93822	-0.549188	-3.82612
55	5	85	3.04841	-1.33004	-2.90453
55	15	5	-0.598339	-4.45425	0.704739
55	15	15	0.907254	-2.48776	0.0128096
55	15	25	0.0699741	-0.854537	-0.824221
55	15	35	0.487029	-2.65469	-1.94757
55	15	45	3.7982	-5.52737	-3.15377
55	15	55	4.01049	-4.93638	-2.27097
55	15	65	2.70656	-2.48423	-1.06473
55	15	75	2.21066	-2.25047	-0.380781
55	15	85	2.02224	-4.58586	-1.37773
55	25	5	-0.869829	-2.26258	0.745726
55	25	15	0.82613	-2.11568	-1.0663
55	25	25	0.728209	-1.48236	-2.07613
55	25	35	0.239022	-1.73347	-3.12514
55	25	45	3.56309	-1.58749	-2.60963
55	25	55	5.02078	-2.90575	-0.690694
55	25	65	2.124	-2.17451	-0.45058
55	25	75	2.72593	-2.98002	0.469802
55	25	85	2.71114	-3.81047	-0.185034
55	35	5	-0.492612	-1.63777	0.0139838
55	35	15	-0.265956	-1.80108	-1.56455
55	35	25	-0.708134	-0.965976	-2.68862
55	35	35	-1.66661	1.76643	-3.88925
55	35	45	2.63035	2.88147	-4.93463
55	35	55	4.4672	0.625515	-0.909619
55	35	65	1.97288	-0.65368	0.219082
55	35	75	1.86801	-1.74386	-0.161858
55	35	85	1.74194	-1.84226	-0.43397
55	45	5	-1.82516	-4.56357	0.983658
55	45	15	-1.79248	-4.76394	-1.30641
55	45	25	-3.30495	-2.8082	-5.46266
55	45	35	-3.33882	-1.61076	-7.28067
55	45	45	0.0595095	-2.19157	-5.89538
55	45	55	1.80979	-1.2125	-1.67059
55	45	65	0.966047	-1.42771	0.666864
55	45	75	1.22529	-1.44974	0.649748
55	45	85	1.74322	-3.99909	1.84741
55	55	5	0.908514	-7.31447	2.53955
55	55	15	0.789357	-4.02937	-1.1349
55	55	25	-1.44852	-2.47507	-4.64847
55	55	35	-0.699124	-4.58302	-6.7297
55	55	45	2.72839	-5.52848	-6.14256
55	55	55	3.10138	-3.81221	-4.11997
55	55	65	1.67057	-2.13912	-0.68105
55	55	75	1.97304	-1.96324	1.66318
55	55	85	3.67065	-4.89419	3.0249
55	65	5	2.52696	-1.21476	3.55656
55	65	15	2.92996	0.974899	-1.78308
55	65	25	0.231082	0.128539	-3.87914
55	65	35	0.53024	-1.97377	-5.93967
55	65	45	5.72968	-4.12684	-5.77065
55	65	55	5.80612	-2.40824	-4.65511
55	65	65	3.09538	-0.290991	-1.27455
55	65	75	3.47865	0.798569	2.23701
55	65	85	6.12861	-0.0299003	5.05366
55	75	5	1.56453	5.89943	2.90444
55	75	15	2.6318	4.56863	-0.550827
55	75	25	0.996555	2.43356	-3.28158
55	75	35	1.75536	2.49413	-3.82388
55	75	45	6.62647	2.565	-3.0601
55	75	55	5.24955	2.542	-4.48396
55	75	65	2.55428	1.43874	-1.57648
55	75	75	2.00451	1.67779	1.51246
55	75	85	3.79347	4.1044	3.1029
55	85	5	0.607243	6.11267	1.96
55	85	15	1.79365	4.7296	1.0868
55	85	25	1.09259	2.00742	-1.96699
55	85	35	2.88014	3.25634	-2.57655
55	85	45	5.4895	4.15144	-3.08976
55	85	55	3.30829	2.4776	-2.24803
55	85	65	2.43099	0.640838	-1.29003
55	85	75	1.91189	1.4393	-0.971204
55	85	85	2.94655	4.93851	-1.01239
65	5	5	2.07775	-2.28638	1.25048
65	5	15	2.11433	-0.325377	1.27185
65	5	25	1.00698	0.181052	-0.78232
65	5	35	2.06427	-1.38552	-3.70295
65	5	45	3.55695	-2.30957	-4.03759
65	5	55	2.98356	-2.74982	-2.8894
65	5	65	2.23481	-1.60669	-1.11924
65	5	75	1.50338	-0.76502	-1.32455
65	5	85	2.23066	-2.35886	-1.58726
65	15	5	0.727913	-3.64872	1.49609
65	15	15	1.0154	-1.10676	0.643185
65	15	25	0.621341	-0.294285	-0.504743
65	15	35	-0.207084	-1.53673	-3.53628
65	15	45	1.28227	-2.50381	-4.82813
65	15	55	1.80526	-2.62609	-2.58639
65	15	65	1.14182	-0.613803	-0.975807
65	15	75	0.722268	-0.682405	-0.191624
65	15	85	1.28545	-3.57452	0.054688
65	25	5	-0.536671	-2.19621	1.72104
65	25	15	0.532661	-0.74952	0.00933198
65	25	25	-0.0197092	0.191768	-0.945784
65	25	35	-1.06451	2.98635	-5.95219
65	25	45	1.26621	3.79654	-6.28527
65	25	55	0.970007	0.382606	-2.24747
65	25	65	0.938328	-0.328216	-0.141384
65	25	75	0.393089	-0.32317	0.0424446
65	25	85	0.162373	-1.68768	0.70829
65	35	5	-0.670349	0.597153	0.763178
65	35	15	0.180256	-0.330654	-0.658271
65	35	25	-0.52426	0.793906	-2.00716
65	35	35	-0.545011	4.34272	-5.19808
65	35	45	2.04557	4.92521	-6.28562
65	35	55	1.13719	3.23713	-3.19266
65	35	65	0.783228	0.528975	0.0506364
65	35	75	0.625007	-0.183447	0.403297
65	35	85	-0.0316582	1.07688	1.04069
65	45	5	-2.30683	-5.83497	1.77404
65	45	15	-1.56457	-5.26245	-2.67525
65	45	25	-2.54653	-2.91659	-5.77831
65	45	35	-3.92342	-0.0962048	-7.52084
65	45	45	-0.12918	-0.697699	-8.15289
65	45	55	1.00521	-2.88739	-5.31819
65	45	65	-1.29815	-3.1566	-0.905812
65	45	75	-2.06154	-3.82227	2.47522
65	45	85	-2.55316	-4.82541	4.614
65	55	5	-1.15795	-8.50502	2.21641
65	55	15	-0.758349	-4.69808	-2.0709
65	55	25	-1.48639	-3.82503	-4.5013
65	55	35	-3.38299	-5.28592	-6.78549
65	55	45	-0.93885	-6.3162	-7.28871
65	55	55	1.14182	-7.11135	-5.55017
65	55	65	-1.26146	-5.43761	-2.63505
65	55	75	-3.36305	-5.67021	0.738383
65	55	85	-1.69056	-7.91827	4.49538
65	65	5	-1.91434	-4.68987	2.7651
65	65	15	0.159767	-1.10395	-0.252161
65	65	25	-0.596771	-2.38158	-3.13245
65	65	35	-3.21613	-4.5232	-7.74546
65	65	45	-0.31387	-4.88922	-7.02193
65	65	55	-1.24209	-4.14891	-3.88653
65	65	65	-2.22589	-2.77896	-2.41965
65	65	75	-2.42157	-3.86694	0.653769
65	65	85	-2.07173	-4.68817	3.51108
65	75	5	-1.90289	2.45161	2.83445
65	75	15	0.865429	0.961537	0.800158
65	75	25	-0.087294	-0.325871	-2.69846
65	75	35	-1.87488	-0.0909457	-6.35712
65	75	45	-0.912986	-1.43086	-6.61594
65	75	55	-2.2849	-2.21291	-3.76538
65	75	65	-1.3777	-1.04259	-1.87126
65	75	75	-1.21144	-1.27251	0.994831
65	75	85	-2.56737	-0.34615	2.04814
65	85	5	-0.241405	2.83716	2.10019
65	85	15	1.58151	2.15617	1.4275
65	85	25	0.471435	0.424025	-1.97165
65	85	35	0.833876	1.33773	-4.17257
65	85	45	1.22581	1.51082	-3.76771
65	85	55	-0.351011	0.310917	-2.25549
65	85	65	0.653014	-0.187743	-0.932433
65	85	75	-0.310145	0.202763	0.165924
65	85	85	-0.437865	1.02791	-0.0779464
75	5	5	3.74255	-2.9804	0.0794437
75	5	15	2.61063	-1.12047	0.686222
75	5	25	1.17301	-0.319236	-0.270005
75	5	35	0.726461	-3.35114	-3.79894
75	5	45	1.71612	-2.49754	-3.63932
75	5	55	1.64533	-2.24098	-2.31305
75	5	65	0.975701	-0.891344	-0.643698
75	5	75	1.03105	-1.13816	-0.240418
75	5	85	2.36517	-2.63409	-0.571897
75	15	5	3.65316	-3.52824	0.595175
75	15	15	1.80261	-0.84483	0.291466
75	15	25	0.861527	-0.28013	-0.569505
75	15	35	0.383109	-1.14579	-4.22458
75	15	45	1.69366	0.139061	-7.03847
75	15	55	2.52585	-1.78526	-2.97928
75	15	65	0.837682	-0.629417	-0.883771
75	15	75	1.04386	-0.862723	0.0258157
75	15	85	3.71607	-3.22564	0.820163
75	25	5	4.61582	-1.39566	1.21249
75	25	15	1.32715	-0.287688	-0.234613
75	25	25	0.76046	0.246485	-0.884822
75	25	35	0.954626	2.54143	-5.79239
75	25	45	1.64198	4.71722	-7.45573
75	25	55	1.9809	2.42958	-3.06201
75	25	65	0.481369	0.560477	-0.765581
75	25	75	0.992628	0.0374389	-0.300735
75	25	85	4.61619	-1.85918	0.691201
75	35	5	3.85798	1.40626	0.277599
75	35	15	1.93533	0.808116	-1.554
75	35	25	1.29382	0.829226	-1.34537
75	35	35	1.42705	3.61742	-4.15057
75	35	45	1.48668	5.5556	-5.97268
75	35	55	3.24302	5.23668	-3.92741
75	35	65	1.7858	2.18727	-1.37986
75	35	75	1.03685	1.12627	0.583856
75	35	85	3.47406	3.09694	1.14182
75	45	5	2.58364	-5.75824	-0.590685
75	45	15	-0.013847	-4.60244	-3.7964
75	45	25	0.546803	-1.80694	-5.07262
75	45	35	-0.150411	0.160045	-6.19119
75	45	45	-1.1075	1.0739	-8.39622
75	45	55	-0.566064	-1.03279	-6.36434
75	45	65	-1.12138	-2.17177	-2.85025
75	45	75	-2.36263	-3.54139	1.2852
75	45	85	-0.427515	-4.46336	2.191
75	55	5	3.4735	-8.0915	-1.08113
75	55	15	0.452769	-5.98172	-3.22825
75	55	25	0.411757	-4.03323	-3.7038
75	55	35	-2.07955	-5.12709	-5.40666
75	55	45	-3.36544	-6.65056	-6.60188
75	55	55	-3.79511	-7.44605	-5.79925
75	55	65	-2.97137	-5.95564	-3.96399
75	55	75	-4.05154	-7.13234	1.00936
75	55	85	-2.46886	-8.0354	2.7396
75	65	5	4.01475	-5.62449	0.17677
75	65	15	0.952737	-2.23477	-1.06185
75	65	25	0.541428	-2.18127	-2.01596
75	65	35	-1.04679	-4.44471	-7.10177
75	65	45	-0.773662	-5.39978	-6.66206
75	65	55	-2.17846	-5.29033	-4.97396
75	65	65	-1.02418	-2.49124	-2.11338
75	65	75	-1.38139	-3.38146	0.556111
75	65	85	-0.865497	-7.55916	1.60226
75	75	5	2.57168	-0.264127	1.83575
75	75	15	1.1724	0.0226418	-0.109075
75	75	25	0.536247	-0.902794	-1.91546
75	75	35	-1.58023	-2.93049	-6.37623
75	75	45	-1.35437	-4.69078	-7.64571
75	75	55	-0.356483	-2.40256	-3.37916
75	75	65	-0.362869	-0.721733	-0.567409
75	75	75	-0.0727098	-0.694575	0.20911
75	75	85	0.7553	-1.44394	1.39155
75	85	5	1.56836	0.732364	0.759435
75	85	15	1.7317	0.942324	0.78128
75	85	25	0.868186	-0.385061	-1.13041
75	85	35	-0.0925063	-1.22307	-3.61918
75	85	45	-0.154562	-1.64835	-4.64959
75	85	55	0.494023	-0.475957	-1.58851
75	85	65	0.211755	-0.383688	-0.362967
75	85	75	0.277093	-0.477828	-0.313842
75	85	85	0.958699	-0.48031	-0.232848
85	5	5	4.48594	-2.77661	-1.36342
85	5	15	2.53554	-1.72325	-0.439374
85	5	25	1.11779	-0.901093	-0.730848
85	5	35	1.03695	-2.35728	-2.42592
85	5	45	0.54261	-2.47085	-2.85968
85	5	55	0.282476	-2.19207	-1.53676
85	5	65	-0.094259	-1.25626	-0.385044
85	5	75	1.10976	-1.53205	-0.440307
85	5	85	3.84657	-3.04306	-0.811767
85	15	5	6.42778	-2.56773	-2.87215
85	15	15	3.35257	-1.60169	-1.17651
85	15	25	1.29348	-0.713441	-0.994562
85	15	35	1.58847	-2.03873	-2.62231
85	15	45	1.39263	-1.81115	-4.52192
85	15	55	1.40265	-1.45904	-2.71358
85	15	65	0.812847	-1.00429	-1.14183
85	15	75	1.55825	-1.11724	-0.311782
85	15	85	4.97868	-2.41542	1.28549
85	25	5	9.1568	0.575279	-2.78635
85	25	15	4.71695	0.702472	-1.8682
85	25	25	1.74081	0.736223	-1.3723
85	25	35	2.77408	-0.293001	-3.36898
85	25	45	1.75285	1.37838	-4.00678
85	25	55	1.6865	2.12591	-3.09906
85	25	65	1.40141	1.53689	-1.7065
85	25	75	1.79639	0.433322	-0.102679
85	25	85	8.5341	1.05266	2.50294
85	35	5	7.66694	1.95195	-0.68529
85	35	15	4.6069	2.64085	-2.41939
85	35	25	2.79312	2.28688	-2.24661
85	35	35	2.64194	2.79093	-2.47943
85	35	45	0.677086	3.79123	-3.87905
85	35	55	1.87755	3.38252	-2.76066
85	35	65	1.9412	2.29576	-1.73569
85	35	75	2.31497	1.81722	-0.221721
85	35	85	6.03241	2.46647	-0.254001
85	45	5	5.27898	-3.84723	-1.33926
85	45	15	2.83649	-1.3821	-2.51732
85	45	25	3.68615	1.06835	-3.73058
85	45	35	5.12594	0.950221	-3.98116
85	45	45	1.39651	1.26502	-5.47508
85	45	55	-0.726272	-0.167205	-5.65345
85	45	65	-0.419143	-0.232454	-2.68704
85	45	75	0.265527	-1.0985	-1.35772
85	45	85	4.14763	-2.50371	-1.52196
85	55	5	5.13028	-5.94633	-1.61442
85	55	15	2.47473	-3.26003	-1.83461
85	55	25	2.39879	-2.38134	-2.61637
85	55	35	2.93455	-4.34936	-3.14187
85	55	45	-2.13807	-5.86766	-5.76709
85	55	55	-2.22294	-4.61043	-4.66532
85	55	65	-1.42759	-2.88514	-2.60018
85	55	75	-1.0164	-3.68289	0.0328488
85	55	85	1.53922	-5.60661	0.365742
85	65	5	5.52318	-4.61382	-1.7197
85	65	15	2.0489	-2.37196	-0.61388
85	65	25	1.38591	-1.53973	-1.53855
85	65	35	1.62537	-3.82709	-4.21111
85	65	45	-1.83449	-4.92114	-5.07594
85	65	55	-0.0893122	-2.59521	-2.21208
85	65	65	-0.309404	-1.12863	-0.65125
85	65	75	-0.0667093	-1.41258	-0.0813333
85	65	85	2.48314	-4.39477	-0.596643
85	75	5	5.17931	-0.963555	-1.02834
85	75	15	1.3321	-0.731741	-0.15041
85	75	25	1.31555	-1.05908	-1.30785
85	75	35	1.99346	-2.51092	-4.2393
85	75	45	0.414401	-2.96801	-4.17408
85	75	55	0.0346014	-1.80548	-1.76739
85	75	65	-0.680184	-1.65095	-0.5561
85	75	75	-0.0172023	-0.715429	-0.103271
85	75	85	2.88517	-1.63358	-0.618691
85	85	5	3.02829	0.0562566	-0.777608
85	85	15	1.41444	0.141485	0.0983639
85	85	25	0.754796	-0.692687	-1.01521
85	85	35	0.981753	-1.24232	-2.08355
85	85	45	0.774546	-1.67718	-2.32347
85	85	55	0.31875	-1.37452	-1.18277
85	85	65	-0.79658	-1.28587	-0.354459
85	85	75	0.344339	-0.821543	-0.236289
85	85	85	2.20208	-0.770964	-1.18538
