5	5	5	-0.359607	-1.47212	0.407946
5	5	15	0.09008	-0.34772	3.44731
5	5	25	0.104425	-0.502778	-0.521272
5	5	35	-0.698712	-0.846825	-6.51842
5	5	45	-1.0985	-1.26184	-5.55412
5	5	55	-0.424081	-1.6565	5.39029
5	5	65	-0.644004	-0.743259	5.51344
5	5	75	-0.881677	-0.730466	-0.909597
5	5	85	-0.5096	-0.686968	-3.5541
5	15	5	-0.554991	-4.29002	-0.0195438
5	15	15	0.0969226	-1.92375	2.14005
5	15	25	0.181692	0.12423	-0.665779
5	15	35	-0.479046	-0.798673	-4.1687
5	15	45	-1.45455	-3.91757	-4.7147
5	15	55	-0.126899	-4.24995	4.4211
5	15	65	-0.266054	-1.68108	4.35027
5	15	75	-0.762849	-0.784275	-0.879994
5	15	85	-1.10991	-3.71849	-3.5074
5	25	5	-0.0829771	-3.89999	0.0561522
5	25	15	-0.195027	-2.05902	2.38919
5	25	25	-0.194311	-0.341589	0.0748581
5	25	35	0.441275	0.884679	-2.18116
5	25	45	0.457631	0.937671	-3.15874
5	25	55	0.410386	0.886156	3.59088
5	25	65	0.641826	0.344697	2.16825
5	25	75	-0.20324	-0.606537	-0.681135
5	25	85	-0.826087	-2.49362	-3.52807
5	35	5	-0.785382	2.51615	-0.299266
5	35	15	0.337625	0.837719	4.2155
5	35	25	-0.279181	-0.849617	1.29533
5	35	35	0.421145	1.08439	-1.00001
5	35	45	0.60637	3.95041	-1.62855
5	35	55	0.891702	4.25885	2.55021
5	35	65	0.341469	1.40463	1.31048
5	35	75	-0.158033	-0.0697285	-1.57424
5	35	85	-0.291383	2.09106	-5.47634
5	45	5	0.645714	3.73811	0.105879
5	45	15	0.539569	1.96397	7.90213
5	45	25	0.300426	-0.544536	3.94665
5	45	35	0.901257	0.642373	-1.0648
5	45	45	0.864953	2.8251	-2.29493
5	45	55	1.23416	3.05369	2.8254
5	45	65	0.54401	1.21769	2.0237
5	45	75	0.258351	0.135543	-4.83181
5	45	85	0.404424	1.89318	-8.01662
5	55	5	-0.0632286	-3.28463	-0.243152
5	55	15	0.782376	-1.03985	7.10305
5	55	25	0.381605	0.941655	3.99418
5	55	35	0.585297	-0.778406	-1.8325
5	55	45	1.20444	-2.19495	-2.31569
5	55	55	0.71489	-2.24736	2.32462
5	55	65	0.245227	-1.00239	2.53016
5	55	75	-0.480359	-0.0502402	-4.77062
5	55	85	-0.304741	-2.74389	-8.08632
5	65	5	0.0450192	-3.62035	-0.596344
5	65	15	0.532536	-1.72058	3.76694
5	65	25	-0.0207304	0.308845	0.833663
5	65	35	0.200413	-1.46725	-1.93166
5	65	45	0.347985	-3.8125	-2.07948
5	65	55	0.157881	-3.95223	2.49713
5	65	65	0.24272	-1.61378	1.4078
5	65	75	-0.302426	0.494928	-1.36114
5	65	85	-1.23005	-1.97471	-5.52376
5	75	5	0.73969	2.39092	-0.577443
5	75	15	0.828144	1.16734	1.83158
5	75	25	-0.0770735	-0.0456743	-0.209568
5	75	35	0.0253946	-1.65932	-3.10745
5	75	45	0.0805496	-1.83649	-3.30669
5	75	55	-0.165261	-1.60207	3.66232
5	75	65	-0.221302	-1.05017	2.47802
5	75	75	-0.281683	-0.0197674	-0.300516
5	75	85	-0.881741	1.64228	-2.87889
5	85	5	-0.320695	2.78681	-0.176144
5	85	15	0.546966	1.63557	1.85567
5	85	25	0.178455	-0.645768	-0.803438
5	85	35	0.0175363	0.0625435	-5.29788
5	85	45	-0.777521	2.2169	-5.03179
5	85	55	0.18684	2.21905	4.49059
5	85	65	-0.110439	0.234525	4.48856
5	85	75	-0.223698	-0.405015	-0.080301
5	85	85	-0.608418	2.02497	-2.67093
15	5	5	-2.46266	-0.566934	-0.383016
15	5	15	-0.229722	-0.348359	2.23955
15	5	25	0.509321	0.0215433	-0.0592699
15	5	35	-2.25453	-0.718369	-3.43567
15	5	45	-6.34245	-0.733746	-2.98482
15	5	55	-5.39996	-0.634043	1.37847
15	5	65	-1.02567	-0.102816	2.94051
15	5	75	0.144511	-0.684428	-0.844717
15	5	85	-1.29422	0.0771348	-3.7378
15	15	5	-3.34394	-4.71107	-0.22084
15	15	15	-0.468827	-1.71125	0.966853
15	15	25	0.424938	-0.118361	-0.723025
15	15	35	-1.0281	-0.946243	-1.4512
15	15	45	-5.34842	-4.38926	-0.6939
15	15	55	-3.68443	-4.55959	0.88709
15	15	65	0.214843	-1.6357	1.19349
15	15	75	0.464581	-0.831166	-0.640728
15	15	85	-1.99636	-3.26113	-1.37705
15	25	5	-4.41071	-3.65411	-0.505955
15	25	15	-0.679533	-1.27875	0.444014
15	25	25	0.573338	0.086168	0.071689
15	25	35	-0.239908	0.135936	-0.65565
15	25	45	-4.39712	-1.81207	-0.307642
15	25	55	-3.20511	-2.31929	0.717635
15	25	65	0.678461	-0.434482	0.486422
15	25	75	0.772482	-0.995016	-0.548796
15	25	85	-1.83399	-1.80255	-1.22149
15	35	5	-5.93174	2.5259	-2.13227
15	35	15	-1.3511	0.770627	0.761828
15	35	25	1.02434	-0.139033	0.60416
15	35	35	0.189124	0.486666	-0.357925
15	35	45	-1.75708	2.53317	-0.159888
15	35	55	-2.24737	2.22651	1.36917
15	35	65	0.65115	0.642108	0.861399
15	35	75	0.428668	-0.762708	-1.33227
15	35	85	-2.99993	1.55599	-2.47026
15	45	5	-7.38553	3.20664	-1.67405
15	45	15	-2.82762	1.56426	2.26749
15	45	25	0.478376	-0.27935	2.27372
15	45	35	0.79066	0.76153	-0.579783
15	45	45	-1.3735	2.66999	-0.909508
15	45	55	-1.75484	2.77695	1.39859
15	45	65	0.988649	0.769619	1.67126
15	45	75	0.629188	0.221465	-3.23261
15	45	85	-3.95999	1.91265	-4.0953
15	55	5	-7.14381	-4.20389	-2.20933
15	55	15	-2.74986	-1.84114	2.46408
15	55	25	0.127178	-0.400688	2.83336
15	55	35	0.988595	-0.0963269	-0.523069
15	55	45	-0.528007	-1.51689	-1.00347
15	55	55	-0.809726	-1.74577	2.00327
15	55	65	1.70228	-0.237929	2.55321
15	55	75	0.866546	-0.199426	-2.21543
15	55	85	-3.31253	-2.83921	-4.08946
15	65	5	-5.49907	-3.71163	-1.9722
15	65	15	-0.744695	-1.5704	0.644601
15	65	25	0.631211	0.178021	0.539417
15	65	35	0.770365	-0.512974	-0.413793
15	65	45	-1.78251	-2.54899	-0.326436
15	65	55	-1.72019	-2.67322	0.95395
15	65	65	0.592618	-0.568483	0.501796
15	65	75	0.747868	0.346217	-0.868959
15	65	85	-2.38662	-2.42813	-1.9602
15	75	5	-4.56665	2.2791	-0.867707
15	75	15	-0.250981	0.667067	0.147426
15	75	25	0.768416	-0.141372	-0.0467695
15	75	35	0.0419235	-0.269272	-0.734834
15	75	45	-3.943	1.57733	-0.673678
15	75	55	-3.38709	1.61809	1.38427
15	75	65	0.484106	0.394949	0.860705
15	75	75	0.56485	-0.0779251	-0.259834
15	75	85	-1.6909	0.976631	-1.16494
15	85	5	-2.61849	3.73536	-0.959593
15	85	15	-0.27298	1.62163	0.53853
15	85	25	0.597708	-0.525035	-0.445282
15	85	35	-0.491366	0.741007	-1.87841
15	85	45	-5.03892	3.21441	-1.13272
15	85	55	-4.04855	3.21865	1.19602
15	85	65	-0.402747	1.32387	2.63883
15	85	75	0.385748	0.218692	-0.777212
15	85	85	-1.51622	2.7062	-2.32632
25	5	5	0.804274	0.0165763	-1.4436
25	5	15	1.15137	-0.443853	1.07307
25	5	25	0.18042	-0.113201	0.420011
25	5	35	-2.12316	-0.135041	-1.3984
25	5	45	-4.41739	-1.1436	-2.00555
25	5	55	-3.25105	-0.798385	0.65059
25	5	65	-0.785305	-0.58085	0.782557
25	5	75	1.14702	0.0915309	-0.528105
25	5	85	1.38856	0.358392	-2.65058
25	15	5	-2.31802	-6.34743	-1.59775
25	15	15	-0.426541	-2.47414	0.206007
25	15	25	0.0258087	-0.353259	0.0797659
25	15	35	-0.844912	-1.0141	-0.761174
25	15	45	-1.58032	-4.14595	-0.897262
25	15	55	-0.306176	-4.80131	-0.985142
25	15	65	0.309258	-1.14363	0.047875
25	15	75	0.64752	-0.718351	-0.103823
25	15	85	-1.50551	-3.36298	-0.708193
25	25	5	-3.52617	-3.27007	-1.75665
25	25	15	-0.529125	-1.24102	0.185108
25	25	25	0.242821	-0.469364	-0.150086
25	25	35	-0.372621	-0.318388	-0.00982411
25	25	45	-2.09387	-1.21381	-0.448255
25	25	55	-2.03438	-1.17583	0.852086
25	25	65	0.450409	-0.60675	-0.465078
25	25	75	0.134203	-0.361782	-0.105539
25	25	85	-1.86962	-1.70723	-1.15781
25	35	5	-2.65025	4.3219	-2.32062
25	35	15	-0.890247	1.93755	-0.0356418
25	35	25	0.464	0.354216	-0.0675034
25	35	35	-0.11653	1.28808	-0.147456
25	35	45	-1.82416	3.74382	0.918408
25	35	55	-1.58476	3.29872	0.434324
25	35	65	0.18664	0.651637	0.16112
25	35	75	-0.242941	0.288892	-0.29314
25	35	85	-1.86868	2.04476	-1.71345
25	45	5	-4.669	2.80683	-1.28732
25	45	15	-3.25442	1.04454	1.23117
25	45	25	-0.726091	-0.3382	1.18394
25	45	35	0.589243	1.16743	-1.11841
25	45	45	-0.418653	4.09384	-0.30175
25	45	55	-0.459632	3.32462	1.31232
25	45	65	0.996425	0.271085	1.06732
25	45	75	-0.456828	-0.120154	-0.456228
25	45	85	-3.39907	1.4107	-2.70798
25	55	5	-4.00517	-5.77841	-1.9293
25	55	15	-2.11052	-2.86799	1.53893
25	55	25	-0.222004	-0.349472	0.941942
25	55	35	0.618847	-0.420596	-0.298228
25	55	45	1.92763	-1.69037	-0.492731
25	55	55	1.58966	-1.82482	1.05884
25	55	65	1.8798	-0.421344	1.42887
25	55	75	-0.0803553	-0.481447	-0.381518
25	55	85	-2.33904	-2.38637	-1.76088
25	65	5	-1.28982	-5.80559	-1.48022
25	65	15	-0.481342	-2.45698	-0.112196
25	65	25	0.281477	-0.342602	0.0995108
25	65	35	0.579323	-0.6545	-0.0493632
25	65	45	-0.875033	-2.76838	0.241884
25	65	55	-1.24364	-2.98251	0.267285
25	65	65	0.208974	-0.349914	0.11535
25	65	75	0.242661	-0.0143377	-0.19666
25	65	85	-0.631213	-2.2107	-1.24538
25	75	5	-2.34979	1.89024	-1.86961
25	75	15	-0.465543	1.07793	0.267449
25	75	25	0.246705	0.211688	0.0350506
25	75	35	0.107648	0.66423	-0.641925
25	75	45	-1.49077	2.12899	-1.0509
25	75	55	-1.53327	2.09377	0.442666
25	75	65	-0.137383	0.972188	0.167393
25	75	75	0.563149	0.330928	-0.188331
25	75	85	-0.590656	0.773782	-1.33222
25	85	5	-1.96952	5.50946	-2.30468
25	85	15	-0.683743	2.94154	0.368697
25	85	25	-0.222516	0.299543	0.130372
25	85	35	-0.539348	1.31951	-0.166973
25	85	45	-1.61836	4.52929	-0.274129
25	85	55	-1.41219	4.28356	-0.655079
25	85	65	-0.184204	1.27168	0.343113
25	85	75	0.407972	0.433815	-0.236311
25	85	85	-0.0757101	2.14463	-0.714555
35	5	5	6.5712	-0.220647	-2.06356
35	5	15	3.31581	-0.315518	1.73323
35	5	25	0.134775	0.136044	0.966379
35	5	35	-0.889861	-0.0168584	-2.01388
35	5	45	0.68366	-0.396818	-2.66381
35	5	55	1.56446	-1.47126	0.221641
35	5	65	0.574914	-0.967916	1.17952
35	5	75	1.12747	-0.0415908	-1.48562
35	5	85	4.66529	0.540432	-3.13496
35	15	5	3.26358	-6.02646	-1.92077
35	15	15	1.93678	-2.65654	0.290274
35	15	25	0.0772725	-0.207998	0.660811
35	15	35	-0.0868493	-0.88963	-0.613986
35	15	45	2.00698	-4.88863	-0.729285
35	15	55	2.71741	-4.75012	-0.802255
35	15	65	0.747864	-1.71761	0.226516
35	15	75	0.55545	-0.511695	-0.379582
35	15	85	0.820265	-2.49669	-0.805574
35	25	5	2.74109	-2.90208	-2.24255
35	25	15	1.00952	-0.653077	-0.257444
35	25	25	-0.532031	-0.0612691	0.0692859
35	25	35	0.290834	-0.0446987	0.23543
35	25	45	2.84593	0.298822	-0.573002
35	25	55	3.46274	0.0543236	0.890249
35	25	65	0.189092	-0.21836	-0.116906
35	25	75	-0.214179	-0.250499	0.137614
35	25	85	0.498736	-0.977963	-1.8179
35	35	5	2.74673	4.54223	-1.14944
35	35	15	0.396818	1.65015	-0.15804
35	35	25	-0.196187	0.183232	-0.00205512
35	35	35	0.624	1.50562	-0.528937
35	35	45	2.8705	4.62301	-0.399741
35	35	55	3.62763	4.74129	0.605138
35	35	65	0.598036	1.02145	0.809976
35	35	75	-0.360528	-0.238255	0.31417
35	35	85	0.504477	1.65339	-1.30333
35	45	5	0.272386	2.34428	-0.87912
35	45	15	-0.647285	0.603145	1.23694
35	45	25	-0.520703	-0.454623	0.437174
35	45	35	1.70177	1.34778	-1.92897
35	45	45	3.89154	3.53999	-1.04157
35	45	55	3.86835	3.31716	1.32458
35	45	65	1.7541	1.0001	2.13218
35	45	75	-0.587165	-0.560749	0.527623
35	45	85	-0.682587	1.41675	-2.13104
35	55	5	1.03846	-5.19833	0.0331865
35	55	15	0.103323	-2.81151	1.22571
35	55	25	-0.362701	-0.80381	0.120972
35	55	35	1.4397	-0.523802	-1.44586
35	55	45	5.09161	-3.06482	-0.517137
35	55	55	4.63026	-2.81642	1.05348
35	55	65	1.40657	-0.0462039	1.71464
35	55	75	-0.244225	-0.223343	0.300387
35	55	85	0.515426	-2.7488	-1.46884
35	65	5	3.49017	-4.90655	-0.621409
35	65	15	0.917719	-2.49188	-0.000512684
35	65	25	-0.272098	-0.214056	-0.076396
35	65	35	0.793917	-0.457095	-0.218371
35	65	45	3.56698	-3.08487	-0.55221
35	65	55	2.96663	-3.61392	0.127234
35	65	65	0.410187	-0.432226	0.0527469
35	65	75	-0.150688	-0.36845	-0.0249547
35	65	85	1.20126	-2.17488	-0.204493
35	75	5	3.96034	3.01407	-1.45648
35	75	15	1.17797	1.66346	-0.0266583
35	75	25	-0.660236	-0.0880697	-0.0551565
35	75	35	0.41736	0.333909	-0.369761
35	75	45	4.17156	1.47807	-1.08329
35	75	55	3.58732	1.48292	-0.195171
35	75	65	0.471727	0.630234	0.481275
35	75	75	-0.0880941	0.331081	-0.151951
35	75	85	1.22137	1.29042	-0.804024
35	85	5	3.49083	5.39337	-1.90928
35	85	15	1.87407	3.23349	-0.252231
35	85	25	-0.160277	0.455405	0.674748
35	85	35	0.216901	1.44533	-0.367502
35	85	45	2.72198	4.599	-0.483055
35	85	55	2.50656	3.86804	-0.893136
35	85	65	0.82603	1.38098	0.123254
35	85	75	0.390799	0.695749	-0.340872
35	85	85	2.50945	2.57773	-0.964585
45	5	5	5.72175	1.36677	-0.844145
45	5	15	1.04337	0.37124	6.10149
45	5	25	-0.820089	1.00083	2.4473
45	5	35	0.0719161	0.483689	-3.54344
45	5	45	2.67808	1.0064	-2.67574
45	5	55	2.36006	0.200152	2.26942
45	5	65	0.266008	-0.000385225	2.31485
45	5	75	1.02249	0.504395	-3.40142
45	5	85	4.02613	1.41872	-6.84051
45	15	5	5.13651	-4.29049	-0.437018
45	15	15	0.548015	-2.29365	3.64897
45	15	25	-0.66524	0.401372	1.16604
45	15	35	-0.524136	-1.34673	-2.02747
45	15	45	2.49676	-3.84505	-1.64119
45	15	55	2.47958	-4.17466	0.738163
45	15	65	0.383915	-0.560643	0.818063
45	15	75	0.00419663	-0.136123	-1.63431
45	15	85	2.35257	-1.94708	-4.03203
45	25	5	4.72885	-1.0081	-1.06987
45	25	15	0.548939	-0.439707	1.33833
45	25	25	0.175998	-0.381133	-0.537123
45	25	35	-0.0945694	-1.11686	-1.25927
45	25	45	2.75418	-1.912	-0.752197
45	25	55	3.78653	-2.1628	0.685246
45	25	65	0.142727	-0.746343	0.794232
45	25	75	-0.00767604	0.175015	-0.413025
45	25	85	1.81157	-0.572981	-2.68146
45	35	5	2.77173	4.00105	-0.261728
45	35	15	0.0857832	1.69252	0.886206
45	35	25	-0.119222	-0.403991	-1.05164
45	35	35	0.5597	0.651756	-2.42393
45	35	45	4.35193	3.82889	-2.61928
45	35	55	4.31859	3.57478	1.5285
45	35	65	0.405547	0.217072	2.54644
45	35	75	0.00427773	-0.62739	0.97409
45	35	85	1.09427	2.39813	-1.75733
45	45	5	1.96661	2.41536	-0.142374
45	45	15	-0.101851	0.767706	2.71955
45	45	25	-0.53165	-1.10371	-0.710227
45	45	35	0.774568	0.781912	-5.78673
45	45	45	4.03473	4.0692	-4.20378
45	45	55	4.32238	4.02876	5.11019
45	45	65	0.504113	0.448113	5.76804
45	45	75	-0.11837	-0.983384	1.10782
45	45	85	1.08454	1.45048	-3.49006
45	55	5	1.6405	-4.46266	0.802493
45	55	15	-0.910197	-2.56088	3.37399
45	55	25	-0.400441	0.123644	-0.826543
45	55	35	-0.0614085	-1.17555	-6.69632
45	55	45	3.71646	-2.98769	-4.56346
45	55	55	4.06028	-3.40697	4.11868
45	55	65	0.280945	0.0400085	5.63353
45	55	75	-0.399172	0.384502	0.669826
45	55	85	1.26533	-2.88483	-2.25845
45	65	5	2.41436	-5.98711	0.635866
45	65	15	-0.411326	-2.14446	1.40655
45	65	25	-0.539766	0.158115	-0.933203
45	65	35	0.0198988	-0.190547	-3.29348
45	65	45	4.30413	-1.76113	-2.3945
45	65	55	5.22293	-0.98372	2.68674
45	65	65	0.206673	-0.512278	1.63503
45	65	75	0.0260324	-0.0747625	0.192892
45	65	85	1.09944	-2.67399	-1.47691
45	75	5	3.70942	0.688943	0.805098
45	75	15	-0.167383	0.0197968	2.49558
45	75	25	-0.399626	0.701652	-0.165417
45	75	35	0.521274	1.44227	-2.0145
45	75	45	4.8726	3.90406	-1.78245
45	75	55	4.23741	3.97216	0.853033
45	75	65	0.747113	1.10028	1.02885
45	75	75	-0.169356	-0.400464	-1.34569
45	75	85	1.53777	0.561672	-2.66621
45	85	5	4.39263	4.96149	0.331369
45	85	15	0.626702	3.7591	3.78726
45	85	25	-0.424502	0.436646	1.12851
45	85	35	0.276631	2.09491	-2.45198
45	85	45	3.27662	5.12861	-1.97697
45	85	55	2.66761	4.06596	-0.00452369
45	85	65	0.788294	0.764998	0.935359
45	85	75	0.248462	0.416572	-2.57619
45	85	85	2.79578	3.45702	-3.92043
55	5	5	-4.79989	-0.816312	0.797639
55	5	15	-2.97226	-0.408686	6.3315
55	5	25	-0.200029	0.784033	2.5242
55	5	35	1.29125	0.463634	-4.14253
55	5	45	0.650865	0.989207	-3.04282
55	5	55	0.394195	1.0081	3.47209
55	5	65	1.69493	0.477224	2.82279
55	5	75	0.928443	0.138783	-3.74534
55	5	85	-1.86033	-0.7116	-6.66964
55	15	5	-4.01666	-5.45801	1.25449
55	15	15	-0.392203	-2.86305	4.51615
55	15	25	0.666036	0.343005	1.54647
55	15	35	0.749712	-1.60952	-2.2931
55	15	45	-0.240957	-4.19032	-2.55372
55	15	55	0.325796	-2.99456	1.80528
55	15	65	0.991039	-0.321972	1.16678
55	15	75	1.26899	-0.297765	-2.63983
55	15	85	0.277793	-3.07829	-4.58383
55	25	5	-3.94403	-2.93858	0.808785
55	25	15	0.269701	-0.845165	1.89351
55	25	25	0.228867	-0.401565	-0.198411
55	25	35	0.703628	-1.25109	-1.36695
55	25	45	-0.237337	-2.22935	-2.19776
55	25	55	0.157184	-1.41591	1.16661
55	25	65	1.19325	-0.682278	0.551067
55	25	75	1.15255	0.184703	-0.627271
55	25	85	0.740935	-0.471829	-3.44166
55	35	5	-1.40613	3.6352	0.306329
55	35	15	0.180381	1.26028	1.61523
55	35	25	0.725439	-0.523885	-0.467655
55	35	35	1.12324	-0.105889	-2.8251
55	35	45	-2.77287	2.80548	-3.91667
55	35	55	-2.40216	3.07884	1.99649
55	35	65	1.10299	0.212987	1.71798
55	35	75	1.08757	-0.203685	0.185187
55	35	85	0.655968	2.09779	-1.80533
55	45	5	-1.14471	2.64123	0.505288
55	45	15	-0.454901	1.03932	2.98434
55	45	25	0.223994	-0.788203	-1.32585
55	45	35	-0.490846	1.18381	-5.80302
55	45	45	-4.80265	4.10217	-4.24422
55	45	55	-4.9873	4.59144	3.54374
55	45	65	-0.104505	1.01586	5.00507
55	45	75	0.725669	-0.502141	0.572157
55	45	85	-0.500902	1.11569	-2.86161
55	55	5	-3.26963	-4.12973	1.55649
55	55	15	-1.2219	-2.81483	3.64245
55	55	25	0.00447549	0.461667	-0.789298
55	55	35	-2.08106	-1.49753	-6.83557
55	55	45	-5.9248	-3.23926	-5.50889
55	55	55	-5.33619	-2.91136	3.14347
55	55	65	-1.01138	-0.581123	4.88754
55	55	75	0.543701	0.0587882	0.445781
55	55	85	0.325884	-2.61516	-1.82643
55	65	5	-3.66961	-4.6587	0.870095
55	65	15	-1.22353	-1.80142	1.76454
55	65	25	-0.120815	0.219452	-0.73029
55	65	35	-0.242818	-0.587338	-2.42957
55	65	45	-4.1183	-4.45936	-3.17358
55	65	55	-2.75786	-3.81586	2.40115
55	65	65	0.511398	-1.1842	1.30895
55	65	75	1.20788	-1.09848	-0.79641
55	65	85	-0.610561	-2.91645	-1.73628
55	75	5	-6.32181	1.66704	0.852003
55	75	15	-1.53121	0.681479	2.3961
55	75	25	0.258271	0.562429	0.118159
55	75	35	0.370748	1.14936	-1.36743
55	75	45	-2.22469	1.96489	-2.40603
55	75	55	-0.833036	1.65932	1.94779
55	75	65	1.14724	0.64002	0.416145
55	75	75	0.387911	-0.251772	-1.67708
55	75	85	-1.7663	0.494877	-3.56988
55	85	5	-5.33839	4.42795	1.98355
55	85	15	-1.77625	3.38265	4.42131
55	85	25	0.629991	0.220814	1.44967
55	85	35	1.1457	1.91676	-2.11194
55	85	45	-0.345437	4.10954	-1.79478
55	85	55	0.294802	4.36348	1.90832
55	85	65	0.927139	0.443556	0.522214
55	85	75	0.661674	0.439024	-3.15589
55	85	85	-1.68867	2.54896	-4.84873
65	5	5	-4.49886	-0.895362	-0.282418
65	5	15	-2.87088	0.0396166	2.09376
65	5	25	0.262486	-0.0195395	0.92003
65	5	35	1.39733	0.03689	-1.57348
65	5	45	0.504255	0.800672	-1.2739
65	5	55	0.627726	0.985882	1.67614
65	5	65	2.11707	-0.0189067	1.81153
65	5	75	0.124789	-0.100762	-1.04114
65	5	85	-2.37455	-0.547779	-1.7483
65	15	5	-1.5525	-6.6692	0.566087
65	15	15	-0.520516	-3.10829	1.39776
65	15	25	0.640533	-0.366229	0.461506
65	15	35	0.853267	-1.09002	-1.01579
65	15	45	-0.802486	-3.23742	-1.25651
65	15	55	-0.642232	-2.74196	0.245397
65	15	65	1.21259	-0.468242	0.812999
65	15	75	0.348872	-0.688666	-1.062
65	15	85	-0.690744	-3.41245	-1.10587
65	25	5	-3.12184	-4.83112	0.344251
65	25	15	-0.390954	-1.69798	1.06552
65	25	25	0.714568	-0.404186	0.136106
65	25	35	0.435361	-0.387825	-0.64054
65	25	45	-1.91751	-0.554257	-1.30812
65	25	55	-2.038	-0.574943	0.399187
65	25	65	0.268549	-0.0794067	-0.125529
65	25	75	0.242804	-0.182249	-0.24973
65	25	85	-0.753912	-2.01271	-0.909023
65	35	5	-3.33231	3.24596	0.116561
65	35	15	-0.368867	0.826688	1.01191
65	35	25	0.665388	-0.042419	-0.108572
65	35	35	-0.421128	0.95739	-1.03234
65	35	45	-2.56066	4.85914	-1.32501
65	35	55	-2.68464	4.72665	-0.413378
65	35	65	0.0891998	1.10338	0.816607
65	35	75	0.463373	0.190381	0.169341
65	35	85	-0.930915	1.96435	-0.778984
65	45	5	-1.60591	2.56461	1.37858
65	45	15	0.377548	0.794109	2.18645
65	45	25	0.0808474	-0.137881	-0.123033
65	45	35	-1.84399	1.64754	-2.47353
65	45	45	-3.8962	3.96378	-1.87473
65	45	55	-4.8066	3.98122	-0.479023
65	45	65	-1.6768	0.933857	1.46339
65	45	75	0.538388	0.423852	-0.237532
65	45	85	-0.519556	1.48712	-1.21645
65	55	5	-2.82886	-5.76499	2.91007
65	55	15	-0.108773	-2.26105	1.99013
65	55	25	0.374689	-0.56191	0.136972
65	55	35	-1.84886	-0.962689	-2.11064
65	55	45	-4.99175	-3.72235	-2.69331
65	55	55	-4.13621	-4.3341	-0.865422
65	55	65	-1.64111	-1.65798	1.4017
65	55	75	-0.341182	-0.899101	-0.333793
65	55	85	-1.53398	-3.07878	-0.504672
65	65	5	-4.03292	-4.33353	1.56981
65	65	15	-1.05195	-1.97946	0.909956
65	65	25	0.434978	-0.30877	0.0927219
65	65	35	-0.621827	-1.11977	-0.503939
65	65	45	-3.34452	-4.64061	-1.46524
65	65	55	-2.26364	-4.525	-0.52399
65	65	65	-0.270171	-1.27896	0.164452
65	65	75	-0.0712671	-0.737211	-0.292179
65	65	85	-1.83794	-2.93293	0.00704195
65	75	5	-3.91194	2.039	0.877208
65	75	15	-1.32047	1.30912	0.881769
65	75	25	-0.00960515	-0.0357312	0.130033
65	75	35	-0.0668429	0.121383	0.0297927
65	75	45	-3.38105	-0.317124	-1.43582
65	75	55	-2.16483	0.241578	-0.349359
65	75	65	0.377516	0.0387583	0.190405
65	75	75	0.437607	-0.0810953	-0.183423
65	75	85	-1.6183	0.73904	-1.28614
65	85	5	-3.25306	4.34999	-0.23364
65	85	15	-1.31296	2.72945	0.736343
65	85	25	0.403481	0.693673	0.205512
65	85	35	0.263459	0.69679	-0.172344
65	85	45	-1.60855	3.2174	-0.719595
65	85	55	-0.879074	3.08351	0.414662
65	85	65	0.448928	0.724109	0.614949
65	85	75	0.357564	-0.0195291	-0.440714
65	85	85	-2.08051	2.20139	-1.30732
75	5	5	-0.214265	-0.91306	0.0132928
75	5	15	-0.0548938	-0.0556183	1.49152
75	5	25	0.019157	0.0979896	0.362307
75	5	35	1.83244	-0.499499	-1.30249
75	5	45	3.86694	0.073566	-1.79391
75	5	55	3.77937	-0.0865686	0.920449
75	5	65	1.77344	-0.00321418	1.30366
75	5	75	-0.222986	-0.467749	-0.0193793
75	5	85	-0.699038	-0.662524	-2.00165
75	15	5	2.96532	-5.5414	0.298289
75	15	15	1.72568	-2.74064	0.469143
75	15	25	0.604096	-0.567781	-0.183714
75	15	35	1.27359	-0.792449	-0.613792
75	15	45	2.03353	-2.93339	-0.950323
75	15	55	1.56602	-2.64275	-0.285002
75	15	65	0.528704	-0.471451	0.0678834
75	15	75	0.41626	-0.70751	-0.196714
75	15	85	1.09184	-2.39865	-0.681268
75	25	5	4.10331	-2.77913	-0.144892
75	25	15	1.16956	-0.842211	0.828368
75	25	25	0.453592	-0.330328	0.0665644
75	25	35	0.57324	-0.39072	-0.138385
75	25	45	1.25397	-0.121275	-1.50492
75	25	55	0.689269	-0.602574	-0.0260387
75	25	65	0.128204	-0.196336	0.15147
75	25	75	-0.0180652	-0.261161	0.0797947
75	25	85	1.03754	-1.13474	-0.635872
75	35	5	2.24691	4.65887	0.055241
75	35	15	0.708572	1.78758	1.28909
75	35	25	0.32454	0.170899	0.0339286
75	35	35	0.581894	0.820218	-0.340193
75	35	45	2.15518	4.386	-1.59832
75	35	55	1.89426	4.42001	-0.421159
75	35	65	0.180095	1.03791	0.196633
75	35	75	-0.118633	0.188186	0.115751
75	35	85	0.869918	2.61195	-0.893953
75	45	5	3.95376	4.30901	1.74871
75	45	15	2.53719	1.47787	2.10452
75	45	25	0.17784	0.425899	0.381492
75	45	35	-0.372777	0.767049	-1.7225
75	45	45	0.981139	4.83268	-1.34837
75	45	55	0.453798	5.601	0.33746
75	45	65	-0.277239	1.49875	1.25428
75	45	75	0.0616202	0.23066	-0.190729
75	45	85	1.07082	2.51043	-0.905965
75	55	5	1.55562	-6.57059	2.86136
75	55	15	2.37158	-2.45705	2.22104
75	55	25	0.114288	-0.21083	1.18318
75	55	35	-1.05811	-1.33519	-1.33573
75	55	45	-0.0418388	-4.70574	-3.37341
75	55	55	0.822888	-5.24693	-0.605549
75	55	65	-0.835198	-0.800319	1.6415
75	55	75	-0.339169	-0.872296	0.0821814
75	55	85	-0.541338	-3.54854	-0.922623
75	65	5	1.42835	-6.00896	1.65576
75	65	15	0.939778	-2.11127	1.14976
75	65	25	-0.20883	-0.338461	-0.146475
75	65	35	-0.54397	-0.971025	-0.760386
75	65	45	1.91674	-4.50672	-1.34699
75	65	55	2.09684	-4.48624	-0.35699
75	65	65	-0.177793	-0.973485	0.292912
75	65	75	-0.26206	-0.589003	-0.00645624
75	65	85	-0.0197145	-3.16701	-0.886279
75	75	5	3.04807	0.659938	0.210615
75	75	15	1.20117	0.569539	0.997201
75	75	25	-0.374328	0.0631551	-0.0133052
75	75	35	0.143329	0.0490512	-0.328751
75	75	45	1.48534	0.313019	-1.07164
75	75	55	1.49396	0.409865	0.426821
75	75	65	-0.0149717	0.0799159	0.14522
75	75	75	-0.362391	-0.348616	0.0185304
75	75	85	0.611227	-0.124276	-0.748263
75	85	5	1.51331	4.69302	-0.434544
75	85	15	0.241896	1.8454	0.653918
75	85	25	0.0782552	0.408862	0.357277
75	85	35	0.487215	0.550395	-0.293238
75	85	45	1.3754	2.80989	-0.665727
75	85	55	1.7848	2.73112	-0.0103451
75	85	65	0.865915	0.305231	0.65617
75	85	75	-0.483952	0.000914543	0.223211
75	85	85	-0.510922	1.49269	-0.607902
85	5	5	1.77191	-1.2141	-0.033487
85	5	15	0.68382	-0.640115	2.22009
85	5	25	-0.458868	-0.160027	0.0587292
85	5	35	1.44338	-0.598889	-3.34135
85	5	45	5.01322	-0.551519	-3.58452
85	5	55	3.88894	-0.512889	2.09446
85	5	65	0.76122	-0.410866	3.012
85	5	75	-1.21251	-0.405639	-0.586234
85	5	85	-0.00272152	-0.890186	-1.93431
85	15	5	2.69215	-3.66962	-0.335975
85	15	15	0.664984	-1.63438	0.900556
85	15	25	-0.0369022	-0.0218455	-0.226167
85	15	35	0.807477	-0.66297	-1.83165
85	15	45	3.86502	-3.13229	-1.67839
85	15	55	3.70987	-3.34424	1.14322
85	15	65	-0.0827661	-0.869385	1.69195
85	15	75	-0.787976	-0.346602	-0.51551
85	15	85	0.880098	-1.94622	-1.14048
85	25	5	5.07427	-0.789216	0.580997
85	25	15	1.19124	-0.683767	1.04447
85	25	25	-0.199145	-0.0769793	-0.130893
85	25	35	0.145764	-0.215452	-0.437902
85	25	45	3.4199	-0.199659	-1.10604
85	25	55	2.93863	0.0612996	0.172214
85	25	65	-0.188314	-0.0385502	0.99628
85	25	75	-0.783972	-0.260994	-0.0343055
85	25	85	1.63557	-0.359869	-0.901878
85	35	5	6.90047	5.26163	0.522788
85	35	15	1.90896	2.15626	1.2188
85	35	25	-0.317495	0.189226	0.539597
85	35	35	0.373885	1.25355	-0.633907
85	35	45	2.83382	3.4893	-1.36909
85	35	55	2.87159	3.77408	0.071566
85	35	65	0.113541	0.870899	0.675112
85	35	75	-0.365191	0.243285	-0.582876
85	35	85	1.70388	2.50927	-1.52543
85	45	5	7.41195	3.88694	0.18301
85	45	15	3.78582	1.93501	4.34565
85	45	25	-0.0416817	-0.464041	2.37221
85	45	35	0.134167	0.940691	-1.40628
85	45	45	2.60302	2.25771	-1.87163
85	45	55	2.38811	2.86968	1.05732
85	45	65	0.371291	0.630785	1.56711
85	45	75	-0.0612579	0.777951	-2.42731
85	45	85	3.56169	2.65329	-2.9766
85	55	5	7.42001	-4.05399	1.4277
85	55	15	3.15947	-2.42888	4.15454
85	55	25	0.562221	-0.519202	2.33108
85	55	35	0.0153698	-0.874775	-2.34927
85	55	45	2.80472	-3.09787	-2.66136
85	55	55	2.76511	-3.52612	1.50101
85	55	65	-0.589076	-1.36598	2.33519
85	55	75	-1.06723	-0.446327	-1.70773
85	55	85	2.39218	-2.49484	-2.46569
85	65	5	5.86982	-4.87152	-0.398738
85	65	15	1.44219	-1.97399	1.97537
85	65	25	-0.444406	-0.345621	0.445955
85	65	35	-0.134944	-1.08642	-0.939783
85	65	45	2.80469	-4.19745	-1.20716
85	65	55	1.9686	-3.21168	0.0753882
85	65	65	-0.73355	-1.13708	0.742616
85	65	75	-1.02571	-0.126538	-0.59714
85	65	85	0.981551	-2.13814	-1.14879
85	75	5	4.26667	0.647063	-0.746801
85	75	15	1.01035	0.370247	0.933494
85	75	25	-0.447495	-0.423577	-0.44493
85	75	35	-0.444309	-0.307428	-0.783409
85	75	45	3.90619	0.0800016	-1.45244
85	75	55	3.1404	0.293956	0.732664
85	75	65	-0.404565	-0.449614	0.844818
85	75	75	-0.867361	0.0790468	-0.012826
85	75	85	0.174722	0.369319	-0.562723
85	85	5	3.08026	3.353	-0.570999
85	85	15	1.08655	1.53793	1.31539
85	85	25	-0.586055	-0.0806135	-0.0836994
85	85	35	0.448959	0.404922	-1.55813
85	85	45	4.31901	2.54142	-2.0053
85	85	55	3.80437	2.49193	0.911207
85	85	65	-0.0755525	0.0423684	1.86988
85	85	75	-0.826631	-0.0222979	-0.0605541
85	85	85	0.152581	1.06967	-1.10775
