5	5	5	3.16905	-5.15802	-5.10324
5	5	15	2.93462	-5.24186	-5.25826
5	5	25	3.57508	-5.20311	-6.01985
5	5	35	2.88954	-4.78232	-4.91663
5	5	45	2.74456	-3.76857	-3.58173
5	5	55	2.9772	-3.15679	-2.7708
5	5	65	3.31548	-4.32164	-3.72204
5	5	75	3.96791	-6.03242	-5.57728
5	5	85	3.52544	-5.55391	-5.38431
5	15	5	2.77493	-5.06272	-5.08445
5	15	15	2.67405	-5.00183	-5.12122
5	15	25	2.81185	-5.0428	-5.30197
5	15	35	2.59349	-5.00192	-4.9643
5	15	45	2.71178	-3.6205	-3.46104
5	15	55	3.17659	-3.13359	-2.75125
5	15	65	3.57316	-4.47571	-3.58564
5	15	75	3.64155	-5.39953	-5.8715
5	15	85	3.4195	-5.18928	-5.72324
5	25	5	2.77393	-4.54172	-4.72447
5	25	15	2.63305	-4.33966	-4.38085
5	25	25	2.91222	-4.56003	-4.47963
5	25	35	2.95863	-4.54199	-4.148
5	25	45	3.10058	-3.22725	-3.08318
5	25	55	4.01324	-3.34537	-4.05691
5	25	65	2.91604	-4.52635	-4.67185
5	25	75	3.03757	-5.15115	-5.51266
5	25	85	3.33357	-5.10293	-5.84443
5	35	5	3.09746	-3.82324	-3.64648
5	35	15	3.21704	-3.36402	-2.94283
5	35	25	3.01824	-4.11474	-3.89072
5	35	35	2.84625	-4.74897	-4.55776
5	35	45	3.29766	-3.67765	-4.33944
5	35	55	3.90596	-3.79675	-5.02997
5	35	65	3.45713	-5.06255	-5.6885
5	35	75	2.89784	-5.11933	-5.38449
5	35	85	3.43628	-5.02202	-5.54725
5	45	5	3.97231	-3.27367	-4.2629
5	45	15	3.71509	-3.9912	-4.37199
5	45	25	2.96588	-4.17866	-4.26304
5	45	35	2.8007	-4.40885	-4.61691
5	45	45	3.41717	-4.19636	-5.06167
5	45	55	2.96032	-4.55629	-4.96555
5	45	65	3.27424	-4.97823	-5.65987
5	45	75	2.86257	-5.10249	-5.3709
5	45	85	3.16553	-4.81165	-5.36611
5	55	5	5.64825	-4.35155	-5.28091
5	55	15	5.64782	-6.06143	-5.78948
5	55	25	4.13757	-5.5618	-4.82648
5	55	35	3.60194	-4.5922	-4.44229
5	55	45	3.30075	-4.09842	-4.3273
5	55	55	3.07874	-4.81753	-5.10525
5	55	65	3.73143	-5.21003	-5.78962
5	55	75	4.02349	-5.70091	-5.96924
5	55	85	4.74338	-5.4859	-5.91048
5	65	5	5.04206	-3.81496	-4.90094
5	65	15	5.00233	-5.48992	-6.53306
5	65	25	4.21428	-5.69692	-5.83448
5	65	35	4.00114	-4.89093	-5.41383
5	65	45	3.14878	-3.90564	-4.17936
5	65	55	2.95397	-4.91919	-4.75972
5	65	65	3.69104	-4.95112	-5.81113
5	65	75	3.53554	-5.34054	-5.84406
5	65	85	4.56877	-4.46333	-5.67841
5	75	5	4.17705	-4.26644	-4.77087
5	75	15	4.31504	-5.56256	-5.88096
5	75	25	4.45029	-5.73813	-6.30846
5	75	35	4.33237	-4.9157	-5.89049
5	75	45	3.41449	-4.10442	-3.92622
5	75	55	3.19367	-4.69402	-4.09664
5	75	65	3.73102	-5.70362	-5.28362
5	75	75	4.13346	-5.69521	-6.07765
5	75	85	3.84343	-4.94193	-5.39433
5	85	5	3.45267	-5.17285	-4.99365
5	85	15	3.45148	-5.37411	-5.67327
5	85	25	4.33585	-5.48994	-6.42908
5	85	35	3.95622	-5.22715	-5.49795
5	85	45	3.45801	-4.63831	-4.0861
5	85	55	3.28239	-4.10148	-3.45045
5	85	65	3.33702	-4.87399	-4.33119
5	85	75	4.13306	-5.77815	-5.99858
5	85	85	4.21584	-5.90218	-5.72618
15	5	5	2.91432	-3.88251	-3.52006
15	5	15	2.70545	-4.86706	-4.91267
15	5	25	3.54222	-5.19267	-6.00147
15	5	35	3.46229	-4.30295	-5.13101
15	5	45	2.56205	-3.11561	-3.12182
15	5	55	2.63677	-2.72385	-2.79824
15	5	65	2.81038	-3.36594	-3.22982
15	5	75	3.57676	-5.66951	-5.08461
15	5	85	3.07636	-3.68607	-3.28316
15	15	5	2.59749	-3.86608	-3.81968
15	15	15	2.57495	-5.04036	-5.05643
15	15	25	3.39281	-5.12215	-5.92197
15	15	35	2.75846	-4.76213	-4.88929
15	15	45	2.59602	-3.17381	-3.13839
15	15	55	3.01318	-2.97237	-2.75293
15	15	65	3.3617	-3.66207	-2.93864
15	15	75	3.15944	-5.30079	-4.93322
15	15	85	2.75823	-4.04793	-4.00314
15	25	5	2.61203	-4.96099	-5.0209
15	25	15	2.63105	-4.79926	-4.71923
15	25	25	2.85263	-4.76041	-4.7012
15	25	35	2.86467	-4.34204	-4.09329
15	25	45	2.79255	-3.18007	-3.09993
15	25	55	2.97283	-3.04925	-3.22977
15	25	65	2.65478	-3.53392	-3.55342
15	25	75	2.61687	-4.955	-5.01163
15	25	85	2.7341	-4.70404	-4.80265
15	35	5	3.13273	-4.74291	-4.32208
15	35	15	3.37224	-4.41165	-3.63044
15	35	25	3.47342	-4.34839	-4.10678
15	35	35	2.95027	-3.94879	-3.82402
15	35	45	2.93548	-3.62324	-3.92686
15	35	55	3.33292	-3.39644	-4.13867
15	35	65	2.75028	-4.8174	-5.01782
15	35	75	2.57269	-5.08878	-5.1495
15	35	85	2.77273	-5.06188	-5.12338
15	45	5	2.86589	-3.85124	-3.77731
15	45	15	2.82784	-4.68606	-4.56923
15	45	25	3.37024	-4.43523	-4.81681
15	45	35	2.80869	-4.10226	-4.26618
15	45	45	3.27565	-3.17092	-3.85394
15	45	55	2.87446	-3.75394	-4.03491
15	45	65	2.85175	-4.71464	-5.01544
15	45	75	2.81377	-5.11879	-5.36079
15	45	85	2.89424	-5.06519	-5.20357
15	55	5	3.23944	-3.74248	-4.29725
15	55	15	3.15808	-4.8674	-5.22196
15	55	25	3.19893	-5.11629	-5.3556
15	55	35	2.98006	-4.7429	-4.88668
15	55	45	3.19564	-3.40829	-3.69185
15	55	55	2.77428	-4.14473	-4.16637
15	55	65	3.11146	-4.71153	-5.15115
15	55	75	2.77545	-5.07917	-5.30356
15	55	85	2.83904	-4.86683	-5.10483
15	65	5	3.13234	-3.55211	-4.17331
15	65	15	3.87148	-5.00499	-6.24577
15	65	25	3.2367	-5.22802	-5.59275
15	65	35	3.2399	-4.93168	-5.17323
15	65	45	3.10109	-3.32384	-3.5459
15	65	55	2.59269	-4.45838	-4.41681
15	65	65	3.07188	-4.81479	-5.33397
15	65	75	2.97467	-5.09823	-5.5218
15	65	85	3.21589	-4.26202	-4.9268
15	75	5	2.91266	-3.82164	-4.16248
15	75	15	3.59143	-5.00265	-6.00186
15	75	25	2.91942	-5.11852	-5.40132
15	75	35	3.48107	-4.84151	-5.48591
15	75	45	2.99789	-3.60858	-3.33538
15	75	55	3.03187	-4.05488	-3.57571
15	75	65	3.31187	-5.13276	-4.7736
15	75	75	3.59184	-5.27623	-5.87704
15	75	85	3.01704	-4.1224	-4.50762
15	85	5	3.23187	-4.67084	-4.15089
15	85	15	4.11145	-5.73413	-5.65372
15	85	25	3.63461	-5.2568	-5.9804
15	85	35	3.86548	-4.90427	-5.85313
15	85	45	2.78801	-3.53546	-3.56203
15	85	55	3.06069	-3.26127	-2.75174
15	85	65	3.97745	-4.86588	-3.68351
15	85	75	4.27306	-6.15967	-5.67851
15	85	85	3.61343	-4.5227	-3.98351
25	5	5	2.85164	-2.9946	-2.69489
25	5	15	3.0531	-4.12346	-3.98143
25	5	25	3.33027	-5.29469	-5.68111
25	5	35	3.1891	-4.53076	-5.07039
25	5	45	2.56121	-3.30124	-3.29782
25	5	55	2.66275	-3.01905	-3.10989
25	5	65	2.61328	-4.15521	-4.13712
25	5	75	2.9841	-4.84389	-4.57165
25	5	85	2.9733	-3.12101	-2.74359
25	15	5	2.66377	-3.05636	-2.94526
25	15	15	2.57873	-4.29807	-4.27043
25	15	25	3.0356	-5.09761	-5.57947
25	15	35	3.00236	-4.42251	-4.83289
25	15	45	2.55458	-3.12536	-3.06864
25	15	55	2.59364	-2.96392	-3.00322
25	15	65	2.65416	-3.21665	-3.15521
25	15	75	2.73792	-3.94984	-3.88379
25	15	85	2.80276	-3.12781	-2.91849
25	25	5	2.55626	-4.32361	-4.3185
25	25	15	2.65442	-4.99978	-4.97641
25	25	25	2.97706	-5.04156	-5.34593
25	25	35	2.89034	-4.66203	-4.80134
25	25	45	2.61939	-3.21487	-3.18238
25	25	55	2.61099	-2.78116	-2.94175
25	25	65	2.61197	-3.09237	-3.07225
25	25	75	2.65358	-3.74005	-3.75832
25	25	85	2.57745	-3.30107	-3.27787
25	35	5	2.73204	-4.93414	-4.75335
25	35	15	3.33106	-5.27924	-4.61922
25	35	25	4.01462	-5.69559	-5.47678
25	35	35	3.52706	-3.9728	-3.06644
25	35	45	2.98301	-3.84485	-3.58957
25	35	55	2.70896	-3.13681	-3.2179
25	35	65	2.67071	-4.69662	-4.69664
25	35	75	2.3732	-5.07001	-5.11188
25	35	85	2.53409	-5.03964	-5.04184
25	45	5	2.81036	-4.74005	-4.47976
25	45	15	2.91344	-5.36725	-5.04483
25	45	25	3.72545	-5.06464	-5.61421
25	45	35	2.96789	-4.13018	-4.11735
25	45	45	2.83577	-2.76535	-2.78687
25	45	55	2.6409	-2.7981	-2.83509
25	45	65	2.65237	-4.36805	-4.38842
25	45	75	2.49196	-5.07686	-5.13685
25	45	85	2.56946	-4.84178	-4.86299
25	55	5	2.53297	-3.90126	-3.89924
25	55	15	2.57424	-4.97638	-4.99314
25	55	25	3.09309	-5.05186	-5.58978
25	55	35	2.76593	-4.82803	-4.99553
25	55	45	2.84413	-3.46407	-3.39126
25	55	55	2.79126	-3.1631	-3.00315
25	55	65	2.75234	-3.87553	-3.9151
25	55	75	2.69318	-4.71637	-4.77438
25	55	85	2.57345	-4.82399	-4.84558
25	65	5	2.55144	-3.3969	-3.41725
25	65	15	2.75149	-4.93399	-5.09431
25	65	25	2.93146	-5.15486	-5.41522
25	65	35	2.89546	-5.21827	-5.28265
25	65	45	2.81474	-3.55324	-3.53449
25	65	55	2.55395	-3.36623	-3.36581
25	65	65	2.77167	-4.18105	-4.40136
25	65	75	2.71174	-4.93321	-5.09356
25	65	85	2.63202	-4.08174	-4.16243
25	75	5	2.63185	-3.60524	-3.60606
25	75	15	2.83104	-4.71104	-4.95146
25	75	25	2.83262	-5.12011	-5.36011
25	75	35	2.85423	-4.92135	-5.22456
25	75	45	2.69348	-3.47416	-3.33662
25	75	55	2.81235	-3.5036	-3.24412
25	75	65	3.21167	-3.94836	-3.64896
25	75	75	3.01229	-5.17628	-5.19755
25	75	85	2.69426	-3.72197	-3.7052
25	85	5	3.77788	-4.18804	-3.0021
25	85	15	3.97463	-5.50002	-4.63643
25	85	25	3.63264	-5.82005	-5.46085
25	85	35	3.45264	-5.44151	-5.22314
25	85	45	2.6735	-3.77437	-3.73605
25	85	55	2.71396	-2.90577	-2.82711
25	85	65	2.87566	-3.5955	-3.35213
25	85	75	3.71869	-5.63826	-5.03232
25	85	85	3.87906	-4.34712	-3.14316
35	5	5	3.0778	-3.46797	-2.94205
35	5	15	3.20755	-4.17575	-3.64004
35	5	25	3.01585	-5.47074	-5.16835
35	5	35	2.72309	-4.97	-5.00606
35	5	45	2.68192	-3.72164	-3.80452
35	5	55	2.58962	-3.42071	-3.44564
35	5	65	2.67742	-4.97865	-4.93915
35	5	75	2.76703	-4.86051	-4.84795
35	5	85	2.89752	-3.47864	-3.17792
35	15	5	2.79311	-3.25525	-3.01569
35	15	15	2.95129	-3.87252	-3.75552
35	15	25	3.16329	-5.24547	-5.51885
35	15	35	2.76208	-4.18372	-4.31127
35	15	45	2.49607	-2.95018	-3.01413
35	15	55	2.5765	-3.18723	-3.27003
35	15	65	2.61639	-4.20464	-4.18108
35	15	75	2.75935	-3.78899	-3.82394
35	15	85	2.68117	-3.91713	-3.83267
35	25	5	2.58453	-3.36976	-3.33964
35	25	15	2.75712	-4.76413	-4.87975
35	25	25	3.07518	-5.08673	-5.62824
35	25	35	2.78199	-4.46199	-4.57283
35	25	45	2.47891	-3.12812	-3.09586
35	25	55	2.57519	-3.02497	-2.90581
35	25	65	2.59355	-3.26173	-3.26169
35	25	75	2.67317	-3.18442	-3.1631
35	25	85	2.59983	-3.14404	-3.1777
35	35	5	2.59264	-4.90644	-4.86623
35	35	15	2.8319	-4.84722	-5.08639
35	35	25	3.63747	-5.15954	-6.00437
35	35	35	3.56916	-4.02123	-3.79654
35	35	45	3.36739	-3.71367	-3.04518
35	35	55	3.19282	-3.9051	-3.38527
35	35	65	2.89387	-5.03967	-4.73848
35	35	75	2.57628	-5.00551	-5.06186
35	35	85	2.43807	-4.93732	-4.91685
35	45	5	2.64968	-4.62119	-4.52063
35	45	15	2.77223	-5.13627	-5.15507
35	45	25	3.45503	-5.07319	-5.65319
35	45	35	3.0723	-3.96071	-4.27474
35	45	45	2.81183	-2.88587	-2.77621
35	45	55	2.78197	-2.83804	-2.77295
35	45	65	2.65711	-4.10687	-4.20322
35	45	75	2.73628	-4.99642	-5.09438
35	45	85	2.6591	-4.70502	-4.60665
35	55	5	2.55882	-3.80457	-3.7969
35	55	15	2.65428	-4.97292	-5.06959
35	55	25	3.6559	-5.10418	-6.2017
35	55	35	3.20986	-5.05707	-5.71186
35	55	45	2.7245	-3.69996	-3.87013
35	55	55	2.6557	-2.65445	-2.63557
35	55	65	2.6581	-3.71929	-3.65866
35	55	75	2.6606	-4.7749	-4.86778
35	55	85	2.56696	-3.97062	-3.96758
35	65	5	2.53109	-3.3165	-3.31645
35	65	15	2.55109	-4.83804	-4.83799
35	65	25	3.11103	-5.09947	-5.65946
35	65	35	3.09865	-5.14101	-5.60861
35	65	45	2.55832	-3.99612	-4.00336
35	65	55	2.5736	-2.68574	-2.70809
35	65	65	2.57529	-3.05944	-3.04336
35	65	75	2.73254	-4.27689	-4.45642
35	65	85	2.55157	-3.67356	-3.67396
35	75	5	2.87106	-3.50166	-3.22165
35	75	15	2.89105	-4.72875	-4.42875
35	75	25	2.95143	-5.27829	-5.31868
35	75	35	2.69544	-5.1023	-5.20591
35	75	45	2.61386	-3.96157	-4.02441
35	75	55	2.59506	-2.72824	-2.73228
35	75	65	2.61767	-2.8673	-2.85392
35	75	75	2.79333	-3.78364	-3.62591
35	75	85	2.91191	-3.59868	-3.27953
35	85	5	4.56425	-4.76524	-2.79366
35	85	15	4.59903	-5.77931	-3.81131
35	85	25	3.81424	-6.19664	-5.25424
35	85	35	3.49466	-5.90279	-5.20483
35	85	45	3.05829	-4.77963	-4.36449
35	85	55	2.9227	-3.54708	-3.23797
35	85	65	3.13664	-4.40687	-3.94847
35	85	75	3.72168	-5.33819	-4.4912
35	85	85	4.22547	-4.55233	-2.96038
45	5	5	2.91683	-3.90376	-3.53882
45	5	15	3.61287	-4.51689	-3.49587
45	5	25	3.62468	-6.00707	-5.21744
45	5	35	3.32633	-5.4739	-5.30516
45	5	45	3.20275	-4.26925	-4.74576
45	5	55	2.75911	-4.19402	-4.34681
45	5	65	2.70989	-5.07124	-5.0959
45	5	75	2.83674	-5.2409	-5.08021
45	5	85	2.92674	-4.42107	-4.12783
45	15	5	2.95031	-3.84192	-3.48357
45	15	15	3.20253	-3.82949	-3.29969
45	15	25	2.99621	-5.33357	-5.2748
45	15	35	2.96168	-4.66794	-4.9462
45	15	45	3.14253	-3.1014	-3.68619
45	15	55	2.72728	-3.67771	-3.84645
45	15	65	2.72027	-5.05133	-5.05447
45	15	75	2.75994	-4.9823	-5.06245
45	15	85	2.65897	-4.62164	-4.55616
45	25	5	2.8207	-3.12412	-3.01795
45	25	15	2.73816	-4.22616	-4.32156
45	25	25	3.05906	-5.11508	-5.53751
45	25	35	2.81604	-4.32204	-4.50642
45	25	45	2.83868	-3.20349	-3.32985
45	25	55	2.71772	-3.54198	-3.4659
45	25	65	2.6738	-4.46561	-4.507
45	25	75	2.79408	-4.62423	-4.66525
45	25	85	2.83709	-4.31685	-4.15731
45	35	5	2.79545	-5.10407	-4.94582
45	35	15	2.75333	-4.90722	-4.9886
45	35	25	3.15628	-5.15441	-5.6396
45	35	35	3.04238	-4.32216	-4.61261
45	35	45	2.85753	-3.5493	-3.49329
45	35	55	2.87521	-3.82707	-3.62704
45	35	65	2.97268	-5.04172	-4.66168
45	35	75	2.85631	-5.24849	-5.06642
45	35	85	2.81807	-5.10491	-5.00705
45	45	5	3.02628	-4.91276	-4.43985
45	45	15	3.22078	-5.34494	-5.23944
45	45	25	3.56395	-5.203	-5.88298
45	45	35	3.43194	-4.22478	-4.73769
45	45	45	2.70152	-3.62924	-3.57724
45	45	55	2.67507	-2.82224	-2.78066
45	45	65	2.68027	-4.39533	-4.34689
45	45	75	2.88871	-5.22725	-5.19915
45	45	85	3.00332	-5.29731	-4.91504
45	55	5	2.55516	-3.67594	-3.67224
45	55	15	2.65403	-4.63335	-4.73045
45	55	25	3.4367	-5.10356	-5.98353
45	55	35	3.3303	-5.09864	-5.87709
45	55	45	2.69824	-4.23795	-4.38355
45	55	55	2.61346	-2.63562	-2.69484
45	55	65	2.63715	-3.67952	-3.75421
45	55	75	2.84261	-5.01083	-5.28484
45	55	85	2.63279	-4.04872	-4.03156
45	65	5	2.55206	-3.36025	-3.35924
45	65	15	2.61234	-4.33724	-4.39595
45	65	25	3.39226	-5.09982	-5.9402
45	65	35	3.14265	-5.10243	-5.69322
45	65	45	2.71603	-4.30113	-4.42608
45	65	55	2.71232	-2.63404	-2.79519
45	65	65	2.61277	-2.91198	-2.97347
45	65	75	2.87407	-4.31336	-4.63511
45	65	85	2.55616	-3.17644	-3.17936
45	75	5	3.21149	-3.79352	-3.13389
45	75	15	3.17109	-4.70678	-4.08675
45	75	25	3.33185	-5.49679	-5.47756
45	75	35	3.05502	-5.22239	-5.44559
45	75	45	2.71442	-4.48203	-4.56541
45	75	55	2.81587	-2.87993	-3.02476
45	75	65	2.59743	-3.21372	-3.22012
45	75	75	2.67519	-4.12127	-4.04447
45	75	85	2.99272	-3.56679	-3.12594
45	85	5	4.73226	-5.08559	-2.906
45	85	15	4.88863	-5.88163	-3.58404
45	85	25	4.55784	-6.89419	-5.28898
45	85	35	3.87385	-6.22277	-5.18398
45	85	45	3.15351	-5.02205	-4.82372
45	85	55	3.08304	-3.77965	-3.91083
45	85	65	3.0071	-5.17582	-4.94859
45	85	75	3.74208	-6.00425	-4.8999
45	85	85	4.26594	-5.26576	-3.5525
55	5	5	2.88727	-4.54682	-4.2115
55	5	15	3.5323	-5.09898	-4.19851
55	5	25	4.18449	-6.60393	-5.1721
55	5	35	3.75407	-6.10075	-5.10582
55	5	45	3.44094	-4.83059	-5.10101
55	5	55	3.44008	-4.42027	-4.97366
55	5	65	2.90655	-5.25951	-5.23919
55	5	75	2.74488	-5.22928	-5.11794
55	5	85	2.81136	-4.77621	-4.59839
55	15	5	2.71231	-4.00215	-3.8826
55	15	15	3.04782	-3.52705	-3.23128
55	15	25	3.00872	-5.36313	-5.23359
55	15	35	2.89745	-4.60175	-4.66769
55	15	45	3.59925	-3.10618	-4.10212
55	15	55	3.17201	-4.0162	-4.57206
55	15	65	2.74601	-5.13266	-5.18898
55	15	75	2.64777	-5.13479	-5.16213
55	15	85	2.6238	-4.69144	-4.66205
55	25	5	2.71675	-3.01351	-2.93362
55	25	15	2.77882	-3.65646	-3.74987
55	25	25	2.79729	-5.08804	-5.28779
55	25	35	2.96043	-4.08322	-4.48905
55	25	45	3.19854	-2.95463	-3.55696
55	25	55	2.924	-3.56514	-3.81176
55	25	65	2.88355	-5.07908	-5.2004
55	25	75	2.6554	-4.96203	-4.98108
55	25	85	2.75867	-4.70262	-4.54175
55	35	5	3.47888	-5.32615	-4.52548
55	35	15	3.51671	-5.46292	-5.02022
55	35	25	3.17755	-5.46524	-5.3285
55	35	35	3.22499	-4.62507	-4.65179
55	35	45	3.01713	-4.08612	-4.15125
55	35	55	2.71736	-4.04465	-4.0866
55	35	65	2.79377	-4.90906	-4.87051
55	35	75	3.1366	-5.33079	-5.05179
55	35	85	3.28316	-5.43511	-4.87796
55	45	5	3.1263	-4.68176	-4.29042
55	45	15	3.00811	-4.67415	-4.73905
55	45	25	3.24402	-5.24466	-5.64221
55	45	35	2.95647	-4.66475	-4.78448
55	45	45	2.67564	-4.08526	-4.16823
55	45	55	2.63193	-3.04777	-3.04786
55	45	65	2.71185	-4.57172	-4.5717
55	45	75	3.06669	-5.33885	-5.28244
55	45	85	3.14466	-5.2198	-4.93443
55	55	5	2.71294	-3.39314	-3.44399
55	55	15	2.92499	-3.8401	-4.11141
55	55	25	3.46194	-5.16445	-5.94476
55	55	35	3.03524	-5.10237	-5.54331
55	55	45	2.6342	-4.76202	-4.80279
55	55	55	2.57269	-2.95218	-2.97061
55	55	65	2.79468	-3.99843	-4.23481
55	55	75	3.30831	-5.05259	-5.79695
55	55	85	2.64267	-4.35333	-4.3797
55	65	5	2.61738	-3.14374	-3.08258
55	65	15	2.69483	-3.69593	-3.83476
55	65	25	3.49671	-5.09507	-6.03583
55	65	35	2.87277	-5.10331	-5.42246
55	65	45	2.61273	-4.64211	-4.66353
55	65	55	2.57194	-2.66523	-2.68517
55	65	65	2.69164	-3.43328	-3.5727
55	65	75	3.17649	-4.83375	-5.45868
55	65	85	2.58615	-3.52432	-3.51089
55	75	5	3.25617	-3.5881	-2.88407
55	75	15	3.61236	-4.60808	-3.62763
55	75	25	3.99148	-5.96677	-5.64713
55	75	35	3.1007	-5.40281	-5.35085
55	75	45	2.65287	-4.90247	-4.92346
55	75	55	2.65232	-2.82607	-2.88648
55	75	65	2.69183	-3.99349	-4.09268
55	75	75	2.83523	-4.80083	-4.91985
55	75	85	2.93701	-3.9514	-3.5671
55	85	5	4.27596	-5.30658	-3.58339
55	85	15	4.85991	-5.8315	-3.60272
55	85	25	4.80264	-7.15334	-5.26175
55	85	35	4.3031	-6.66438	-5.25157
55	85	45	3.3941	-5.36288	-5.00347
55	85	55	3.25188	-4.74929	-4.68925
55	85	65	3.11791	-5.41887	-5.22081
55	85	75	2.92736	-5.39898	-5.06511
55	85	85	3.73242	-5.6406	-4.50163
65	5	5	3.10796	-5.58398	-5.03217
65	5	15	3.57266	-5.65268	-4.63226
65	5	25	4.84688	-6.88543	-5.55294
65	5	35	4.32364	-6.70256	-5.11333
65	5	45	3.58377	-5.4539	-4.46212
65	5	55	3.07916	-4.80256	-4.71604
65	5	65	3.24135	-5.71568	-5.1494
65	5	75	3.07834	-5.56736	-5.16142
65	5	85	3.33015	-5.75622	-5.06466
65	15	5	2.78401	-4.48402	-4.29125
65	15	15	2.73234	-3.68464	-3.58512
65	15	25	3.11368	-5.4429	-5.28609
65	15	35	2.72269	-4.54458	-4.38994
65	15	45	2.70166	-3.42942	-3.4013
65	15	55	3.06116	-4.10016	-4.35082
65	15	65	2.7729	-5.24405	-5.14792
65	15	75	2.89415	-5.38161	-5.16437
65	15	85	2.70744	-4.93458	-4.8249
65	25	5	2.80914	-3.36514	-3.1586
65	25	15	2.96851	-3.29048	-3.28148
65	25	25	3.07008	-5.27246	-5.37183
65	25	35	2.73702	-3.92332	-3.94546
65	25	45	3.15342	-3.03031	-3.27055
65	25	55	2.85858	-3.6863	-3.94446
65	25	65	2.76269	-5.18915	-5.18187
65	25	75	2.66795	-5.13353	-5.18593
65	25	85	2.70895	-4.93641	-4.86552
65	35	5	3.56665	-4.9157	-3.96067
65	35	15	3.86689	-5.52324	-4.50826
65	35	25	3.73692	-5.8767	-5.45277
65	35	35	3.18331	-5.0074	-4.86749
65	35	45	3.18399	-4.20463	-4.55159
65	35	55	2.9382	-4.29955	-4.60451
65	35	65	2.65638	-4.88967	-4.95498
65	35	75	2.38196	-5.0407	-5.18919
65	35	85	2.99953	-4.98084	-4.82444
65	45	5	3.25781	-4.56791	-4.01049
65	45	15	3.57242	-4.98617	-4.4537
65	45	25	3.6348	-5.66167	-5.61246
65	45	35	3.09729	-5.187	-5.20262
65	45	45	2.84043	-4.7881	-4.91337
65	45	55	2.71657	-3.73815	-3.78283
65	45	65	2.79677	-4.70084	-4.7842
65	45	75	3.10789	-5.23738	-5.43022
65	45	85	3.04705	-5.20103	-5.05775
65	55	5	2.81453	-3.62971	-3.46515
65	55	15	3.00255	-3.37167	-3.4478
65	55	25	3.80492	-5.21404	-6.21898
65	55	35	2.86414	-5.22516	-5.29183
65	55	45	2.6408	-5.05526	-5.01539
65	55	55	2.57883	-3.32852	-3.34187
65	55	65	3.0575	-4.46458	-4.92219
65	55	75	3.29753	-5.09988	-5.78628
65	55	85	3.16338	-4.59474	-5.17974
65	65	5	2.94034	-3.16369	-3.03846
65	65	15	3.06133	-3.05636	-3.10745
65	65	25	3.72471	-5.10059	-6.18465
65	65	35	2.65201	-5.10442	-5.20054
65	65	45	2.59429	-4.88249	-4.84401
65	65	55	2.57319	-3.03615	-3.01566
65	65	65	3.11447	-4.02124	-4.54024
65	65	75	3.54214	-5.0806	-5.99031
65	65	85	3.00017	-3.97076	-4.16023
65	75	5	3.62618	-4.17912	-3.23604
65	75	15	3.91547	-4.50488	-3.46277
65	75	25	5.01522	-6.5156	-6.09634
65	75	35	3.20937	-5.62206	-5.12
65	75	45	2.69465	-5.00422	-4.90349
65	75	55	2.61403	-3.51464	-3.45325
65	75	65	2.83333	-4.59559	-4.8333
65	75	75	3.21708	-5.1123	-5.53106
65	75	85	3.43615	-5.11173	-4.48674
65	85	5	3.52705	-5.34516	-4.41352
65	85	15	4.36104	-5.867	-4.09836
65	85	25	5.03759	-7.11537	-5.51469
65	85	35	4.25451	-6.65428	-5.09268
65	85	45	3.54336	-5.89146	-4.98496
65	85	55	3.03853	-5.22474	-4.73725
65	85	65	3.02376	-5.42805	-5.11691
65	85	75	2.98928	-5.47559	-5.12158
65	85	85	3.20913	-5.54438	-4.94246
75	5	5	4.23786	-6.73055	-5.11286
75	5	15	4.34189	-6.61159	-5.11493
75	5	25	5.11931	-7.10256	-5.62883
75	5	35	4.68329	-7.06808	-5.22786
75	5	45	3.7094	-5.63835	-4.48089
75	5	55	3.06006	-4.04788	-3.61884
75	5	65	3.14407	-5.50171	-5.12083
75	5	75	3.90608	-6.05095	-5.50556
75	5	85	3.66981	-6.11068	-5.21129
75	15	5	3.30211	-5.52099	-4.83094
75	15	15	3.25193	-4.99722	-4.46487
75	15	25	3.77819	-5.71492	-5.65751
75	15	35	3.06735	-5.2137	-4.74547
75	15	45	2.68773	-3.2967	-3.24088
75	15	55	2.70611	-3.34271	-3.39005
75	15	65	2.82087	-5.24507	-5.04459
75	15	75	3.21415	-5.57556	-5.29107
75	15	85	3.29265	-5.65533	-5.17032
75	25	5	2.71878	-3.67887	-3.60095
75	25	15	2.9637	-3.37186	-3.25166
75	25	25	3.24798	-5.12216	-5.27657
75	25	35	2.85989	-3.92743	-3.74477
75	25	45	2.85619	-2.9327	-2.64773
75	25	55	2.80469	-3.47678	-3.47049
75	25	65	2.7636	-5.12484	-5.20655
75	25	75	2.74092	-5.12304	-5.27026
75	25	85	2.61777	-4.9633	-4.90751
75	35	5	2.92617	-3.31924	-3.36879
75	35	15	3.61676	-4.06787	-3.92318
75	35	25	3.60149	-5.82841	-5.18515
75	35	35	2.94179	-5.14585	-4.88742
75	35	45	2.96037	-4.32321	-4.1998
75	35	55	2.76412	-4.20031	-4.20636
75	35	65	2.80528	-5.0545	-5.26583
75	35	75	2.48682	-5.10163	-5.21736
75	35	85	2.80137	-4.74283	-4.93158
75	45	5	3.75341	-3.85766	-3.69587
75	45	15	4.30543	-4.00397	-4.34765
75	45	25	3.24547	-5.4321	-5.35667
75	45	35	3.27347	-5.18559	-5.45973
75	45	45	3.02582	-4.95367	-5.10599
75	45	55	3.07904	-4.34246	-4.38803
75	45	65	3.3984	-5.34678	-5.47095
75	45	75	3.07508	-5.29901	-5.37985
75	45	85	3.56223	-5.0832	-5.09559
75	55	5	3.26581	-3.64929	-3.38075
75	55	15	4.27899	-3.90241	-3.90307
75	55	25	4.07866	-5.4446	-6.01141
75	55	35	3.15866	-5.24273	-5.36872
75	55	45	2.92837	-5.18009	-5.31413
75	55	55	2.82279	-4.07814	-4.26187
75	55	65	3.36043	-4.88003	-5.55649
75	55	75	3.66117	-5.20374	-6.1112
75	55	85	3.32019	-4.41612	-5.11526
75	65	5	3.49545	-3.52449	-2.96318
75	65	15	3.47772	-3.32432	-3.33901
75	65	25	4.20956	-4.92768	-6.25822
75	65	35	2.88526	-4.78819	-4.94963
75	65	45	2.59037	-4.99245	-5.01098
75	65	55	2.76256	-3.46902	-3.46214
75	65	65	3.4835	-4.53644	-5.2489
75	65	75	3.59992	-5.18369	-6.00282
75	65	85	3.21083	-4.32395	-4.61865
75	75	5	4.08688	-5.15768	-3.69181
75	75	15	4.68662	-5.22997	-3.98189
75	75	25	4.94524	-6.42304	-5.88425
75	75	35	3.85195	-5.94236	-4.8808
75	75	45	3.22031	-5.64936	-5.06401
75	75	55	3.08336	-4.48787	-4.07813
75	75	65	3.44698	-5.13545	-5.2811
75	75	75	4.11346	-5.63681	-6.00559
75	75	85	3.96013	-5.46747	-5.26323
75	85	5	3.37684	-5.69424	-4.98585
75	85	15	4.39309	-6.40199	-4.80688
75	85	25	5.50953	-7.0173	-5.87328
75	85	35	4.33238	-6.79039	-5.15393
75	85	45	3.63758	-6.06689	-5.06134
75	85	55	3.16472	-5.23094	-4.61804
75	85	65	3.03798	-5.41561	-5.16945
75	85	75	3.46975	-5.50655	-5.59511
75	85	85	3.18453	-5.35125	-5.3218
85	5	5	3.39106	-5.66641	-5.17442
85	5	15	3.94193	-6.127	-5.461
85	5	25	4.00478	-5.92501	-5.71609
85	5	35	3.69081	-6.13391	-5.04452
85	5	45	4.18489	-6.09545	-4.50168
85	5	55	3.38432	-3.7937	-3.00043
85	5	65	3.42707	-5.20597	-4.69479
85	5	75	4.41075	-5.85939	-6.2023
85	5	85	4.17745	-5.77264	-6.01745
85	15	5	2.96993	-5.0257	-5.31727
85	15	15	3.05715	-5.10364	-5.32562
85	15	25	3.17429	-5.3814	-5.36059
85	15	35	3.13763	-5.58543	-5.04444
85	15	45	2.83928	-3.78975	-3.50176
85	15	55	3.10872	-3.08325	-3.13366
85	15	65	3.29148	-4.9303	-4.67331
85	15	75	3.30757	-5.37174	-5.5854
85	15	85	3.34623	-5.14874	-5.81049
85	25	5	2.80516	-4.06088	-4.23495
85	25	15	2.93473	-3.59602	-3.69971
85	25	25	3.01427	-4.54841	-4.49006
85	25	35	2.91665	-4.10425	-3.78348
85	25	45	2.82214	-3.00451	-2.83547
85	25	55	3.58423	-3.42313	-3.83809
85	25	65	3.20309	-5.11196	-5.39166
85	25	75	3.04969	-5.18354	-5.51552
85	25	85	3.07916	-5.08406	-5.60816
85	35	5	3.00312	-3.11845	-3.28973
85	35	15	3.03954	-2.87554	-2.95523
85	35	25	2.97449	-4.67012	-4.55756
85	35	35	2.80295	-5.04395	-4.80201
85	35	45	2.9431	-4.02114	-3.99821
85	35	55	2.97053	-3.93515	-4.23027
85	35	65	3.04046	-5.10859	-5.47552
85	35	75	2.88549	-5.16161	-5.37524
85	35	85	2.79722	-4.96244	-5.12783
85	45	5	4.32686	-3.60371	-3.87901
85	45	15	4.3182	-3.63004	-4.22339
85	45	25	3.04413	-4.77412	-4.8975
85	45	35	2.72038	-4.92048	-5.04814
85	45	45	3.08125	-4.91764	-5.36544
85	45	55	3.28361	-4.56394	-5.13092
85	45	65	3.53999	-5.14276	-5.73009
85	45	75	3.35222	-5.42426	-5.57826
85	45	85	3.73566	-4.94806	-4.99824
85	55	5	5.13118	-4.41944	-4.74394
85	55	15	5.67007	-5.34678	-5.17924
85	55	25	4.26638	-5.16639	-5.28092
85	55	35	3.42904	-4.38095	-4.85895
85	55	45	3.21075	-5.21923	-5.23896
85	55	55	3.36015	-5.07626	-4.84456
85	55	65	4.13389	-5.46246	-6.12446
85	55	75	3.79162	-5.6003	-5.8397
85	55	85	4.41022	-5.36587	-5.73643
85	65	5	5.10216	-4.34131	-4.22507
85	65	15	4.95554	-4.72637	-5.04446
85	65	25	4.48386	-5.21278	-5.96161
85	65	35	3.66092	-4.50449	-4.96398
85	65	45	3.00098	-4.76244	-5.0876
85	65	55	3.06388	-4.54718	-4.32802
85	65	65	4.04351	-5.31272	-5.70114
85	65	75	4.0163	-5.85395	-5.80387
85	65	85	4.55235	-5.12353	-5.4415
85	75	5	4.65999	-5.23691	-4.19772
85	75	15	4.6335	-5.71069	-5.08266
85	75	25	4.87229	-5.92664	-6.38937
85	75	35	3.5615	-4.99851	-4.88251
85	75	45	3.1134	-4.95966	-4.6308
85	75	55	2.97737	-4.78244	-4.60319
85	75	65	3.91663	-5.53201	-5.568
85	75	75	4.74148	-6.41656	-5.95096
85	75	85	4.8831	-6.37543	-5.1994
85	85	5	3.19353	-5.36768	-5.10126
85	85	15	3.54994	-5.58643	-5.35877
85	85	25	4.72307	-6.19882	-5.99475
85	85	35	3.69984	-5.96955	-5.01754
85	85	45	3.94814	-5.86762	-4.59996
85	85	55	3.48709	-4.87644	-4.02051
85	85	65	3.28342	-5.27234	-5.10074
85	85	75	4.02107	-5.44361	-6.21685
85	85	85	3.81185	-5.59202	-5.83042
