5	5	5	0.648368	-0.100912	-0.039592
5	5	15	0.084352	-0.369128	3.44289
5	5	25	0.01928	-0.259208	0.035512
5	5	35	0.548024	0.643944	-3.49618
5	5	45	-0.192	0.060904	-2.37832
5	5	55	0.085656	-0.171888	1.53028
5	5	65	0.713944	0.242344	4.2941
5	5	75	0.024384	0.321144	-0.130208
5	5	85	-0.143168	0.258864	-3.45817
5	15	5	-0.237912	-4.03952	-0.180904
5	15	15	0.701968	-4.38942	2.52508
5	15	25	0.312784	-0.757977	-0.544816
5	15	35	-0.083256	4.22499	-3.48755
5	15	45	0.176936	3.59078	-1.69605
5	15	55	0.059184	3.54594	1.53257
5	15	65	-0.135584	3.37554	3.12724
5	15	75	0.198376	-0.119609	0.178
5	15	85	-0.06364	-3.58971	-2.20749
5	25	5	0.135608	-3.73566	-0.198456
5	25	15	0.1456	-4.21292	1.94459
5	25	25	-0.602856	-1.83642	1.61008
5	25	35	-0.454304	2.61009	-2.19327
5	25	45	0.042248	4.15497	-1.337
5	25	55	0.215968	4.11483	1.12629
5	25	65	0.1456	3.25571	1.95014
5	25	75	-0.403992	-1.72105	-1.86118
5	25	85	-0.267208	-3.93088	-1.50708
5	35	5	-0.201304	-3.59357	-0.074712
5	35	15	0.05992	-4.44654	1.83215
5	35	25	-0.168032	-2.1759	2.3015
5	35	35	-0.265552	2.95942	-2.30549
5	35	45	-0.000368	3.45355	-0.973248
5	35	55	0.058688	3.00955	0.717552
5	35	65	-0.728888	2.85062	2.04985
5	35	75	-0.309296	-1.51769	-1.55318
5	35	85	0.279528	-5.41566	-2.36335
5	45	5	-0.097624	-2.2932	0.332336
5	45	15	-0.085264	-2.9599	3.46718
5	45	25	0.0476	-1.33347	3.90962
5	45	35	-0.277896	3.0397	-3.3095
5	45	45	0.180896	3.43439	-2.28163
5	45	55	-0.572504	3.43263	2.64231
5	45	65	0.376392	2.00493	3.17734
5	45	75	-0.454	-1.23834	-2.91621
5	45	85	0.353256	-2.81901	-3.16458
5	55	5	-0.404112	2.0176	-0.026656
5	55	15	-0.1184	3.30393	3.47923
5	55	25	0.314392	1.88795	2.97889
5	55	35	0.345664	-2.45594	-2.96576
5	55	45	0.04048	-3.76912	-3.05802
5	55	55	0.293208	-4.25949	2.3774
5	55	65	0.096744	-2.57211	2.87898
5	55	75	0.484032	1.09277	-2.91797
5	55	85	-0.403512	2.86112	-3.69282
5	65	5	0.073144	3.49845	0.181688
5	65	15	0.311672	5.15173	2.42738
5	65	25	0.761984	2.69034	1.75668
5	65	35	0.243688	-2.75706	-1.80345
5	65	45	-0.392768	-3.37023	-1.10002
5	65	55	0.023216	-2.80914	1.1045
5	65	65	0.086208	-2.93225	2.34901
5	65	75	-0.149928	1.96489	-1.74478
5	65	85	-0.34132	5.32344	-2.83082
5	75	5	-0.454024	3.93171	-0.16064
5	75	15	-0.53844	3.69723	1.69028
5	75	25	0.440776	1.25203	0.628792
5	75	35	0.151464	-2.9897	-2.53257
5	75	45	-0.362536	-3.91331	-1.30702
5	75	55	-0.822352	-3.35287	0.869104
5	75	65	-0.157248	-3.61265	2.02978
5	75	75	-0.258456	1.70405	-1.00583
5	75	85	0.081656	3.91304	-2.04512
5	85	5	0.42364	4.12116	-0.076384
5	85	15	-0.117232	3.67057	2.20499
5	85	25	0.19804	0.754017	-0.153552
5	85	35	-0.341456	-3.73706	-3.50413
5	85	45	-0.556472	-3.57462	-1.83939
5	85	55	-0.0726	-3.83208	1.97002
5	85	65	0.143696	-3.84087	3.52777
5	85	75	-0.39392	0.776081	0.128024
5	85	85	0.236432	3.50895	-2.02947
15	5	5	3.95648	0.333208	-0.123176
15	5	15	4.36961	-0.016784	2.2507
15	5	25	2.16	0.2848	0.220584
15	5	35	-4.10272	-0.054864	-2.9444
15	5	45	-4.61324	0.00356	-1.87628
15	5	55	-4.24006	-0.234768	1.72358
15	5	65	-5.11287	-0.101176	2.98848
15	5	75	2.02725	-0.462672	-0.568144
15	5	85	4.32898	-0.10436	-2.53564
15	15	5	1.23111	-2.00534	-0.184048
15	15	15	1.11534	-1.37439	0.6412
15	15	25	0.485431	0.419241	-0.66076
15	15	35	-1.10561	1.61717	-1.23526
15	15	45	-2.17628	1.42532	-0.82172
15	15	55	-1.85981	1.10626	0.461072
15	15	65	-1.74641	1.60431	1.51234
15	15	75	0.868775	0.073545	0.204712
15	15	85	1.10718	-1.5336	-0.679736
15	25	5	-0.023111	-1.2197	-0.061576
15	25	15	0.383831	-1.16575	0.218944
15	25	25	1.08223	-0.365531	0.280072
15	25	35	0.66262	0.990071	-0.228384
15	25	45	-0.153441	1.1283	-0.373984
15	25	55	-0.031729	1.02331	0.129104
15	25	65	0.503084	0.856567	0.43568
15	25	75	0.565298	-0.518283	-0.254496
15	25	85	0.341935	-1.27872	-0.12108
15	35	5	-0.86837	-1.49064	0.094144
15	35	15	-1.02908	-1.7757	0.829768
15	35	25	0.576892	-1.26421	1.01094
15	35	35	0.686621	0.794155	-0.225184
15	35	45	0.871424	1.41896	-0.430696
15	35	55	0.537024	1.47223	-0.082168
15	35	65	0.933453	0.953315	0.4876
15	35	75	0.692828	-1.44371	-0.468528
15	35	85	-0.402228	-1.92933	-0.782584
15	45	5	-3.14639	-0.451461	0.267984
15	45	15	-4.24797	-1.27286	1.96387
15	45	25	-1.02217	-1.6132	1.79294
15	45	35	3.78528	0.446227	-1.4607
15	45	45	3.22861	1.615	-1.59238
15	45	55	2.54992	1.27654	1.05105
15	45	65	3.42896	0.245091	1.39138
15	45	75	-1.17937	-0.0548598	-1.43862
15	45	85	-4.5135	-1.00106	-2.21701
15	55	5	-3.05562	0.855413	0.235104
15	55	15	-4.38631	1.58837	2.6271
15	55	25	-1.67053	1.2976	2.28923
15	55	35	4.40338	-0.366251	-1.33722
15	55	45	2.99119	-1.311	-1.75678
15	55	55	3.14397	-1.19128	1.25115
15	55	65	3.31614	-0.401107	0.830184
15	55	75	-1.24892	0.497092	-1.58694
15	55	85	-3.89479	1.29839	-1.66818
15	65	5	-0.754602	1.48724	-0.325088
15	65	15	-0.840348	2.18978	0.936896
15	65	25	0.338028	1.60697	0.970568
15	65	35	0.711797	-0.432147	0.153544
15	65	45	0.660968	-1.26619	-0.241144
15	65	55	0.555328	-1.17739	0.236592
15	65	65	0.990317	-0.873379	0.224832
15	65	75	1.19999	0.534586	-0.141728
15	65	85	-1.24354	1.5317	-0.635888
15	75	5	0.142169	1.28846	-0.062704
15	75	15	0.311423	1.41979	-0.08584
15	75	25	1.50853	0.719819	-0.405184
15	75	35	0.440332	-0.946407	-0.050864
15	75	45	-0.404617	-0.963385	-0.111576
15	75	55	-0.307417	-1.17713	0.299088
15	75	65	0.538756	-1.05605	0.134392
15	75	75	1.06783	0.669483	-0.208104
15	75	85	0.344343	1.60499	-0.36496
15	85	5	1.23752	1.77454	0.057544
15	85	15	1.96084	2.07621	1.09239
15	85	25	1.39383	0.238335	0.164048
15	85	35	-1.80496	-1.58641	-0.844312
15	85	45	-2.458	-1.76978	-0.762656
15	85	55	-2.0567	-1.26853	0.903368
15	85	65	-2.12284	-1.48392	1.58605
15	85	75	1.28633	0.181671	0.299152
15	85	85	1.61321	1.43515	-1.28638
25	5	5	4.20395	-0.253936	-0.088144
25	5	15	5.06731	0.476808	2.3491
25	5	25	1.44057	0.60924	0.45252
25	5	35	-4.71298	-0.164048	-2.25094
25	5	45	-5.01859	-0.090728	-1.50949
25	5	55	-5.23673	-0.101904	1.63384
25	5	65	-4.5039	-0.144368	1.60109
25	5	75	1.97735	0.144408	-0.850176
25	5	85	5.45074	-0.441168	-2.66605
25	15	5	1.10643	0.067847	-0.177968
25	15	15	1.17901	0.405953	0.158568
25	15	25	0.672163	0.927822	0.3976
25	15	35	-1.73065	1.0858	-0.48056
25	15	45	-1.58726	0.603025	-0.174744
25	15	55	-2.03034	0.861697	0.297616
25	15	65	-1.62745	0.787076	0.489992
25	15	75	0.440315	1.06478	-0.100496
25	15	85	1.52292	0.639785	-0.376688
25	25	5	-0.0180179	-0.188886	-0.120504
25	25	15	-0.0449171	-0.125371	-0.300864
25	25	25	-0.0451814	0.0139654	0.062856
25	25	35	0.133689	0.014871	0.136192
25	25	45	-0.0286454	-0.0720266	0.17664
25	25	55	-0.107917	0.105037	-0.036992
25	25	65	-0.306711	0.020479	-0.275688
25	25	75	-0.0447494	0.134605	0.078616
25	25	85	-0.0215811	-0.0293949	0.298488
25	35	5	-0.40748	-0.0519642	0.161208
25	35	15	-0.444047	-0.61793	0.030056
25	35	25	-0.369471	-0.617939	0.0298
25	35	35	0.26714	-0.375906	0.257528
25	35	45	0.474261	0.0351555	0.183808
25	35	55	0.395933	0.0736835	-0.073624
25	35	65	0.2435	-0.40749	-0.077448
25	35	75	-0.048159	-0.614635	-0.023512
25	35	85	-0.376223	-0.510866	0.132568
25	45	5	-3.45867	-0.408941	-0.235192
25	45	15	-3.96025	-1.15196	1.70397
25	45	25	-1.88806	-0.751049	0.461448
25	45	35	4.10325	-0.866605	-1.34036
25	45	45	3.91577	-0.0905955	-1.03346
25	45	55	3.17304	-0.0702115	0.807552
25	45	65	3.82685	-0.786509	1.75046
25	45	75	-1.98366	-0.970161	-1.32816
25	45	85	-4.64033	-0.971068	-1.88713
25	55	5	-3.45543	0.551741	0.575616
25	55	15	-4.1837	0.84834	1.91469
25	55	25	-1.58848	0.361849	0.597032
25	55	35	4.13444	0.183717	-1.13787
25	55	45	3.9311	0.146612	-1.3959
25	55	55	4.00744	0.517372	0.956672
25	55	65	3.86814	1.06937	1.45207
25	55	75	-1.84605	0.928673	-0.698184
25	55	85	-3.99269	0.66258	-1.3045
25	65	5	-0.370568	0.0201962	0.238712
25	65	15	-0.868423	0.577298	-0.128624
25	65	25	0.048865	0.695923	-0.0278
25	65	35	0.92786	0.21453	0.015216
25	65	45	0.336981	0.0887165	0.173
25	65	55	0.497461	0.140772	-0.034576
25	65	65	0.505556	0.469602	-0.015032
25	65	75	0.072833	0.755779	0.055424
25	65	85	-0.603647	0.394714	0.309056
25	75	5	0.0603341	0.0878701	-0.100144
25	75	15	-0.0468211	0.0470029	-0.324456
25	75	25	0.151243	-0.0930774	0.020904
25	75	35	0.014953	-0.037279	0.257256
25	75	45	-0.128653	-0.0626534	0.11592
25	75	55	-0.128245	-0.0418934	-0.279792
25	75	65	0.029249	-0.078063	-0.255568
25	75	75	0.0748506	0.0225706	0.017528
25	75	85	-0.0211411	0.0258029	0.122056
25	85	5	1.67677	-0.151039	0.04072
25	85	15	1.97692	0.041111	0.495664
25	85	25	0.181107	-0.598806	-0.199792
25	85	35	-1.71223	-0.747084	-0.496912
25	85	45	-1.73073	-0.502545	-0.237944
25	85	55	-2.05627	-0.698545	0.317576
25	85	65	-1.43314	-0.88826	0.564984
25	85	75	0.739187	-1.42808	-0.284528
25	85	85	1.85601	-0.536825	-0.833088
35	5	5	4.06773	0.05564	0.190304
35	5	15	5.39874	0.180752	1.96152
35	5	25	2.1757	0.08528	1.45258
35	5	35	-4.75193	-0.143632	-1.42451
35	5	45	-5.12319	0.081944	-1.60031
35	5	55	-4.65521	0.256296	1.81718
35	5	65	-5.23784	0.339624	1.98568
35	5	75	1.84333	-0.104504	-0.742544
35	5	85	5.46195	0.168376	-2.62157
35	15	5	1.76229	0.85737	0.423536
35	15	15	1.96331	1.28615	0.655512
35	15	25	0.284802	1.21518	0.074976
35	15	35	-1.70599	0.360827	-0.3492
35	15	45	-1.77807	-0.793792	-0.117024
35	15	55	-1.27373	-0.783328	0.222144
35	15	65	-2.34401	-0.0527814	0.685776
35	15	75	0.286042	0.621548	-0.096576
35	15	85	2.24739	1.23237	-0.57028
35	25	5	-0.0642998	0.4008	-0.095176
35	25	15	-0.104478	0.336575	-0.153528
35	25	25	-0.729797	0.026207	0.16572
35	25	35	-0.670846	-0.47334	-0.127472
35	25	45	-0.0147715	-0.326069	0.148648
35	25	55	-0.0129075	-0.350021	-0.208928
35	25	65	-0.390838	-0.409556	-0.227624
35	25	75	-0.912605	0.183727	0.455952
35	25	85	-0.0826704	0.469823	0.113472
35	35	5	-0.287515	0.539995	-0.12036
35	35	15	-0.682403	0.210387	-0.466272
35	35	25	-0.825678	-0.531266	-0.167008
35	35	35	0.320738	-1.0403	0.025488
35	35	45	0.619097	-0.479209	0.136232
35	35	55	0.684625	-0.393217	0.177128
35	35	65	0.311602	-0.461618	-0.020384
35	35	75	-1.03176	-0.268538	0.197064
35	35	85	-0.631203	0.415651	0.411592
35	45	5	-3.10183	0.41647	0.097632
35	45	15	-4.02253	-0.396837	1.7363
35	45	25	-1.97972	-1.34897	0.320456
35	45	35	3.5953	-1.13374	-1.43626
35	45	45	3.45485	-0.453445	-0.987712
35	45	55	3.65297	-0.534317	1.39866
35	45	65	3.21651	-0.852023	1.3698
35	45	75	-2.43151	-0.468477	-0.933672
35	45	85	-4.04319	-0.396405	-1.35984
35	55	5	-3.28042	-0.74307	-0.035944
35	55	15	-4.3165	-0.0891709	1.32552
35	55	25	-2.56374	0.131437	0.562456
35	55	35	3.78735	0.650807	-2.05986
35	55	45	3.40363	0.598773	-1.42898
35	55	55	3.60233	0.886221	1.01279
35	55	65	3.8618	0.827927	1.65914
35	55	75	-1.62331	-0.0342826	-0.184016
35	55	85	-4.48094	-0.513243	-1.79678
35	65	5	-0.489923	-0.643595	-0.09876
35	65	15	-0.666403	-0.611667	0.214224
35	65	25	-0.832478	0.284482	-0.379016
35	65	35	0.649194	0.763994	-0.15844
35	65	45	0.866233	0.572905	-0.251208
35	65	55	0.991905	0.557745	-0.122248
35	65	65	0.327538	0.842826	0.137192
35	65	75	-1.19092	0.528162	0.101104
35	65	85	-0.751539	-0.457195	0.125648
35	75	5	0.260084	-0.202008	0.019152
35	75	15	-0.0033504	-0.196095	-0.351896
35	75	25	-0.710901	0.303193	-0.344504
35	75	35	-0.470958	0.111236	-0.088984
35	75	45	-0.233308	0.459653	0.034928
35	75	55	-0.198164	0.182477	0.004368
35	75	65	-0.610806	0.19122	-0.013128
35	75	75	-0.826957	0.140289	0.516752
35	75	85	-0.147662	-0.251911	0.252416
35	85	5	1.84127	-0.782642	-0.165928
35	85	15	2.28448	-1.43744	0.533
35	85	25	0.265538	-0.565988	0.01976
35	85	35	-2.05843	0.129957	-0.580976
35	85	45	-1.4876	0.493344	0.0302
35	85	55	-1.66602	0.690128	0.562952
35	85	65	-1.70599	-0.131283	0.350512
35	85	75	0.0652176	-0.841524	0.072224
35	85	85	2.06261	-1.00753	-0.423
45	5	5	3.09484	-0.021296	-0.139464
45	5	15	4.14853	-0.42392	4.09102
45	5	25	1.80633	0.435672	4.23139
45	5	35	-2.19179	-0.391536	-1.05054
45	5	45	-2.05749	-0.359112	-1.72379
45	5	55	-1.60815	0.619576	1.62306
45	5	65	-3.08515	0.259712	1.94027
45	5	75	2.26615	-0.403992	-3.85106
45	5	85	4.31045	0.313064	-4.19083
45	15	5	0.926989	2.2048	0.444272
45	15	15	1.42578	3.25812	2.53929
45	15	25	0.460396	1.62764	1.9131
45	15	35	-1.71615	-1.53425	-1.20925
45	15	45	-1.30073	-2.87774	-1.30911
45	15	55	-0.606644	-2.54258	1.24279
45	15	65	-1.12998	-2.31035	1.4197
45	15	75	0.217684	1.93003	-2.02853
45	15	85	2.12861	3.16377	-2.14869
45	25	5	0.0239571	2.81642	0.101104
45	25	15	0.0776118	3.11335	1.60063
45	25	25	-0.989839	1.32636	1.22532
45	25	35	-0.546667	-2.56171	-2.07212
45	25	45	-0.625908	-3.63799	-0.81068
45	25	55	-0.425452	-3.46137	1.13038
45	25	65	-0.647443	-3.29256	1.4895
45	25	75	-1.29836	1.20749	-1.53366
45	25	85	-0.581964	3.44448	-1.23736
45	35	5	-0.297422	2.75467	0.017504
45	35	15	-0.765867	2.83034	1.41235
45	35	25	-0.987803	1.07536	0.25388
45	35	35	-0.553433	-3.30937	-1.96833
45	35	45	0.616717	-3.13026	-1.07246
45	35	55	0.875413	-3.57391	0.991112
45	35	65	0.699719	-3.46212	2.95694
45	35	75	-1.75371	0.561228	0.20268
45	35	85	-0.728363	2.60623	-1.14902
45	45	5	-1.63494	2.60691	-0.019176
45	45	15	-1.51198	2.41856	2.80747
45	45	25	-0.944724	0.644004	-0.32636
45	45	35	2.43961	-2.82295	-3.93699
45	45	45	2.47229	-1.75401	-1.58785
45	45	55	2.68786	-1.47173	1.89637
45	45	65	2.91893	-2.52189	3.85742
45	45	75	-1.3423	0.851108	0.463464
45	45	85	-1.70622	2.26964	-3.11853
45	55	5	-1.97783	-3.31582	0.199968
45	55	15	-2.78424	-2.80903	2.46942
45	55	25	-1.28632	-0.00916448	0.155392
45	55	35	2.68901	2.25661	-3.08025
45	55	45	1.92297	2.19673	-2.02754
45	55	55	3.10088	2.0479	1.74635
45	55	65	2.74298	2.10589	4.21425
45	55	75	-1.90469	-0.14606	0.270416
45	55	85	-2.04827	-2.87363	-2.75218
45	65	5	-0.768638	-2.93583	-0.164824
45	65	15	-0.681059	-3.10951	1.02484
45	65	25	-0.377819	-0.765188	-0.7152
45	65	35	0.524183	3.9669	-3.27176
45	65	45	0.405645	3.67096	-1.53596
45	65	55	0.771437	3.16225	1.32551
45	65	65	0.394967	3.66074	2.18294
45	65	75	-1.27472	-1.07896	-0.269064
45	65	85	-0.442371	-2.66785	-1.20942
45	75	5	-0.277291	-3.22044	0.097864
45	75	15	0.201948	-3.45334	1.60758
45	75	25	-1.20692	0.336675	-0.150184
45	75	35	-0.865083	3.02886	-2.20765
45	75	45	-0.18302	3.07451	-1.01947
45	75	55	0.0400275	2.85913	0.862408
45	75	65	-0.577059	3.22752	1.56099
45	75	75	-1.62946	-1.01021	-0.553576
45	75	85	0.302828	-3.32928	-1.34014
45	85	5	1.29413	-2.32613	0.247376
45	85	15	1.365	-3.47573	2.09017
45	85	25	-0.363212	-1.66036	1.69146
45	85	35	-1.17448	2.23511	-1.85247
45	85	45	-1.21938	3.15922	-1.42994
45	85	55	-1.0394	3.04583	1.01243
45	85	65	-1.28096	2.61717	1.42418
45	85	75	-0.11682	-1.75889	-1.65053
45	85	85	2.16116	-3.17695	-1.98785
55	5	5	-2.29812	-0.03836	0.017288
55	5	15	-3.98889	0.281496	3.85941
55	5	25	-2.43009	-0.807952	4.23946
55	5	35	3.21839	0.64912	-1.97924
55	5	45	2.30663	0.58204	-1.65632
55	5	55	2.03183	0.343984	1.46755
55	5	65	2.79681	-0.20284	2.01142
55	5	75	-2.41779	0.296368	-3.90177
55	5	85	-4.03395	-0.197328	-3.90998
55	15	5	-1.40649	2.16828	0.019744
55	15	15	-2.03762	3.27271	2.49339
55	15	25	0.307668	1.16969	1.93458
55	15	35	1.40702	-1.95953	-1.39733
55	15	45	1.39048	-3.39888	-1.13438
55	15	55	1.70529	-2.95488	1.41471
55	15	65	2.37031	-2.31155	1.48095
55	15	75	0.203988	1.77675	-1.75699
55	15	85	-1.41538	3.23631	-2.36314
55	25	5	0.0240109	2.68043	0.096376
55	25	15	0.50842	3.51031	1.31546
55	25	25	2.1051	1.10461	0.19728
55	25	35	0.736851	-2.76493	-2.04066
55	25	45	0.12082	-3.25032	-0.877176
55	25	55	1.08036	-2.94244	0.847056
55	25	65	0.734339	-3.1581	1.37443
55	25	75	1.91136	0.728189	-0.752328
55	25	85	0.117476	3.6489	-1.09118
55	35	5	0.421526	2.95386	-0.0848
55	35	15	0.792115	3.00584	1.30829
55	35	25	1.19181	0.3773	-0.199504
55	35	35	0.078801	-3.54485	-2.64317
55	35	45	-0.744301	-3.29739	-1.23357
55	35	55	-0.992933	-2.92299	1.00744
55	35	65	-0.406095	-4.16883	2.6173
55	35	75	1.09066	0.0996915	0.409808
55	35	85	0.862683	3.31863	-1.60135
55	45	5	2.17124	2.95743	-0.127328
55	45	15	1.79898	2.3049	2.76863
55	45	25	1.46153	0.541668	-0.121112
55	45	35	-2.92653	-2.11914	-3.66506
55	45	45	-2.75242	-1.84954	-2.05037
55	45	55	-2.65182	-1.70933	1.50709
55	45	65	-2.42419	-1.97433	2.81771
55	45	75	1.16979	-0.162844	0.991728
55	45	85	1.78301	2.88741	-2.47181
55	55	5	1.37331	-2.84019	0.079528
55	55	15	1.93903	-2.4454	1.83227
55	55	25	1.59433	-0.307132	0.201728
55	55	35	-3.37733	2.84666	-2.87541
55	55	45	-2.82028	1.70918	-1.92754
55	55	55	-2.21989	2.13436	1.4559
55	55	65	-2.57761	2.14221	2.91026
55	55	75	1.26103	-0.451252	0.81836
55	55	85	1.68448	-2.26799	-2.59999
55	65	5	0.347382	-3.11681	0.025032
55	65	15	0.852219	-3.60867	1.07824
55	65	25	1.38105	-0.400324	-0.69756
55	65	35	-1.06733	3.24133	-2.42464
55	65	45	-1.24177	3.0093	-1.01273
55	65	55	-0.430589	3.01738	0.630648
55	65	65	-0.305727	3.67785	2.0321
55	65	75	1.90383	-1.47813	-0.067896
55	65	85	0.419939	-3.30699	-1.16419
55	75	5	0.129523	-2.98647	0.080632
55	75	15	0.270308	-3.45775	1.43619
55	75	25	1.71949	-0.821165	0.831752
55	75	35	0.235619	3.10386	-2.17885
55	75	45	-0.0872515	2.60267	-0.972344
55	75	55	0.40418	2.67277	1.06545
55	75	65	0.912315	2.76098	1.46576
55	75	75	1.10901	-0.491125	-0.427744
55	75	85	0.483452	-3.56964	-1.62449
55	85	5	-0.827717	-2.50402	0.254152
55	85	15	-1.90002	-3.41747	2.33204
55	85	25	0.286468	-1.53437	2.24661
55	85	35	1.16702	2.27126	-1.27381
55	85	45	0.841844	3.20724	-1.57038
55	85	55	1.2666	3.68207	1.30917
55	85	65	1.7815	2.59167	1.05982
55	85	75	0.11998	-2.36958	-2.58102
55	85	85	-1.14175	-3.52342	-1.9899
65	5	5	-4.60826	0.066408	-0.63964
65	5	15	-4.5875	-0.49924	1.89153
65	5	25	-2.1021	-0.160736	1.61146
65	5	35	4.95516	0.559184	-1.32494
65	5	45	4.92405	-0.0928	-1.63558
65	5	55	4.75869	-0.201208	1.77427
65	5	65	4.50099	-0.282832	1.61404
65	5	75	-1.43096	-0.403104	-0.743328
65	5	85	-5.02948	-0.152472	-2.56752
65	15	5	-1.5396	0.719002	-0.156088
65	15	15	-1.98411	0.988124	0.852992
65	15	25	0.0022144	0.879916	0.072808
65	15	35	1.75865	0.174179	-0.358
65	15	45	1.8104	-0.429072	-0.557504
65	15	55	1.71778	-0.57824	0.3964
65	15	65	2.31876	-0.0706534	1.14007
65	15	75	0.47835	0.503548	-0.3274
65	15	85	-1.98335	1.21649	-0.465
65	25	5	0.0590278	0.280304	-0.001488
65	25	15	0.147414	0.191575	-0.252288
65	25	25	1.01685	0.224527	-0.218232
65	25	35	0.752054	-0.377676	-0.030472
65	25	45	0.154596	-0.343637	-0.005952
65	25	55	0.214796	-0.300869	-0.156936
65	25	65	0.191734	-0.490012	-0.007856
65	25	75	0.667029	-0.00127296	0.278464
65	25	85	-0.117906	0.252639	0.36876
65	35	5	0.753787	0.775795	-0.118776
65	35	15	0.848715	0.831963	-0.144312
65	35	25	0.907286	-0.34925	-0.294608
65	35	35	-0.20925	-0.919682	-0.116848
65	35	45	-0.608225	-0.517161	-0.074736
65	35	55	-0.540713	-0.175129	-0.109328
65	35	65	0.0552461	-0.565586	0.038792
65	35	75	0.654446	-0.0681136	-0.022096
65	35	85	0.667723	0.225235	0.109184
65	45	5	3.13023	0.148974	-0.418376
65	45	15	3.78761	0.238107	1.34706
65	45	25	2.12376	-0.388485	0.30448
65	45	35	-3.82618	-1.19606	-1.66054
65	45	45	-3.09293	-0.554949	-0.633544
65	45	55	-3.35215	-1.01819	1.20689
65	45	65	-3.78061	-0.886007	1.55433
65	45	75	2.0974	-0.674541	-0.525992
65	45	85	4.10507	0.102787	-1.16927
65	55	5	2.82933	-0.557446	0.142416
65	55	15	4.21625	-0.201947	1.4791
65	55	25	2.08828	0.501413	0.568552
65	55	35	-3.62497	0.546095	-1.75857
65	55	45	-2.93652	0.555501	-1.03363
65	55	55	-3.4721	0.550949	1.06865
65	55	65	-3.66166	1.3535	1.86145
65	55	75	2.4474	0.604149	-1.04517
65	55	85	4.20535	-0.130707	-1.3432
65	65	5	0.415059	-0.357659	0.018768
65	65	15	0.965939	-1.01274	-0.144648
65	65	25	0.868126	0.206178	0.076936
65	65	35	-0.337034	0.567146	0.20088
65	65	45	-0.787465	0.515281	-0.154744
65	65	55	-0.757545	0.773289	-0.091032
65	65	65	-0.591858	0.786042	-0.261136
65	65	75	0.830462	0.35449	0.42348
65	65	85	0.567563	-0.325635	0.14752
65	75	5	-0.0797322	-0.2782	0.136832
65	75	15	0.138134	-0.480303	-0.103936
65	75	25	1.07541	-0.082903	0.08648
65	75	35	0.632054	0.372924	0.189552
65	75	45	0.11346	0.401717	0.134288
65	75	55	-0.0443245	0.402805	-0.116496
65	75	65	0.390374	-0.147668	-0.35112
65	75	75	0.871773	0.00117696	0.133192
65	75	85	0.382174	-0.315439	0.213264
65	85	5	-1.8161	-0.959242	0.150928
65	85	15	-1.8695	-1.29609	0.755112
65	85	25	-0.0612176	-0.823132	-0.004536
65	85	35	2.03832	-0.0857546	-0.338392
65	85	45	1.28994	0.406184	0.001696
65	85	55	1.70892	0.646616	0.11636
65	85	65	2.05448	-0.310507	0.356928
65	85	75	-0.0596416	-1.12432	-0.269776
65	85	85	-2.06303	-1.09642	-0.768656
75	5	5	-4.5205	-0.02768	0.281528
75	5	15	-5.69888	0.075968	2.13517
75	5	25	-1.47909	-0.06996	0.649384
75	5	35	4.50218	-0.364344	-2.05862
75	5	45	4.73407	0.155928	-1.1586
75	5	55	4.85708	-0.516296	1.55507
75	5	65	4.90983	0.02212	1.67871
75	5	75	-1.19275	0.477872	0.014312
75	5	85	-5.16514	0.15324	-1.78107
75	15	5	-1.26761	-0.032377	-0.0972
75	15	15	-1.84329	0.576481	0.272624
75	15	25	-0.439819	0.683654	-0.038296
75	15	35	1.7604	1.25707	-0.185392
75	15	45	1.54994	0.343129	-0.221896
75	15	55	1.86709	0.906289	0.160736
75	15	65	1.47688	1.18176	0.424856
75	15	75	-0.355179	0.862422	-0.121304
75	15	85	-1.81526	0.016537	-0.395424
75	25	5	-0.0843021	-0.15187	-0.016448
75	25	15	0.0207731	-0.0258349	-0.357096
75	25	25	0.0627654	-0.262059	-0.001944
75	25	35	-0.212065	-0.019993	0.27776
75	25	45	0.110357	-0.0605066	0.258192
75	25	55	0.111845	0.0255574	-0.177344
75	25	65	0.083791	-0.00282496	-0.115376
75	25	75	-0.0391386	0.0355334	-0.158904
75	25	85	-0.0411629	-0.0670029	0.354352
75	35	5	0.465992	-0.0149242	-0.11668
75	35	15	0.422871	-0.231378	-0.411912
75	35	25	0.195127	-0.556691	0.148168
75	35	35	-0.545508	-0.614394	0.178776
75	35	45	-0.393861	-0.145588	0.175672
75	35	55	-0.233965	-0.223228	-0.133288
75	35	65	-0.628292	-0.591954	-0.052648
75	35	75	0.170239	-0.735835	-0.06176
75	35	85	0.664671	-0.677682	0.10884
75	45	5	3.25303	0.173579	0.200456
75	45	15	4.07262	-0.308964	1.68405
75	45	25	1.25153	-0.827529	0.15568
75	45	35	-3.91415	-0.255357	-1.7767
75	45	45	-3.92865	0.102812	-1.18322
75	45	55	-4.10285	0.109892	1.51876
75	45	65	-3.85969	-0.546589	1.59058
75	45	75	1.54323	-1.54425	-0.3898
75	45	85	4.59336	-1.0471	-2.21999
75	55	5	3.79384	0.685821	0.119152
75	55	15	4.6759	1.14912	1.30278
75	55	25	1.41292	0.903505	0.184264
75	55	35	-3.75454	0.781333	-1.07784
75	55	45	-4.04545	0.00497952	-1.41315
75	55	55	-3.89053	0.369932	1.09479
75	55	65	-4.1358	0.932573	1.99253
75	55	75	1.28845	0.388337	-0.162968
75	55	85	4.37543	0.80746	-2.17433
75	65	5	0.304112	0.135596	-0.04212
75	65	15	0.401663	0.193914	-0.01268
75	65	25	0.190239	0.556235	0.026424
75	65	35	-0.282316	0.252442	0.318768
75	65	45	-0.378701	0.00354848	0.051576
75	65	55	-0.276077	0.125172	-0.118512
75	65	65	-0.685116	0.53161	-0.218392
75	65	75	-0.154433	0.873947	-0.099856
75	65	85	0.530967	0.216066	0.20696
75	75	5	-0.161238	0.153462	0.218808
75	75	15	0.00210912	-0.0313811	-0.319208
75	75	25	0.123629	-0.00040544	-0.12292
75	75	35	-0.135313	0.125073	0.158864
75	75	45	0.0106454	-0.0394774	0.05932
75	75	55	0.106349	-0.0416214	-0.181896
75	75	65	0.166735	-0.062527	-0.51572
75	75	75	-0.158123	0.0633546	0.00396
75	75	85	-0.0755389	0.0244429	0.240976
75	85	5	-1.12807	0.131073	-0.281544
75	85	15	-1.39581	-0.543729	-0.045376
75	85	25	0.166637	-1.18017	-0.200712
75	85	35	1.91825	-1.0582	-0.748032
75	85	45	1.72786	-0.419089	-0.264336
75	85	55	1.64286	-0.566745	0.214632
75	85	65	1.93939	-1.36547	0.522024
75	85	75	-0.483979	-0.642486	0.014624
75	85	85	-1.28358	-0.715305	-0.194144
85	5	5	-3.75388	-0.053648	0.07188
85	5	15	-4.44454	0.148448	2.69249
85	5	25	-2.22404	-0.638008	0.34172
85	5	35	5.2168	0.174744	-2.78165
85	5	45	4.27094	-0.198824	-1.73151
85	5	55	4.23571	-0.204344	1.71671
85	5	65	4.32404	-0.355144	2.6797
85	5	75	-2.17363	-0.543288	-0.792096
85	5	85	-4.48729	0.258368	-2.02294
85	15	5	-1.1938	-1.95954	0.064736
85	15	15	-1.39403	-1.47233	0.866216
85	15	25	-0.891135	-0.630015	-0.186344
85	15	35	1.54277	1.36076	-0.668824
85	15	45	2.23395	1.10893	-0.280576
85	15	55	2.14588	1.3577	0.602648
85	15	65	2.00202	1.39954	1.18872
85	15	75	-1.0467	-0.438087	0.302728
85	15	85	-1.58473	-1.82317	-0.812464
85	25	5	-0.245409	-1.3046	-0.006008
85	25	15	-0.219495	-1.33065	0.38416
85	25	25	-0.902138	-0.751955	0.428952
85	25	35	-0.942748	0.990055	-0.069944
85	25	45	0.432281	1.29023	-0.253616
85	25	55	0.229873	1.3211	0.270184
85	25	65	-0.519876	1.15726	0.471712
85	25	75	-1.42211	-0.617083	-0.392464
85	25	85	-0.345143	-0.925071	-0.102368
85	35	5	0.56477	-1.18511	-0.119944
85	35	15	0.649596	-1.63738	0.169736
85	35	25	-0.900836	-1.38505	1.21265
85	35	35	-1.16913	1.01819	-0.183256
85	35	45	-0.537808	1.62014	-0.62788
85	35	55	-0.862544	1.817	0.521536
85	35	65	-0.932661	0.788987	-0.020336
85	35	75	-0.771996	-1.03263	-0.33468
85	35	85	0.716724	-2.31405	-0.731696
85	45	5	3.12036	-1.1859	-0.18636
85	45	15	3.97118	-1.00842	2.13421
85	45	25	2.05333	-0.753052	2.5321
85	45	35	-4.02367	1.12694	-1.19479
85	45	45	-3.18973	1.47337	-1.52592
85	45	55	-2.78989	1.57336	1.39121
85	45	65	-3.19369	0.419475	1.1589
85	45	75	1.3734	-0.533972	-1.48021
85	45	85	4.02351	-1.45151	-2.25502
85	55	5	3.00765	0.691061	-0.143928
85	55	15	3.55079	1.61518	2.13482
85	55	25	1.52888	1.24352	1.76606
85	55	35	-4.05887	-0.984203	-1.23755
85	55	45	-2.75421	-1.33302	-1.53802
85	55	55	-2.7096	-1.25092	1.55105
85	55	65	-3.80288	-0.595147	1.48615
85	55	75	1.48254	0.37874	-1.75859
85	55	85	4.07518	0.880793	-2.41057
85	65	5	0.628706	0.828557	0.097
85	65	15	0.960372	1.64949	0.624104
85	65	25	-0.877956	1.2382	0.49584
85	65	35	-1.21468	-1.27691	-0.489256
85	65	45	-0.73512	-1.61899	-0.420192
85	65	55	-0.589944	-1.68227	0.359032
85	65	65	-0.668301	-0.933371	0.788976
85	65	75	-0.756852	0.834842	-0.742104
85	65	85	0.96306	1.95407	-0.431384
85	75	5	-0.377705	1.23968	0.25628
85	75	15	-0.680567	1.25627	0.2358
85	75	25	-1.32851	0.537139	0.73612
85	75	35	-0.482372	-0.881303	-0.509584
85	75	45	0.270161	-1.02546	-0.438808
85	75	55	-0.352887	-1.22512	0.095288
85	75	65	-0.423228	-1.48567	0.621696
85	75	75	-1.45184	0.694707	-0.207336
85	75	85	-0.545119	1.68076	-0.15536
85	85	5	-1.12744	1.56269	0.00528
85	85	15	-1.57367	1.678	0.870192
85	85	25	-1.2031	0.016887	-0.219416
85	85	35	2.03135	-1.50323	-1.19407
85	85	45	1.97509	-1.30893	-0.781048
85	85	55	2.19521	-1.52574	0.688336
85	85	65	1.41796	-1.58232	1.2244
85	85	75	-1.27077	0.285263	-0.685632
85	85	85	-1.13478	1.71598	-0.627672
