5	5	5	4.06663	-0.204484	-4.06279
5	5	15	4.2448	-0.441506	-4.24478
5	5	25	1.81389	-1.91582	-6.08402
5	5	35	0.913456	-1.96301	-4.57721
5	5	45	0.58445	-1.24813	-2.94392
5	5	55	1.78751	0.343943	-2.2354
5	5	65	4.12218	-0.473108	-3.58481
5	5	75	5.19116	-0.756432	-4.30578
5	5	85	4.76479	-1.67925	-4.61746
5	15	5	2.84773	-1.14126	-3.85068
5	15	15	2.6465	0.495436	-3.10055
5	15	25	-0.421304	-0.250948	-4.85525
5	15	35	-1.77252	-1.65523	-3.83684
5	15	45	0.0176647	-0.473099	-1.77457
5	15	55	1.13795	0.349768	-1.71042
5	15	65	3.16314	-1.11463	-2.83292
5	15	75	3.9783	-2.13368	-3.11125
5	15	85	2.40984	-2.75244	-4.30168
5	25	5	0.422766	-2.13467	-3.62154
5	25	15	0.867308	0.446874	-2.47971
5	25	25	-1.67474	0.479865	-3.90728
5	25	35	-2.41695	-0.664417	-2.96838
5	25	45	-0.0613916	-0.0201716	-1.14205
5	25	55	0.430118	-0.281788	-0.939477
5	25	65	2.09252	-1.67226	-1.95609
5	25	75	3.4308	-2.5613	-3.10597
5	25	85	2.7667	-2.42857	-4.14171
5	35	5	1.28104	-5.50493	-4.37095
5	35	15	-2.22366	-4.23952	-5.26156
5	35	25	-3.74748	-3.39927	-4.69493
5	35	35	-3.24762	-3.81951	-3.25915
5	35	45	0.482205	-4.22275	-2.14718
5	35	55	0.356777	-2.42722	-0.912836
5	35	65	0.366791	-3.41639	-1.30868
5	35	75	4.96095	-5.20345	-4.20011
5	35	85	4.73249	-5.84895	-4.36848
5	45	5	3.31523	-6.23571	-3.88795
5	45	15	2.01748	-5.17059	-4.69408
5	45	25	-1.13025	-6.12863	-4.94915
5	45	35	-2.67697	-6.92313	-4.63829
5	45	45	1.59104	-7.51589	-4.85374
5	45	55	1.64619	-6.41452	-4.38272
5	45	65	2.35545	-6.27257	-3.63146
5	45	75	5.30148	-7.38279	-4.95388
5	45	85	5.09664	-8.06182	-4.65738
5	55	5	2.08614	-2.72538	-2.48904
5	55	15	2.22238	-3.48752	-3.62542
5	55	25	1.5492	-5.21429	-5.25267
5	55	35	0.213397	-5.1672	-4.89733
5	55	45	1.06966	-5.2325	-4.9132
5	55	55	2.34131	-5.1104	-5.01599
5	55	65	2.51	-4.76372	-4.37306
5	55	75	3.82977	-4.64635	-3.31399
5	55	85	3.34157	-3.97519	-3.05095
5	65	5	2.40137	-1.05378	-2.32923
5	65	15	2.17782	-3.46958	-3.67121
5	65	25	0.709521	-4.93393	-4.9709
5	65	35	1.30695	-5.12056	-5.20065
5	65	45	1.45063	-4.47296	-4.55202
5	65	55	1.65477	-3.36438	-3.41476
5	65	65	2.39819	-3.50775	-3.1712
5	65	75	3.65003	-3.33466	-2.70253
5	65	85	2.80414	-2.41153	-2.64613
5	75	5	4.88017	-0.833206	-4.89797
5	75	15	3.30023	-2.52527	-4.19807
5	75	25	1.23556	-4.91401	-5.16635
5	75	35	1.55771	-4.56451	-4.91406
5	75	45	1.50807	-2.82385	-3.34857
5	75	55	1.27805	-1.30047	-1.38264
5	75	65	2.15353	-1.78236	-1.81794
5	75	75	3.7705	-2.59677	-3.09418
5	75	85	4.25366	-1.88917	-4.0931
5	85	5	4.9025	-1.99031	-4.84074
5	85	15	4.65724	-2.37191	-4.97717
5	85	25	2.87638	-4.39987	-5.95454
5	85	35	2.28191	-3.81719	-5.18419
5	85	45	1.44942	-1.7499	-2.95098
5	85	55	1.90533	-0.898708	-2.2068
5	85	65	3.54944	-1.16529	-3.15218
5	85	75	4.72012	-1.79728	-3.91408
5	85	85	5.05471	-2.52194	-4.87235
15	5	5	4.10403	-0.573697	-3.91812
15	5	15	2.47531	-0.186105	-2.57324
15	5	25	-1.32664	-2.22825	-3.42784
15	5	35	-1.25751	-2.62362	-4.36997
15	5	45	0.846681	-2.68081	-3.103
15	5	55	1.48257	-2.12151	-2.97227
15	5	65	3.09274	-1.49583	-3.82685
15	5	75	3.70501	-1.16375	-3.66596
15	5	85	4.01049	-1.42586	-3.66489
15	15	5	3.69295	0.0603232	-3.53853
15	15	15	1.84017	1.16789	-2.03841
15	15	25	-1.18465	-1.70985	-3.50337
15	15	35	-0.592643	-1.38533	-5.73795
15	15	45	-0.110395	-2.32037	-3.10222
15	15	55	1.25901	-1.14002	-3.59795
15	15	65	3.82461	-2.09474	-4.6599
15	15	75	4.16428	-1.36967	-3.95967
15	15	85	4.20281	-0.642908	-3.67274
15	25	5	2.22578	-0.466454	-2.75926
15	25	15	1.44267	0.750244	-2.08796
15	25	25	-0.959211	-1.02608	-3.95816
15	25	35	-0.876551	-0.96863	-5.42843
15	25	45	-0.690549	-0.457985	-1.87375
15	25	55	0.351298	-0.565554	-1.55335
15	25	65	3.23404	-3.19808	-4.68807
15	25	75	3.11103	-2.08653	-3.34806
15	25	85	2.96301	-1.53283	-2.65597
15	35	5	2.91273	-4.43421	-2.45323
15	35	15	0.436623	-3.11614	-4.20183
15	35	25	-0.722591	-2.07217	-3.45021
15	35	35	0.197878	-1.80203	-2.99579
15	35	45	2.40178	-3.74473	-2.76491
15	35	55	2.88879	-3.97105	-1.71901
15	35	65	2.73507	-3.93597	-2.17444
15	35	75	4.08851	-5.45553	-3.91311
15	35	85	4.30518	-5.60351	-2.76263
15	45	5	3.28225	-7.33893	-3.11614
15	45	15	3.3094	-5.66413	-3.41889
15	45	25	-0.585391	-5.87081	-3.90514
15	45	35	-0.394262	-5.82458	-3.61658
15	45	45	3.45402	-6.61087	-4.99027
15	45	55	4.51753	-7.45434	-4.85432
15	45	65	4.57957	-7.78612	-4.39196
15	45	75	4.64615	-9.50341	-4.54995
15	45	85	4.0761	-9.63426	-4.06955
15	55	5	3.04974	-3.44243	-2.74982
15	55	15	3.02651	-3.37897	-2.80757
15	55	25	0.582609	-4.32045	-4.00505
15	55	35	0.600819	-4.93957	-4.52238
15	55	45	2.05237	-5.32102	-5.05606
15	55	55	3.08554	-5.74516	-5.08246
15	55	65	3.157	-5.74361	-4.98668
15	55	75	3.48987	-6.44534	-4.85355
15	55	85	3.56551	-5.77901	-3.79339
15	65	5	2.42254	-2.47179	-2.34481
15	65	15	2.11274	-2.7792	-2.59806
15	65	25	0.00100853	-3.5468	-3.48195
15	65	35	1.28815	-4.75788	-4.88856
15	65	45	2.25387	-4.93477	-5.14107
15	65	55	1.70188	-4.39231	-4.40045
15	65	65	2.31874	-4.83292	-5.02064
15	65	75	2.28093	-4.0261	-4.11567
15	65	85	2.85437	-3.46602	-3.25796
15	75	5	2.97469	-2.3985	-2.97564
15	75	15	1.95004	-2.59073	-2.5868
15	75	25	-0.575692	-3.27827	-3.35369
15	75	35	0.466954	-4.51081	-4.89113
15	75	45	1.64391	-4.3756	-4.43776
15	75	55	0.587219	-2.43856	-2.53719
15	75	65	1.85119	-4.10162	-4.32281
15	75	75	2.45522	-3.25608	-3.49968
15	75	85	2.68493	-2.72745	-2.82806
15	85	5	3.85485	-2.39436	-3.77423
15	85	15	2.73122	-2.16846	-2.91017
15	85	25	-0.729878	-2.73056	-3.03284
15	85	35	-0.0409861	-3.85784	-4.26227
15	85	45	0.742995	-2.36088	-2.46839
15	85	55	1.04776	-1.79869	-2.00128
15	85	65	1.68082	-2.42183	-2.9927
15	85	75	2.4675	-2.18795	-2.75668
15	85	85	2.50521	-1.9952	-2.48563
25	5	5	1.16796	-0.701534	-1.20711
25	5	15	0.682021	-0.253184	-0.637649
25	5	25	0.769675	-3.62908	-4.17477
25	5	35	0.25141	-4.87524	-6.7274
25	5	45	1.33305	-2.95766	-3.60873
25	5	55	2.5818	-3.66803	-4.34145
25	5	65	0.906054	-3.96202	-6.55253
25	5	75	1.65545	-3.20484	-5.32291
25	5	85	1.64544	-2.30757	-2.80756
25	15	5	2.30238	-0.481827	-2.04762
25	15	15	0.900086	-0.0906537	-0.641711
25	15	25	1.02949	-2.15911	-2.97337
25	15	35	1.13859	-3.32023	-7.52329
25	15	45	2.30173	-2.17233	-5.39905
25	15	55	2.88718	-3.93966	-5.28143
25	15	65	3.23162	-3.3494	-7.06197
25	15	75	3.61651	-2.51329	-5.80221
25	15	85	3.243	-1.39551	-3.4333
25	25	5	3.0572	-0.376828	-2.60451
25	25	15	1.56219	0.0376928	-1.56199
25	25	25	2.06885	-1.2194	-3.01015
25	25	35	3.22752	-2.28295	-6.83716
25	25	45	1.41148	-1.93179	-4.97235
25	25	55	1.35072	-2.72996	-4.38591
25	25	65	4.12266	-4.22724	-6.25531
25	25	75	3.71119	-3.52526	-5.73323
25	25	85	2.92982	-1.74823	-3.49982
25	35	5	3.92548	-3.57181	-2.10989
25	35	15	2.71336	-1.15157	-2.18571
25	35	25	2.8568	-0.707878	-2.81735
25	35	35	3.49716	-1.24724	-3.7275
25	35	45	2.87154	-3.1777	-3.80628
25	35	55	3.45716	-4.90898	-3.40367
25	35	65	4.16913	-6.62166	-4.88533
25	35	75	4.15828	-6.78029	-5.64347
25	35	85	4.14921	-5.41968	-3.87106
25	45	5	4.32976	-6.08965	-3.37611
25	45	15	4.03134	-4.49964	-2.40814
25	45	25	3.66863	-3.54737	-1.89932
25	45	35	3.18701	-3.48184	-3.00907
25	45	45	3.277	-5.36477	-4.82415
25	45	55	3.22026	-7.13098	-5.08259
25	45	65	0.795173	-8.99823	-5.22399
25	45	75	0.16489	-9.15562	-5.3598
25	45	85	3.05773	-7.66597	-4.19711
25	55	5	3.34357	-4.35066	-3.38154
25	55	15	2.95749	-3.08468	-2.64465
25	55	25	2.94067	-3.59224	-2.02956
25	55	35	2.76209	-4.58357	-4.04989
25	55	45	2.90472	-5.5276	-5.09573
25	55	55	3.10345	-5.75013	-5.35114
25	55	65	2.29374	-7.34898	-5.18492
25	55	75	3.87717	-8.21498	-5.60858
25	55	85	4.31374	-7.46592	-5.02044
25	65	5	2.50948	-2.83438	-2.71994
25	65	15	1.73522	-1.96388	-1.7148
25	65	25	1.75787	-2.80635	-2.54408
25	65	35	2.01113	-4.71453	-4.61961
25	65	45	1.9029	-5.03451	-5.19982
25	65	55	2.29072	-4.93147	-5.14647
25	65	65	2.50461	-5.20448	-5.53183
25	65	75	2.3234	-5.12719	-6.03501
25	65	85	2.75121	-4.57751	-4.71808
25	75	5	0.65218	-2.32782	-1.78461
25	75	15	0.233484	-2.03617	-1.14033
25	75	25	1.10178	-3.85255	-3.51357
25	75	35	1.14283	-4.58924	-4.64346
25	75	45	1.43898	-4.78378	-5.12186
25	75	55	1.88095	-4.6247	-4.9222
25	75	65	2.11316	-4.92494	-5.49971
25	75	75	1.69708	-4.77054	-5.60519
25	75	85	0.879484	-3.67726	-3.66024
25	85	5	-0.435167	-2.0814	-1.37839
25	85	15	-0.402087	-1.40571	-0.43575
25	85	25	0.851901	-3.84358	-3.82158
25	85	35	1.50889	-4.99901	-5.24993
25	85	45	1.1457	-4.50021	-4.80651
25	85	55	1.60975	-3.61275	-3.99975
25	85	65	1.19452	-4.6042	-5.3319
25	85	75	0.721275	-4.11485	-4.88924
25	85	85	-0.242829	-2.55433	-2.34377
35	5	5	-0.230921	-3.45484	-2.25645
35	5	15	-0.0858165	-1.82703	-0.643812
35	5	25	1.40642	-3.85382	-3.88348
35	5	35	1.40096	-4.851	-5.91427
35	5	45	1.53745	-3.68155	-4.64713
35	5	55	2.20747	-3.6898	-4.69382
35	5	65	-0.756702	-4.62447	-6.95036
35	5	75	-0.541631	-5.07849	-6.79254
35	5	85	-0.56408	-4.95338	-4.37558
35	15	5	1.84693	-2.1182	-2.4056
35	15	15	1.28992	-0.891216	-0.720374
35	15	25	2.00802	-2.03121	-2.1017
35	15	35	2.12985	-3.38241	-4.62663
35	15	45	3.4539	-0.708893	-5.393
35	15	55	3.68728	-2.65761	-5.74391
35	15	65	2.15949	-3.47195	-7.50484
35	15	75	1.78738	-5.01382	-7.61737
35	15	85	2.74663	-4.07572	-4.8563
35	25	5	3.08276	-1.63937	-3.12635
35	25	15	2.50529	-1.23128	-1.72569
35	25	25	2.64557	-1.72153	-2.33199
35	25	35	3.2476	-2.01854	-3.50806
35	25	45	4.7738	-1.48724	-6.2163
35	25	55	4.54061	-3.53845	-6.87897
35	25	65	4.48807	-2.65843	-6.93186
35	25	75	3.88058	-3.41716	-6.90782
35	25	85	4.09226	-3.06952	-4.70369
35	35	5	3.58641	-2.5463	-2.43907
35	35	15	3.66803	-1.36831	-2.62018
35	35	25	4.42181	-1.70205	-3.94207
35	35	35	4.53691	-2.65678	-4.38411
35	35	45	4.37475	-2.5335	-4.69351
35	35	55	4.13067	-3.83887	-5.19178
35	35	65	5.28081	-3.37908	-8.89317
35	35	75	5.5873	-4.41107	-8.57894
35	35	85	4.74463	-4.6813	-5.46502
35	45	5	3.68149	-3.63188	-2.89688
35	45	15	4.26047	-2.82047	-2.83986
35	45	25	5.26019	-2.86556	-2.98393
35	45	35	6.13874	-3.90516	-4.51327
35	45	45	3.63714	-3.92587	-4.52355
35	45	55	2.42654	-4.13014	-4.44938
35	45	65	3.88033	-5.04175	-6.2762
35	45	75	4.78586	-5.67995	-7.96964
35	45	85	4.40818	-4.979	-5.47907
35	55	5	4.2834	-5.50413	-4.30489
35	55	15	3.98754	-3.75557	-3.11135
35	55	25	4.73779	-3.8661	-2.49546
35	55	35	6.10949	-4.56492	-4.258
35	55	45	3.24701	-6.13926	-6.04588
35	55	55	2.72015	-6.19509	-5.17315
35	55	65	3.28592	-5.96782	-5.16913
35	55	75	4.82195	-7.06457	-6.94449
35	55	85	4.6218	-7.80202	-6.71819
35	65	5	2.60857	-2.72505	-2.46465
35	65	15	2.01324	-1.90954	-1.55672
35	65	25	3.25419	-3.342	-2.40759
35	65	35	2.8366	-5.03789	-5.08115
35	65	45	2.40405	-5.62627	-6.11225
35	65	55	3.24982	-4.92059	-5.40781
35	65	65	2.47898	-5.13465	-5.91144
35	65	75	1.57018	-6.10601	-7.54959
35	65	85	2.43226	-6.13709	-5.92279
35	75	5	-0.293701	-3.36227	-1.94413
35	75	15	-0.141129	-2.8325	-0.901257
35	75	25	2.3969	-4.34411	-2.79426
35	75	35	1.05104	-4.96728	-5.43216
35	75	45	0.972116	-5.2068	-5.85825
35	75	55	1.57092	-4.79386	-5.20624
35	75	65	0.457398	-5.19396	-6.60596
35	75	75	-1.2914	-5.83377	-6.75607
35	75	85	-1.22207	-5.05921	-4.43074
35	85	5	-4.45893	-6.00367	-2.59958
35	85	15	-2.70529	-4.60309	-1.28319
35	85	25	1.09475	-6.06207	-4.59348
35	85	35	1.61491	-5.20748	-5.90456
35	85	45	1.16958	-4.77051	-5.47655
35	85	55	1.49968	-4.76495	-4.97851
35	85	65	-0.773471	-5.34471	-6.3075
35	85	75	-2.61082	-6.2291	-6.05492
35	85	85	-4.56125	-6.13411	-4.24415
45	5	5	-0.414225	-5.83784	-3.30036
45	5	15	0.0715859	-4.37422	-2.4847
45	5	25	2.58267	-5.2532	-4.55753
45	5	35	3.62222	-4.92885	-5.46035
45	5	45	2.28374	-4.24443	-4.90009
45	5	55	0.860298	-4.29162	-4.68492
45	5	65	-2.95171	-5.28748	-7.06403
45	5	75	-4.62457	-6.7741	-7.02589
45	5	85	-3.28116	-6.80604	-4.56512
45	15	5	2.84403	-4.53601	-3.6824
45	15	15	2.5389	-2.87298	-2.16968
45	15	25	3.56347	-3.35088	-3.09173
45	15	35	3.78223	-3.29277	-3.78132
45	15	45	3.28629	-1.58921	-4.16628
45	15	55	3.59147	-0.854093	-5.28898
45	15	65	0.281909	-3.70688	-6.53021
45	15	75	0.0665789	-5.48265	-6.72965
45	15	85	2.5338	-5.85462	-5.30808
45	25	5	4.44839	-2.3837	-4.17351
45	25	15	3.63873	-1.0766	-2.66998
45	25	25	4.35973	-2.78559	-3.08392
45	25	35	4.4976	-3.02482	-3.93007
45	25	45	4.96497	0.298521	-5.12351
45	25	55	5.07473	-0.193865	-5.71188
45	25	65	4.24173	0.958056	-7.01107
45	25	75	2.91993	-2.91852	-7.5515
45	25	85	4.04951	-4.14036	-4.93527
45	35	5	5.41964	-0.840934	-4.05627
45	35	15	4.97513	0.112331	-4.32565
45	35	25	5.36535	-1.88799	-4.30837
45	35	35	4.81174	-2.77591	-4.04224
45	35	45	5.5155	-2.25055	-5.24106
45	35	55	5.77257	-1.3959	-5.81031
45	35	65	5.85583	-0.15275	-8.27502
45	35	75	6.1171	-1.42159	-8.90545
45	35	85	6.58586	-1.5374	-5.96847
45	45	5	4.42572	0.688742	-4.14684
45	45	15	5.37528	0.254777	-4.71929
45	45	25	6.27455	-2.51442	-4.45256
45	45	35	7.09059	-3.54431	-4.7973
45	45	45	6.69783	-3.51247	-5.0808
45	45	55	5.78473	-3.08334	-5.02602
45	45	65	5.88822	-4.02506	-6.45386
45	45	75	6.09925	-4.44391	-7.20298
45	45	85	5.19426	-1.03207	-6.09521
45	55	5	4.48881	-2.53805	-5.13511
45	55	15	4.79351	-2.71856	-3.75106
45	55	25	6.6428	-2.84282	-3.5041
45	55	35	8.33205	-3.79443	-4.84592
45	55	45	5.55063	-3.67479	-5.08256
45	55	55	4.8967	-2.78465	-4.66329
45	55	65	5.39691	-3.24185	-5.52723
45	55	75	4.04749	-2.55165	-6.4013
45	55	85	2.7629	-2.57252	-6.46384
45	65	5	2.38892	-2.29221	-2.83929
45	65	15	2.94761	-2.44579	-2.47708
45	65	25	4.97244	-3.59074	-2.92968
45	65	35	5.71986	-3.49289	-4.48837
45	65	45	3.95824	-3.63212	-5.41472
45	65	55	4.23639	-3.54134	-5.02133
45	65	65	2.81225	-3.88737	-6.17228
45	65	75	0.701415	-3.82867	-6.3446
45	65	85	1.26547	-3.08664	-4.90063
45	75	5	0.189264	-2.6136	-2.21958
45	75	15	0.98867	-3.574	-1.74246
45	75	25	3.1691	-4.31316	-2.14244
45	75	35	2.07365	-3.39621	-3.41197
45	75	45	2.79324	-3.69144	-5.72043
45	75	55	2.43868	-3.66385	-4.77968
45	75	65	-0.0598491	-4.02305	-5.61352
45	75	75	-1.56369	-4.52463	-5.42089
45	75	85	-0.458031	-2.68581	-3.02974
45	85	5	-3.82108	-5.57478	-2.33095
45	85	15	-3.41147	-5.50476	-2.75983
45	85	25	-0.367824	-7.09995	-4.73176
45	85	35	3.45695	-6.90624	-5.5119
45	85	45	1.79001	-5.34152	-5.988
45	85	55	-1.24775	-5.17163	-5.37132
45	85	65	-3.88546	-5.64085	-6.46289
45	85	75	-5.51429	-6.97282	-6.60114
45	85	85	-4.56183	-6.3172	-4.1638
55	5	5	1.43006	-5.19049	-4.15822
55	5	15	0.0265055	-5.11498	-4.07308
55	5	25	1.12577	-6.50394	-5.21822
55	5	35	5.03195	-6.39222	-5.19972
55	5	45	3.90037	-4.45773	-4.02504
55	5	55	2.07055	-4.18947	-3.64554
55	5	65	-1.12051	-6.00937	-5.4629
55	5	75	-3.82094	-6.93438	-5.59897
55	5	85	0.0176535	-6.075	-4.63885
55	15	5	2.71367	-5.38045	-4.54413
55	15	15	2.431	-3.99089	-3.05931
55	15	25	4.15139	-4.12525	-4.15463
55	15	35	5.36529	-4.32957	-4.35586
55	15	45	3.88074	-3.4703	-3.10687
55	15	55	3.02372	-3.35881	-3.22134
55	15	65	0.667359	-4.65515	-4.95673
55	15	75	-1.29929	-5.73786	-5.37712
55	15	85	2.22148	-5.76861	-5.05849
55	25	5	3.4762	-4.16265	-4.34262
55	25	15	3.9831	-2.97223	-3.58197
55	25	25	5.11728	-3.47826	-3.92573
55	25	35	5.77672	-3.97484	-4.19779
55	25	45	4.5466	-2.1796	-3.86086
55	25	55	4.17133	-1.06923	-4.03199
55	25	65	2.23676	-4.0468	-4.89146
55	25	75	0.785468	-5.74014	-5.82787
55	25	85	2.90883	-5.90688	-5.47885
55	35	5	5.09154	-1.18566	-4.7018
55	35	15	5.31398	0.266837	-4.63591
55	35	25	5.32637	-1.96227	-4.38264
55	35	35	6.05052	-2.83604	-4.01476
55	35	45	5.56296	-1.85665	-4.72537
55	35	55	5.78959	-2.46681	-5.09172
55	35	65	5.04541	-3.91245	-5.36605
55	35	75	2.90978	-5.68779	-6.35415
55	35	85	5.34333	-5.33702	-5.97982
55	45	5	4.7683	0.955996	-4.96417
55	45	15	5.09767	0.512566	-4.78316
55	45	25	6.06336	-1.63312	-5.07269
55	45	35	7.7625	-2.03423	-4.85056
55	45	45	7.5096	-2.84003	-5.06191
55	45	55	6.96548	-3.74485	-5.14858
55	45	65	6.75306	-4.48405	-5.94039
55	45	75	4.85182	-4.22058	-6.69356
55	45	85	4.48082	-2.78786	-5.86777
55	55	5	3.44038	-0.254223	-4.07055
55	55	15	3.74169	0.374774	-3.87093
55	55	25	5.92277	-2.1014	-4.13291
55	55	35	8.02323	-2.99596	-4.90052
55	55	45	8.48114	-2.59187	-5.06311
55	55	55	7.13428	-1.6915	-4.72691
55	55	65	5.27504	0.109456	-4.34903
55	55	75	2.9097	0.0479175	-4.63199
55	55	85	2.52772	-1.33374	-5.16028
55	65	5	1.57512	-1.25972	-2.33219
55	65	15	1.89899	-1.20504	-2.01343
55	65	25	4.85331	-2.40757	-3.43532
55	65	35	6.53313	-2.10509	-4.27544
55	65	45	6.15205	-2.19016	-4.26724
55	65	55	4.29108	-0.929447	-3.76377
55	65	65	2.20052	-0.0779254	-3.7398
55	65	75	0.420399	-0.803442	-3.3428
55	65	85	0.509672	-1.67754	-2.95915
55	75	5	0.156921	-0.771047	-0.760242
55	75	15	0.845539	-1.45401	-1.13487
55	75	25	2.6362	-2.57718	-2.23287
55	75	35	3.6317	-2.54936	-2.70278
55	75	45	3.54982	-1.96782	-3.51397
55	75	55	1.77292	-1.73919	-3.03515
55	75	65	-0.525037	-2.63022	-3.62783
55	75	75	-1.78499	-2.76282	-3.46509
55	75	85	0.0311169	-1.20162	-1.38173
55	85	5	-1.59248	-4.08115	-2.44707
55	85	15	-2.81135	-4.85086	-2.68211
55	85	25	-2.71496	-6.35792	-4.3284
55	85	35	3.30464	-6.11902	-4.04406
55	85	45	3.53448	-4.24816	-3.75352
55	85	55	-0.144065	-4.08794	-4.01551
55	85	65	-2.60185	-5.27718	-5.26048
55	85	75	-4.26403	-5.73101	-5.92803
55	85	85	-3.61834	-4.79715	-3.48105
65	5	5	-0.320434	-6.03241	-5.04763
65	5	15	-0.41046	-6.37974	-4.55687
65	5	25	1.52072	-6.62266	-4.62506
65	5	35	4.69051	-6.05545	-5.40986
65	5	45	4.00185	-4.93681	-3.9686
65	5	55	3.82014	-4.59561	-2.73098
65	5	65	1.79321	-4.66165	-2.61281
65	5	75	-0.0677438	-6.28337	-5.40347
65	5	85	-0.450094	-5.99638	-5.18362
65	15	5	1.47524	-5.35676	-5.05952
65	15	15	0.976469	-4.286	-3.74597
65	15	25	2.79837	-4.29694	-4.71829
65	15	35	4.17422	-4.90095	-6.20783
65	15	45	3.58741	-4.22028	-3.49522
65	15	55	4.13748	-4.79142	-2.88497
65	15	65	2.30822	-4.49068	-2.31667
65	15	75	0.857456	-6.09829	-5.26853
65	15	85	1.68156	-5.56819	-5.38521
65	25	5	1.12409	-4.42237	-4.71132
65	25	15	0.276059	-3.10551	-3.37733
65	25	25	1.95241	-3.79823	-5.10527
65	25	35	3.65703	-4.06361	-5.25349
65	25	45	3.79802	-3.94503	-3.68943
65	25	55	3.57924	-4.24856	-2.7826
65	25	65	2.10521	-4.2774	-2.54512
65	25	75	0.811229	-5.63482	-5.61267
65	25	85	1.033	-5.12712	-5.51766
65	35	5	1.5217	-3.93492	-4.03777
65	35	15	1.51157	-2.43853	-3.23682
65	35	25	1.77916	-2.89464	-4.63789
65	35	35	4.19194	-3.0712	-4.90365
65	35	45	4.21162	-3.06077	-3.82176
65	35	55	3.92289	-3.84988	-2.92894
65	35	65	2.28547	-3.60212	-2.68043
65	35	75	0.551969	-5.11689	-5.37178
65	35	85	1.58073	-4.75983	-4.99337
65	45	5	2.92843	-2.31916	-4.08586
65	45	15	3.28536	-2.06169	-4.74721
65	45	25	3.7609	-2.33691	-5.49163
65	45	35	5.19954	-2.12309	-5.14372
65	45	45	5.11733	-2.76366	-4.07425
65	45	55	5.49729	-3.40023	-3.782
65	45	65	3.80772	-3.16373	-2.80137
65	45	75	0.82204	-3.84042	-4.25838
65	45	85	2.61312	-4.1898	-4.9387
65	55	5	2.95287	-1.29352	-3.7365
65	55	15	3.83853	-1.69047	-4.65018
65	55	25	4.46359	-2.06576	-5.12733
65	55	35	5.26316	-2.08263	-5.28641
65	55	45	6.15824	-0.969681	-4.69117
65	55	55	7.06486	-1.70563	-4.24082
65	55	65	3.46492	-0.934707	-1.64104
65	55	75	0.879315	-1.26662	-2.33266
65	55	85	2.93154	-3.36665	-4.45414
65	65	5	0.573565	-0.850104	-2.21239
65	65	15	1.78318	-0.866307	-2.80179
65	65	25	3.96819	-2.04451	-4.22026
65	65	35	4.29832	-1.5637	-4.15787
65	65	45	4.69011	-1.27983	-3.87043
65	65	55	5.0433	0.815892	-2.80911
65	65	65	2.17431	0.74793	-1.12849
65	65	75	0.665488	-0.855125	-1.86313
65	65	85	0.983828	-1.94785	-2.56585
65	75	5	0.242961	-0.418202	-0.695411
65	75	15	0.691035	-1.0403	-1.06985
65	75	25	2.96443	-3.073	-3.4163
65	75	35	3.11856	-2.76134	-3.5187
65	75	45	3.64297	-1.33065	-3.39674
65	75	55	2.26018	-0.132599	-1.64018
65	75	65	1.05353	-0.928616	-1.65895
65	75	75	0.291433	-2.09986	-2.5366
65	75	85	0.6933	-0.968179	-1.18252
65	85	5	0.266911	-3.84426	-3.21354
65	85	15	0.685487	-3.42409	-1.77841
65	85	25	1.56854	-3.29304	-2.7098
65	85	35	3.63219	-3.44463	-4.13247
65	85	45	3.59693	-3.26733	-2.85546
65	85	55	1.79225	-2.42875	-1.92502
65	85	65	-0.195638	-3.91398	-3.6866
65	85	75	-1.87502	-4.41403	-4.87155
65	85	85	-1.27099	-4.08028	-3.90135
75	5	5	-2.14266	-5.08308	-4.94968
75	5	15	0.233211	-3.0214	-3.05606
75	5	25	3.38814	-3.90641	-4.77895
75	5	35	4.36331	-4.16338	-6.53213
75	5	45	2.70279	-2.49943	-4.74106
75	5	55	2.25849	-2.15847	-1.95225
75	5	65	3.26694	-3.27333	-1.47544
75	5	75	2.67878	-6.08729	-6.0693
75	5	85	-1.59327	-6.01231	-5.64938
75	15	5	-1.20198	-5.48903	-5.49702
75	15	15	0.969416	-4.35011	-4.09766
75	15	25	1.42166	-5.02356	-6.03003
75	15	35	0.553329	-4.43047	-7.55908
75	15	45	2.31592	-3.56571	-4.92536
75	15	55	3.22692	-3.96961	-2.83292
75	15	65	3.13886	-3.96163	-0.412102
75	15	75	4.54284	-6.29464	-6.6025
75	15	85	0.231906	-6.17024	-5.94084
75	25	5	0.31496	-5.20391	-5.34134
75	25	15	0.158959	-3.98978	-4.00677
75	25	25	-1.32388	-3.11377	-5.57168
75	25	35	-0.630339	-3.46305	-5.49323
75	25	45	1.02964	-2.81983	-3.02644
75	25	55	1.67388	-3.05554	-1.16742
75	25	65	1.59416	-3.10504	-0.632774
75	25	75	3.16805	-5.60939	-6.18139
75	25	85	0.508297	-5.48764	-5.82005
75	35	5	1.48417	-4.73976	-5.04343
75	35	15	0.114466	-3.89499	-4.4941
75	35	25	-1.98022	-3.38233	-5.77149
75	35	35	-1.50772	-3.32606	-4.9401
75	35	45	-0.86915	-3.80869	-3.17632
75	35	55	0.297325	-3.35727	-0.773346
75	35	65	0.432393	-2.96399	-0.557871
75	35	75	2.76619	-5.19941	-5.24181
75	35	85	1.24215	-4.72388	-5.15308
75	45	5	2.06227	-4.15164	-4.19603
75	45	15	1.50852	-4.16595	-4.84946
75	45	25	0.715452	-4.28031	-6.09528
75	45	35	0.752305	-3.54317	-5.6181
75	45	45	1.02675	-2.15887	-2.44104
75	45	55	1.86164	-2.10996	-0.730481
75	45	65	1.33333	-2.12335	-0.632759
75	45	75	1.56255	-4.30916	-3.79182
75	45	85	1.61605	-4.15772	-4.32258
75	55	5	2.3406	-2.71278	-3.18361
75	55	15	2.61043	-3.30165	-4.45743
75	55	25	2.26281	-3.8437	-5.09749
75	55	35	2.29335	-3.54908	-5.23537
75	55	45	2.73638	-2.47974	-3.5553
75	55	55	2.86688	-1.85919	-1.98092
75	55	65	1.46093	-1.31167	-0.296897
75	55	75	1.47186	-1.84149	-1.88805
75	55	85	2.13269	-2.97837	-3.45567
75	65	5	1.4578	-1.81075	-2.60383
75	65	15	1.92413	-2.18817	-3.23911
75	65	25	2.91175	-3.41567	-4.60922
75	65	35	2.96168	-2.8764	-4.24118
75	65	45	2.98873	-2.51216	-3.91959
75	65	55	2.50818	-0.434307	-1.96083
75	65	65	1.79193	-0.788069	-0.441349
75	65	75	2.2261	-1.16332	-2.10965
75	65	85	2.88979	-2.47022	-3.48784
75	75	5	0.903614	-0.938613	-1.59556
75	75	15	1.33056	-1.94773	-2.10179
75	75	25	3.15613	-4.14957	-4.33731
75	75	35	3.27961	-3.24305	-4.57024
75	75	45	3.87913	-1.93507	-4.24589
75	75	55	1.9477	-0.319488	-1.39714
75	75	65	1.79601	-1.07296	-1.05873
75	75	75	2.57325	-1.39153	-2.26363
75	75	85	2.20474	-1.74635	-2.34628
75	85	5	1.05409	-1.54961	-1.89667
75	85	15	1.54813	-1.68313	-1.72856
75	85	25	3.2793	-3.76988	-4.40136
75	85	35	4.33131	-3.5353	-5.72814
75	85	45	3.08346	-1.71316	-3.77648
75	85	55	1.86476	-1.15479	-1.70264
75	85	65	2.14263	-1.72896	-1.908
75	85	75	1.81352	-2.40809	-4.00128
75	85	85	0.884865	-2.39414	-2.86517
85	5	5	1.80989	-1.84293	-3.91862
85	5	15	2.98417	-1.47196	-3.18343
85	5	25	3.78751	-2.45908	-5.75272
85	5	35	1.23705	-1.01823	-5.86199
85	5	45	1.31307	0.620735	-3.87159
85	5	55	1.56745	0.179156	-1.79837
85	5	65	3.57476	-1.19339	-2.72321
85	5	75	3.21367	-2.87634	-4.08108
85	5	85	0.395089	-3.79048	-5.89972
85	15	5	0.69126	-4.03684	-4.9795
85	15	15	2.09169	-1.94395	-3.2661
85	15	25	0.530878	-0.855533	-5.71097
85	15	35	-0.818828	-2.41784	-5.71071
85	15	45	0.326631	-0.849008	-3.43355
85	15	55	1.37035	-0.571379	-1.64013
85	15	65	3.34268	-2.28257	-0.786483
85	15	75	3.17112	-4.82126	-4.88201
85	15	85	-0.0254432	-5.52341	-6.9039
85	25	5	-0.31816	-4.60003	-5.22966
85	25	15	-0.153288	-2.68093	-4.13534
85	25	25	-2.08059	0.0903872	-5.44574
85	25	35	-2.59684	-1.79631	-3.85134
85	25	45	0.0449399	-0.702615	-1.43041
85	25	55	0.523437	-0.843542	-0.703353
85	25	65	2.04932	-2.005	-0.884768
85	25	75	3.89164	-4.49071	-5.53881
85	25	85	0.376103	-5.49868	-6.72189
85	35	5	0.681092	-4.47652	-4.66728
85	35	15	-1.24614	-4.1592	-5.58195
85	35	25	-3.67312	-2.30495	-5.82056
85	35	35	-3.6667	-4.19692	-4.28736
85	35	45	-2.46891	-3.25928	-1.99822
85	35	55	-1.35462	-2.60755	-0.876031
85	35	65	-0.355472	-3.84693	-1.04262
85	35	75	4.6946	-6.02449	-5.10849
85	35	85	2.81945	-5.91502	-5.81093
85	45	5	1.7521	-3.98161	-3.89959
85	45	15	1.01091	-4.34775	-5.28713
85	45	25	0.760868	-4.15416	-5.67187
85	45	35	-0.0918099	-4.32786	-4.84408
85	45	45	-0.0467054	-4.26384	-3.90621
85	45	55	0.641554	-2.97509	-2.17663
85	45	65	1.37528	-4.30689	-1.87243
85	45	75	3.68609	-6.55952	-4.26529
85	45	85	2.97404	-5.55983	-4.40905
85	55	5	2.09411	-3.11558	-3.30218
85	55	15	1.95654	-4.33962	-4.98101
85	55	25	1.91522	-4.8585	-5.07974
85	55	35	1.09611	-4.44217	-5.40519
85	55	45	2.11845	-4.45179	-4.75859
85	55	55	1.73104	-3.7837	-3.90849
85	55	65	1.99265	-3.54629	-2.46871
85	55	75	3.2432	-3.97336	-2.53467
85	55	85	2.02754	-3.25654	-2.87236
85	65	5	2.76577	-2.14729	-2.98389
85	65	15	2.23509	-3.23653	-3.73099
85	65	25	2.17473	-4.54568	-4.76214
85	65	35	2.00911	-4.43158	-4.77264
85	65	45	2.21842	-3.75875	-4.13077
85	65	55	1.38833	-2.28957	-2.57314
85	65	65	2.56402	-2.7524	-1.92643
85	65	75	3.22479	-2.56332	-2.41853
85	65	85	3.32356	-1.87901	-3.46947
85	75	5	3.17714	-1.68904	-3.4162
85	75	15	2.50326	-2.4537	-3.43585
85	75	25	2.79436	-4.59526	-4.87351
85	75	35	2.84998	-4.06086	-4.86847
85	75	45	2.58294	-2.71216	-4.01537
85	75	55	1.20926	-0.964824	-1.26221
85	75	65	2.30405	-1.70327	-1.64437
85	75	75	4.34866	-1.33052	-3.45477
85	75	85	4.37689	-1.91232	-4.29553
85	85	5	3.26391	-0.988931	-3.24254
85	85	15	2.5816	-1.48751	-2.86279
85	85	25	3.36402	-3.71395	-4.90934
85	85	35	4.05959	-3.66944	-6.01054
85	85	45	3.08744	-1.11662	-4.87103
85	85	55	1.96862	-0.945603	-2.14958
85	85	65	3.22105	-0.965	-2.57714
85	85	75	5.08571	-1.72613	-4.2717
85	85	85	4.27354	-2.05712	-4.17175
