5	5	5	-0.443615	0.167396	-0.36398
5	5	15	0.226129	-0.0197247	0.828236
5	5	25	-0.139011	-0.063594	-0.0593438
5	5	35	0.0258207	-0.0579925	-1.24586
5	5	45	0.075248	0.0447902	-1.32471
5	5	55	-0.355997	0.0395925	0.923558
5	5	65	0.0573817	-0.178007	0.608443
5	5	75	-0.307774	0.0548607	0.13259
5	5	85	-0.103583	0.0617552	-1.15484
5	15	5	0.16384	-6.5866	1.0844
5	15	15	-0.565259	-2.09666	0.238084
5	15	25	0.0601385	0.233077	-0.871986
5	15	35	0.262744	0.301741	-0.763098
5	15	45	-0.599583	0.74325	-1.215
5	15	55	0.0451232	0.723656	0.925077
5	15	65	-0.0400874	0.415334	0.321383
5	15	75	-0.206456	-0.218947	0.563832
5	15	85	0.218745	-2.39983	0.30942
5	25	5	0.04784	-6.39603	0.120477
5	25	15	-1.12921	-2.71162	-0.378113
5	25	25	-0.441859	-0.122944	-0.0918426
5	25	35	-0.289341	0.406555	0.0899521
5	25	45	-0.620052	2.70918	0.087079
5	25	55	-0.596804	3.65553	0.679729
5	25	65	-0.408993	0.585845	-0.298022
5	25	75	1.54554e-05	-0.364707	0.0581379
5	25	85	0.283313	-2.34482	0.00138216
5	35	5	0.0604252	-3.7101	0.178953
5	35	15	-0.495582	-1.19108	0.981948
5	35	25	-0.287173	-0.154718	0.689439
5	35	35	-0.269175	0.204342	1.06311
5	35	45	0.469627	4.71458	0.593917
5	35	55	0.526183	5.53522	0.376896
5	35	65	0.0622613	0.96922	-0.740676
5	35	75	0.639766	-0.079485	-0.410667
5	35	85	0.565058	-2.05451	-1.37245
5	45	5	0.217972	-0.0726584	-0.121919
5	45	15	-0.456445	0.0257832	2.04509
5	45	25	0.176395	-0.0680025	0.631711
5	45	35	-0.304669	0.453324	0.13558
5	45	45	-0.481927	2.96821	-0.677171
5	45	55	0.324807	3.30167	1.03492
5	45	65	0.203232	0.236777	0.120566
5	45	75	-0.179409	-0.267238	-0.627401
5	45	85	0.0225273	-0.792258	-1.90165
5	55	5	-0.107245	0.571844	0.644545
5	55	15	-0.318619	0.473069	1.5679
5	55	25	-0.216903	0.206915	0.647345
5	55	35	0.11916	-0.377427	0.29235
5	55	45	0.517201	-2.3905	-0.467675
5	55	55	0.40077	-2.46186	0.999468
5	55	65	0.302129	0.0613338	0.222976
5	55	75	0.220379	0.324831	-0.808728
5	55	85	0.808001	0.992666	-2.26453
5	65	5	-0.0236085	2.79048	0.36704
5	65	15	-0.178755	1.2574	0.75191
5	65	25	0.0115156	-0.0631829	0.474698
5	65	35	0.081857	-0.732879	0.647578
5	65	45	0.65475	-4.95163	0.119591
5	65	55	0.506733	-5.27066	-0.159544
5	65	65	-0.0514619	-0.786895	-0.25806
5	65	75	-0.0320691	0.494299	-0.730319
5	65	85	0.675248	1.98185	-1.3901
5	75	5	0.165302	5.48813	-0.0567906
5	75	15	0.328407	2.23698	-0.140122
5	75	25	0.439316	0.71659	0.0696204
5	75	35	0.181017	-0.96163	0.442354
5	75	45	0.444791	-3.39095	-1.19112
5	75	55	0.107633	-3.3369	0.244099
5	75	65	0.0833363	-0.813991	0.00914416
5	75	75	0.284831	0.406057	0.3378
5	75	85	0.144436	2.52775	-0.120171
5	85	5	0.583576	6.27062	0.0515109
5	85	15	0.348813	2.77982	-0.159578
5	85	25	0.142147	0.553475	-0.745923
5	85	35	0.0608347	-0.371827	-0.565084
5	85	45	-0.118777	-0.705707	-1.86706
5	85	55	-0.0272323	-1.08654	0.380957
5	85	65	0.0303322	-0.179757	0.521396
5	85	75	0.0774204	0.0215252	0.802836
5	85	85	0.559129	1.94223	0.179539
15	5	5	2.73957	0.669296	-0.487185
15	5	15	1.73478	-0.18536	-0.101314
15	5	25	0.062013	0.124053	-0.561117
15	5	35	-1.31627	0.0136002	-0.286546
15	5	45	-6.57197	-0.0836566	0.570477
15	5	55	-6.43713	-0.481657	-0.533531
15	5	65	-1.08392	-0.223672	0.620053
15	5	75	-0.0790576	-0.200453	0.440017
15	5	85	1.40476	0.198401	-0.44498
15	15	5	1.02819	-5.57428	0.344927
15	15	15	1.53497	-1.47466	-0.426258
15	15	25	0.254434	-0.283602	-0.64828
15	15	35	-0.677529	0.0926937	-0.0165415
15	15	45	-5.96207	0.919535	1.07936
15	15	55	-5.33772	0.88507	-0.472533
15	15	65	-0.219549	-0.112571	-0.0100817
15	15	75	0.153174	-0.554826	0.218701
15	15	85	1.58356	-2.36294	0.0618594
15	25	5	-3.91863	-5.8514	-0.158553
15	25	15	0.106288	-1.6934	-1.78249
15	25	25	0.131783	-0.0967881	-0.143236
15	25	35	0.351316	-0.210929	1.1767
15	25	45	-2.6798	1.6942	1.95214
15	25	55	-3.83674	2.02561	-1.61318
15	25	65	0.0388657	-0.00627938	-1.37674
15	25	75	0.12173	-0.448167	0.43081
15	25	85	-0.0400305	-2.27175	1.38028
15	35	5	-7.247	-1.92769	0.330447
15	35	15	-2.10641	-1.3063	-0.896441
15	35	25	-0.449254	-0.326459	0.324451
15	35	35	0.160997	0.255569	0.763828
15	35	45	0.243255	3.64913	1.24228
15	35	55	0.595471	4.31519	-0.297314
15	35	65	0.852214	0.273183	-1.19203
15	35	75	-0.313923	-0.179201	-0.181603
15	35	85	-1.70855	-1.0235	0.817992
15	45	5	-6.89205	0.0241281	0.334282
15	45	15	-2.75097	-0.0912696	1.15648
15	45	25	-0.718552	-0.412515	0.613445
15	45	35	0.33494	0.441622	0.257957
15	45	45	1.88602	2.76867	-0.600054
15	45	55	2.29909	2.60421	0.624085
15	45	65	0.543007	0.540537	-0.549021
15	45	75	-0.414604	-0.0491078	-0.508988
15	45	85	-2.7136	-0.033204	-0.71082
15	55	5	-6.83364	-0.364073	0.00460212
15	55	15	-2.48524	0.076871	0.697872
15	55	25	-0.728247	0.196732	0.689088
15	55	35	0.455596	-0.23194	0.465072
15	55	45	1.97037	-2.57743	-0.583614
15	55	55	2.90708	-2.31131	-0.140812
15	55	65	0.400265	-0.233451	-0.566796
15	55	75	-0.608382	0.209862	-0.747844
15	55	85	-2.61399	0.0492167	-1.03328
15	65	5	-6.45445	1.4111	-0.243994
15	65	15	-1.94887	0.507909	-1.20142
15	65	25	-0.0212241	0.416918	0.525463
15	65	35	0.551507	-0.33073	1.44985
15	65	45	1.48978	-4.09218	1.13445
15	65	55	1.10701	-4.26835	-1.26621
15	65	65	0.93195	-0.721	-1.10332
15	65	75	-0.112525	0.437388	-0.203702
15	65	85	-1.94156	0.884947	0.594536
15	75	5	-3.786	3.89028	0.250758
15	75	15	0.0276679	1.45091	-1.4832
15	75	25	0.711489	0.241374	-0.367225
15	75	35	0.509208	-0.355728	1.07994
15	75	45	-3.27775	-1.89331	1.15523
15	75	55	-2.90857	-2.04585	-0.639938
15	75	65	0.990877	0.485044	-0.833854
15	75	75	0.283423	0.0842542	0.358853
15	75	85	0.323688	1.32074	1.1758
15	85	5	1.61015	5.43561	-0.601801
15	85	15	1.70034	2.57332	-0.711069
15	85	25	0.44251	0.191695	-0.756338
15	85	35	-0.318022	0.137744	0.309263
15	85	45	-5.78713	-1.29737	0.936576
15	85	55	-4.99858	-1.0266	-0.4049
15	85	65	-0.47193	0.0454322	-0.564786
15	85	75	0.410625	0.509575	0.563774
15	85	85	1.75412	2.39494	0.190332
25	5	5	5.73643	0.586522	-0.828098
25	5	15	2.87581	0.186756	0.288606
25	5	25	-0.0389404	0.343628	-0.050619
25	5	35	-1.49929	0.68408	0.560052
25	5	45	-5.95412	0.319169	1.27546
25	5	55	-6.04243	-0.343232	-0.923236
25	5	65	-1.07791	-0.14844	-0.178357
25	5	75	0.387283	0.0171863	-0.325258
25	5	85	3.49473	-0.580616	-0.853
25	15	5	4.76291	-3.62826	-0.0142327
25	15	15	2.87605	-1.16795	-1.69846
25	15	25	0.317949	-0.580279	-0.494826
25	15	35	-0.861466	-0.575941	1.15783
25	15	45	-5.29149	-1.66974	2.30094
25	15	55	-6.28296	-1.92205	-1.11536
25	15	65	-0.865856	-0.759789	-1.20678
25	15	75	0.377586	-0.664526	0.313683
25	15	85	2.74747	-1.56727	1.54457
25	25	5	-0.371479	-1.61028	0.461551
25	25	15	0.329513	-0.593985	-3.6215
25	25	25	0.328146	-0.196053	-1.01229
25	25	35	-0.274732	-0.343092	1.6278
25	25	45	-1.58832	-0.948587	4.47468
25	25	55	-1.68782	-0.109861	-4.14618
25	25	65	0.00384155	-0.214103	-2.30679
25	25	75	0.649893	-0.118154	0.454914
25	25	85	0.905666	-0.71216	3.74835
25	35	5	-4.66545	2.85978	0.61496
25	35	15	-2.61345	1.335	-2.66908
25	35	25	-0.529542	0.575806	-0.203709
25	35	35	0.515266	0.881174	1.54102
25	35	45	2.85439	2.47353	3.14899
25	35	55	2.40804	2.4708	-3.04248
25	35	65	0.482194	0.701162	-1.6515
25	35	75	-0.315273	0.310528	0.113977
25	35	85	-2.04896	0.70234	2.32341
25	45	5	-6.62885	1.78976	-0.0275996
25	45	15	-3.33837	0.713412	0.214898
25	45	25	-0.540286	0.230334	0.219731
25	45	35	0.711736	0.605975	0.213348
25	45	45	4.32562	1.94455	0.101852
25	45	55	4.66714	2.07624	-1.42717
25	45	65	0.560149	0.428738	-0.626618
25	45	75	-0.785502	0.160867	-0.225717
25	45	85	-3.09524	0.325972	-0.207764
25	55	5	-6.03273	-2.32891	-0.366464
25	55	15	-2.87028	-0.495673	-0.733893
25	55	25	-0.593802	0.117726	0.256937
25	55	35	0.78101	-0.107787	0.192172
25	55	45	5.61312	-1.84508	-0.448028
25	55	55	4.21239	-1.48395	-1.05702
25	55	65	0.643289	-0.289524	-0.425603
25	55	75	-0.383508	-0.232483	-0.287861
25	55	85	-2.36391	-1.03374	0.207679
25	65	5	-5.90641	-1.55089	-0.519495
25	65	15	-2.60804	-1.906	-3.48177
25	65	25	-0.296745	-0.652784	-0.540208
25	65	35	0.588928	-0.905597	1.59628
25	65	45	4.46641	-2.99065	2.73309
25	65	55	3.37089	-2.02478	-3.7525
25	65	65	0.498966	-0.581389	-1.87815
25	65	75	-0.137552	-0.417579	0.382444
25	65	85	-1.88671	-1.10454	2.22031
25	75	5	-1.3261	1.11588	-1.1095
25	75	15	-0.108539	-0.203855	-3.62392
25	75	25	-0.243714	-0.334739	-0.889836
25	75	35	0.116492	-0.539506	1.87479
25	75	45	-0.0965599	-0.502289	3.2513
25	75	55	-1.79077	0.112406	-3.85212
25	75	65	0.505099	0.379978	-1.96296
25	75	75	0.527812	0.0809242	0.729914
25	75	85	0.997844	0.513816	3.00864
25	85	5	3.94332	3.50229	-1.08694
25	85	15	3.18111	2.033	-2.78393
25	85	25	0.0657514	0.96351	-0.77918
25	85	35	-1.26857	0.834909	1.17141
25	85	45	-5.08092	1.80485	2.64042
25	85	55	-5.65895	1.41216	-2.05215
25	85	65	-0.252998	0.444888	-0.757131
25	85	75	0.561625	0.360488	0.253926
25	85	85	2.76982	1.41573	1.73967
35	5	5	7.05722	-0.0914877	-0.962521
35	5	15	3.63148	0.445706	-0.280207
35	5	25	0.590627	0.421453	0.330931
35	5	35	-0.608445	0.542414	0.95596
35	5	45	-3.41319	0.740737	0.173691
35	5	55	-2.87473	0.445252	-0.0456272
35	5	65	-0.563109	-0.00292171	-0.113968
35	5	75	0.923288	0.268026	-0.391212
35	5	85	4.27643	0.532694	-0.652094
35	15	5	7.24187	-1.10646	0.946367
35	15	15	3.16654	-0.548847	-1.16
35	15	25	0.365087	0.00829843	-0.207247
35	15	35	-0.644759	-0.326666	0.930388
35	15	45	-2.92214	-3.99819	1.0409
35	15	55	-2.72344	-2.93571	-0.486159
35	15	65	-0.930826	-0.746222	-0.976995
35	15	75	0.466556	-0.304987	-0.0810221
35	15	85	2.95082	-0.440863	1.25649
35	25	5	4.40753	1.19261	0.826414
35	25	15	0.395949	-0.22813	-3.18397
35	25	25	-0.172267	-0.168768	-0.479299
35	25	35	-0.832773	-0.647037	1.91806
35	25	45	0.57743	-1.15873	2.92235
35	25	55	1.28514	-1.52418	-2.50296
35	25	65	-0.215746	0.293566	-1.9615
35	25	75	0.0480519	0.000645629	0.594606
35	25	85	0.752958	0.253401	2.80386
35	35	5	-0.736509	4.86377	1.01239
35	35	15	-1.9908	1.53509	-1.80098
35	35	25	-0.366046	0.197109	-0.62064
35	35	35	0.583423	0.433061	1.19644
35	35	45	5.50198	-0.293814	1.95061
35	35	55	4.9923	0.166559	-1.9917
35	35	65	0.378171	0.499887	-1.316
35	35	75	-0.371033	0.733333	0.482211
35	35	85	-1.87115	1.91273	1.72155
35	45	5	-2.88148	2.13465	0.280351
35	45	15	-2.63977	1.44762	0.273526
35	45	25	-0.111749	-0.0316234	-0.267228
35	45	35	0.992688	0.102142	-0.213967
35	45	45	5.89135	0.970898	-0.0738336
35	45	55	6.01724	0.671361	-0.740276
35	45	65	1.30861	0.204496	0.233265
35	45	75	-0.467591	0.246765	-0.0726907
35	45	85	-1.83577	0.804726	-0.542688
35	55	5	-3.59871	-2.36635	0.441448
35	55	15	-2.34529	-1.1272	0.196721
35	55	25	-0.25077	-0.0456901	-0.0163526
35	55	35	1.02872	-0.103664	-0.293176
35	55	45	5.67295	-0.814506	-0.00977719
35	55	55	5.37489	-0.391425	-0.429437
35	55	65	0.721876	-0.121897	-0.133412
35	55	75	-0.491162	-0.131534	-0.13239
35	55	85	-1.95092	-1.38798	-0.0317977
35	65	5	-0.837653	-4.00065	-0.578152
35	65	15	-1.57482	-1.36724	-2.16666
35	65	25	-0.153755	-0.130711	-0.718898
35	65	35	0.730502	0.173794	0.70356
35	65	45	6.56754	0.759578	1.93368
35	65	55	5.46917	1.09036	-2.78036
35	65	65	0.264757	-0.345564	-1.31888
35	65	75	-0.129194	-0.731246	0.736685
35	65	85	-1.33998	-1.55009	2.05763
35	75	5	4.37475	-0.868807	-0.923576
35	75	15	-0.305219	0.0320316	-2.95167
35	75	25	-0.895847	0.0952788	-0.79715
35	75	35	-0.195004	0.615387	0.45137
35	75	45	2.64809	3.19517	1.61447
35	75	55	1.37761	1.86354	-3.67613
35	75	65	0.00945366	0.261117	-1.64835
35	75	75	-0.491307	0.0308563	0.260296
35	75	85	0.90724	-0.100136	2.42377
35	85	5	7.37919	1.1797	-1.02964
35	85	15	1.98002	0.725188	-1.69289
35	85	25	-0.456726	0.906313	-0.456925
35	85	35	-1.28636	0.967412	0.697978
35	85	45	-2.03224	3.13502	0.794152
35	85	55	-2.98035	3.23915	-0.888143
35	85	65	-0.531996	0.957544	-1.52265
35	85	75	0.330026	0.414499	0.214565
35	85	85	2.63358	0.18139	0.889603
45	5	5	4.30503	0.822848	-0.223303
45	5	15	1.70293	-0.17797	0.874581
45	5	25	0.400158	0.280736	0.406385
45	5	35	-0.0894692	0.240375	0.484449
45	5	45	-1.2412	0.441466	-0.236488
45	5	55	-0.676419	-0.110738	0.707261
45	5	65	0.0330678	-0.495463	-0.114201
45	5	75	0.485389	0.03849	-0.786975
45	5	85	1.64062	0.262311	-1.84686
45	15	5	4.26696	1.17987	0.263933
45	15	15	1.65377	1.12797	0.613454
45	15	25	0.317947	0.236224	0.500624
45	15	35	0.00418773	-0.653087	0.671827
45	15	45	-0.800454	-4.05645	-0.236041
45	15	55	-0.116855	-3.94515	1.15141
45	15	65	-0.0971011	-0.544251	-0.122583
45	15	75	0.436096	0.254427	-0.529059
45	15	85	1.52048	0.724582	-0.521498
45	25	5	3.27574	4.08137	-0.404406
45	25	15	0.802773	2.01946	-0.769845
45	25	25	0.288785	0.0268145	-0.160714
45	25	35	0.77024	-0.439798	0.897027
45	25	45	1.10634	-3.62141	0.941208
45	25	55	2.04761	-4.14368	0.234137
45	25	65	-0.251774	-0.851084	0.15304
45	25	75	-0.144843	-0.0578504	-0.134882
45	25	85	0.252987	1.4531	0.525343
45	35	5	0.706186	6.18133	0.152834
45	35	15	-0.643241	2.38777	-0.766284
45	35	25	-0.0353042	0.230592	-0.880479
45	35	35	0.382979	-0.634153	0.0253061
45	35	45	2.9633	-2.12848	-0.982781
45	35	55	3.41217	-2.13868	0.566114
45	35	65	0.0243523	-0.650938	0.343023
45	35	75	-0.138331	-0.00802951	0.525691
45	35	85	-0.869001	1.86234	0.282364
45	45	5	-0.807106	2.42183	-0.305929
45	45	15	-1.02459	1.23001	-0.108734
45	45	25	-0.105159	0.0930767	-0.292069
45	45	35	0.469635	-0.430726	-0.824068
45	45	45	3.20144	-0.277941	-0.819042
45	45	55	3.16109	-0.0106778	1.31911
45	45	65	0.508508	-0.054573	0.883282
45	45	75	0.0330073	-0.0273706	0.149178
45	45	85	-0.577636	0.682526	-0.350389
45	55	5	-1.22078	-3.48758	-0.360417
45	55	15	-0.978618	-1.34734	0.846265
45	55	25	0.0353692	0.149126	-0.293106
45	55	35	0.549274	0.353641	-0.706411
45	55	45	2.72208	0.154378	-1.02306
45	55	55	2.86616	-0.203986	1.0828
45	55	65	0.364395	0.0509627	0.62208
45	55	75	-0.144714	-0.251457	0.193614
45	55	85	-0.915883	-1.11282	-1.03632
45	65	5	0.0237306	-4.65757	0.929688
45	65	15	-1.17393	-1.15939	-0.624268
45	65	25	-0.188859	0.19262	-0.630429
45	65	35	0.0209023	0.608957	-0.432556
45	65	45	3.41091	2.28676	-0.668355
45	65	55	3.50673	1.98866	-0.0310716
45	65	65	0.2981	0.279023	0.0274063
45	65	75	-0.101131	-0.674114	0.553207
45	65	85	-0.504737	-1.9152	0.440451
45	75	5	2.99087	-3.13017	0.621633
45	75	15	-0.492084	-0.646131	-0.309602
45	75	25	-0.266978	0.372671	-0.662524
45	75	35	-0.123492	1.11055	-0.262663
45	75	45	1.46513	4.6624	0.53481
45	75	55	1.75075	4.61152	-0.563929
45	75	65	-0.0673153	1.01743	-0.379436
45	75	75	-0.137604	-0.16869	0.0765169
45	75	85	0.945759	-1.55943	0.0428641
45	85	5	4.43179	-0.848641	-0.235568
45	85	15	1.26772	-0.552771	0.69779
45	85	25	-0.0489612	0.107281	0.103481
45	85	35	-0.505669	1.05492	0.152888
45	85	45	-0.946822	4.26199	-0.21608
45	85	55	-0.54295	4.44301	0.479607
45	85	65	-0.437765	0.699444	-0.496791
45	85	75	0.499951	-0.0703334	-0.588003
45	85	85	1.60257	-0.750104	-1.2983
55	5	5	-4.30938	-0.000801286	-0.342034
55	5	15	-1.59653	0.156015	0.982966
55	5	25	-0.186599	0.0784455	0.271736
55	5	35	-0.112357	0.123458	0.181558
55	5	45	1.06001	-0.305606	-0.968011
55	5	55	1.18091	-0.319575	0.729247
55	5	65	0.0714808	-0.482679	-0.033289
55	5	75	-0.362639	-0.201756	-0.774486
55	5	85	-1.53459	-0.236847	-1.29359
55	15	5	-4.18876	1.42323	-0.263943
55	15	15	-1.20126	0.888976	0.683724
55	15	25	-0.0641328	-0.151375	0.340908
55	15	35	0.511708	-0.775622	0.268394
55	15	45	0.4224	-4.36534	-0.238465
55	15	55	0.767778	-4.45849	1.02641
55	15	65	0.787651	-0.777209	-0.228105
55	15	75	0.103448	-0.109357	-0.290765
55	15	85	-1.59555	1.17585	-0.84048
55	25	5	-3.28106	3.64749	0.204281
55	25	15	-0.305763	1.45893	-0.124072
55	25	25	0.620479	-0.261288	0.0808085
55	25	35	0.36032	-0.923138	0.477472
55	25	45	-1.40506	-4.34133	0.8012
55	25	55	-1.58164	-4.44499	-0.19336
55	25	65	0.693976	-0.678698	-0.241178
55	25	75	0.469735	-0.434233	0.315067
55	25	85	-0.716079	1.00316	0.107952
55	35	5	-1.36134	5.58971	0.792928
55	35	15	0.676979	2.44019	-0.0861878
55	35	25	0.0778924	-0.215823	-0.750157
55	35	35	-0.00144751	-0.561469	-0.0568182
55	35	45	-3.34946	-2.4896	-0.130753
55	35	55	-3.48638	-2.42569	0.216344
55	35	65	-0.180944	-0.631461	0.153459
55	35	75	0.0987111	0.0267418	0.722438
55	35	85	0.495801	1.73283	0.572813
55	45	5	1.13634	2.26634	0.0779518
55	45	15	0.873711	1.90448	0.361508
55	45	25	-0.315173	0.376176	-0.768882
55	45	35	-0.449548	-0.293845	-0.423928
55	45	45	-2.82184	-0.796467	-0.60105
55	45	55	-3.90256	-0.554852	0.815068
55	45	65	-0.668825	-0.115529	0.840107
55	45	75	-0.356107	0.072531	0.231732
55	45	85	0.643145	0.742448	-0.467898
55	55	5	1.03837	-3.00677	0.0207421
55	55	15	0.510213	-1.34245	0.421726
55	55	25	-0.219849	0.207869	-0.369976
55	55	35	-0.431714	0.169323	-0.759116
55	55	45	-2.82816	0.15589	-1.05743
55	55	55	-3.80818	0.423236	0.761404
55	55	65	-0.763235	0.405769	0.858317
55	55	75	-0.278934	0.105088	0.53158
55	55	85	0.540499	-1.43479	-0.44877
55	65	5	-1.03896	-5.47166	0.778066
55	65	15	0.592924	-1.75535	-0.925412
55	65	25	0.00492966	0.238323	-0.458023
55	65	35	-0.364745	1.02952	-0.0746031
55	65	45	-4.02979	2.36901	0.224972
55	65	55	-3.35458	2.33442	0.383697
55	65	65	-0.525216	0.119356	0.0971717
55	65	75	-0.0314107	-0.343909	0.475022
55	65	85	0.44109	-2.16453	0.389339
55	75	5	-3.29758	-4.07526	0.859992
55	75	15	-0.430595	-1.05287	-0.2644
55	75	25	0.00579052	0.102095	-0.225227
55	75	35	-0.0690865	0.963584	0.301282
55	75	45	-1.87013	4.02936	-0.40692
55	75	55	-1.35503	4.19806	-0.472288
55	75	65	0.151843	1.02163	-0.0165447
55	75	75	0.125036	-0.217572	-0.134478
55	75	85	-0.274977	-1.67482	0.398886
55	85	5	-4.47855	-2.13092	1.16231
55	85	15	-1.61539	-0.584695	1.09549
55	85	25	-0.137479	0.177355	0.390074
55	85	35	0.0813963	0.840869	0.496416
55	85	45	0.644821	4.44365	-0.705666
55	85	55	0.741953	4.6413	0.179536
55	85	65	0.278276	0.581053	-0.351517
55	85	75	-0.378695	0.350776	-0.348453
55	85	85	-1.47025	-0.755697	-0.170257
65	5	5	-7.74899	-0.174057	-0.732319
65	5	15	-3.39966	-0.0108569	0.538661
65	5	25	-0.735687	0.118086	0.387409
65	5	35	0.73325	0.319275	0.0935811
65	5	45	4.21755	0.497128	-0.617364
65	5	55	3.90953	-0.416353	0.283134
65	5	65	0.313786	-0.22508	-0.363922
65	5	75	-0.371374	-0.0422209	-0.09543
65	5	85	-3.58635	0.220322	-0.278242
65	15	5	-7.40149	-0.956342	-0.0196087
65	15	15	-2.52675	-0.256548	-1.09434
65	15	25	-0.053823	-0.443944	0.0703379
65	15	35	0.816554	-0.854829	0.669271
65	15	45	2.5995	-3.23933	0.0130249
65	15	55	3.08315	-3.66637	-1.35864
65	15	65	1.16672	-1.31816	-1.16747
65	15	75	-0.0276287	-0.0832335	0.185249
65	15	85	-2.18449	-0.211663	1.66359
65	25	5	-4.81559	0.846237	0.0620227
65	25	15	-0.346341	0.404026	-2.19681
65	25	25	0.477591	-0.100084	-0.403985
65	25	35	0.605447	-0.844668	1.08001
65	25	45	-1.00136	-2.66842	2.11115
65	25	55	-0.951229	-2.32224	-3.55508
65	25	65	1.02976	-0.112698	-1.39339
65	25	75	0.506382	-0.529626	0.879332
65	25	85	-0.205078	-0.0798262	3.21856
65	35	5	1.01741	4.19141	0.431256
65	35	15	1.83559	1.75838	-1.59033
65	35	25	-0.0928306	0.206482	-0.571762
65	35	35	-0.773684	0.0670599	1.27597
65	35	45	-5.58556	-0.61541	2.13736
65	35	55	-5.59714	-0.887371	-2.25131
65	35	65	-0.772636	-0.167282	-1.03268
65	35	75	0.40321	0.458172	0.608736
65	35	85	1.69937	1.35148	2.27698
65	45	5	3.73194	2.87677	0.324301
65	45	15	2.9378	2.42993	-0.00356682
65	45	25	-0.0973309	0.154314	-0.135942
65	45	35	-0.71416	0.0462939	0.00618965
65	45	45	-5.923	0.862487	1.07833
65	45	55	-6.34652	0.389399	-0.963934
65	45	65	-1.31522	0.165859	-0.273451
65	45	75	0.11622	0.126713	0.162978
65	45	85	2.36888	1.40246	0.191484
65	55	5	3.74447	-3.64554	-0.0279782
65	55	15	1.9141	-1.1143	-0.411267
65	55	25	-0.216574	-0.39082	-0.257933
65	55	35	-1.06224	-0.289079	0.231362
65	55	45	-5.31616	-0.430177	0.790317
65	55	55	-6.11127	-0.650793	-0.877846
65	55	65	-0.870247	0.0148012	0.125349
65	55	75	0.0440818	-0.485049	0.0197774
65	55	85	2.62048	-1.84605	0.474968
65	65	5	1.57471	-5.15356	0.326745
65	65	15	1.52803	-2.43668	-2.30945
65	65	25	0.343318	-0.608564	-0.458924
65	65	35	-0.679907	-0.541103	1.27973
65	65	45	-5.30323	-0.301206	1.80928
65	65	55	-4.8444	-0.0937346	-2.60572
65	65	65	-0.442816	0.00526445	-0.87841
65	65	75	0.0295377	-0.415399	0.435594
65	65	85	1.87824	-1.95875	2.19001
65	75	5	-5.01759	-1.88148	0.513033
65	75	15	-0.460845	-0.109047	-3.04444
65	75	25	0.737909	0.692951	-0.404968
65	75	35	0.285542	0.567802	1.10542
65	75	45	-1.34041	1.37096	2.74292
65	75	55	-1.11308	1.25737	-2.55387
65	75	65	0.266161	0.017604	-1.75425
65	75	75	0.648388	0.342108	0.366021
65	75	85	-0.650389	0.217152	2.54131
65	85	5	-7.68204	0.113664	0.534025
65	85	15	-2.4291	-0.0405279	-0.849659
65	85	25	-0.330755	0.180091	0.269832
65	85	35	1.12187	0.913172	1.13811
65	85	45	2.6189	3.38742	-0.324711
65	85	55	3.39557	3.99274	-1.81926
65	85	65	1.14878	0.859188	-1.10997
65	85	75	0.0133194	0.422116	0.33438
65	85	85	-2.84079	-0.275446	1.12769
75	5	5	-5.99433	0.0813203	0.0235287
75	5	15	-3.39267	-0.3236	0.103277
75	5	25	-0.304877	-0.000568971	0.0139188
75	5	35	1.78026	-0.254858	-0.13868
75	5	45	6.82814	0.0924871	0.1491
75	5	55	6.15741	-0.848081	-2.01809
75	5	65	0.985975	0.0362859	-0.25948
75	5	75	-0.350043	-0.0348492	-0.111083
75	5	85	-2.69399	0.140737	0.279643
75	15	5	-3.90445	-4.03759	0.164878
75	15	15	-2.22412	-1.60774	-1.51184
75	15	25	-0.206313	-0.582094	-0.506648
75	15	35	1.12448	-0.540924	0.963688
75	15	45	6.06811	-1.35418	1.87617
75	15	55	5.78581	-1.9769	-2.66765
75	15	65	0.854826	-0.276221	-0.683461
75	15	75	-0.0792329	-0.353464	0.498276
75	15	85	-2.928	-0.963667	2.24543
75	25	5	0.42156	-2.66467	-0.395888
75	25	15	0.706948	-0.145578	-4.02276
75	25	25	0.360539	-0.205739	-0.764323
75	25	35	0.293694	0.328195	1.96981
75	25	45	2.29542	0.891474	3.38935
75	25	55	2.05947	0.0645715	-4.50778
75	25	65	0.346146	-0.0118342	-2.47936
75	25	75	0.00396639	-0.053931	0.878083
75	25	85	-0.0410365	-0.443146	3.57521
75	35	5	5.62077	2.30708	-0.482927
75	35	15	1.69447	0.903296	-2.78965
75	35	25	0.0366884	0.527308	-0.402555
75	35	35	-1.08444	0.789823	1.74939
75	35	45	-2.75437	2.90628	3.34808
75	35	55	-3.37072	2.59561	-3.30475
75	35	65	-1.08879	0.581432	-1.71649
75	35	75	0.366677	0.537688	0.562259
75	35	85	2.43656	0.289421	2.402
75	45	5	6.24694	2.08156	-0.225488
75	45	15	3.29657	0.52403	-0.126126
75	45	25	0.231673	-0.0125029	-0.17287
75	45	35	-1.05951	0.552187	0.621237
75	45	45	-4.40133	1.7616	0.641462
75	45	55	-4.25657	2.71373	-0.823488
75	45	65	-1.17912	0.329347	-0.237617
75	45	75	0.513978	0.347797	0.143182
75	45	85	3.20042	1.01477	0.268939
75	55	5	7.21171	-2.41766	-0.0338008
75	55	15	3.16314	-0.65655	-0.423376
75	55	25	0.413248	-0.393481	-0.0775261
75	55	35	-1.19719	-1.08254	0.590976
75	55	45	-4.45726	-2.39366	0.417944
75	55	55	-4.45168	-2.0704	-0.735893
75	55	65	-0.790176	-0.132244	-0.350052
75	55	75	0.711589	-0.367718	-0.0762789
75	55	85	3.44597	-1.31	0.495658
75	65	5	5.18953	-1.98831	-0.451225
75	65	15	1.86305	-1.50241	-2.64552
75	65	25	-0.171541	-0.604137	-0.323914
75	65	35	-1.56625	-1.1429	1.72667
75	65	45	-3.71081	-3.64489	2.72014
75	65	55	-2.86579	-3.67844	-3.42707
75	65	65	-0.752806	-0.55837	-1.73582
75	65	75	-0.361983	-0.625794	0.58972
75	65	85	2.38529	-1.40741	3.16435
75	75	5	0.510079	1.61857	0.0556972
75	75	15	-0.294302	0.486305	-2.92199
75	75	25	-0.119408	0.0686979	-0.690571
75	75	35	-0.352846	0.294354	2.23883
75	75	45	2.28708	-0.298251	3.80678
75	75	55	1.31499	-1.32496	-3.68264
75	75	65	-0.324898	0.163873	-2.12023
75	75	75	-0.299684	-0.157258	0.986604
75	75	85	-0.321682	-0.0391334	3.96941
75	85	5	-4.12255	3.84421	0.267769
75	85	15	-2.49598	1.51576	-1.32271
75	85	25	-0.571555	0.747623	-0.378786
75	85	35	1.27178	0.460414	0.691897
75	85	45	5.84908	0.656083	2.17091
75	85	55	4.85719	1.74033	-2.74678
75	85	65	0.886824	0.229696	-0.826165
75	85	75	-0.27162	0.552941	0.463295
75	85	85	-2.56229	1.2993	2.27593
85	5	5	-2.58204	-0.161369	-0.375722
85	5	15	-1.79105	-0.642346	0.385061
85	5	25	0.422393	-0.221198	-0.262319
85	5	35	1.23525	-0.379927	-0.526185
85	5	45	6.23764	-0.182894	-0.816292
85	5	55	5.21086	-0.684383	-0.452075
85	5	65	0.681809	-0.0655519	0.388813
85	5	75	-0.0399042	-0.317644	0.155498
85	5	85	-1.79916	0.199811	-0.718429
85	15	5	-1.56093	-6.04383	0.784433
85	15	15	-1.88902	-2.83855	-0.392339
85	15	25	-0.373947	-0.516456	-0.646605
85	15	35	0.494603	-0.0409195	0.34682
85	15	45	5.45124	0.944238	0.870662
85	15	55	5.85653	0.751005	-0.955049
85	15	65	0.4758	0.39863	0.211594
85	15	75	-0.599905	-0.407081	0.529873
85	15	85	-1.71039	-1.63265	1.0759
85	25	5	3.08241	-5.08917	-0.119102
85	25	15	-0.201063	-0.825018	-1.53273
85	25	25	-0.358861	0.0209183	-0.469844
85	25	35	-0.0895038	0.431736	0.76164
85	25	45	4.07034	3.10763	1.87219
85	25	55	4.18909	3.03207	-1.48922
85	25	65	-0.300961	0.337698	-0.81738
85	25	75	-0.490576	0.0937565	0.568159
85	25	85	0.0620318	-1.25202	0.933951
85	35	5	7.50169	-2.28507	-0.422881
85	35	15	2.41797	-0.736128	-1.51867
85	35	25	0.225251	-0.315428	-0.0138686
85	35	35	-0.806359	0.970346	0.930091
85	35	45	-0.169568	4.94152	0.608603
85	35	55	-0.0515059	4.63598	-1.00647
85	35	65	-0.800591	0.844853	-0.797173
85	35	75	0.177807	0.130215	0.0151599
85	35	85	1.7906	-0.677649	0.490695
85	45	5	7.66163	0.188521	-0.263064
85	45	15	2.75007	-0.434791	1.17288
85	45	25	0.454569	0.103695	0.548995
85	45	35	-0.525101	0.79276	0.118176
85	45	45	-2.05878	2.77862	-0.0106929
85	45	55	-1.92151	3.4103	0.249718
85	45	65	-0.218946	0.381069	-0.271139
85	45	75	0.604759	-0.013622	-0.489839
85	45	85	3.56925	-0.0653002	-1.43871
85	55	5	7.44325	-0.582152	-0.59124
85	55	15	3.26596	-0.0696076	0.851526
85	55	25	0.672139	-0.0282726	0.572313
85	55	35	-0.521923	-0.738361	0.0619132
85	55	45	-2.21785	-2.56733	-0.10649
85	55	55	-2.43937	-3.04707	0.232911
85	55	65	-0.481895	-0.434304	0.218237
85	55	75	0.735774	0.31137	-0.54852
85	55	85	3.18332	-0.400378	-0.903038
85	65	5	7.56099	2.03987	-0.0769389
85	65	15	2.08281	1.2988	-0.55313
85	65	25	-0.0647565	0.0435892	0.230116
85	65	35	-0.914425	-0.649986	1.21754
85	65	45	-1.23129	-4.93206	0.811695
85	65	55	0.40599	-4.47603	-0.613114
85	65	65	-0.57383	-1.04257	-0.931545
85	65	75	0.157248	0.0449142	0.189422
85	65	85	2.5339	0.715191	0.984816
85	75	5	3.21163	5.02562	-0.320143
85	75	15	-0.270553	2.01851	-1.30992
85	75	25	-0.141439	0.269171	-0.08209
85	75	35	-0.0081164	0.0112179	0.800777
85	75	45	3.07825	-2.59462	1.55279
85	75	55	3.38967	-2.75548	-1.31621
85	75	65	-0.390017	-0.542921	-0.924737
85	75	75	-0.588415	-0.146762	0.619571
85	75	85	0.155943	1.6554	1.59721
85	85	5	-1.32095	5.14987	-0.254147
85	85	15	-1.67396	2.39172	-0.896315
85	85	25	-0.168979	0.468421	-0.467028
85	85	35	0.816733	-0.152998	-0.0344317
85	85	45	5.84172	-1.67071	1.18585
85	85	55	5.28448	-1.43049	-1.0479
85	85	65	0.716892	-0.705504	0.188489
85	85	75	-0.254141	-0.154991	0.969378
85	85	85	-1.37638	2.24878	0.792396
