5	5	5	0.352623	-1.15873	0.337454
5	5	15	-0.53711	-0.303208	6.79873
5	5	25	0.421144	0.204375	1.14118
5	5	35	0.43361	-1.02562	-7.9461
5	5	45	-0.41077	-0.713182	-6.50893
5	5	55	-1.39334	-0.532384	6.08397
5	5	65	-1.24638	-0.709671	7.68584
5	5	75	-0.362923	-0.623978	-1.66795
5	5	85	-0.0456414	-0.436375	-6.50406
5	15	5	0.131266	-5.50023	-0.957166
5	15	15	-0.210226	-3.92684	3.9721
5	15	25	0.230824	0.0772932	0.214451
5	15	35	0.282905	1.64172	-5.71431
5	15	45	-0.14944	1.7387	-5.00609
5	15	55	-1.84598	1.28709	5.44997
5	15	65	-1.43082	0.926566	6.19413
5	15	75	0.0151174	-0.824088	-1.13817
5	15	85	0.266887	-4.39856	-4.76228
5	25	5	0.501219	-3.56136	-0.140752
5	25	15	0.358748	-3.08908	2.63745
5	25	25	-0.00457674	-1.30405	1.04396
5	25	35	0.0366843	2.82416	-3.76956
5	25	45	0.453352	3.56428	-3.17997
5	25	55	-0.244239	4.11786	3.40187
5	25	65	-0.843764	2.18423	2.82788
5	25	75	0.1592	-0.981746	-1.35798
5	25	85	0.151713	-4.01374	-3.85
5	35	5	0.559224	-1.41868	-0.495128
5	35	15	-0.128598	-1.90768	4.34279
5	35	25	0.261085	-2.18006	3.01988
5	35	35	0.135492	2.00368	-1.56397
5	35	45	-0.0138121	4.59709	-2.63816
5	35	55	0.61861	4.78061	2.71695
5	35	65	0.194025	1.97319	2.1809
5	35	75	-0.474944	-3.12923	-3.34336
5	35	85	0.123826	-1.90002	-5.17335
5	45	5	1.28489	0.822371	-0.138049
5	45	15	0.0286174	0.60401	8.29762
5	45	25	0.769271	-1.35683	5.52585
5	45	35	0.440278	1.79658	-2.98675
5	45	45	1.27941	4.24119	-4.02187
5	45	55	0.91373	4.06172	3.32641
5	45	65	0.0444813	2.26209	4.15725
5	45	75	0.575528	-2.11051	-5.39065
5	45	85	1.13601	0.308883	-8.19396
5	55	5	1.37556	-2.02017	-0.0513422
5	55	15	0.135473	-0.247411	7.64423
5	55	25	0.0627132	1.90088	5.19186
5	55	35	0.756848	0.013449	-4.22988
5	55	45	1.77381	-2.91656	-3.94259
5	55	55	1.76896	-3.22698	3.7856
5	55	65	0.763321	-0.907975	4.32689
5	55	75	-0.0283118	2.45093	-5.16472
5	55	85	0.445123	-0.103603	-7.47411
5	65	5	0.624791	1.36992	-0.0430532
5	65	15	-0.586872	2.2805	4.5595
5	65	25	0.341205	2.00797	2.63019
5	65	35	-0.280367	-2.18989	-2.59494
5	65	45	0.954662	-5.02918	-2.40555
5	65	55	0.810203	-4.77851	2.48154
5	65	65	-0.261221	-2.26831	2.5199
5	65	75	0.120787	1.903	-2.65669
5	65	85	0.60707	2.01319	-5.44256
5	75	5	0.448466	3.4358	0.0735773
5	75	15	0.00933136	3.34529	3.40234
5	75	25	0.129776	0.750287	0.281628
5	75	35	0.0204724	-2.42518	-3.44822
5	75	45	-0.365022	-3.91336	-2.62088
5	75	55	0.0332431	-4.22853	3.4581
5	75	65	-0.214367	-2.88993	3.8724
5	75	75	0.283314	1.11336	-1.31146
5	75	85	0.402458	3.43021	-3.50845
5	85	5	0.0878334	5.46691	-0.220379
5	85	15	0.44054	3.56511	3.74114
5	85	25	0.984057	-1.03778	-0.567498
5	85	35	0.584824	-2.80975	-6.19063
5	85	45	-0.0924475	-2.84868	-4.90115
5	85	55	-0.608411	-2.04083	5.39095
5	85	65	-1.00199	-2.66727	5.87301
5	85	75	-0.401569	0.0460086	-0.120479
5	85	85	0.653824	4.15078	-4.65913
15	5	5	0.117496	0.265068	-0.306995
15	5	15	2.03389	-0.198074	4.78516
15	5	25	2.83442	0.12525	1.79018
15	5	35	-3.01773	0.419205	-3.55531
15	5	45	-5.43743	0.205967	-3.22577
15	5	55	-5.51737	-0.342593	3.69419
15	5	65	-2.94283	-0.961689	5.05985
15	5	75	2.05277	0.29952	-1.48502
15	5	85	2.05736	0.725279	-4.87858
15	15	5	-0.406789	-2.51703	-0.375462
15	15	15	0.355014	-2.04259	1.91103
15	15	25	1.6713	0.534287	0.0249407
15	15	35	-1.03707	0.880037	-2.53441
15	15	45	-3.33278	-0.584432	-1.00597
15	15	55	-4.23694	-1.66365	2.95341
15	15	65	-1.55329	0.239155	2.7776
15	15	75	2.13766	-0.913422	-1.04871
15	15	85	0.857833	-2.15535	-2.36958
15	25	5	-0.383567	-1.13554	-0.408863
15	25	15	0.394043	-0.912277	0.725287
15	25	25	1.52605	-0.644439	0.581543
15	25	35	0.562941	0.382316	-0.591129
15	25	45	-0.958672	0.377878	-0.163219
15	25	55	-1.44873	0.12761	0.625355
15	25	65	1.20602	-0.155203	0.205849
15	25	75	1.83125	-0.651779	-0.448628
15	25	85	0.202384	-1.03251	-0.865848
15	35	5	-2.1393	0.699229	-0.354668
15	35	15	-0.905643	0.107877	1.15244
15	35	25	1.16542	-0.746931	0.81253
15	35	35	0.666864	0.675302	-0.354894
15	35	45	-0.266703	1.71026	-0.492703
15	35	55	-0.504962	2.11013	0.482681
15	35	65	1.43274	0.594109	0.399923
15	35	75	1.12347	-1.44847	-1.59807
15	35	85	-1.00988	-0.0800094	-1.25527
15	45	5	-5.14596	1.51161	-0.0574663
15	45	15	-3.8503	1.30996	4.87286
15	45	25	-1.09629	-0.221365	2.64785
15	45	35	2.15733	1.31178	-2.7963
15	45	45	1.11515	1.57351	-2.24824
15	45	55	-0.0210804	2.03424	2.00105
15	45	65	2.86982	1.36422	2.70858
15	45	75	-0.210966	-1.32002	-2.9242
15	45	85	-3.65349	0.338787	-4.35388
15	55	5	-5.08913	-1.91615	-1.024
15	55	15	-3.75739	-0.194769	3.73188
15	55	25	-0.734291	0.708079	3.09988
15	55	35	2.34178	-0.770893	-2.55701
15	55	45	1.14679	-2.05263	-1.90223
15	55	55	0.923163	-1.95452	1.97154
15	55	65	3.44576	-0.568093	2.55337
15	55	75	0.0753566	0.690084	-3.3287
15	55	85	-3.50505	-1.08438	-4.45401
15	65	5	-2.22698	-0.615836	-0.559298
15	65	15	-1.04158	-0.570197	0.831519
15	65	25	1.24639	-0.00103323	0.66821
15	65	35	1.06822	-0.897732	-0.67902
15	65	45	-0.241804	-1.86724	-0.412746
15	65	55	-0.374757	-1.85331	0.623094
15	65	65	1.40997	-0.995088	0.587559
15	65	75	1.38955	0.467775	-1.29528
15	65	85	-1.55678	-0.806446	-1.98936
15	75	5	-0.797914	0.951956	-0.3671
15	75	15	0.124811	0.74858	0.385007
15	75	25	2.10948	0.141697	0.420253
15	75	35	0.908604	-0.511742	-1.08637
15	75	45	-0.904111	-0.590357	-0.271538
15	75	55	-1.03196	-0.247218	0.237744
15	75	65	1.0916	-0.105006	1.08927
15	75	75	2.25571	0.463634	-0.345056
15	75	85	-0.441871	1.06933	-1.25193
15	85	5	-0.784956	2.44337	-0.109041
15	85	15	1.03748	2.42863	1.91972
15	85	25	1.83618	0.430077	0.318097
15	85	35	-0.245727	-0.835945	-1.83868
15	85	45	-2.93791	0.497881	-1.93083
15	85	55	-2.6272	0.258789	1.33944
15	85	65	-0.325789	-0.100382	2.38297
15	85	75	1.76776	0.226604	-0.287774
15	85	85	0.296702	2.04936	-2.54632
25	5	5	3.18909	0.530235	-0.882331
25	5	15	3.76075	0.170475	2.88812
25	5	25	1.83278	0.447337	1.49198
25	5	35	-3.5634	0.287074	-2.23858
25	5	45	-4.45478	0.108928	-1.46349
25	5	55	-4.78722	-0.162937	1.86843
25	5	65	-3.26043	0.135141	2.59993
25	5	75	2.88975	0.333607	-1.72413
25	5	85	3.7862	0.470168	-3.05154
25	15	5	1.05031	-0.866251	0.0243943
25	15	15	1.43635	-0.611667	1.10612
25	15	25	0.969727	0.774568	0.483802
25	15	35	-0.961945	-0.16783	-0.623937
25	15	45	-1.83052	-0.607868	-0.11748
25	15	55	-1.92731	-1.43837	0.640354
25	15	65	-0.836346	-0.675504	0.641117
25	15	75	1.21375	0.288934	-0.665875
25	15	85	1.5163	-0.145427	-0.839382
25	25	5	-0.0769486	-0.111844	-0.319015
25	25	15	0.219332	0.110162	0.217751
25	25	25	0.388531	0.296722	0.181195
25	25	35	0.19749	-0.0845372	-0.0969489
25	25	45	-0.194235	-0.0959794	0.24139
25	25	55	-0.123475	-0.318444	-0.0764585
25	25	65	0.462002	-0.0200856	0.0510773
25	25	75	0.16746	-0.318847	-0.017818
25	25	85	0.0655623	-0.00908486	0.0858993
25	35	5	-0.501866	0.779544	-0.042954
25	35	15	-0.389445	0.445334	-0.104268
25	35	25	-0.383812	0.00703032	0.459919
25	35	35	0.183806	0.210752	-0.0765836
25	35	45	0.0239418	1.26859	-0.15514
25	35	55	0.0413632	1.05019	0.335583
25	35	65	0.365793	0.14908	-0.0598606
25	35	75	-0.0445261	0.00452421	-0.136354
25	35	85	-0.19322	0.321481	-0.290271
25	45	5	-3.46785	0.772316	0.303989
25	45	15	-3.33534	0.605885	1.93649
25	45	25	-1.07502	-0.400308	0.770888
25	45	35	1.99828	-0.147758	-1.67711
25	45	45	2.81133	0.764778	-1.69796
25	45	55	2.42347	1.04963	1.45543
25	45	65	2.28942	0.256971	1.81255
25	45	75	-0.752714	-0.460736	-0.66809
25	45	85	-3.42124	0.37733	-2.06328
25	55	5	-2.90801	-0.758132	0.198253
25	55	15	-2.54155	-0.379798	1.28171
25	55	25	-0.914238	0.381647	0.970903
25	55	35	2.45351	-0.348043	-1.81512
25	55	45	3.03945	-1.39554	-1.25938
25	55	55	2.83568	-0.456594	0.860777
25	55	65	3.69426	0.568284	2.41623
25	55	75	-0.491753	0.800307	-0.608515
25	55	85	-2.67855	-0.528013	-1.60632
25	65	5	-0.519963	-0.72702	-0.235408
25	65	15	-0.849443	-0.755562	-0.0525927
25	65	25	0.141081	-0.00906111	-0.120616
25	65	35	0.652636	-0.658762	0.0910385
25	65	45	0.451387	-1.0908	-0.172507
25	65	55	0.313348	-0.66081	0.182099
25	65	65	0.7686	-0.268233	-0.401951
25	65	75	0.399545	-0.150967	0.339753
25	65	85	-0.597155	-0.424842	-0.280312
25	75	5	-0.21413	0.0972464	-0.100044
25	75	15	-0.107243	-0.0988815	-0.34985
25	75	25	0.0615025	0.0374661	-0.161956
25	75	35	0.104047	-0.0570158	-0.31365
25	75	45	0.179961	0.252199	-0.0338995
25	75	55	-0.0495163	-0.039555	-0.0623408
25	75	65	0.323002	0.124952	-0.206785
25	75	75	0.742211	-0.0611676	0.343492
25	75	85	0.187599	0.0470055	-0.0227965
25	85	5	0.612377	1.4862	-0.375235
25	85	15	0.420072	0.756813	0.144886
25	85	25	0.578426	-0.502815	-0.198712
25	85	35	-0.713307	0.759534	-1.03513
25	85	45	-1.31603	1.04592	-1.03534
25	85	55	-1.42146	0.740565	0.277179
25	85	65	-0.782501	0.178178	0.786097
25	85	75	0.893025	-0.215456	-0.304698
25	85	85	1.25271	0.456166	-0.735704
35	5	5	6.26082	0.934363	-1.10519
35	5	15	4.26865	0.105778	2.51029
35	5	25	0.671836	0.206969	0.689732
35	5	35	-3.05344	0.464617	-2.96482
35	5	45	-1.91697	-0.0545037	-1.52153
35	5	55	-2.00115	0.573778	2.01758
35	5	65	-2.55183	0.636799	2.89955
35	5	75	1.56677	0.219307	-1.25456
35	5	85	5.15091	0.381813	-4.34666
35	15	5	3.5037	-0.880843	0.129179
35	15	15	2.29087	0.0369805	1.18354
35	15	25	-0.070254	0.979203	0.543517
35	15	35	-1.67906	0.0722693	-1.26683
35	15	45	-0.439569	-0.847199	-0.291984
35	15	55	0.191311	-0.893974	1.02661
35	15	65	-1.27637	-0.433498	0.904009
35	15	75	0.606187	0.457478	-0.789232
35	15	85	1.76278	-0.116976	-1.3015
35	25	5	0.669363	0.014077	0.183931
35	25	15	0.183758	0.0195087	-0.0868736
35	25	25	-0.819269	0.422732	-0.0233917
35	25	35	-0.264733	-0.145059	0.0427672
35	25	45	0.246231	-0.121263	-0.0380311
35	25	55	0.719314	-0.10501	0.0493988
35	25	65	-0.0248863	0.436517	0.0816154
35	25	75	-0.962381	0.1388	0.0990378
35	25	85	0.355901	0.0173014	-0.0972785
35	35	5	0.310905	1.19435	-0.153195
35	35	15	-0.652796	0.773414	0.24648
35	35	25	-0.706946	0.0896788	-0.259448
35	35	35	-0.100167	0.270173	0.0436786
35	35	45	0.908201	0.921482	-0.14722
35	35	55	1.288	0.960867	0.0808033
35	35	65	0.0833513	-0.111	0.276274
35	35	75	-0.643348	0.0734933	0.284193
35	35	85	-0.504348	0.897965	0.0798886
35	45	5	-0.506753	1.50205	0.260112
35	45	15	-1.76706	1.75178	2.71331
35	45	25	-1.71684	-0.361613	1.03069
35	45	35	2.5948	-0.476359	-2.52809
35	45	45	4.60916	0.924788	-1.66283
35	45	55	4.77081	0.571869	1.7977
35	45	65	2.50252	-0.543518	1.85209
35	45	75	-1.89539	-0.821901	-1.21443
35	45	85	-1.95433	0.937122	-1.81662
35	55	5	-0.540639	-1.23695	-0.200623
35	55	15	-2.15774	-1.71405	2.28208
35	55	25	-1.4685	0.539982	1.26399
35	55	35	3.00161	-0.502841	-2.59292
35	55	45	5.44427	-1.65793	-2.46
35	55	55	4.57735	-1.06336	1.27263
35	55	65	2.89829	0.116351	1.75195
35	55	75	-1.0714	0.235147	-0.671653
35	55	85	-1.22078	-0.660555	-1.86681
35	65	5	0.639265	-1.5444	-0.448231
35	65	15	-0.78863	-0.995747	0.237533
35	65	25	-0.847662	-0.150852	0.140512
35	65	35	0.788692	-0.50553	-0.662119
35	65	45	2.04183	-1.0029	-0.932027
35	65	55	1.32899	-0.390764	-0.148312
35	65	65	0.485306	-0.202138	0.514272
35	65	75	-0.346052	-0.209892	-0.0809053
35	65	85	0.157464	-0.79462	-0.196777
35	75	5	0.65775	-0.109548	-0.242369
35	75	15	0.149478	0.0184128	-0.131581
35	75	25	-1.12636	-0.135162	-0.229119
35	75	35	-0.338478	-0.0101538	-0.394219
35	75	45	0.879059	0.440878	-0.404554
35	75	55	0.655351	0.591545	-0.40267
35	75	65	-0.139596	0.280504	0.236941
35	75	75	-0.617397	-0.181188	0.0549041
35	75	85	0.685563	-0.26244	-0.47663
35	85	5	2.61975	0.361272	-0.856412
35	85	15	0.967192	0.0438901	0.352523
35	85	25	-0.761383	-0.292437	0.0446172
35	85	35	-0.834915	1.00439	-1.07772
35	85	45	0.521587	1.87245	-1.04008
35	85	55	0.336408	2.0065	0.509645
35	85	65	-1.00821	0.473983	0.998591
35	85	75	0.647332	-1.19583	-0.703514
35	85	85	2.35025	0.517673	-1.22724
45	5	5	5.98652	0.171929	-1.03849
45	5	15	3.63588	-0.166871	6.78315
45	5	25	-0.53984	-0.000287706	3.55096
45	5	35	-1.86404	0.390496	-4.93181
45	5	45	-1.3465	0.164577	-3.99969
45	5	55	-0.295871	0.469956	3.88668
45	5	65	-1.23279	-0.421798	4.76235
45	5	75	0.530594	0.303215	-3.77471
45	5	85	4.12106	1.5077	-7.99914
45	15	5	4.11171	-0.113128	-0.618294
45	15	15	2.70466	0.131251	4.83425
45	15	25	-0.779873	1.55209	2.719
45	15	35	-1.068	-1.56426	-2.53413
45	15	45	0.0212798	-3.30602	-1.91089
45	15	55	0.403153	-3.61158	2.52486
45	15	65	-0.918439	-1.58982	2.47795
45	15	75	-0.0474256	1.8189	-3.19941
45	15	85	1.86541	0.0934898	-5.57661
45	25	5	0.77331	2.39443	-0.0869618
45	25	15	-0.0512789	1.71721	2.16889
45	25	25	-1.04868	1.07561	1.05394
45	25	35	-0.838092	-1.46818	-1.84844
45	25	45	-0.0287575	-2.53465	-1.56842
45	25	55	0.848019	-2.68246	1.63169
45	25	65	-0.785301	-1.56394	2.40566
45	25	75	-1.25446	0.741177	-0.707654
45	25	85	-0.214299	1.95458	-2.42659
45	35	5	0.242682	3.56807	0.0372611
45	35	15	-0.120657	2.56296	2.05009
45	35	25	-1.02161	0.0960922	-0.129952
45	35	35	-0.0306468	-0.696254	-3.20479
45	35	45	1.72679	-0.218051	-2.66639
45	35	55	1.82096	-0.586855	2.70503
45	35	65	-0.26039	-1.59386	3.83454
45	35	75	-1.22166	-0.0576032	0.0290103
45	35	85	-0.288348	2.69514	-2.15109
45	45	5	0.714477	3.29697	-0.386922
45	45	15	-0.57881	3.25409	4.60836
45	45	25	-0.844042	-0.238763	0.0162832
45	45	35	1.72579	-0.660572	-6.01153
45	45	45	3.08888	1.28909	-5.16753
45	45	55	3.42406	1.5356	4.63293
45	45	65	1.4974	-0.228022	6.12955
45	45	75	-1.03079	-0.467611	-0.35914
45	45	85	-0.822631	2.65987	-4.92534
45	55	5	-0.228488	-2.6662	0.370256
45	55	15	-1.07239	-1.99974	5.38354
45	55	25	-0.808386	0.60166	-0.413717
45	55	35	2.79422	0.788141	-7.65828
45	55	45	3.24669	-1.17234	-5.61961
45	55	55	3.37195	-1.07968	4.44603
45	55	65	1.16215	0.82522	6.21985
45	55	75	-1.48726	-0.740501	-0.174323
45	55	85	-0.595166	-3.00245	-4.45761
45	65	5	0.0472095	-3.72226	0.352772
45	65	15	-0.99767	-2.22886	1.96495
45	65	25	-1.33328	-0.017923	0.174148
45	65	35	0.826808	1.30104	-4.26337
45	65	45	1.48536	1.06891	-3.22347
45	65	55	1.7622	1.2024	2.51799
45	65	65	-0.243881	1.47051	3.39161
45	65	75	-1.32404	-0.20587	-0.238179
45	65	85	0.202998	-3.23157	-2.69982
45	75	5	1.0676	-1.94445	-0.246151
45	75	15	-0.378997	-1.86466	1.95268
45	75	25	-1.53211	-0.328251	0.586935
45	75	35	-0.187649	2.67084	-3.16811
45	75	45	0.788586	2.63266	-1.62339
45	75	55	1.0267	2.97504	1.79697
45	75	65	-1.03403	1.61081	1.89025
45	75	75	-1.22566	-0.622067	-0.931169
45	75	85	1.01798	-2.01422	-2.91398
45	85	5	3.12977	-0.106739	-0.0724942
45	85	15	1.25011	0.0681789	4.42948
45	85	25	-1.15002	-0.742357	1.45924
45	85	35	-0.556602	2.37602	-3.53434
45	85	45	0.938421	4.3301	-2.74729
45	85	55	1.13618	4.00378	2.47219
45	85	65	-0.974175	2.06588	2.5398
45	85	75	-0.7954	-1.41043	-2.36904
45	85	85	2.64304	0.00769996	-5.41772
55	5	5	-5.25812	-0.1184	-0.547337
55	5	15	-3.31024	0.122462	7.40159
55	5	25	-0.102875	0.365231	3.50491
55	5	35	0.651155	0.162049	-5.05993
55	5	45	0.110024	-0.00492224	-3.71639
55	5	55	1.16727	0.0270722	3.70709
55	5	65	2.68403	-0.361393	4.82879
55	5	75	0.653055	0.0635193	-3.90591
55	5	85	-3.37101	0.201105	-7.58252
55	15	5	-3.09048	-0.00863071	-0.170106
55	15	15	-1.80648	0.839956	5.54587
55	15	25	0.721174	1.69114	2.84134
55	15	35	0.642605	-1.90551	-2.90189
55	15	45	-0.759831	-4.14255	-2.7513
55	15	55	-0.575693	-4.26258	2.66321
55	15	65	1.60352	-2.15671	3.22311
55	15	75	0.883641	1.82796	-2.94692
55	15	85	-1.64544	0.54767	-4.47314
55	25	5	-0.974912	1.78866	0.138482
55	25	15	0.138278	1.93498	2.51475
55	25	25	1.74865	1.0251	0.928832
55	25	35	0.946544	-1.72957	-2.36221
55	25	45	-0.838962	-2.33774	-1.81648
55	25	55	-0.563033	-3.13338	1.60792
55	25	65	0.705878	-1.46987	2.1503
55	25	75	1.31379	0.464626	-0.823874
55	25	85	-0.153886	2.4148	-2.29396
55	35	5	-0.416945	3.74064	-0.163683
55	35	15	0.242671	2.86898	2.04197
55	35	25	1.48803	0.0803137	-0.2475
55	35	35	0.649599	-1.75302	-3.73402
55	35	45	-1.93574	-0.601796	-2.24285
55	35	55	-2.14539	-0.78577	2.50569
55	35	65	0.217928	-1.75705	3.01766
55	35	75	1.16924	-0.556789	0.477489
55	35	85	0.201798	2.85029	-2.34417
55	45	5	-0.200745	3.32691	-0.0519688
55	45	15	0.660749	2.08516	4.08934
55	45	25	1.36067	-0.94185	-0.0575076
55	45	35	-1.81338	-1.24652	-6.28897
55	45	45	-5.03233	1.57648	-4.65504
55	45	55	-4.27516	0.850578	4.55393
55	45	65	-1.33747	-0.348046	5.88634
55	45	75	1.38106	-0.845571	0.296893
55	45	85	0.631857	2.4019	-4.14939
55	55	5	-1.16198	-2.6712	0.557608
55	55	15	0.367404	-1.80654	4.32577
55	55	25	0.997112	0.839683	0.465052
55	55	35	-1.45777	0.279668	-6.6751
55	55	45	-5.64073	-1.72674	-4.76802
55	55	55	-4.89072	-1.44023	4.9475
55	55	65	-1.75591	0.717762	5.89674
55	55	75	0.721888	-0.00435796	0.680613
55	55	85	0.207416	-2.43697	-3.17258
55	65	5	-0.668016	-3.17259	0.596711
55	65	15	-0.447763	-3.1447	2.52363
55	65	25	0.705602	-0.242305	-0.464183
55	65	35	0.215054	1.55641	-3.05803
55	65	45	-2.86321	0.0269476	-2.76311
55	65	55	-2.25174	0.136534	2.64215
55	65	65	0.35339	0.958448	2.97804
55	65	75	1.11959	0.351062	0.19179
55	65	85	-0.132624	-2.51647	-1.94064
55	75	5	-1.22532	-2.30163	0.060344
55	75	15	-0.200172	-2.05802	2.63389
55	75	25	1.5284	-0.686359	0.54871
55	75	35	0.667572	1.99439	-2.42988
55	75	45	-0.876748	2.60601	-2.03896
55	75	55	-0.234542	2.64728	1.74981
55	75	65	0.890061	1.44881	1.93999
55	75	75	1.45605	-0.987687	-0.748054
55	75	85	0.10229	-2.16427	-2.07184
55	85	5	-4.11619	-0.199652	-0.484735
55	85	15	-2.15385	0.0125661	5.07964
55	85	25	0.784345	-1.22753	2.60176
55	85	35	1.12883	1.88354	-2.9062
55	85	45	-0.408142	3.72698	-2.22588
55	85	55	0.319097	3.42746	1.85167
55	85	65	1.81171	1.86263	2.69906
55	85	75	1.22105	-1.37426	-2.52454
55	85	85	-1.65699	-0.611902	-4.45687
65	5	5	-6.9043	-0.14007	-0.662293
65	5	15	-5.02376	-0.160004	3.21062
65	5	25	-1.60229	-0.578753	1.35255
65	5	35	3.41949	-0.184272	-2.96836
65	5	45	1.84569	0.266199	-2.17465
65	5	55	2.22316	-0.405367	1.28411
65	5	65	4.29693	-0.72929	3.42785
65	5	75	-0.730149	-0.101617	-1.06404
65	5	85	-5.00503	-0.0359119	-3.35611
65	15	5	-3.23336	-0.740383	0.483192
65	15	15	-1.95941	-0.434503	0.968362
65	15	25	0.358778	0.0974224	0.505628
65	15	35	1.66753	-0.821142	-1.12853
65	15	45	0.20024	-1.4961	-0.719995
65	15	55	0.133633	-1.31987	0.571057
65	15	65	1.61287	-0.281727	1.02593
65	15	75	0.179189	0.733567	-0.0995259
65	15	85	-1.61287	-0.502885	-0.640135
65	25	5	-0.780726	-0.0612615	-0.106375
65	25	15	-0.0681385	0.117362	0.0611213
65	25	25	1.39059	0.07436	0.337438
65	25	35	0.767842	-0.179938	-0.161568
65	25	45	-0.580801	-0.501067	0.0376445
65	25	55	-0.52678	-0.308529	0.039378
65	25	65	0.842012	0.172355	-0.0373574
65	25	75	0.561803	0.0785881	0.406352
65	25	85	-0.411282	-0.0336319	0.252487
65	35	5	-0.475593	1.21168	0.0521725
65	35	15	0.226334	0.527903	0.320964
65	35	25	1.06556	0.325683	-0.358229
65	35	35	0.0940905	0.0836268	-0.11309
65	35	45	-1.31183	0.711354	-0.301145
65	35	55	-0.897839	0.301245	-0.166901
65	35	65	-0.167509	0.0855331	0.0987869
65	35	75	0.844161	0.0661833	0.106243
65	35	85	-0.0169203	0.688541	-0.297089
65	45	5	0.677093	0.942351	-0.17467
65	45	15	1.61078	0.163372	1.7308
65	45	25	1.34516	-0.0379383	1.10795
65	45	35	-2.87749	-0.380781	-2.5364
65	45	45	-5.52717	0.781145	-2.00757
65	45	55	-4.76174	1.04376	1.75361
65	45	65	-2.55413	-0.691134	1.99629
65	45	75	1.14925	-0.435149	-0.145935
65	45	85	0.736148	0.197761	-1.56872
65	55	5	-0.00970221	-1.90346	0.155989
65	55	15	1.50037	-0.623646	1.72704
65	55	25	0.259113	0.781044	0.407097
65	55	35	-3.07282	-0.206916	-2.43671
65	55	45	-5.26933	-1.34977	-1.76728
65	55	55	-4.84164	-1.20466	2.73005
65	55	65	-2.86075	0.0804059	2.30125
65	55	75	0.628818	0.315406	-0.388392
65	55	85	0.919848	-1.03114	-1.47141
65	65	5	-0.36537	-1.01166	0.140531
65	65	15	0.0522112	-0.936575	0.440676
65	65	25	0.834537	-0.148643	0.320616
65	65	35	0.095728	-0.0878164	-0.157488
65	65	45	-1.31452	-0.65652	-0.192876
65	65	55	-1.05394	-0.763637	0.141758
65	65	65	-0.124177	-0.490398	0.335649
65	65	75	0.986412	-0.110966	-0.237826
65	65	85	0.276751	-1.04798	-0.100724
65	75	5	-0.772007	0.104847	0.0246052
65	75	15	0.0970157	-0.162444	0.213182
65	75	25	0.801895	-0.438523	0.255438
65	75	35	0.347314	0.413827	-0.0803578
65	75	45	-0.480536	0.368948	-0.147303
65	75	55	-0.682445	0.342903	-0.122222
65	75	65	0.743706	-0.150793	0.192098
65	75	75	1.23906	-0.239863	0.0373464
65	75	85	-0.13626	-0.381113	-0.0513835
65	85	5	-3.27707	0.516045	-0.0189864
65	85	15	-2.02417	0.374784	1.12526
65	85	25	-0.187732	-0.353128	0.566108
65	85	35	2.01005	0.535165	-1.64394
65	85	45	0.0322476	1.42855	-0.43973
65	85	55	0.452158	1.1396	0.306072
65	85	65	1.67726	0.287144	1.06036
65	85	75	-0.220395	-0.431031	-0.460266
65	85	85	-1.49074	-0.00491018	-0.676349
75	5	5	-3.3668	-0.0855675	-0.0231906
75	5	15	-4.34616	-0.853729	2.93684
75	5	25	-1.37132	-0.8	1.31401
75	5	35	3.63311	-0.230102	-2.49406
75	5	45	4.73433	0.261637	-2.51034
75	5	55	3.75446	-0.157539	1.07199
75	5	65	2.93799	-0.535985	1.9595
75	5	75	-1.30014	-0.353614	-0.432044
75	5	85	-3.57948	-0.458344	-2.70309
75	15	5	-0.863562	-1.43322	0.467266
75	15	15	-0.83889	-0.996643	0.834995
75	15	25	-1.16408	-0.108233	0.445397
75	15	35	1.42485	-0.0894164	-0.771215
75	15	45	1.98603	-0.656942	-0.51205
75	15	55	1.11111	-0.751191	-0.263067
75	15	65	0.959142	0.44469	0.356927
75	15	75	-1.00443	0.355459	-0.498201
75	15	85	-1.01117	-0.393185	-0.440302
75	25	5	0.264569	-0.255866	0.244642
75	25	15	-0.104917	-0.131658	-0.129209
75	25	25	-0.481856	0.174718	0.0324943
75	25	35	0.260517	0.282931	0.0279879
75	25	45	0.172918	-0.245643	-0.124644
75	25	55	0.146424	-0.187174	-0.276603
75	25	65	-0.394662	-0.0196047	-0.0857917
75	25	75	-0.160398	0.240378	0.0515512
75	25	85	0.0955836	0.0470227	0.0898301
75	35	5	0.587848	0.753723	0.0610068
75	35	15	0.322278	0.681161	-0.251516
75	35	25	-0.623585	0.263811	0.317839
75	35	35	-0.550434	0.519116	-0.0329002
75	35	45	-0.157502	1.07076	-0.159061
75	35	55	-0.163348	0.835838	-0.0693219
75	35	65	-0.588836	0.236633	-0.0294866
75	35	75	-0.122253	-0.00938492	-0.257375
75	35	85	0.833375	0.384916	-0.101039
75	45	5	3.4445	0.659633	0.0791098
75	45	15	2.80892	0.34461	2.10955
75	45	25	0.368893	-0.614405	0.226731
75	45	35	-2.65242	-0.150179	-1.82815
75	45	45	-2.28696	0.854305	-0.840543
75	45	55	-2.2625	1.30389	1.12167
75	45	65	-2.53447	-0.232668	2.0443
75	45	75	0.656606	-0.803861	-0.676743
75	45	85	2.20288	0.135206	-1.40189
75	55	5	3.88128	-1.40737	-0.388414
75	55	15	3.55607	0.0225374	2.17863
75	55	25	0.616565	0.772643	0.750769
75	55	35	-2.72248	-0.580033	-1.86696
75	55	45	-2.15058	-0.442957	-0.937033
75	55	55	-2.19898	-1.51963	1.21171
75	55	65	-2.56312	-0.0808529	1.59626
75	55	75	0.288285	0.414253	0.0551695
75	55	85	2.30698	-0.753324	-1.0218
75	65	5	0.544076	-0.863995	0.35102
75	65	15	0.436745	-0.703401	0.229742
75	65	25	-0.199269	-0.00944165	0.23987
75	65	35	-0.591427	-0.0944572	-0.132909
75	65	45	-0.132684	-0.871858	-0.0633119
75	65	55	-0.238746	-0.709871	-0.0197708
75	65	65	-0.868301	-0.449823	0.454906
75	65	75	-0.238145	0.16455	0.224636
75	65	85	0.173754	-0.352563	0.354866
75	75	5	0.283404	0.220247	-0.124778
75	75	15	-0.424518	-0.135005	-0.130769
75	75	25	-0.341248	-0.119173	0.158124
75	75	35	-0.338541	0.0881177	0.0220955
75	75	45	0.321715	0.189481	0.165523
75	75	55	0.299326	0.04587	-0.280273
75	75	65	-0.13893	0.142866	-0.164848
75	75	75	-0.34292	-0.276863	0.502395
75	75	85	-0.0785287	-0.0708157	0.397188
75	85	5	-1.12245	1.11834	-0.177093
75	85	15	-1.5698	0.164206	1.01467
75	85	25	-0.929829	-0.527301	0.439848
75	85	35	1.21811	-0.567416	-0.698523
75	85	45	1.53394	0.811462	-0.394332
75	85	55	1.47594	0.499096	-0.195099
75	85	65	1.05075	-0.515108	0.40167
75	85	75	-0.982509	-0.513779	-0.358215
75	85	85	-1.27182	0.27252	-0.45469
85	5	5	-0.729433	-0.557265	-0.0533503
85	5	15	-2.71512	-0.913057	4.22175
85	5	25	-1.80903	-0.312888	1.7147
85	5	35	3.51809	-0.00775197	-5.72581
85	5	45	6.3693	-0.0572732	-4.55913
85	5	55	5.86328	-0.0794738	3.13382
85	5	65	2.14427	-0.651626	4.20896
85	5	75	-2.03802	-0.523327	-1.27154
85	5	85	-2.29152	-0.44032	-4.31029
85	15	5	1.06178	-2.74362	-0.0308862
85	15	15	-0.644356	-2.44274	1.90544
85	15	25	-1.43335	0.109793	0.580941
85	15	35	1.6802	0.717584	-3.01906
85	15	45	4.11138	-0.514022	-2.55285
85	15	55	2.98194	0.0483004	1.45322
85	15	65	-0.29661	0.0369595	2.41408
85	15	75	-2.17464	-0.349363	-1.23979
85	15	85	-0.243884	-2.46585	-2.82437
85	25	5	1.29243	-0.922436	0.222752
85	25	15	-0.55688	-0.94393	0.491387
85	25	25	-1.61534	-0.304392	0.502212
85	25	35	-0.686836	0.971773	-0.842895
85	25	45	1.17643	1.14764	-0.674451
85	25	55	0.812076	0.863613	0.604604
85	25	65	-1.24572	0.485735	0.700073
85	25	75	-1.3646	-0.261162	-0.662573
85	25	85	0.119225	-1.0117	-1.01563
85	35	5	2.6758	0.794286	-0.309769
85	35	15	0.527767	0.000905549	0.907393
85	35	25	-1.54831	-0.473326	1.35479
85	35	35	-1.04232	1.00159	-0.422028
85	35	45	0.915532	2.52638	-0.766957
85	35	55	0.813579	2.42705	1.1996
85	35	65	-1.21632	1.11754	1.06928
85	35	75	-0.820729	-0.495948	-0.719194
85	35	85	1.21832	0.322529	-1.3102
85	45	5	6.02746	1.03968	0.597895
85	45	15	4.1959	0.246626	4.43367
85	45	25	0.234582	-0.769559	3.15502
85	45	35	-1.97741	1.00432	-1.82155
85	45	45	0.204776	2.70311	-1.8248
85	45	55	1.05763	2.81496	2.2353
85	45	65	-1.38529	0.798552	2.50549
85	45	75	0.677442	-1.16921	-2.3626
85	45	85	3.85463	0.313174	-3.91018
85	55	5	6.18098	-1.78463	-0.219436
85	55	15	4.00611	-0.862828	4.14554
85	55	25	0.848669	0.947989	2.58143
85	55	35	-2.30501	-0.831895	-3.07038
85	55	45	-0.235287	-1.73223	-2.40844
85	55	55	-0.167776	-1.72362	2.12329
85	55	65	-2.37339	-0.655774	3.33529
85	55	75	0.274694	0.805725	-2.25702
85	55	85	3.88007	-1.07616	-3.77916
85	65	5	2.58542	-0.289184	0.288769
85	65	15	0.947633	0.0373195	1.47658
85	65	25	-0.904826	0.923217	0.870892
85	65	35	-1.40997	-1.35906	-1.38631
85	65	45	0.332307	-2.02557	-0.876475
85	65	55	0.651762	-2.18179	0.833755
85	65	65	-1.13623	-0.894017	0.702427
85	65	75	-1.33514	0.822018	-0.867924
85	65	85	0.671814	-0.147714	-1.07441
85	75	5	0.968885	0.97161	0.140272
85	75	15	-0.0617082	0.912407	0.915876
85	75	25	-1.70046	0.423708	0.462367
85	75	35	-1.0232	-0.749596	-0.94528
85	75	45	0.798031	-0.974238	-0.0989789
85	75	55	0.770556	-0.621102	0.653874
85	75	65	-1.12376	-0.843017	0.92243
85	75	75	-1.83304	0.280741	-0.0173522
85	75	85	0.154062	0.762262	-0.685761
85	85	5	1.20267	2.78326	0.144298
85	85	15	-0.75467	1.26136	2.33804
85	85	25	-1.22247	-0.843813	-0.501787
85	85	35	1.32993	-1.02846	-2.87761
85	85	45	3.63634	0.422532	-1.80393
85	85	55	3.59491	0.501828	1.52638
85	85	65	0.556287	-0.866682	2.21968
85	85	75	-1.0709	-0.658862	-0.357212
85	85	85	-0.832551	1.9281	-2.09728
