5	5	5	2.6749	-0.598482	-0.88181
5	5	15	5.60872	-0.048487	-0.688471
5	5	25	3.5302	-0.579172	-1.20939
5	5	35	0.937981	-1.21006	-1.12227
5	5	45	-2.42245	-2.94588	-2.87614
5	5	55	-2.84054	-4.04479	-4.09156
5	5	65	-0.739587	-3.22072	-3.18816
5	5	75	1.17668	-1.81699	-1.98282
5	5	85	2.58672	-1.32969	-1.31836
5	15	5	5.76981	-1.40538	-2.06022
5	15	15	7.84494	0.779922	-0.101275
5	15	25	6.16658	1.49574	-1.74132
5	15	35	2.55128	-0.419722	-1.44148
5	15	45	-1.61378	-1.65347	-3.23636
5	15	55	-2.08723	-2.62464	-4.86017
5	15	65	1.03291	-2.12337	-3.68448
5	15	75	3.01682	-1.87043	-1.86446
5	15	85	4.58003	-2.09397	-2.49189
5	25	5	4.51629	-2.15142	-2.87604
5	25	15	7.97559	-1.97583	-1.9011
5	25	25	6.47758	-0.119944	-2.15436
5	25	35	2.42489	0.882046	-0.900233
5	25	45	-0.779031	-0.883633	-3.00927
5	25	55	-0.632102	-1.65944	-4.09624
5	25	65	0.737547	-1.04591	-3.45249
5	25	75	1.78639	-0.794741	-1.75413
5	25	85	2.74926	-1.38711	-2.32447
5	35	5	3.42975	-2.63087	-3.03149
5	35	15	4.39094	-2.62421	-2.9426
5	35	25	2.74833	-1.72759	-1.28341
5	35	35	0.510655	-0.0690963	-0.635965
5	35	45	-1.16449	-0.749146	-1.62384
5	35	55	-1.00342	-1.12694	-2.38737
5	35	65	-0.0511649	-0.604379	-1.29673
5	35	75	0.328171	-0.470694	-0.536626
5	35	85	1.75483	-1.48075	-1.39976
5	45	5	4.1937	-2.41487	-3.97796
5	45	15	3.83948	-2.10277	-2.8114
5	45	25	1.47209	-0.757433	-0.81945
5	45	35	0.000836427	-0.0604553	-0.951042
5	45	45	-3.59506	-0.254821	-3.86473
5	45	55	-2.17086	-0.70622	-3.00231
5	45	65	-0.147123	-0.0618731	-1.0976
5	45	75	0.176843	-0.348161	-0.479142
5	45	85	1.63475	-1.27352	-1.44605
5	55	5	4.51577	-3.70418	-4.98058
5	55	15	4.52417	-2.4867	-3.53146
5	55	25	2.1542	-3.849	-3.16696
5	55	35	-1.69879	-3.62498	-2.93845
5	55	45	-3.89662	-2.97881	-4.04061
5	55	55	-2.9269	-2.01042	-3.42851
5	55	65	-1.8408	-2.24157	-2.77945
5	55	75	-0.875438	-3.00844	-1.5842
5	55	85	0.499586	-3.17933	-1.59874
5	65	5	2.46833	-5.50078	-6.11574
5	65	15	5.03834	-6.71446	-4.27034
5	65	25	3.76875	-8.45026	-3.75016
5	65	35	-2.09456	-6.2172	-1.47395
5	65	45	-5.23924	-5.58409	-4.48981
5	65	55	-5.66637	-5.78654	-5.92601
5	65	65	-2.8478	-6.58947	-4.3649
5	65	75	-3.27559	-5.74943	-2.57234
5	65	85	-1.67661	-5.45102	-3.63394
5	75	5	2.96609	-3.60513	-3.3759
5	75	15	5.51262	-5.10484	-3.70819
5	75	25	3.71787	-4.94272	-1.2178
5	75	35	-0.314645	-3.62239	0.196232
5	75	45	-4.22311	-4.69236	-4.20712
5	75	55	-3.65132	-4.50369	-4.71364
5	75	65	-2.34918	-5.00204	-3.72954
5	75	75	-2.28349	-4.74253	-2.17558
5	75	85	0.165694	-3.40401	-1.99022
5	85	5	3.04084	-2.01605	-1.87238
5	85	15	4.71197	-3.14455	-1.65871
5	85	25	2.9368	-3.14767	-1.07581
5	85	35	0.596452	-2.3176	-0.421378
5	85	45	-3.04298	-3.82262	-3.4374
5	85	55	-2.90845	-4.61356	-4.41484
5	85	65	-1.99757	-3.79664	-3.32892
5	85	75	-0.462804	-2.99911	-1.68017
5	85	85	1.34584	-1.78084	-1.25646
15	5	5	1.09367	-2.10289	-1.94259
15	5	15	1.23614	-1.36537	-0.470696
15	5	25	0.720988	-0.940091	0.6146
15	5	35	0.0811827	-0.938706	1.24155
15	5	45	-2.38026	-2.72465	-1.41358
15	5	55	-2.84597	-3.56156	-3.93116
15	5	65	-0.711134	-2.00361	-2.17045
15	5	75	0.225892	-1.7183	-1.87528
15	5	85	0.248372	-1.62423	-2.07438
15	15	5	4.15958	-2.86377	-2.71994
15	15	15	4.75571	-3.09868	-1.06727
15	15	25	3.38389	-1.73844	1.00376
15	15	35	1.12629	-1.10094	0.912433
15	15	45	-1.03335	-1.49784	-1.46953
15	15	55	-2.19099	-1.61442	-4.16012
15	15	65	0.410829	-2.1793	-2.96879
15	15	75	1.76453	-2.48897	-2.88815
15	15	85	2.47189	-2.43765	-2.7225
15	25	5	3.41835	-2.18976	-2.88004
15	25	15	5.9481	-3.42386	-2.22555
15	25	25	4.50966	-2.36616	-0.659627
15	25	35	1.90408	-0.723283	0.410315
15	25	45	0.720773	-0.716507	-1.26802
15	25	55	1.56707	-1.32654	-3.0729
15	25	65	2.1183	-1.61264	-2.94337
15	25	75	1.9346	-1.71041	-2.1009
15	25	85	2.27361	-1.89214	-2.27419
15	35	5	3.45299	-1.99185	-3.26141
15	35	15	4.20225	-2.30836	-3.21784
15	35	25	3.42058	-2.11926	-0.951579
15	35	35	0.843886	-0.431671	0.0246108
15	35	45	0.435758	-0.691886	-1.29364
15	35	55	2.36675	-0.996593	-3.4284
15	35	65	1.77392	-1.08935	-2.05788
15	35	75	1.02166	-0.874649	-0.938352
15	35	85	1.53425	-1.37145	-1.63008
15	45	5	4.55994	-1.90387	-4.69618
15	45	15	4.77397	-1.23579	-3.95769
15	45	25	2.65568	-0.827158	-0.683744
15	45	35	0.793869	-0.097258	-0.227886
15	45	45	1.00512	-0.295894	-3.89131
15	45	55	3.16361	-0.138867	-4.50992
15	45	65	1.45575	0.887901	-1.85444
15	45	75	0.658641	-0.193358	-0.602145
15	45	85	1.47434	-1.00797	-1.60638
15	55	5	4.98133	-2.11127	-4.61185
15	55	15	4.96488	-1.5199	-3.83622
15	55	25	4.21604	-1.68802	-1.84245
15	55	35	1.38357	-1.85234	-1.89851
15	55	45	0.459342	-1.80517	-3.02102
15	55	55	1.71574	-0.3052	-3.42539
15	55	65	2.18856	0.0243957	-2.5487
15	55	75	1.36037	-0.930047	-0.845128
15	55	85	2.30454	-1.2253	-1.73693
15	65	5	3.60486	-2.75071	-4.16183
15	65	15	5.6518	-4.39866	-4.29924
15	65	25	4.88599	-4.68316	-1.37942
15	65	35	0.277458	-2.91105	0.126131
15	65	45	-2.62615	-4.28544	-4.01404
15	65	55	-1.55848	-4.62016	-7.07591
15	65	65	-1.54358	-5.57336	-6.44883
15	65	75	0.143465	-5.17961	-4.22918
15	65	85	2.21477	-3.24137	-2.96636
15	75	5	1.3742	-1.6741	-1.53825
15	75	15	3.51497	-3.0555	-1.17757
15	75	25	3.07899	-3.47904	1.2613
15	75	35	0.537047	-2.5163	1.43479
15	75	45	-2.95763	-3.81829	-2.77741
15	75	55	-2.77503	-4.89911	-5.52864
15	75	65	-2.02823	-4.61205	-4.97116
15	75	75	-0.103594	-3.47147	-2.90903
15	75	85	0.679311	-2.23683	-1.47145
15	85	5	0.634703	-1.22558	-1.13851
15	85	15	1.44302	-1.53375	-0.43604
15	85	25	1.41976	-1.21538	0.965584
15	85	35	0.475293	-2.1207	1.31965
15	85	45	-2.56257	-3.57651	-1.99548
15	85	55	-2.9209	-4.29533	-4.21386
15	85	65	-1.42368	-3.72332	-3.57826
15	85	75	-0.313985	-2.03089	-1.80631
15	85	85	0.0459555	-1.09261	-1.21953
25	5	5	-1.55412	-2.54943	-3.6184
25	5	15	-1.43757	-2.29003	-1.12881
25	5	25	-1.58826	-1.61504	2.30147
25	5	35	-1.20817	-1.83427	2.81413
25	5	45	-0.409777	-3.10309	-0.933613
25	5	55	0.296227	-3.36272	-4.77074
25	5	65	-0.180129	-2.95048	-3.80128
25	5	75	-1.19911	-3.22185	-3.9536
25	5	85	-2.32585	-2.37582	-3.97862
25	15	5	0.14828	-3.05835	-4.10253
25	15	15	0.897422	-4.54676	-3.54821
25	15	25	-0.454506	-4.05944	1.85606
25	15	35	-0.436524	-2.91848	3.7677
25	15	45	0.0935409	-2.34431	-0.422828
25	15	55	0.732479	-2.31882	-4.88232
25	15	65	0.509889	-3.1765	-4.88488
25	15	75	0.196617	-2.82786	-4.38253
25	15	85	-0.296929	-2.6421	-4.0524
25	25	5	1.81933	-3.32037	-4.00594
25	25	15	3.58121	-4.70032	-3.85072
25	25	25	3.58467	-4.33616	-0.843193
25	25	35	1.83004	-2.19309	0.946938
25	25	45	1.22559	-1.68192	-0.725924
25	25	55	2.23307	-1.87883	-2.46401
25	25	65	2.28195	-2.39238	-3.51835
25	25	75	1.77954	-2.64195	-2.96374
25	25	85	1.90498	-3.37999	-3.67063
25	35	5	2.71081	-2.46234	-3.38229
25	35	15	4.48666	-3.41501	-3.9153
25	35	25	4.02505	-3.37956	-1.04577
25	35	35	1.48969	-0.987352	0.581865
25	35	45	2.1703	-1.13532	-1.46356
25	35	55	3.84556	-0.561724	-3.77202
25	35	65	3.39094	-0.364386	-3.49258
25	35	75	2.80635	-1.82372	-2.4119
25	35	85	1.92338	-2.19943	-2.62183
25	45	5	3.84149	-0.921758	-5.91159
25	45	15	6.70587	-1.2201	-4.99269
25	45	25	5.31531	-1.53622	-1.57185
25	45	35	2.14168	-0.44516	0.39043
25	45	45	4.06912	-0.919762	-3.99657
25	45	55	4.60518	-0.460835	-4.23272
25	45	65	4.46011	1.4283	-4.19289
25	45	75	3.28111	0.725718	-2.90366
25	45	85	2.36689	-1.24079	-4.29582
25	55	5	4.58382	-1.38209	-6.02622
25	55	15	6.50235	0.601093	-4.76837
25	55	25	6.04302	1.06834	-1.4689
25	55	35	2.95335	-0.357116	-0.974394
25	55	45	3.51588	-0.447024	-2.8384
25	55	55	4.01104	0.475232	-3.57341
25	55	65	4.23033	1.66524	-3.45821
25	55	75	3.64547	1.69059	-2.54996
25	55	85	2.98899	0.299738	-4.63742
25	65	5	3.61752	0.0714423	-4.77498
25	65	15	5.88024	-0.886894	-4.23603
25	65	25	5.56578	-2.27772	0.608975
25	65	35	3.31336	-2.05565	1.13073
25	65	45	2.02025	-3.02505	-3.42764
25	65	55	2.73092	-1.9279	-4.96221
25	65	65	2.34382	-2.4338	-5.56813
25	65	75	3.55905	-0.628933	-3.73699
25	65	85	3.19993	0.0759492	-3.93802
25	75	5	1.35251	-1.66814	-2.69263
25	75	15	2.22588	-3.45987	-1.80564
25	75	25	2.01887	-3.97548	2.15049
25	75	35	0.938264	-2.76619	2.24388
25	75	45	0.415015	-3.81877	-2.97992
25	75	55	-1.12499	-4.8988	-6.10153
25	75	65	0.787222	-3.58425	-4.58176
25	75	75	1.00319	-2.80648	-3.06668
25	75	85	1.1728	-1.54534	-2.61069
25	85	5	-0.275114	-1.32736	-2.56493
25	85	15	0.527183	-1.83228	-0.761685
25	85	25	0.628107	-2.49898	1.65757
25	85	35	0.252725	-2.54147	1.85302
25	85	45	-0.36803	-3.61033	-2.36894
25	85	55	-0.76033	-4.3059	-4.70357
25	85	65	0.856307	-3.8722	-4.02721
25	85	75	0.0454777	-2.59809	-2.90279
25	85	85	-0.758447	-1.21037	-2.61705
35	5	5	-2.93676	-0.914982	-2.99306
35	5	15	-3.08297	-0.961357	-0.61915
35	5	25	-2.03572	-0.304444	1.60424
35	5	35	-0.979887	-0.982963	1.39299
35	5	45	1.02959	-2.90477	-1.52996
35	5	55	2.08209	-2.58231	-3.53709
35	5	65	0.259621	-2.76962	-3.60885
35	5	75	-0.746288	-2.90835	-3.82639
35	5	85	-1.96985	-1.64945	-3.24318
35	15	5	-3.65484	-5.09803	-5.37091
35	15	15	-5.34131	-6.3373	-4.66397
35	15	25	-5.12676	-5.53846	1.87625
35	15	35	-1.78179	-3.07631	3.33974
35	15	45	2.15679	-3.47749	-1.6467
35	15	55	3.40953	-4.37549	-5.61648
35	15	65	2.91331	-5.29854	-5.62809
35	15	75	1.86708	-5.65811	-5.24991
35	15	85	-1.65745	-4.36201	-5.51969
35	25	5	-2.89266	-5.79379	-4.43273
35	25	15	-4.82478	-7.78273	-5.26693
35	25	25	-1.77457	-7.53081	-1.05493
35	25	35	0.0441005	-3.50367	0.725042
35	25	45	1.29501	-2.97937	-1.34329
35	25	55	2.65436	-3.85984	-3.04999
35	25	65	3.22549	-5.01178	-3.87504
35	25	75	1.49218	-4.35252	-4.22196
35	25	85	-0.14452	-4.68042	-5.08075
35	35	5	-0.457184	-5.04561	-5.51312
35	35	15	0.392024	-6.00875	-4.42667
35	35	25	0.710603	-5.50425	0.184793
35	35	35	1.09236	-2.10962	0.886641
35	35	45	2.25778	-1.85192	-1.64718
35	35	55	3.29532	-1.4212	-3.30518
35	35	65	3.90508	-1.45374	-3.96759
35	35	75	3.11087	-2.1277	-4.014
35	35	85	0.955565	-3.86092	-4.39581
35	45	5	1.38209	-2.52272	-8.13704
35	45	15	4.01528	-1.64055	-5.93608
35	45	25	3.18071	-0.79947	-0.214035
35	45	35	1.68212	-0.693406	0.425947
35	45	45	4.86763	-0.426739	-3.93055
35	45	55	4.57222	-0.436007	-4.16518
35	45	65	5.29051	-0.538077	-4.85209
35	45	75	4.73701	1.23074	-4.77241
35	45	85	4.12605	-1.0866	-6.58982
35	55	5	2.17025	1.89119	-8.64485
35	55	15	4.01656	3.78096	-5.66511
35	55	25	3.78382	2.20365	-0.551154
35	55	35	2.89687	-0.0299552	-0.103042
35	55	45	4.69988	0.285346	-3.33692
35	55	55	4.63406	0.499252	-3.98722
35	55	65	4.35207	0.818539	-3.55532
35	55	75	3.64725	1.791	-3.69356
35	55	85	4.13907	-0.0288943	-6.83723
35	65	5	2.12903	4.18726	-6.35279
35	65	15	3.14782	2.68014	-4.99804
35	65	25	3.89526	1.36602	-1.23938
35	65	35	3.613	-0.140355	-0.491628
35	65	45	4.13318	-0.320036	-3.31582
35	65	55	4.16303	-0.584525	-3.96438
35	65	65	4.44722	-0.546738	-4.21461
35	65	75	3.93791	0.507619	-3.79598
35	65	85	2.45215	2.50166	-5.12623
35	75	5	-0.929978	2.14357	-4.29572
35	75	15	-1.11399	0.41073	-2.48134
35	75	25	-0.00323821	-0.166538	-0.39853
35	75	35	0.268915	-0.773114	0.0170798
35	75	45	2.47658	-2.61327	-3.15226
35	75	55	1.33037	-2.89439	-3.92287
35	75	65	1.92116	-2.09793	-2.8836
35	75	75	1.37414	-0.687646	-2.3171
35	75	85	0.447679	2.80193	-4.14183
35	85	5	-1.8083	0.946312	-2.11307
35	85	15	-1.36849	-0.106476	-1.04857
35	85	25	-0.883962	-0.508757	0.288197
35	85	35	-0.180951	-0.949335	0.283738
35	85	45	1.4501	-2.48598	-1.68717
35	85	55	0.821301	-2.29345	-2.28717
35	85	65	0.447329	-1.66583	-2.04718
35	85	75	-0.540116	-0.570709	-1.56822
35	85	85	-1.1535	0.835061	-2.28236
45	5	5	-2.36773	-0.7734	-2.1427
45	5	15	-1.72763	-0.435812	-0.704789
45	5	25	-0.974933	-0.38932	0.333839
45	5	35	0.136174	-1.01841	0.134523
45	5	45	2.62075	-3.15993	-1.8103
45	5	55	2.63558	-3.02941	-3.07748
45	5	65	1.91129	-3.23081	-3.15845
45	5	75	-0.462491	-3.15613	-2.97181
45	5	85	-1.794	-2.54144	-2.42825
45	15	5	-5.91183	-6.66176	-4.07626
45	15	15	-6.32759	-6.58557	-3.31241
45	15	25	-4.28727	-5.19583	0.173748
45	15	35	-0.321233	-3.09341	1.45172
45	15	45	2.63057	-3.65947	-2.22437
45	15	55	4.57071	-5.77754	-5.43311
45	15	65	4.66217	-7.87137	-5.03627
45	15	75	3.00461	-9.11518	-3.70261
45	15	85	-3.87028	-7.15101	-3.31479
45	25	5	-4.66929	-6.034	-2.28205
45	25	15	-6.44377	-6.38247	-4.55224
45	25	25	-2.11421	-5.39955	-2.47486
45	25	35	0.356222	-3.46446	-2.02199
45	25	45	1.69011	-3.38782	-2.75734
45	25	55	2.51978	-4.64712	-3.24763
45	25	65	3.63293	-7.09496	-3.4019
45	25	75	1.41819	-6.40242	-2.75721
45	25	85	-2.33002	-4.71375	-2.76274
45	35	5	-2.69373	-4.36297	-3.97164
45	35	15	-4.20107	-4.80276	-3.8626
45	35	25	-2.88567	-4.36835	-1.56976
45	35	35	0.220797	-2.24496	-0.939766
45	35	45	2.14909	-2.89955	-2.25825
45	35	55	2.36903	-2.98676	-2.44608
45	35	65	2.44027	-3.34927	-2.13072
45	35	75	1.75286	-2.82997	-2.14622
45	35	85	-0.310197	-3.06582	-2.88102
45	45	5	-4.35186	-4.02269	-5.98519
45	45	15	-4.08938	-3.00006	-4.2789
45	45	25	-0.83753	-2.17519	-0.697378
45	45	35	0.762244	-0.860136	-0.496969
45	45	45	3.60398	-1.04908	-3.21548
45	45	55	3.15199	-0.691943	-2.8871
45	45	65	3.11764	-1.54823	-2.41419
45	45	75	2.28699	-1.16345	-2.59785
45	45	85	-0.0378179	-2.23156	-2.73912
45	55	5	-4.11207	-2.35786	-5.44049
45	55	15	-2.56548	0.0372764	-3.33326
45	55	25	0.0759676	0.0785574	-0.742822
45	55	35	1.65557	-0.278815	-0.88855
45	55	45	4.19695	1.33665	-3.15711
45	55	55	3.56467	1.56945	-3.0692
45	55	65	3.16617	1.24508	-2.46857
45	55	75	2.69303	0.946186	-2.13021
45	55	85	0.170577	-0.756816	-2.75478
45	65	5	-1.90881	1.97184	-3.82763
45	65	15	-0.893076	1.79654	-3.43562
45	65	25	1.59259	0.781108	-1.60732
45	65	35	3.18186	0.203964	-2.14885
45	65	45	4.58965	1.04879	-3.54151
45	65	55	4.4496	1.04783	-3.14828
45	65	65	3.75322	0.951886	-2.18258
45	65	75	2.62061	1.63171	-2.11489
45	65	85	0.406043	1.33226	-2.18256
45	75	5	-1.4996	2.23043	-3.15829
45	75	15	-1.31307	0.662077	-2.44249
45	75	25	0.314767	-0.097858	-0.889592
45	75	35	1.44154	-0.000663644	-1.28736
45	75	45	3.0791	-1.53024	-3.16476
45	75	55	2.29291	-1.51201	-1.89489
45	75	65	1.90746	-0.234468	-1.72192
45	75	75	1.47143	1.11521	-1.65948
45	75	85	0.343695	1.86778	-2.14107
45	85	5	-1.33997	1.15576	-1.7683
45	85	15	-1.23717	0.135216	-0.835056
45	85	25	-0.0466317	-0.267988	-0.204697
45	85	35	0.458079	-0.522372	-0.472157
45	85	45	1.39616	-1.52583	-1.27324
45	85	55	0.961609	-1.12185	-0.786856
45	85	65	0.509803	-0.385284	-0.926644
45	85	75	0.0860317	0.0542027	-1.12629
45	85	85	-0.185178	0.918373	-1.40514
55	5	5	0.0412529	0.265844	-1.48
55	5	15	0.244961	0.570577	-0.916309
55	5	25	0.256337	-0.355168	0.085961
55	5	35	0.749946	-1.19256	-0.283807
55	5	45	3.01606	-3.09738	-2.17511
55	5	55	3.51796	-3.34351	-2.55657
55	5	65	2.64432	-2.74077	-2.12046
55	5	75	1.51019	-3.05458	-1.70539
55	5	85	-0.207652	-1.52392	-1.45963
55	15	5	-2.93279	-6.44354	-2.39366
55	15	15	-2.82229	-5.9555	-2.217
55	15	25	0.690233	-5.71557	-2.01218
55	15	35	3.46403	-5.5327	-1.75224
55	15	45	3.90036	-5.68516	-3.04042
55	15	55	5.59529	-7.0287	-4.17587
55	15	65	4.85285	-9.36059	-4.44166
55	15	75	0.979085	-9.7923	-3.69731
55	15	85	-2.70883	-7.66666	-1.7224
55	25	5	-3.3654	-4.8692	-1.47544
55	25	15	-4.79557	-6.72948	-4.06695
55	25	25	2.10888	-6.72961	-5.62784
55	25	35	3.379	-5.97508	-3.64923
55	25	45	2.76179	-4.08755	-2.93251
55	25	55	3.88829	-4.86888	-2.7237
55	25	65	5.29205	-6.67244	-2.55129
55	25	75	3.49759	-6.13677	-1.95133
55	25	85	-1.35907	-4.17538	-1.13251
55	35	5	-1.87052	-2.64308	-2.48138
55	35	15	-3.66863	-4.65999	-4.09126
55	35	25	0.0128144	-5.67935	-3.59855
55	35	35	0.989105	-3.61386	-2.01502
55	35	45	1.84297	-3.24027	-3.13849
55	35	55	2.65423	-3.45695	-2.91997
55	35	65	2.49142	-3.46455	-1.4796
55	35	75	1.33328	-2.02533	-0.495851
55	35	85	-0.207325	-1.25063	-0.777454
55	45	5	-4.73578	-2.40518	-4.80937
55	45	15	-3.66373	-3.24041	-4.40405
55	45	25	-0.656812	-2.52151	-2.17251
55	45	35	0.366792	-0.923161	-1.05957
55	45	45	1.75323	-1.41248	-1.83177
55	45	55	1.68516	-1.5334	-1.8288
55	45	65	1.0829	-1.25259	-0.665261
55	45	75	0.544698	-0.701237	-0.302548
55	45	85	-0.724173	-1.03602	-0.781991
55	55	5	-4.35599	-1.78554	-4.32305
55	55	15	-2.76855	-0.872484	-3.53557
55	55	25	0.033686	-0.27941	-1.53481
55	55	35	1.05105	-0.10151	-1.37623
55	55	45	2.72252	0.608045	-2.35946
55	55	55	2.41115	0.640538	-2.18766
55	55	65	1.21277	0.131724	-0.650829
55	55	75	0.74694	-0.031664	-0.585255
55	55	85	-0.632387	-0.322605	-0.476265
55	65	5	-2.02175	0.504007	-2.39278
55	65	15	-0.584473	1.00078	-3.01574
55	65	25	1.82167	-0.239866	-2.9389
55	65	35	2.94673	-0.398507	-2.81168
55	65	45	4.30102	0.745946	-3.85083
55	65	55	4.0471	1.38159	-2.93034
55	65	65	2.6122	0.371321	-0.989959
55	65	75	1.34763	0.560983	-0.0619048
55	65	85	-0.292864	0.267932	-0.651193
55	75	5	-1.0595	1.09627	-2.0597
55	75	15	0.142836	0.0878185	-2.29117
55	75	25	1.33301	-0.872224	-1.78062
55	75	35	2.16262	-0.525316	-2.21491
55	75	45	3.40846	-1.24512	-3.09379
55	75	55	4.34793	-1.67387	-3.39291
55	75	65	2.92929	-0.354026	-0.527293
55	75	75	1.33404	0.679683	-0.182781
55	75	85	-0.00985619	0.490852	-0.752072
55	85	5	-0.118927	0.782127	-1.73401
55	85	15	-0.133587	-0.169058	-1.03744
55	85	25	0.2927	-0.311968	-0.375059
55	85	35	0.679172	-0.702886	-0.526155
55	85	45	1.89772	-1.43175	-1.52724
55	85	55	2.04582	-1.38104	-1.76943
55	85	65	0.805616	-0.315153	-0.635919
55	85	75	0.798945	-0.012365	-0.89712
55	85	85	0.206176	0.547249	-0.868139
65	5	5	2.49042	1.73582	-2.45339
65	5	15	2.10128	1.96991	-1.53507
65	5	25	1.91889	1.22468	-0.859975
65	5	35	2.21149	-0.920755	-1.59776
65	5	45	3.50345	-2.44127	-3.57207
65	5	55	5.02782	-2.03649	-4.36159
65	5	65	5.20657	-1.61019	-3.2318
65	5	75	3.77449	-0.826161	-2.23435
65	5	85	2.46432	0.326917	-1.74735
65	15	5	3.64683	-3.4983	-2.13959
65	15	15	4.80699	-1.578	-2.3511
65	15	25	5.52116	-2.90238	-2.03761
65	15	35	5.00093	-4.4521	-2.25454
65	15	45	4.60493	-5.16048	-3.95927
65	15	55	6.65991	-4.69173	-4.80702
65	15	65	5.08165	-4.9972	-4.77955
65	15	75	2.98802	-4.72721	-3.60928
65	15	85	3.36993	-4.45386	-2.46614
65	25	5	1.46365	-2.8084	-1.21238
65	25	15	0.855527	-6.0363	-5.20136
65	25	25	3.94562	-6.3157	-6.48283
65	25	35	4.25525	-7.1288	-4.7137
65	25	45	4.49876	-5.82729	-4.50189
65	25	55	4.8204	-5.34278	-2.88754
65	25	65	5.81202	-6.26273	-1.66018
65	25	75	3.66063	-4.48484	-1.10307
65	25	85	1.85001	-2.86413	-0.527565
65	35	5	-0.499209	-2.62343	-1.92407
65	35	15	-1.08171	-5.06989	-5.08592
65	35	25	2.60444	-5.76938	-4.10618
65	35	35	4.13571	-6.5105	-4.18009
65	35	45	3.19646	-5.17332	-4.43302
65	35	55	2.85929	-4.4253	-3.34823
65	35	65	3.84652	-5.01509	-1.62936
65	35	75	2.31734	-3.1646	-0.162135
65	35	85	0.924181	-2.00895	-0.24914
65	45	5	-2.28217	-1.33286	-7.09257
65	45	15	0.118189	-4.84692	-6.20408
65	45	25	1.87793	-4.13276	-3.77407
65	45	35	0.42562	-3.28629	-3.12764
65	45	45	1.15194	-3.05008	-3.76621
65	45	55	1.50192	-2.87773	-2.64143
65	45	65	1.30004	-2.6609	-0.643211
65	45	75	0.413152	-1.63104	0.416612
65	45	85	-0.100133	-1.19783	-0.842219
65	55	5	-2.07182	-2.09021	-4.60639
65	55	15	-0.00989212	-1.77452	-5.57635
65	55	25	0.761399	-1.37697	-3.57639
65	55	35	0.106759	-1.7365	-3.47052
65	55	45	0.776336	-1.3197	-4.59544
65	55	55	1.17092	-1.06757	-3.02565
65	55	65	0.711127	-0.821962	-0.115288
65	55	75	-0.0218196	-0.699883	0.648419
65	55	85	-0.347817	-0.61133	0.160491
65	65	5	-0.836047	0.0875735	-2.62831
65	65	15	0.125075	1.00453	-4.32717
65	65	25	2.34187	0.458223	-5.32404
65	65	35	2.7783	-0.897676	-6.43229
65	65	45	3.3377	-0.0927024	-7.12539
65	65	55	3.63397	0.334024	-4.54562
65	65	65	2.66979	0.663908	0.00471801
65	65	75	0.805638	0.0556354	1.45456
65	65	85	-0.0760447	0.121135	0.079174
65	75	5	0.590025	-0.470891	-2.22707
65	75	15	2.40618	-0.151848	-4.22183
65	75	25	3.883	-1.80511	-4.63305
65	75	35	3.4645	-2.2179	-4.4284
65	75	45	4.06083	-1.94109	-5.19437
65	75	55	5.31301	-1.7331	-4.84277
65	75	65	5.66094	-1.81372	-1.82309
65	75	75	3.06852	-0.328528	0.597354
65	75	85	0.562838	0.227291	-0.825116
65	85	5	1.55637	0.293324	-1.90969
65	85	15	2.34648	-0.41717	-2.84692
65	85	25	1.74695	-1.25949	-3.17518
65	85	35	1.65596	-1.98826	-2.9327
65	85	45	3.00052	-2.677	-3.84092
65	85	55	4.74579	-1.78644	-4.46892
65	85	65	3.95314	-1.34894	-2.18869
65	85	75	2.31465	-0.871708	-0.795493
65	85	85	1.1185	-0.0587464	-0.830194
75	5	5	4.74562	2.6395	-3.22132
75	5	15	5.04789	3.10069	-2.37488
75	5	25	6.29726	3.17061	-2.55356
75	5	35	5.40818	1.16459	-4.8075
75	5	45	5.03137	-1.65008	-7.37332
75	5	55	6.32128	-0.0508476	-6.12155
75	5	65	8.91838	-0.562596	-5.03161
75	5	75	8.76464	0.596626	-3.89792
75	5	85	6.44229	1.99686	-4.10623
75	15	5	6.65807	-0.0792882	-1.70864
75	15	15	7.70524	1.55717	-1.5807
75	15	25	7.66668	1.23054	-3.22712
75	15	35	6.34869	0.810957	-4.59981
75	15	45	4.47588	-1.85	-6.17066
75	15	55	6.07379	-1.78727	-6.16119
75	15	65	7.28087	-1.65917	-4.74738
75	15	75	7.19077	-1.99516	-2.60708
75	15	85	6.49761	-0.223463	-2.53026
75	25	5	3.80745	-2.886	-0.84872
75	25	15	4.56683	-5.27705	-4.79642
75	25	25	3.65529	-4.37838	-6.1738
75	25	35	4.36553	-4.57102	-5.74498
75	25	45	2.74186	-4.30357	-6.68293
75	25	55	2.59866	-4.57121	-6.47607
75	25	65	2.95891	-5.30782	-2.96821
75	25	75	2.16183	-3.89328	-0.673569
75	25	85	2.17337	-2.70766	-0.706791
75	35	5	1.76372	-2.70268	-1.47247
75	35	15	1.78596	-3.88136	-4.16999
75	35	25	3.06568	-4.62357	-3.91419
75	35	35	3.15373	-4.87817	-3.85605
75	35	45	0.143205	-4.38117	-4.95467
75	35	55	1.00156	-4.65212	-4.71932
75	35	65	2.17878	-4.97971	-1.81734
75	35	75	2.04362	-3.38088	0.288486
75	35	85	1.51209	-2.16587	-0.158797
75	45	5	4.20581	-1.31518	-6.74563
75	45	15	2.05899	-3.21263	-4.65439
75	45	25	2.24351	-3.66985	-3.57155
75	45	35	1.07073	-3.219	-4.2941
75	45	45	-1.37619	-1.76245	-5.13324
75	45	55	-0.387097	-2.02913	-3.49905
75	45	65	0.566785	-2.6	-0.274
75	45	75	0.650669	-1.67085	0.460519
75	45	85	1.02574	-1.75492	-0.413401
75	55	5	3.43918	-2.20607	-4.3071
75	55	15	2.44742	-1.20242	-5.06915
75	55	25	0.660216	-3.10922	-5.82907
75	55	35	-2.26179	-2.91947	-6.58992
75	55	45	-4.94451	-0.713843	-7.36833
75	55	55	-4.36826	-2.99088	-5.58555
75	55	65	-2.91949	-3.97231	0.512138
75	55	75	-1.42772	-1.91306	2.03395
75	55	85	-0.173488	-1.97108	0.244867
75	65	5	2.59128	-0.893017	-3.88903
75	65	15	2.09068	-1.63899	-6.55828
75	65	25	0.583679	-1.6745	-7.00342
75	65	35	-1.44483	-2.98862	-7.73475
75	65	45	-4.80102	-5.17384	-7.64781
75	65	55	-4.96327	-6.13077	-7.19217
75	65	65	-1.56442	-5.13656	-1.44167
75	65	75	0.857615	-2.52783	2.56334
75	65	85	1.01055	-1.05418	0.0073353
75	75	5	2.65422	-1.08504	-2.72027
75	75	15	3.39572	-1.10928	-5.45602
75	75	25	4.32117	-0.353044	-5.94883
75	75	35	2.99742	-1.95045	-5.97204
75	75	45	0.956183	-4.37435	-7.9463
75	75	55	1.71739	-3.48657	-7.10429
75	75	65	5.9028	-3.92998	-3.64898
75	75	75	4.44118	-3.29088	-0.632961
75	75	85	2.94994	-1.75378	-0.926561
75	85	5	4.15337	0.617386	-3.16638
75	85	15	5.59182	1.66264	-4.88594
75	85	25	6.51921	1.05513	-6.06814
75	85	35	5.55024	-0.98616	-6.9859
75	85	45	4.75871	-1.891	-7.93038
75	85	55	6.1814	-0.623759	-6.11611
75	85	65	8.48956	-1.03694	-4.5556
75	85	75	7.21294	-1.38253	-3.06838
75	85	85	6.18218	-0.420895	-3.44157
85	5	5	6.39234	2.04059	-2.6363
85	5	15	8.44194	1.36883	-2.55669
85	5	25	8.22401	0.782775	-4.78588
85	5	35	6.37053	-0.177437	-4.88577
85	5	45	1.81926	-3.03295	-6.78667
85	5	55	3.11672	-2.66619	-7.05766
85	5	65	7.9456	-1.14789	-6.19527
85	5	75	8.60995	-0.00506441	-4.34358
85	5	85	6.59911	0.729353	-3.16968
85	15	5	7.53561	0.296255	-2.02719
85	15	15	8.16435	1.65504	-1.96494
85	15	25	8.00345	2.90571	-4.12234
85	15	35	5.44996	2.16894	-4.32363
85	15	45	0.607615	0.0563564	-6.94079
85	15	55	2.24509	0.213866	-7.50163
85	15	65	6.26344	1.39112	-4.74377
85	15	75	7.387	0.705536	-1.55854
85	15	85	6.98507	0.235836	-2.66885
85	25	5	5.38584	-3.03773	-1.76735
85	25	15	7.5291	-3.33815	-2.07807
85	25	25	5.15124	-1.00233	-4.20172
85	25	35	2.72856	0.440862	-3.55236
85	25	45	-0.756413	-0.122822	-5.9816
85	25	55	-1.42992	-0.856603	-6.21011
85	25	65	0.264997	-0.514262	-3.16059
85	25	75	1.36707	-0.697928	-1.30818
85	25	85	2.51469	-1.5023	-1.81334
85	35	5	3.01238	-3.14168	-2.83104
85	35	15	3.37884	-3.31227	-2.82829
85	35	25	2.2575	-2.83452	-2.20256
85	35	35	0.527806	-0.741765	-1.72186
85	35	45	-1.77554	-1.39349	-2.69588
85	35	55	-2.63721	-2.07367	-3.21588
85	35	65	-1.30467	-1.67651	-1.40751
85	35	75	0.320995	-0.816217	-0.274123
85	35	85	1.40258	-1.59607	-0.907569
85	45	5	4.55335	-2.14476	-4.43475
85	45	15	3.82744	-2.36395	-3.31965
85	45	25	1.56241	-1.25489	-1.94634
85	45	35	-0.0914629	-0.407682	-1.60922
85	45	45	-3.58857	-0.174638	-3.84957
85	45	55	-3.05044	-0.347167	-3.037
85	45	65	-1.23242	0.0520465	-0.830061
85	45	75	0.378923	-0.310249	-0.225376
85	45	85	1.07275	-1.23283	-0.743188
85	55	5	4.77201	-3.65043	-4.89359
85	55	15	4.36256	-1.90697	-4.67868
85	55	25	0.213503	-2.98341	-4.83439
85	55	35	-3.38806	-3.06281	-4.63813
85	55	45	-5.67264	-1.27484	-5.43241
85	55	55	-5.16292	-1.83943	-4.6094
85	55	65	-3.67387	-2.25055	-1.04308
85	55	75	-2.03668	-2.92214	0.0979274
85	55	85	-0.531362	-3.42564	-0.982836
85	65	5	4.03188	-2.7818	-5.60652
85	65	15	5.09511	-3.48404	-6.78339
85	65	25	2.19708	-5.93004	-7.13063
85	65	35	-4.14546	-6.29661	-5.60123
85	65	45	-6.84858	-7.14423	-5.52414
85	65	55	-7.72051	-7.04001	-6.11804
85	65	65	-4.48728	-8.13803	-2.08433
85	65	75	-0.637257	-6.12315	0.13074
85	65	85	0.755296	-3.65891	-0.821211
85	75	5	4.19512	-2.82867	-2.73075
85	75	15	5.76581	-4.33275	-4.94221
85	75	25	3.69315	-4.84207	-4.71806
85	75	35	0.974156	-6.1272	-4.32815
85	75	45	-4.29831	-6.7418	-5.58691
85	75	55	-5.29524	-6.88151	-6.16773
85	75	65	-0.986981	-9.2055	-2.87626
85	75	75	2.30414	-6.38229	-0.665011
85	75	85	2.4119	-2.83523	-0.505674
85	85	5	5.22105	-0.839183	-2.06028
85	85	15	7.2056	-0.739967	-3.8224
85	85	25	6.78321	-1.40388	-5.11483
85	85	35	5.31464	-4.11065	-5.14236
85	85	45	-0.049446	-5.50247	-6.40564
85	85	55	0.456401	-5.44209	-5.97401
85	85	65	4.4641	-5.64578	-4.8292
85	85	75	5.51799	-4.10877	-2.85243
85	85	85	4.95185	-1.98878	-1.26382
