5	5	5	2.56094	-3.78682	-3.80888
5	5	15	2.57386	-2.90663	-2.86587
5	5	25	2.84144	-4.50657	-4.60098
5	5	35	3.7735	-5.59245	-5.82515
5	5	45	3.40578	-5.63895	-4.89549
5	5	55	3.30952	-4.93488	-4.3868
5	5	65	3.06135	-5.18859	-5.30154
5	5	75	3.10029	-5.24092	-6.28528
5	5	85	2.86838	-4.1016	-4.52422
5	15	5	2.52803	-4.31586	-4.35696
5	15	15	2.48922	-2.6562	-2.67422
5	15	25	2.67232	-3.83688	-3.96994
5	15	35	3.26455	-5.0353	-5.72743
5	15	45	2.61048	-4.00939	-3.96958
5	15	55	2.58208	-3.63972	-3.5946
5	15	65	2.75637	-4.67771	-4.81376
5	15	75	3.21429	-5.12359	-6.66556
5	15	85	2.86189	-5.09989	-5.43838
5	25	5	2.59249	-4.32192	-4.36297
5	25	15	2.4514	-2.41579	-2.49613
5	25	25	2.5507	-3.11035	-3.23048
5	25	35	2.61566	-4.21611	-4.3533
5	25	45	2.554	-3.09479	-3.07294
5	25	55	2.41325	-2.8985	-2.89693
5	25	65	2.57392	-4.29995	-4.35754
5	25	75	2.83146	-5.09911	-5.75948
5	25	85	2.79516	-5.1221	-5.43246
5	35	5	2.77167	-4.52207	-4.7235
5	35	15	2.85183	-2.7216	-3.0212
5	35	25	2.73634	-3.27265	-3.3561
5	35	35	2.95576	-4.35733	-3.99344
5	35	45	3.29241	-3.83996	-3.13739
5	35	55	3.57272	-3.91185	-2.89183
5	35	65	3.51109	-4.94953	-4.14954
5	35	75	2.99186	-5.39767	-5.45766
5	35	85	2.75386	-5.12241	-5.24888
5	45	5	3.57168	-5.00207	-5.2619
5	45	15	3.73348	-3.96128	-4.38006
5	45	25	3.13644	-5.18679	-5.06257
5	45	35	3.75057	-6.07249	-4.91468
5	45	45	4.33462	-5.3069	-3.66368
5	45	55	4.84057	-5.1691	-2.88114
5	45	65	4.68301	-5.63246	-3.60128
5	45	75	4.03388	-6.65054	-5.41051
5	45	85	3.23471	-5.64277	-5.1484
5	55	5	3.92131	-4.34946	-5.38417
5	55	15	3.54934	-4.35386	-4.9764
5	55	25	2.83165	-5.15671	-5.13221
5	55	35	2.83215	-5.27694	-5.11992
5	55	45	2.92809	-4.4394	-4.10569
5	55	55	3.5131	-4.49907	-3.57951
5	55	65	4.16461	-4.94645	-3.51398
5	55	75	3.77329	-6.17389	-5.27896
5	55	85	3.08213	-5.29162	-5.28845
5	65	5	3.48859	-3.0902	-3.98362
5	65	15	3.03739	-3.78369	-4.13142
5	65	25	2.77553	-5.02299	-5.23808
5	65	35	2.66342	-5.0094	-5.14084
5	65	45	2.67402	-4.65332	-4.53663
5	65	55	2.99148	-3.87944	-3.5273
5	65	65	3.02618	-3.45323	-3.29954
5	65	75	2.81511	-5.23097	-5.41456
5	65	85	3.04318	-4.62786	-5.13173
5	75	5	2.96233	-3.30601	-3.65218
5	75	15	2.78604	-3.6686	-3.77281
5	75	25	2.71743	-4.78915	-4.85026
5	75	35	2.81979	-4.81026	-4.80972
5	75	45	2.84013	-4.28042	-4.20312
5	75	55	2.72068	-2.94231	-2.89914
5	75	65	2.75588	-4.02357	-4.28186
5	75	75	2.53731	-5.07326	-5.31638
5	75	85	2.9216	-4.26411	-4.60831
5	85	5	2.17653	-3.47062	-3.55423
5	85	15	2.15214	-3.8056	-3.76586
5	85	25	2.99338	-5.22555	-4.80414
5	85	35	3.24689	-5.37386	-5.22006
5	85	45	3.2697	-5.65512	-5.12446
5	85	55	3.22804	-5.48691	-4.91631
5	85	65	3.05289	-5.06438	-5.04379
5	85	75	2.8967	-5.21518	-5.96002
5	85	85	2.6048	-4.26094	-4.44791
15	5	5	2.17093	-4.30084	-4.34542
15	5	15	2.30919	-3.22739	-3.17043
15	5	25	3.04309	-4.68492	-5.12176
15	5	35	3.10713	-5.46171	-5.81494
15	5	45	3.6926	-5.37145	-5.3793
15	5	55	3.11964	-4.55718	-4.05148
15	5	65	3.12067	-4.80378	-4.73957
15	5	75	3.26181	-5.30096	-6.58513
15	5	85	2.28334	-4.76515	-4.90656
15	15	5	2.46696	-4.78681	-4.78437
15	15	15	2.52578	-3.31618	-3.29338
15	15	25	3.07413	-4.12208	-4.6343
15	15	35	3.33113	-5.05847	-5.9387
15	15	45	3.07689	-4.42046	-4.62446
15	15	55	2.81124	-3.3705	-3.36887
15	15	65	2.91625	-3.81127	-4.06589
15	15	75	3.42156	-5.22044	-6.72846
15	15	85	2.69992	-5.14316	-5.23055
15	25	5	2.51304	-4.70251	-4.7039
15	25	15	2.53188	-2.82817	-2.84717
15	25	25	2.8317	-3.77471	-4.01475
15	25	35	3.12162	-4.92453	-5.51857
15	25	45	2.93509	-3.63457	-3.53012
15	25	55	2.82688	-3.10843	-2.96602
15	25	65	2.71569	-3.63543	-3.77302
15	25	75	3.19472	-5.0939	-6.27713
15	25	85	2.66362	-5.14334	-5.21658
15	35	5	2.59568	-5.00378	-5.00504
15	35	15	2.57085	-2.92745	-2.92565
15	35	25	2.69016	-4.17109	-4.10831
15	35	35	3.3233	-5.53523	-4.9042
15	35	45	3.52947	-4.67867	-3.73189
15	35	55	3.75505	-4.16397	-2.98292
15	35	65	3.95223	-4.86084	-3.48103
15	35	75	3.43366	-5.52605	-5.40889
15	35	85	2.74329	-5.2241	-5.22373
15	45	5	3.05808	-5.26907	-4.80342
15	45	15	3.18215	-4.74156	-4.59085
15	45	25	3.00787	-5.42963	-5.09684
15	45	35	3.25949	-5.6736	-5.14528
15	45	45	3.54658	-5.43373	-4.52159
15	45	55	4.32291	-5.412	-3.6445
15	45	65	4.61405	-5.60023	-3.57841
15	45	75	4.24397	-6.73225	-5.68309
15	45	85	3.55207	-6.03209	-5.17486
15	55	5	2.91948	-4.80808	-4.56216
15	55	15	3.70049	-4.8607	-4.79364
15	55	25	3.08255	-5.53824	-5.13646
15	55	35	3.26959	-5.81202	-5.09979
15	55	45	3.12602	-5.09188	-4.5992
15	55	55	3.57341	-5.21393	-4.23259
15	55	65	4.4073	-5.95297	-4.19851
15	55	75	4.41561	-6.77169	-5.37332
15	55	85	3.57493	-5.99396	-5.01707
15	65	5	3.20277	-3.30978	-3.70156
15	65	15	3.11329	-4.12224	-4.3673
15	65	25	2.93422	-5.34349	-5.16636
15	65	35	2.76806	-5.23272	-5.18448
15	65	45	2.84786	-4.87406	-4.70511
15	65	55	2.73925	-4.0217	-3.88989
15	65	65	3.05503	-3.35169	-3.23425
15	65	75	2.90344	-5.23183	-5.39674
15	65	85	2.76484	-4.51088	-4.52796
15	75	5	3.36644	-2.87635	-3.74468
15	75	15	3.09041	-3.75023	-4.17147
15	75	25	2.68866	-5.04576	-5.07966
15	75	35	2.81362	-5.07458	-5.10835
15	75	45	3.01023	-4.77151	-4.72766
15	75	55	2.78152	-3.0443	-2.84791
15	75	65	2.87303	-3.51991	-3.52182
15	75	75	2.77358	-5.1239	-5.50341
15	75	85	2.79884	-4.24247	-4.3586
15	85	5	1.57933	-3.76451	-4.1946
15	85	15	1.85795	-4.36408	-4.47135
15	85	25	2.49522	-4.87049	-5.03584
15	85	35	1.96757	-5.19579	-5.19022
15	85	45	2.33919	-5.85904	-4.91576
15	85	55	3.71532	-5.64778	-4.56081
15	85	65	3.56054	-5.56085	-4.98131
15	85	75	3.21173	-5.60329	-6.1186
15	85	85	2.20741	-4.50403	-4.75965
25	5	5	2.61956	-4.78845	-4.99503
25	5	15	2.84844	-4.39327	-4.38112
25	5	25	3.17599	-4.95767	-5.49907
25	5	35	3.02985	-5.44346	-6.17867
25	5	45	3.41774	-5.16395	-5.41935
25	5	55	3.64206	-4.84044	-4.20275
25	5	65	4.04053	-4.79379	-5.0598
25	5	75	3.75778	-5.35844	-6.4649
25	5	85	2.56379	-4.9244	-5.40694
25	15	5	2.61565	-5.07926	-5.12844
25	15	15	2.57192	-3.91261	-3.97062
25	15	25	3.53944	-4.69825	-5.66829
25	15	35	3.57528	-5.10854	-6.14501
25	15	45	3.56056	-4.85735	-5.00396
25	15	55	3.46031	-3.93933	-3.34845
25	15	65	3.4838	-3.58085	-3.57197
25	15	75	4.14513	-5.02871	-6.42459
25	15	85	2.79152	-5.1643	-5.5526
25	25	5	2.66092	-5.06964	-5.06696
25	25	15	2.55853	-3.30373	-3.29905
25	25	25	3.10093	-4.35641	-4.90553
25	25	35	3.65504	-5.1817	-6.14866
25	25	45	3.7877	-4.51343	-4.50697
25	25	55	3.18636	-3.38603	-2.8191
25	25	65	3.20212	-2.89147	-3.2289
25	25	75	3.58509	-4.81807	-6.08302
25	25	85	2.62989	-5.08716	-5.31966
25	35	5	3.0993	-5.38986	-4.96454
25	35	15	2.92299	-4.06641	-3.69446
25	35	25	3.22585	-5.1126	-4.73654
25	35	35	3.75446	-5.77529	-5.55747
25	35	45	4.40232	-5.90524	-4.73951
25	35	55	4.30248	-4.96153	-3.32671
25	35	65	4.20024	-4.7229	-3.42222
25	35	75	4.21754	-5.9107	-5.53665
25	35	85	3.2016	-5.58441	-5.19548
25	45	5	3.16156	-5.53218	-4.9225
25	45	15	2.91321	-5.12145	-4.75925
25	45	25	3.06893	-5.45241	-5.14259
25	45	35	3.20521	-5.41415	-5.42446
25	45	45	3.43374	-5.68481	-5.03048
25	45	55	4.28754	-6.13605	-4.4691
25	45	65	4.77067	-6.15176	-4.18596
25	45	75	4.98762	-6.73694	-5.67567
25	45	85	3.7599	-6.06261	-5.20973
25	55	5	3.04016	-4.89034	-4.44254
25	55	15	3.15963	-4.98262	-4.57726
25	55	25	3.49635	-6.03727	-5.1221
25	55	35	3.70644	-6.10934	-5.24781
25	55	45	4.2935	-6.65323	-5.13113
25	55	55	4.22578	-6.6738	-5.06014
25	55	65	4.63711	-6.65423	-4.71754
25	55	75	5.12366	-6.99774	-5.678
25	55	85	3.77252	-6.19908	-5.02567
25	65	5	2.66485	-3.41351	-3.41981
25	65	15	2.97067	-4.20598	-4.2537
25	65	25	3.12369	-5.53887	-5.24428
25	65	35	3.23295	-5.71514	-5.17125
25	65	45	3.29799	-5.5221	-4.82795
25	65	55	3.17346	-4.82777	-4.29698
25	65	65	3.39877	-4.14653	-3.62971
25	65	75	3.54896	-5.35465	-5.44919
25	65	85	2.66991	-4.41727	-4.42644
25	75	5	2.82316	-2.8176	-2.87126
25	75	15	2.62704	-3.66741	-3.77542
25	75	25	2.75196	-5.1014	-5.33968
25	75	35	2.76865	-5.14253	-5.31921
25	75	45	3.02431	-4.88524	-5.23247
25	75	55	3.01145	-3.47926	-3.36681
25	75	65	3.20607	-3.16932	-3.3006
25	75	75	2.80007	-4.98679	-5.1231
25	75	85	2.8188	-3.88603	-3.71407
25	85	5	2.34952	-4.52738	-4.91881
25	85	15	2.65907	-4.47872	-4.76548
25	85	25	2.69891	-5.01245	-5.48149
25	85	35	1.49514	-5.18109	-5.34358
25	85	45	2.6367	-4.7024	-5.3817
25	85	55	3.58221	-4.45362	-4.49837
25	85	65	4.35064	-5.24467	-5.44817
25	85	75	3.13016	-5.4124	-5.80394
25	85	85	2.76702	-4.92643	-5.30525
35	5	5	2.48839	-4.77881	-5.11952
35	5	15	2.65689	-4.61325	-4.82558
35	5	25	3.63426	-5.33189	-6.19561
35	5	35	3.81944	-5.64505	-6.32549
35	5	45	4.558	-4.7541	-5.33931
35	5	55	4.83465	-3.56244	-4.30998
35	5	65	4.51594	-3.37953	-4.81943
35	5	75	3.43727	-4.94637	-5.98373
35	5	85	3.0495	-4.98125	-5.64817
35	15	5	3.0338	-5.31843	-5.48774
35	15	15	2.92666	-5.09274	-4.862
35	15	25	3.92133	-5.30441	-5.96479
35	15	35	4.15988	-5.72164	-6.17148
35	15	45	4.87329	-5.20864	-5.60361
35	15	55	5.61584	-4.87146	-4.63425
35	15	65	5.01757	-4.03469	-4.34569
35	15	75	4.71112	-4.53533	-6.16218
35	15	85	3.76421	-5.26145	-5.96184
35	25	5	2.7358	-5.19043	-5.2806
35	25	15	3.0017	-4.65072	-4.42633
35	25	25	3.82555	-5.43975	-5.51971
35	25	35	4.35557	-5.89342	-6.13456
35	25	45	4.34657	-5.1955	-4.82424
35	25	55	4.67621	-4.31285	-3.50493
35	25	65	3.91815	-3.51787	-3.61314
35	25	75	3.97174	-3.84703	-4.87197
35	25	85	3.1097	-4.5809	-5.07455
35	35	5	2.78171	-5.12806	-4.98847
35	35	15	3.11393	-4.9865	-4.51973
35	35	25	3.93766	-5.97673	-5.1067
35	35	35	5.42332	-6.78135	-6.32846
35	35	45	4.85951	-6.15823	-5.31445
35	35	55	4.19914	-5.19492	-3.96808
35	35	65	4.05395	-4.65262	-4.00214
35	35	75	3.9194	-5.21886	-5.37679
35	35	85	3.07869	-4.98191	-4.73982
35	45	5	3.46471	-5.91324	-5.04056
35	45	15	2.98461	-5.01324	-4.59765
35	45	25	3.10053	-5.40307	-5.2555
35	45	35	4.18008	-5.60301	-6.27027
35	45	45	3.92245	-5.45465	-5.95742
35	45	55	3.38028	-5.54318	-5.14199
35	45	65	4.08391	-5.87541	-4.98816
35	45	75	4.12312	-5.81368	-5.32709
35	45	85	3.90542	-6.36538	-5.12058
35	55	5	3.36438	-5.27331	-4.45999
35	55	15	3.4479	-4.21206	-3.7221
35	55	25	3.48306	-5.77358	-5.17045
35	55	35	3.92427	-5.79183	-5.84368
35	55	45	3.96571	-5.78758	-5.85163
35	55	55	3.93587	-6.10674	-5.43475
35	55	65	3.76553	-5.79953	-5.35232
35	55	75	4.00651	-6.17547	-5.44277
35	55	85	4.18698	-6.69372	-5.12215
35	65	5	2.86553	-3.27366	-3.10096
35	65	15	3.78382	-3.82675	-4.10254
35	65	25	3.07949	-5.21976	-5.38656
35	65	35	3.08659	-5.16807	-5.67101
35	65	45	3.142	-5.10608	-5.57053
35	65	55	2.94721	-4.9625	-5.03533
35	65	65	3.17598	-4.66263	-4.66351
35	65	75	3.27684	-5.31684	-4.97468
35	65	85	2.90156	-5.00753	-4.70186
35	75	5	2.97545	-2.90714	-2.7714
35	75	15	3.70093	-3.57539	-4.22893
35	75	25	3.00434	-5.14314	-5.52976
35	75	35	2.81098	-5.12292	-5.48286
35	75	45	2.90211	-4.96247	-5.19348
35	75	55	2.9844	-3.75605	-3.86939
35	75	65	2.9143	-3.14582	-3.28751
35	75	75	2.94492	-4.51049	-4.21998
35	75	85	2.78044	-3.8073	-3.51978
35	85	5	2.98133	-4.515	-4.9827
35	85	15	3.37166	-4.21421	-5.17356
35	85	25	3.36887	-5.09407	-6.0515
35	85	35	2.83348	-5.18199	-5.82566
35	85	45	3.3301	-4.74243	-5.20151
35	85	55	3.74245	-3.07965	-4.00466
35	85	65	3.80341	-3.55227	-4.38783
35	85	75	2.97105	-5.10088	-5.15025
35	85	85	2.70462	-5.1211	-5.10689
45	5	5	3.09505	-4.73903	-5.74834
45	5	15	2.55512	-4.56661	-5.45796
45	5	25	3.47125	-4.96408	-6.26612
45	5	35	3.34806	-5.14454	-6.35453
45	5	45	4.08946	-4.59046	-5.77413
45	5	55	5.10072	-3.10447	-5.02935
45	5	65	4.35589	-3.20837	-4.61119
45	5	75	2.9727	-4.07929	-4.68533
45	5	85	2.91677	-4.97593	-5.46965
45	15	5	2.9639	-4.87883	-5.15543
45	15	15	2.54505	-5.23238	-5.11694
45	15	25	3.99255	-5.52873	-6.2299
45	15	35	4.07341	-6.00236	-6.32502
45	15	45	5.47244	-5.74464	-6.36082
45	15	55	6.29096	-4.94148	-5.37694
45	15	65	5.65569	-5.07211	-5.47793
45	15	75	4.47136	-4.4366	-4.87982
45	15	85	3.97967	-4.4356	-5.03016
45	25	5	3.11834	-4.74321	-4.84228
45	25	15	2.2484	-4.99998	-4.68263
45	25	25	2.73367	-4.9535	-5.41147
45	25	35	3.90796	-5.58054	-6.22087
45	25	45	4.423	-4.90363	-5.45596
45	25	55	4.78794	-3.95212	-4.51526
45	25	65	4.62617	-4.72416	-5.07688
45	25	75	5.29175	-5.04454	-6.05496
45	25	85	4.2582	-4.28541	-5.42748
45	35	5	3.33084	-4.51073	-4.309
45	35	15	2.968	-5.22163	-4.52102
45	35	25	3.19167	-5.72038	-5.10038
45	35	35	3.97591	-5.53158	-6.19278
45	35	45	4.05165	-5.20143	-5.50744
45	35	55	3.74739	-4.37964	-4.20126
45	35	65	3.87618	-5.0969	-4.9389
45	35	75	4.87967	-5.48515	-6.79864
45	35	85	3.88271	-4.75965	-5.15595
45	45	5	3.29316	-5.0695	-4.33525
45	45	15	3.23712	-4.52482	-3.87813
45	45	25	3.29817	-5.50601	-4.94522
45	45	35	4.06386	-6.01634	-5.77678
45	45	45	3.60995	-5.64166	-5.60529
45	45	55	3.14974	-5.20842	-5.23046
45	45	65	3.20807	-5.39317	-5.21226
45	45	75	4.23607	-5.59659	-6.15083
45	45	85	3.54505	-5.64631	-5.20949
45	55	5	2.89808	-4.74679	-4.34087
45	55	15	3.33306	-3.64242	-3.06241
45	55	25	3.51066	-5.32678	-4.416
45	55	35	3.84245	-5.65264	-6.08154
45	55	45	3.5489	-5.41819	-5.78459
45	55	55	2.91738	-5.20401	-5.16446
45	55	65	2.79448	-5.20249	-5.23846
45	55	75	2.85251	-5.17527	-5.3131
45	55	85	2.78563	-5.14507	-4.97964
45	65	5	3.21809	-3.96552	-3.62556
45	65	15	4.31002	-3.7645	-3.45291
45	65	25	3.0308	-4.69926	-4.46046
45	65	35	2.93961	-5.26714	-5.70167
45	65	45	3.41213	-5.1427	-5.92489
45	65	55	2.75484	-5.00386	-5.16486
45	65	65	2.57384	-5.0024	-5.06358
45	65	75	2.63147	-4.87943	-4.91978
45	65	85	2.69153	-5.08135	-4.94244
45	75	5	3.67016	-3.16933	-3.41876
45	75	15	4.51408	-3.15056	-4.91092
45	75	25	2.91567	-4.88868	-5.32869
45	75	35	2.71528	-5.12151	-5.66991
45	75	45	3.26913	-5.10211	-5.8129
45	75	55	2.71706	-4.16086	-4.28646
45	75	65	2.71302	-3.79641	-3.71762
45	75	75	3.05223	-3.74762	-3.46802
45	75	85	2.90267	-3.68067	-3.40029
45	85	5	3.45725	-3.82883	-4.97418
45	85	15	3.92759	-4.07024	-5.54904
45	85	25	3.44627	-5.08764	-6.12415
45	85	35	2.78052	-5.1811	-6.05509
45	85	45	3.4167	-5.02243	-5.45215
45	85	55	4.2802	-3.52324	-4.0825
45	85	65	3.52824	-2.89432	-3.00634
45	85	75	2.91952	-4.28212	-4.04418
45	85	85	2.61788	-4.80418	-4.90979
55	5	5	3.10508	-3.6139	-4.43724
55	5	15	2.76506	-3.59493	-4.38016
55	5	25	2.92451	-4.85933	-5.57976
55	5	35	2.47333	-5.14365	-5.84807
55	5	45	2.82861	-4.96843	-5.07085
55	5	55	3.41863	-3.12846	-3.81648
55	5	65	3.12184	-3.82839	-4.05717
55	5	75	2.84021	-3.79825	-4.02661
55	5	85	2.57589	-4.27769	-4.58442
55	15	5	3.15226	-3.49956	-3.80608
55	15	15	2.10605	-4.05436	-3.95521
55	15	25	2.87717	-4.90932	-5.60854
55	15	35	2.66885	-5.13965	-5.94485
55	15	45	3.47697	-4.64605	-5.48925
55	15	55	4.07584	-3.21134	-4.82893
55	15	65	4.13206	-4.67455	-5.69461
55	15	75	3.18029	-4.50284	-4.68453
55	15	85	3.29432	-4.12006	-4.30313
55	25	5	3.04307	-3.9047	-3.6476
55	25	15	1.34937	-4.13481	-4.15444
55	25	25	1.99295	-4.67431	-4.93432
55	25	35	2.92319	-5.07749	-6.13868
55	25	45	3.05411	-4.02203	-4.98841
55	25	55	3.57343	-3.59085	-4.8345
55	25	65	3.68388	-4.81644	-5.75997
55	25	75	3.27658	-5.03464	-5.54061
55	25	85	3.72344	-4.83396	-5.23559
55	35	5	3.5252	-4.08241	-3.45257
55	35	15	2.74828	-4.68879	-3.78886
55	35	25	2.625	-4.94722	-4.84805
55	35	35	2.97505	-5.11184	-5.79311
55	35	45	2.7625	-4.18156	-4.62558
55	35	55	2.99939	-3.49723	-4.1981
55	35	65	3.2566	-4.85128	-5.7125
55	35	75	3.77734	-5.10238	-6.2412
55	35	85	3.9887	-4.79081	-5.61403
55	45	5	3.07164	-4.31658	-3.8144
55	45	15	3.87629	-4.66537	-3.34026
55	45	25	3.67535	-5.22722	-4.20687
55	45	35	3.56695	-5.8777	-5.47732
55	45	45	3.26513	-5.50188	-5.08471
55	45	55	3.56244	-5.42442	-4.80445
55	45	65	2.79839	-5.24385	-5.14387
55	45	75	3.90892	-5.24631	-6.24511
55	45	85	3.61068	-4.76794	-5.6108
55	55	5	2.56209	-3.4039	-3.40438
55	55	15	2.74851	-2.92393	-2.7272
55	55	25	3.37756	-4.28127	-3.49802
55	55	35	3.15526	-5.54022	-5.23733
55	55	45	2.99141	-5.30402	-5.02557
55	55	55	2.5857	-4.85604	-4.82208
55	55	65	2.66214	-5.14935	-5.07816
55	55	75	3.47321	-5.12094	-5.98014
55	55	85	2.74033	-4.66306	-4.84754
55	65	5	2.93234	-3.7195	-3.42043
55	65	15	3.53903	-3.39345	-2.80899
55	65	25	3.06266	-3.7872	-3.24331
55	65	35	2.67666	-5.15383	-5.10867
55	65	45	2.7958	-5.08883	-5.22734
55	65	55	2.51488	-4.96517	-4.96224
55	65	65	2.572	-5.04099	-5.02002
55	65	75	2.73236	-5.08211	-5.28317
55	65	85	2.57887	-5.00167	-5.03031
55	75	5	2.69669	-2.93927	-2.9841
55	75	15	3.03577	-2.80854	-3.24789
55	75	25	2.61809	-4.11313	-4.17625
55	75	35	2.49332	-5.10721	-5.28943
55	75	45	2.64318	-5.08295	-5.23166
55	75	55	2.61145	-4.62167	-4.68256
55	75	65	2.59023	-4.55965	-4.33964
55	75	75	2.71102	-4.04003	-3.88003
55	75	85	2.8879	-4.07761	-4.05404
55	85	5	2.69523	-3.52708	-4.23096
55	85	15	3.48929	-3.3259	-4.49371
55	85	25	2.57064	-4.85277	-5.23872
55	85	35	2.29108	-5.17693	-5.74206
55	85	45	2.78547	-5.34246	-5.34963
55	85	55	3.0518	-4.26286	-3.82211
55	85	65	3.11102	-3.36361	-2.70241
55	85	75	3.233	-3.55713	-3.31672
55	85	85	2.42265	-4.46497	-4.57695
65	5	5	2.8788	-2.79332	-3.05781
65	5	15	2.42564	-2.43216	-2.63189
65	5	25	2.4835	-4.58476	-4.68511
65	5	35	2.39192	-5.11757	-5.21687
65	5	45	2.50781	-5.06796	-5.07121
65	5	55	2.36621	-3.96366	-3.79771
65	5	65	2.73264	-4.94206	-4.69084
65	5	75	3.22304	-4.45291	-4.83607
65	5	85	2.75341	-3.91395	-3.95033
65	15	5	3.04995	-3.34398	-3.28639
65	15	15	2.40969	-2.79151	-2.55073
65	15	25	2.70859	-4.28795	-4.56839
65	15	35	2.62942	-5.05876	-5.27845
65	15	45	2.5878	-4.86291	-4.96564
65	15	55	2.35109	-3.43812	-3.67767
65	15	65	2.64706	-4.77992	-4.93943
65	15	75	2.91549	-4.99934	-5.316
65	15	85	2.77522	-4.63683	-4.81977
65	25	5	2.91467	-3.17799	-2.87918
65	25	15	1.93349	-3.00644	-2.90728
65	25	25	2.20046	-4.28919	-4.50972
65	25	35	2.67074	-5.05949	-5.40157
65	25	45	2.2342	-3.88164	-4.02605
65	25	55	1.43019	-3.11047	-3.29129
65	25	65	2.80624	-4.96461	-5.30498
65	25	75	2.73181	-5.08872	-5.2299
65	25	85	3.11587	-4.94605	-5.05041
65	35	5	2.99352	-3.5893	-3.191
65	35	15	2.65197	-3.22837	-2.66973
65	35	25	2.75847	-4.44228	-4.28418
65	35	35	2.84247	-5.07582	-5.33679
65	35	45	2.30941	-3.60159	-3.70443
65	35	55	2.02185	-3.25964	-3.36015
65	35	65	2.76183	-4.89861	-5.17943
65	35	75	2.87138	-5.09488	-5.41608
65	35	85	2.97664	-4.75912	-5.06314
65	45	5	2.67483	-3.55048	-3.43268
65	45	15	2.83632	-2.95039	-2.66651
65	45	25	3.41114	-4.14055	-3.2955
65	45	35	3.87601	-5.72112	-4.55555
65	45	45	3.77692	-4.84755	-3.6448
65	45	55	3.69256	-4.99004	-3.88695
65	45	65	3.44176	-5.62486	-5.08568
65	45	75	3.63313	-5.6387	-5.60154
65	45	85	3.23907	-4.8012	-5.32885
65	55	5	2.52489	-3.14362	-3.13662
65	55	15	2.59135	-2.75546	-2.71586
65	55	25	2.90373	-3.41783	-3.06645
65	55	35	2.99116	-4.34246	-4.00346
65	55	45	2.87195	-3.46213	-3.1836
65	55	55	2.91339	-3.80048	-3.47975
65	55	65	2.72744	-4.94862	-4.77224
65	55	75	3.16336	-5.15059	-5.6646
65	55	85	3.00869	-4.24816	-4.69222
65	65	5	2.42022	-3.03447	-2.94115
65	65	15	2.39437	-2.36943	-2.38865
65	65	25	2.79792	-2.90057	-2.73537
65	65	35	2.86156	-3.85963	-3.66953
65	65	45	2.66295	-3.97306	-3.90477
65	65	55	2.57901	-3.82691	-3.77908
65	65	65	2.57238	-5.03779	-5.07646
65	65	75	2.8567	-5.10164	-5.44636
65	65	85	2.81928	-4.70173	-4.96972
65	75	5	2.27997	-2.62052	-2.6877
65	75	15	2.57068	-2.62491	-2.80631
65	75	25	2.5716	-3.3706	-3.35056
65	75	35	2.57542	-4.18838	-4.26719
65	75	45	2.55222	-4.60488	-4.6306
65	75	55	2.37401	-4.92342	-4.90151
65	75	65	2.59147	-5.02007	-5.01925
65	75	75	2.97302	-4.74041	-5.0632
65	75	85	2.55629	-4.24167	-4.18688
65	85	5	2.42569	-3.47836	-3.5678
65	85	15	2.87008	-3.11198	-3.35543
65	85	25	1.80881	-4.7911	-4.87259
65	85	35	0.810897	-5.06012	-5.18111
65	85	45	1.24752	-4.94219	-4.93252
65	85	55	2.71102	-4.86206	-4.24194
65	85	65	3.00902	-4.71283	-3.79164
65	85	75	4.09341	-4.39039	-4.55119
65	85	85	3.0939	-3.68045	-3.42004
75	5	5	2.76997	-2.6144	-2.71496
75	5	15	2.50634	-2.46874	-2.60721
75	5	25	2.56989	-4.33639	-4.35435
75	5	35	2.6903	-5.05557	-5.15237
75	5	45	2.60905	-4.844	-4.76843
75	5	55	2.42907	-4.62163	-4.57934
75	5	65	2.68905	-5.07366	-5.19285
75	5	75	3.595	-4.74869	-5.72586
75	5	85	3.28981	-3.9394	-4.36658
75	15	5	2.61804	-3.31578	-3.34129
75	15	15	2.25592	-2.27864	-2.21655
75	15	25	2.53773	-3.55679	-3.49787
75	15	35	2.69668	-4.49748	-4.69281
75	15	45	2.51577	-4.7469	-4.74357
75	15	55	2.27332	-3.86406	-3.86163
75	15	65	2.53102	-4.96402	-4.9828
75	15	75	2.79298	-5.05678	-5.55477
75	15	85	3.01587	-4.88567	-5.41127
75	25	5	2.61225	-3.45157	-3.45513
75	25	15	2.31519	-2.3615	-2.40531
75	25	25	2.53317	-3.43012	-3.43644
75	25	35	2.55151	-4.78471	-4.8672
75	25	45	2.19153	-3.96121	-3.98244
75	25	55	1.51103	-2.4181	-2.4381
75	25	65	2.54947	-4.83396	-4.87397
75	25	75	2.67101	-5.09528	-5.39567
75	25	85	2.64985	-5.07873	-5.20273
75	35	5	2.6574	-3.35451	-3.42017
75	35	15	2.44307	-2.59752	-2.62922
75	35	25	2.8311	-3.27929	-3.10537
75	35	35	3.03216	-5.03022	-4.87218
75	35	45	2.85146	-3.82121	-3.56404
75	35	55	2.48904	-3.26284	-2.98367
75	35	65	2.77744	-4.84503	-4.72503
75	35	75	2.79061	-5.11939	-5.3198
75	35	85	2.67185	-4.92177	-5.06381
75	45	5	2.95908	-4.03437	-3.76166
75	45	15	3.10642	-3.32539	-2.83678
75	45	25	3.60299	-4.22615	-3.26411
75	45	35	4.26588	-5.53802	-4.0466
75	45	45	4.56669	-4.99235	-3.02366
75	45	55	4.55946	-4.82483	-2.81771
75	45	65	3.7098	-5.39532	-4.35332
75	45	75	3.61293	-5.91915	-5.33957
75	45	85	3.11788	-5.34311	-4.98758
75	55	5	2.52314	-3.22125	-3.2397
75	55	15	2.66013	-3.07155	-3.05475
75	55	25	2.68507	-4.14678	-4.03386
75	55	35	2.95589	-4.00949	-3.82678
75	55	45	3.09941	-3.23626	-2.73237
75	55	55	3.2088	-3.30856	-2.73338
75	55	65	3.07588	-4.18096	-3.93899
75	55	75	3.00184	-5.16629	-5.52111
75	55	85	2.72513	-4.50559	-4.63169
75	65	5	2.36051	-2.96617	-2.95297
75	65	15	2.4576	-2.96713	-2.92558
75	65	25	2.63935	-3.18099	-3.13595
75	65	35	2.67717	-2.82738	-2.76132
75	65	45	2.79265	-3.07688	-2.91851
75	65	55	2.8104	-3.16186	-2.90515
75	65	65	2.82172	-4.39861	-4.41043
75	65	75	3.096	-5.1372	-5.65868
75	65	85	2.70328	-4.40258	-4.57373
75	75	5	2.40737	-3.23609	-3.20754
75	75	15	2.39372	-2.74355	-2.62328
75	75	25	2.57279	-3.1139	-3.05298
75	75	35	2.6998	-3.06186	-3.0747
75	75	45	2.56495	-3.24277	-3.23625
75	75	55	2.45637	-4.16239	-4.11847
75	75	65	2.73196	-5.0165	-5.2756
75	75	75	3.79633	-5.1008	-6.52677
75	75	85	3.00762	-4.6221	-4.91895
75	85	5	3.0866	-3.42564	-2.90161
75	85	15	2.67638	-3.2036	-2.98494
75	85	25	1.67428	-4.66057	-4.65737
75	85	35	2.29637	-5.02999	-5.12944
75	85	45	2.3556	-5.02179	-4.9877
75	85	55	2.39288	-4.87319	-4.77275
75	85	65	2.62943	-4.95921	-4.89841
75	85	75	4.21143	-5.18	-6.04119
75	85	85	3.6939	-3.71684	-3.25848
85	5	5	2.73574	-2.83591	-2.96143
85	5	15	2.57266	-2.73933	-2.65172
85	5	25	2.8291	-4.28452	-4.19363
85	5	35	2.80351	-5.16723	-5.19714
85	5	45	2.9156	-4.95222	-4.61465
85	5	55	2.75727	-4.88725	-4.60143
85	5	65	2.79273	-5.21949	-5.1771
85	5	75	3.63422	-4.99717	-6.22
85	5	85	3.32906	-3.93521	-4.65326
85	15	5	2.59317	-3.75307	-3.878
85	15	15	2.35363	-2.25429	-2.35265
85	15	25	2.5629	-3.58289	-3.59291
85	15	35	2.86396	-4.66134	-4.86648
85	15	45	2.55728	-3.85258	-3.84232
85	15	55	2.47639	-3.8206	-3.81526
85	15	65	2.61311	-4.95691	-5.09324
85	15	75	3.13185	-5.10192	-5.8615
85	15	85	2.91701	-5.07453	-5.68452
85	25	5	2.64989	-4.05896	-4.14219
85	25	15	2.59376	-2.40513	-2.64944
85	25	25	2.57554	-2.67048	-2.7354
85	25	35	2.59408	-3.89047	-3.93268
85	25	45	2.39218	-3.45078	-3.45061
85	25	55	2.05264	-3.13616	-3.15527
85	25	65	2.53069	-4.84207	-4.86203
85	25	75	2.73261	-5.10011	-5.60089
85	25	85	2.91462	-5.10192	-5.5075
85	35	5	2.8123	-4.02162	-4.16329
85	35	15	2.84379	-2.52867	-2.90147
85	35	25	2.76469	-2.82889	-2.84564
85	35	35	3.01487	-3.6071	-3.25206
85	35	45	3.21065	-3.67491	-3.01569
85	35	55	3.01148	-3.54248	-2.92404
85	35	65	2.94785	-4.80198	-4.44198
85	35	75	2.79222	-5.23709	-5.47749
85	35	85	2.73224	-5.12191	-5.22351
85	45	5	3.35671	-4.49884	-4.90371
85	45	15	3.1567	-3.54831	-3.47073
85	45	25	3.79451	-5.02084	-3.96934
85	45	35	4.2864	-5.93487	-4.30298
85	45	45	4.77264	-5.0934	-2.95463
85	45	55	4.86943	-4.98882	-2.67126
85	45	65	4.39746	-5.59051	-3.78492
85	45	75	3.79304	-6.2743	-5.2755
85	45	85	3.25389	-5.48239	-5.38526
85	55	5	3.22883	-3.72529	-4.36781
85	55	15	2.89663	-3.48098	-3.6924
85	55	25	2.84253	-5.13923	-5.00441
85	55	35	2.93009	-4.97844	-4.80896
85	55	45	2.89959	-3.48386	-3.16054
85	55	55	3.61291	-3.96182	-2.98007
85	55	65	3.52315	-4.46759	-3.61722
85	55	75	3.24665	-5.55793	-5.44953
85	55	85	3.02271	-4.98958	-5.28805
85	65	5	2.84269	-3.13339	-3.43794
85	65	15	2.70224	-3.44814	-3.35326
85	65	25	2.6992	-4.32455	-4.32397
85	65	35	2.7202	-3.86817	-3.92273
85	65	45	3.0119	-4.19289	-3.85778
85	65	55	3.24377	-3.62485	-3.09593
85	65	65	2.93425	-3.79581	-3.69511
85	65	75	2.98205	-5.12174	-5.70119
85	65	85	2.81767	-4.14532	-4.40806
85	75	5	2.77839	-3.30943	-3.35404
85	75	15	2.67302	-3.20359	-3.225
85	75	25	2.67366	-3.54188	-3.4433
85	75	35	2.77304	-3.68309	-3.5823
85	75	45	2.80197	-3.32072	-3.23744
85	75	55	2.62072	-3.20417	-3.24066
85	75	65	2.65609	-4.68127	-4.77993
85	75	75	3.05636	-5.1051	-5.7502
85	75	85	2.89738	-4.46255	-4.81162
85	85	5	2.7203	-3.11135	-2.82041
85	85	15	2.75272	-3.70993	-3.22912
85	85	25	2.61391	-4.84172	-4.71923
85	85	35	2.79988	-5.10591	-5.10745
85	85	45	2.80817	-5.22201	-5.03489
85	85	55	2.6122	-5.02449	-4.94556
85	85	65	2.95281	-5.02359	-5.18569
85	85	75	3.07673	-5.02076	-6.18636
85	85	85	3.38601	-3.78208	-4.31535
