5	5	5	3.16905	-5.15802	-5.10324
5	5	15	2.93462	-5.24186	-5.25826
5	5	25	3.57508	-5.20311	-6.01985
5	5	35	2.88954	-4.78232	-4.91663
5	5	45	2.74456	-3.76857	-3.58173
5	5	55	2.9772	-3.15679	-2.7708
5	5	65	3.31547	-4.32164	-3.72203
5	5	75	3.98791	-6.03242	-5.59728
5	5	85	3.52544	-5.55391	-5.38431
5	15	5	2.77493	-5.06272	-5.08445
5	15	15	2.67405	-5.00183	-5.12122
5	15	25	2.85185	-5.0428	-5.34197
5	15	35	2.59349	-5.00192	-4.9643
5	15	45	2.71179	-3.6405	-3.48104
5	15	55	3.17619	-3.13359	-2.75085
5	15	65	3.57356	-4.47571	-3.58604
5	15	75	3.64155	-5.39953	-5.8715
5	15	85	3.4195	-5.18928	-5.72324
5	25	5	2.77393	-4.54172	-4.72447
5	25	15	2.63265	-4.33966	-4.38045
5	25	25	2.91222	-4.56003	-4.47963
5	25	35	2.95823	-4.54199	-4.1484
5	25	45	3.10058	-3.24725	-3.10318
5	25	55	4.03324	-3.42457	-4.11611
5	25	65	2.89525	-4.48595	-4.63106
5	25	75	3.03757	-5.15115	-5.51266
5	25	85	3.33358	-5.10293	-5.84444
5	35	5	3.09746	-3.82324	-3.64648
5	35	15	3.25743	-3.40402	-2.94323
5	35	25	3.01784	-4.11434	-3.89072
5	35	35	2.84665	-4.74938	-4.55776
5	35	45	3.29766	-3.67765	-4.33944
5	35	55	3.90595	-3.79674	-5.03037
5	35	65	3.45673	-5.06212	-5.68847
5	35	75	2.89743	-5.13933	-5.40448
5	35	85	3.43629	-5.06202	-5.58725
5	45	5	3.97231	-3.27327	-4.2625
5	45	15	3.7151	-3.99121	-4.37199
5	45	25	2.96587	-4.17865	-4.26304
5	45	35	2.8007	-4.40925	-4.61731
5	45	45	3.41676	-4.19595	-5.06167
5	45	55	2.9603	-4.55627	-4.96555
5	45	65	3.27463	-4.97822	-5.66027
5	45	75	2.86259	-5.1025	-5.37088
5	45	85	3.18552	-4.79205	-5.36651
5	55	5	5.64905	-4.37115	-5.30131
5	55	15	5.64822	-6.06145	-5.7899
5	55	25	4.13758	-5.5218	-4.78649
5	55	35	3.60195	-4.59221	-4.44229
5	55	45	3.30075	-4.09841	-4.32729
5	55	55	3.07874	-4.81753	-5.10525
5	55	65	3.73143	-5.21003	-5.78962
5	55	75	4.02349	-5.70091	-5.96924
5	55	85	4.74338	-5.4859	-5.91048
5	65	5	5.04206	-3.83416	-4.94014
5	65	15	5.00233	-5.49066	-6.5338
5	65	25	4.21428	-5.69692	-5.83448
5	65	35	4.00114	-4.89053	-5.41343
5	65	45	3.14877	-3.90564	-4.17937
5	65	55	2.95397	-4.91919	-4.75972
5	65	65	3.69103	-4.95112	-5.81113
5	65	75	3.53552	-5.34051	-5.84406
5	65	85	4.60877	-4.50333	-5.75841
5	75	5	4.17625	-4.24523	-4.75006
5	75	15	4.31424	-5.56215	-5.88055
5	75	25	4.45069	-5.73853	-6.30845
5	75	35	4.33237	-4.9153	-5.89009
5	75	45	3.41449	-4.10442	-3.92622
5	75	55	3.19367	-4.69402	-4.09664
5	75	65	3.73102	-5.70362	-5.28362
5	75	75	4.17347	-5.69521	-6.11766
5	75	85	3.86343	-4.92193	-5.39433
5	85	5	3.45268	-5.17286	-4.99365
5	85	15	3.45147	-5.3745	-5.67366
5	85	25	4.33583	-5.48992	-6.42907
5	85	35	3.95623	-5.22716	-5.49795
5	85	45	3.45801	-4.63831	-4.0861
5	85	55	3.28239	-4.10148	-3.45045
5	85	65	3.33703	-4.87399	-4.3312
5	85	75	4.13306	-5.77814	-5.99858
5	85	85	4.23584	-5.90218	-5.74618
15	5	5	2.91432	-3.88251	-3.52006
15	5	15	2.70545	-4.86706	-4.91267
15	5	25	3.54222	-5.19268	-6.00148
15	5	35	3.46229	-4.30295	-5.13101
15	5	45	2.56205	-3.11561	-3.12182
15	5	55	2.63717	-2.72385	-2.79864
15	5	65	2.8108	-3.36594	-3.23025
15	5	75	3.57677	-5.64951	-5.06462
15	5	85	3.07636	-3.66607	-3.26316
15	15	5	2.59749	-3.86608	-3.81968
15	15	15	2.57495	-5.04036	-5.05643
15	15	25	3.39281	-5.12215	-5.92197
15	15	35	2.75846	-4.76213	-4.88929
15	15	45	2.59601	-3.19381	-3.1584
15	15	55	3.01278	-3.01237	-2.79253
15	15	65	3.36171	-3.66207	-2.93865
15	15	75	3.11944	-5.30079	-4.97322
15	15	85	2.75823	-4.04793	-4.00314
15	25	5	2.61243	-4.96139	-5.0209
15	25	15	2.63105	-4.79926	-4.71924
15	25	25	2.85223	-4.76001	-4.7012
15	25	35	2.84507	-4.32204	-4.09369
15	25	45	2.79295	-3.18047	-3.07993
15	25	55	2.95283	-2.98965	-3.21017
15	25	65	2.654	-3.53352	-3.55344
15	25	75	2.61687	-4.955	-5.01163
15	25	85	2.7341	-4.70404	-4.80265
15	35	5	3.11272	-4.7429	-4.30209
15	35	15	3.37224	-4.41165	-3.63044
15	35	25	3.45383	-4.34879	-4.08678
15	35	35	2.94987	-3.94839	-3.82402
15	35	45	2.93548	-3.62324	-3.92686
15	35	55	3.29292	-3.35644	-4.09947
15	35	65	2.72908	-4.81738	-5.01861
15	35	75	2.47269	-5.08759	-5.16911
15	35	85	2.77393	-5.06308	-5.12338
15	45	5	2.88589	-3.85204	-3.79811
15	45	15	2.82785	-4.68606	-4.56923
15	45	25	3.37024	-4.43522	-4.81681
15	45	35	2.80869	-4.10226	-4.26618
15	45	45	3.27607	-3.17134	-3.85394
15	45	55	2.87446	-3.75394	-4.03491
15	45	65	2.85134	-4.71465	-5.01505
15	45	75	2.79337	-5.1188	-5.36081
15	45	85	2.89264	-5.08559	-5.22437
15	55	5	3.23941	-3.70209	-4.25686
15	55	15	3.15807	-4.86739	-5.22195
15	55	25	3.19893	-5.13629	-5.3756
15	55	35	2.98006	-4.7429	-4.88668
15	55	45	3.19564	-3.4083	-3.69186
15	55	55	2.79428	-4.14473	-4.18637
15	55	65	3.11144	-4.71153	-5.15113
15	55	75	2.77544	-5.07916	-5.32356
15	55	85	2.83703	-4.86563	-5.10483
15	65	5	3.13233	-3.51211	-4.1533
15	65	15	3.85188	-4.98539	-6.24656
15	65	25	3.2367	-5.22802	-5.59275
15	65	35	3.2599	-4.95088	-5.17243
15	65	45	3.10109	-3.32384	-3.5459
15	65	55	2.59269	-4.45838	-4.41681
15	65	65	3.07188	-4.81479	-5.33397
15	65	75	2.97471	-5.09826	-5.5218
15	65	85	3.23589	-4.24202	-4.9468
15	75	5	2.91226	-3.84244	-4.18328
15	75	15	3.59063	-5.00223	-6.00104
15	75	25	2.91902	-5.11814	-5.40134
15	75	35	3.48107	-4.84151	-5.48591
15	75	45	2.99829	-3.60897	-3.33537
15	75	55	3.03147	-4.05488	-3.57531
15	75	65	3.31224	-5.13276	-4.77398
15	75	75	3.59184	-5.27623	-5.87704
15	75	85	3.01664	-4.122	-4.50762
15	85	5	3.23187	-4.65044	-4.13049
15	85	15	4.11145	-5.73372	-5.65331
15	85	25	3.63461	-5.25679	-5.9804
15	85	35	3.86548	-4.90427	-5.85313
15	85	45	2.78801	-3.53545	-3.56202
15	85	55	3.06069	-3.26127	-2.75174
15	85	65	3.97784	-4.86588	-3.6839
15	85	75	4.27305	-6.15967	-5.6785
15	85	85	3.61343	-4.5227	-3.98351
25	5	5	2.85163	-2.9946	-2.69489
25	5	15	3.0531	-4.12306	-3.98103
25	5	25	3.33027	-5.29468	-5.6811
25	5	35	3.1891	-4.53076	-5.07039
25	5	45	2.56121	-3.30124	-3.29782
25	5	55	2.68235	-3.01905	-3.12949
25	5	65	2.61248	-4.15521	-4.13632
25	5	75	2.9841	-4.76389	-4.49165
25	5	85	2.9725	-3.12101	-2.74439
25	15	5	2.66378	-3.05596	-2.94487
25	15	15	2.59873	-4.31807	-4.27043
25	15	25	3.0356	-5.09761	-5.57947
25	15	35	2.98236	-4.40251	-4.83289
25	15	45	2.57458	-3.14536	-3.10864
25	15	55	2.61484	-2.98392	-3.02442
25	15	65	2.63456	-3.19665	-3.15561
25	15	75	2.73792	-3.88984	-3.82379
25	15	85	2.80276	-3.12741	-2.91809
25	25	5	2.61626	-4.38361	-4.3185
25	25	15	2.65402	-4.99938	-4.97641
25	25	25	2.97706	-5.04156	-5.34593
25	25	35	2.91074	-4.68243	-4.80134
25	25	45	2.57939	-3.21487	-3.18238
25	25	55	2.59139	-2.80156	-2.94255
25	25	65	2.59157	-3.07237	-3.07185
25	25	75	2.61358	-3.64005	-3.69832
25	25	85	2.55705	-3.28107	-3.27827
25	35	5	2.73204	-4.93414	-4.75335
25	35	15	3.33106	-5.27924	-4.61922
25	35	25	4.03502	-5.69599	-5.49678
25	35	35	3.52666	-3.9724	-3.06644
25	35	45	2.98301	-3.84485	-3.58957
25	35	55	2.73016	-3.15721	-3.2183
25	35	65	2.67111	-4.69703	-4.69745
25	35	75	2.0932	-5.07001	-5.11188
25	35	85	2.11409	-5.03924	-5.04184
25	45	5	2.76197	-4.70005	-4.47976
25	45	15	2.91344	-5.36725	-5.04484
25	45	25	3.72505	-5.04424	-5.59421
25	45	35	2.96789	-4.13018	-4.11735
25	45	45	2.85577	-2.76535	-2.80687
25	45	55	2.6409	-2.7981	-2.83509
25	45	65	2.65237	-4.34765	-4.38802
25	45	75	2.43196	-5.07688	-5.13687
25	45	85	2.46346	-4.82137	-4.84298
25	55	5	2.53085	-3.92166	-3.92005
25	55	15	2.57406	-4.97639	-4.99315
25	55	25	3.09309	-5.05186	-5.58978
25	55	35	2.76593	-4.82803	-4.99553
25	55	45	2.84413	-3.46407	-3.39126
25	55	55	2.77126	-3.1631	-2.98315
25	55	65	2.75274	-3.87553	-3.9155
25	55	75	2.69279	-4.71638	-4.77438
25	55	85	2.57305	-4.80519	-4.82558
25	65	5	2.47139	-3.3569	-3.39725
25	65	15	2.75147	-4.93318	-5.09351
25	65	25	2.95146	-5.17486	-5.41522
25	65	35	2.87546	-5.19867	-5.28305
25	65	45	2.81474	-3.55324	-3.53449
25	65	55	2.57315	-3.38623	-3.36501
25	65	65	2.77167	-4.18105	-4.40136
25	65	75	2.71174	-4.93321	-5.09356
25	65	85	2.61201	-4.04174	-4.12243
25	75	5	2.65185	-3.62484	-3.64566
25	75	15	2.83103	-4.71024	-4.95066
25	75	25	2.83262	-5.12011	-5.36011
25	75	35	2.85423	-4.92135	-5.22456
25	75	45	2.69348	-3.47415	-3.3366
25	75	55	2.81235	-3.5036	-3.24412
25	75	65	3.21167	-3.94836	-3.64896
25	75	75	3.01229	-5.13628	-5.15755
25	75	85	2.69426	-3.68197	-3.6652
25	85	5	3.77786	-4.18804	-3.00208
25	85	15	3.97463	-5.50045	-4.63686
25	85	25	3.63264	-5.82007	-5.46087
25	85	35	3.45264	-5.44151	-5.22314
25	85	45	2.6535	-3.77437	-3.71605
25	85	55	2.73276	-2.90577	-2.84591
25	85	65	2.87566	-3.5955	-3.35213
25	85	75	3.71869	-5.61826	-5.01232
25	85	85	3.87906	-4.30712	-3.10316
35	5	5	3.0778	-3.46717	-2.94125
35	5	15	3.20755	-4.17575	-3.64004
35	5	25	3.01585	-5.47075	-5.16835
35	5	35	2.72309	-4.97	-5.00606
35	5	45	2.62192	-3.72164	-3.74452
35	5	55	2.58962	-3.42071	-3.44564
35	5	65	2.67742	-4.97865	-4.93915
35	5	75	2.76703	-4.90051	-4.88795
35	5	85	2.89672	-3.47824	-3.17672
35	15	5	2.7931	-3.25525	-3.01569
35	15	15	2.95129	-3.87252	-3.75552
35	15	25	3.14329	-5.22546	-5.51885
35	15	35	2.76208	-4.18372	-4.31127
35	15	45	2.51607	-2.93018	-2.97413
35	15	55	2.5165	-3.14723	-3.19003
35	15	65	2.61639	-4.20464	-4.18108
35	15	75	2.75935	-3.78899	-3.82394
35	15	85	2.68077	-3.91553	-3.83067
35	25	5	2.56453	-3.34975	-3.33963
35	25	15	2.75712	-4.76412	-4.87974
35	25	25	3.07518	-5.08673	-5.62824
35	25	35	2.80199	-4.48199	-4.57283
35	25	45	2.47891	-3.06812	-3.11587
35	25	55	2.61519	-3.04457	-2.92541
35	25	65	2.61355	-3.32173	-3.30169
35	25	75	2.69317	-3.22442	-3.2031
35	25	85	2.59983	-3.14284	-3.1769
35	35	5	2.57264	-4.88644	-4.86623
35	35	15	2.8319	-4.84722	-5.08639
35	35	25	3.63747	-5.15954	-6.00437
35	35	35	3.54916	-4.00123	-3.79694
35	35	45	3.40739	-3.71367	-3.08518
35	35	55	3.21282	-3.9059	-3.40607
35	35	65	2.89387	-5.04048	-4.73929
35	35	75	2.61628	-5.0055	-5.06185
35	35	85	2.29807	-4.93612	-4.91565
35	45	5	2.68688	-4.66079	-4.52063
35	45	15	2.77223	-5.13627	-5.15507
35	45	25	3.45503	-5.07319	-5.65319
35	45	35	3.0723	-3.96031	-4.27434
35	45	45	2.83183	-2.88587	-2.79621
35	45	55	2.78197	-2.83804	-2.77295
35	45	65	2.65711	-4.10687	-4.20322
35	45	75	2.73628	-4.99643	-5.09439
35	45	85	2.6603	-4.72542	-4.62665
35	55	5	2.55844	-3.78417	-3.7765
35	55	15	2.65423	-4.97291	-5.06959
35	55	25	3.6559	-5.10418	-6.2017
35	55	35	3.20986	-5.05667	-5.71146
35	55	45	2.7245	-3.69996	-3.87013
35	55	55	2.6557	-2.65445	-2.63557
35	55	65	2.6581	-3.71929	-3.65866
35	55	75	2.6606	-4.77449	-4.86738
35	55	85	2.56696	-3.97062	-3.96758
35	65	5	2.53109	-3.3361	-3.33605
35	65	15	2.55108	-4.83845	-4.8384
35	65	25	3.11103	-5.09947	-5.65946
35	65	35	3.09865	-5.14101	-5.60861
35	65	45	2.55832	-3.99611	-4.00335
35	65	55	2.5936	-2.68574	-2.72809
35	65	65	2.57529	-3.05944	-3.04336
35	65	75	2.73254	-4.27689	-4.45642
35	65	85	2.55157	-3.69356	-3.69396
35	75	5	2.87106	-3.48086	-3.20085
35	75	15	2.89105	-4.72955	-4.42955
35	75	25	2.95143	-5.27827	-5.31866
35	75	35	2.69544	-5.1023	-5.20591
35	75	45	2.57386	-3.96157	-3.98441
35	75	55	2.59506	-2.72824	-2.73228
35	75	65	2.61767	-2.8673	-2.85392
35	75	75	2.79333	-3.78364	-3.62591
35	75	85	2.91191	-3.55868	-3.23953
35	85	5	4.56424	-4.76444	-2.79289
35	85	15	4.59903	-5.7797	-3.81171
35	85	25	3.81424	-6.19662	-5.25422
35	85	35	3.49466	-5.90279	-5.20483
35	85	45	3.05829	-4.77963	-4.36449
35	85	55	2.9227	-3.54708	-3.23797
35	85	65	3.13664	-4.40687	-3.94847
35	85	75	3.72168	-5.31819	-4.4712
35	85	85	4.22547	-4.55153	-2.95958
45	5	5	2.91684	-3.90374	-3.53881
45	5	15	3.61287	-4.51687	-3.49586
45	5	25	3.62468	-6.00708	-5.21744
45	5	35	3.32633	-5.4739	-5.30516
45	5	45	3.20275	-4.26925	-4.74576
45	5	55	2.75911	-4.19402	-4.34681
45	5	65	2.70989	-5.07124	-5.0959
45	5	75	2.83674	-5.2409	-5.08021
45	5	85	2.92714	-4.42067	-4.12783
45	15	5	2.95031	-3.84191	-3.48358
45	15	15	3.20253	-3.82947	-3.29967
45	15	25	2.99621	-5.33357	-5.27481
45	15	35	2.96168	-4.66794	-4.9462
45	15	45	3.14253	-3.0814	-3.66619
45	15	55	2.72728	-3.67771	-3.84645
45	15	65	2.72027	-5.05133	-5.05447
45	15	75	2.71994	-4.9823	-5.02245
45	15	85	2.65897	-4.62244	-4.55696
45	25	5	2.8207	-3.12409	-3.01791
45	25	15	2.73816	-4.22616	-4.32156
45	25	25	3.05906	-5.11508	-5.53751
45	25	35	2.81604	-4.32204	-4.50642
45	25	45	2.83867	-3.18348	-3.30985
45	25	55	2.71772	-3.56198	-3.4859
45	25	65	2.6738	-4.46561	-4.507
45	25	75	2.77408	-4.62423	-4.64525
45	25	85	2.83709	-4.31685	-4.15731
45	35	5	2.81545	-5.12403	-4.94578
45	35	15	2.73333	-4.88722	-4.9886
45	35	25	3.15628	-5.15441	-5.6396
45	35	35	3.04238	-4.32216	-4.61261
45	35	45	2.85753	-3.5493	-3.49329
45	35	55	2.87521	-3.82667	-3.62664
45	35	65	2.97268	-5.04131	-4.66127
45	35	75	2.85631	-5.24929	-5.06722
45	35	85	2.81808	-5.10491	-5.00745
45	45	5	3.02668	-4.91313	-4.43983
45	45	15	3.22078	-5.34494	-5.23944
45	45	25	3.56355	-5.2026	-5.88298
45	45	35	3.43194	-4.22478	-4.73769
45	45	45	2.70152	-3.62924	-3.57724
45	45	55	2.67507	-2.82224	-2.78066
45	45	65	2.68027	-4.39535	-4.3469
45	45	75	2.88871	-5.22686	-5.19917
45	45	85	3.00331	-5.2973	-4.91503
45	55	5	2.55516	-3.67634	-3.67264
45	55	15	2.65404	-4.63337	-4.73045
45	55	25	3.4367	-5.10356	-5.98353
45	55	35	3.3303	-5.09864	-5.87709
45	55	45	2.69824	-4.23794	-4.38354
45	55	55	2.61346	-2.63562	-2.69484
45	55	65	2.63713	-3.67951	-3.75421
45	55	75	2.84261	-5.01083	-5.28484
45	55	85	2.63279	-4.04872	-4.03156
45	65	5	2.55206	-3.34025	-3.33924
45	65	15	2.61234	-4.33683	-4.39554
45	65	25	3.39226	-5.09982	-5.9402
45	65	35	3.14265	-5.10243	-5.69322
45	65	45	2.71603	-4.30113	-4.42607
45	65	55	2.71232	-2.63404	-2.79519
45	65	65	2.61277	-2.91198	-2.97347
45	65	75	2.87407	-4.31336	-4.63511
45	65	85	2.55616	-3.17643	-3.17936
45	75	5	3.21149	-3.77392	-3.11429
45	75	15	3.17109	-4.70717	-4.08714
45	75	25	3.33185	-5.49679	-5.47757
45	75	35	3.05502	-5.22239	-5.44559
45	75	45	2.71442	-4.48203	-4.56541
45	75	55	2.81587	-2.87993	-3.02476
45	75	65	2.59743	-3.21372	-3.22012
45	75	75	2.67519	-4.12127	-4.04447
45	75	85	2.99271	-3.56678	-3.12594
45	85	5	4.73226	-5.08479	-2.9052
45	85	15	4.88863	-5.88122	-3.58363
45	85	25	4.55784	-6.89421	-5.289
45	85	35	3.87385	-6.22277	-5.18398
45	85	45	3.15351	-5.02205	-4.82372
45	85	55	3.08304	-3.77965	-3.91083
45	85	65	3.0071	-5.17582	-4.94859
45	85	75	3.74208	-6.00425	-4.8999
45	85	85	4.26594	-5.26576	-3.5525
55	5	5	2.88727	-4.54682	-4.2115
55	5	15	3.53229	-5.09896	-4.19849
55	5	25	4.18449	-6.60392	-5.17209
55	5	35	3.75407	-6.10075	-5.10582
55	5	45	3.44094	-4.83059	-5.10101
55	5	55	3.44008	-4.42027	-4.97366
55	5	65	2.90655	-5.25951	-5.23919
55	5	75	2.74488	-5.22928	-5.11794
55	5	85	2.81136	-4.77621	-4.59839
55	15	5	2.71232	-4.00214	-3.8826
55	15	15	3.04784	-3.52705	-3.2313
55	15	25	2.98872	-5.36313	-5.25359
55	15	35	2.89745	-4.60175	-4.66769
55	15	45	3.59925	-3.18618	-4.18212
55	15	55	3.17161	-3.9958	-4.55206
55	15	65	2.74601	-5.13266	-5.18898
55	15	75	2.66777	-5.13479	-5.18213
55	15	85	2.6242	-4.69144	-4.66245
55	25	5	2.71675	-3.01352	-2.93364
55	25	15	2.77885	-3.65646	-3.7499
55	25	25	2.79729	-5.08804	-5.28779
55	25	35	2.96043	-4.08322	-4.48905
55	25	45	3.19855	-2.93464	-3.53696
55	25	55	2.924	-3.52474	-3.77136
55	25	65	2.88355	-5.07908	-5.2004
55	25	75	2.6554	-4.96203	-4.98108
55	25	85	2.75867	-4.70262	-4.54175
55	35	5	3.47889	-5.32615	-4.5255
55	35	15	3.53671	-5.48292	-5.02022
55	35	25	3.17755	-5.46524	-5.3285
55	35	35	3.20499	-4.60507	-4.65179
55	35	45	3.01713	-4.08612	-4.15125
55	35	55	2.71736	-4.04425	-4.0862
55	35	65	2.79377	-4.90946	-4.87091
55	35	75	3.1366	-5.33079	-5.05179
55	35	85	3.28316	-5.43511	-4.87796
55	45	5	3.12629	-4.68175	-4.29042
55	45	15	3.00812	-4.67416	-4.73904
55	45	25	3.24481	-5.24545	-5.64221
55	45	35	2.95647	-4.66475	-4.78448
55	45	45	2.67564	-4.08526	-4.16823
55	45	55	2.63194	-3.04778	-3.04786
55	45	65	2.71184	-4.5717	-4.57169
55	45	75	3.06589	-5.33804	-5.28243
55	45	85	3.14466	-5.19983	-4.91445
55	55	5	2.71293	-3.37313	-3.42399
55	55	15	2.92499	-3.8401	-4.11141
55	55	25	3.46194	-5.16445	-5.94476
55	55	35	3.03524	-5.10237	-5.54331
55	55	45	2.6342	-4.76202	-4.80279
55	55	55	2.57269	-2.95218	-2.97061
55	55	65	2.79468	-3.99843	-4.23481
55	55	75	3.3083	-5.05259	-5.79695
55	55	85	2.64265	-4.3533	-4.37969
55	65	5	2.61698	-3.14334	-3.08258
55	65	15	2.69483	-3.69594	-3.83477
55	65	25	3.49671	-5.09507	-6.03583
55	65	35	2.87277	-5.10331	-5.42246
55	65	45	2.61272	-4.64211	-4.66352
55	65	55	2.57194	-2.66523	-2.68517
55	65	65	2.69164	-3.43328	-3.5727
55	65	75	3.1765	-4.83375	-5.45868
55	65	85	2.58615	-3.48432	-3.47089
55	75	5	3.25617	-3.62809	-2.92407
55	75	15	3.61236	-4.60768	-3.62723
55	75	25	3.99148	-5.96676	-5.64712
55	75	35	3.1007	-5.40281	-5.35085
55	75	45	2.65287	-4.90247	-4.92346
55	75	55	2.65232	-2.82607	-2.88648
55	75	65	2.69183	-3.99349	-4.09268
55	75	75	2.81523	-4.80083	-4.91985
55	75	85	2.93702	-3.95141	-3.5671
55	85	5	4.27597	-5.30658	-3.58339
55	85	15	4.85991	-5.83111	-3.60233
55	85	25	4.80264	-7.15335	-5.26175
55	85	35	4.3031	-6.66438	-5.25157
55	85	45	3.39408	-5.36288	-5.00346
55	85	55	3.25188	-4.74929	-4.68925
55	85	65	3.11791	-5.41887	-5.22081
55	85	75	2.92736	-5.39898	-5.06511
55	85	85	3.73202	-5.6406	-4.50163
65	5	5	3.10796	-5.58398	-5.03217
65	5	15	3.57266	-5.65268	-4.63226
65	5	25	4.84688	-6.88542	-5.55293
65	5	35	4.32244	-6.70256	-5.11333
65	5	45	3.58377	-5.4539	-4.46212
65	5	55	3.07916	-4.80256	-4.71604
65	5	65	3.22135	-5.69568	-5.1494
65	5	75	3.07834	-5.56736	-5.16142
65	5	85	3.33055	-5.75622	-5.06506
65	15	5	2.78401	-4.48402	-4.29125
65	15	15	2.73235	-3.68464	-3.58513
65	15	25	3.11368	-5.44289	-5.30609
65	15	35	2.72269	-4.54458	-4.38994
65	15	45	2.70166	-3.46942	-3.4413
65	15	55	3.06156	-4.10056	-4.35082
65	15	65	2.7729	-5.24405	-5.14792
65	15	75	2.89415	-5.38161	-5.16437
65	15	85	2.70744	-4.93458	-4.8249
65	25	5	2.80994	-3.36514	-3.1594
65	25	15	2.96854	-3.29048	-3.28151
65	25	25	3.07008	-5.27246	-5.37183
65	25	35	2.73702	-3.92332	-3.94546
65	25	45	3.15342	-3.05031	-3.29055
65	25	55	2.85858	-3.6679	-3.92606
65	25	65	2.76269	-5.18875	-5.18147
65	25	75	2.68795	-5.13353	-5.20593
65	25	85	2.70935	-4.93641	-4.86592
65	35	5	3.56826	-4.9157	-3.96228
65	35	15	3.86655	-5.52284	-4.50832
65	35	25	3.73732	-5.8771	-5.45277
65	35	35	3.22291	-5.047	-4.86749
65	35	45	3.18399	-4.20463	-4.55159
65	35	55	2.9382	-4.29915	-4.60411
65	35	65	2.63678	-4.88926	-4.95417
65	35	75	2.18196	-5.0207	-5.16919
65	35	85	2.91953	-4.88084	-4.76444
65	45	5	3.25501	-4.56711	-4.0101
65	45	15	3.57244	-4.98618	-4.45371
65	45	25	3.6348	-5.66167	-5.61246
65	45	35	3.09728	-5.18699	-5.20262
65	45	45	2.84043	-4.7881	-4.91337
65	45	55	2.71657	-3.73815	-3.78283
65	45	65	2.79678	-4.70084	-4.78419
65	45	75	3.10747	-5.23738	-5.43022
65	45	85	3.04185	-5.16063	-5.03815
65	55	5	2.81443	-3.62931	-3.46476
65	55	15	2.9825	-3.35166	-3.4478
65	55	25	3.80492	-5.21404	-6.21898
65	55	35	2.86414	-5.22516	-5.29183
65	55	45	2.6408	-5.05526	-5.01539
65	55	55	2.57883	-3.32852	-3.34187
65	55	65	3.0571	-4.46459	-4.92179
65	55	75	3.29753	-5.09989	-5.78628
65	55	85	3.16338	-4.57475	-5.15974
65	65	5	2.94074	-3.16409	-3.03846
65	65	15	3.06092	-3.05556	-3.10705
65	65	25	3.72471	-5.10059	-6.18465
65	65	35	2.65201	-5.10442	-5.20054
65	65	45	2.5943	-4.88249	-4.84402
65	65	55	2.57319	-3.03615	-3.01566
65	65	65	3.11447	-4.02124	-4.54024
65	65	75	3.54214	-5.0806	-5.99031
65	65	85	3.00017	-3.99076	-4.18023
65	75	5	3.62619	-4.17833	-3.23524
65	75	15	3.91547	-4.50488	-3.46277
65	75	25	5.01522	-6.5156	-6.09634
65	75	35	3.20897	-5.62206	-5.1196
65	75	45	2.69465	-5.00422	-4.90349
65	75	55	2.61403	-3.51464	-3.45325
65	75	65	2.83373	-4.59559	-4.83371
65	75	75	3.21708	-5.1123	-5.53106
65	75	85	3.43615	-5.11173	-4.50674
65	85	5	3.52705	-5.34516	-4.41352
65	85	15	4.36104	-5.8678	-4.09916
65	85	25	5.03759	-7.11536	-5.51468
65	85	35	4.25451	-6.65428	-5.09268
65	85	45	3.54336	-5.89146	-4.98497
65	85	55	3.03853	-5.22474	-4.73725
65	85	65	3.02376	-5.42805	-5.11691
65	85	75	2.98928	-5.47559	-5.12158
65	85	85	3.20913	-5.54438	-4.94246
75	5	5	4.23786	-6.73055	-5.11286
75	5	15	4.34189	-6.61159	-5.11493
75	5	25	5.1193	-7.10257	-5.62885
75	5	35	4.68369	-7.06808	-5.22746
75	5	45	3.7094	-5.63835	-4.48089
75	5	55	3.06006	-4.04788	-3.61884
75	5	65	3.16407	-5.52171	-5.12083
75	5	75	3.90608	-6.05095	-5.50556
75	5	85	3.66981	-6.11068	-5.21129
75	15	5	3.30211	-5.52099	-4.83094
75	15	15	3.25193	-4.99722	-4.46487
75	15	25	3.75819	-5.71492	-5.59751
75	15	35	3.06735	-5.2137	-4.74547
75	15	45	2.68773	-3.2167	-3.16087
75	15	55	2.70611	-3.34271	-3.39005
75	15	65	2.82087	-5.24507	-5.04459
75	15	75	3.23415	-5.57556	-5.31107
75	15	85	3.29265	-5.65533	-5.17032
75	25	5	2.71918	-3.67887	-3.60135
75	25	15	2.9637	-3.37186	-3.25166
75	25	25	3.22798	-5.10216	-5.27657
75	25	35	2.87989	-3.94743	-3.74477
75	25	45	2.83619	-2.9127	-2.64773
75	25	55	2.80469	-3.45758	-3.45129
75	25	65	2.7436	-5.12484	-5.20655
75	25	75	2.76092	-5.14304	-5.27026
75	25	85	2.61778	-4.9633	-4.90751
75	35	5	2.90737	-3.29924	-3.36999
75	35	15	3.59636	-4.04747	-3.92318
75	35	25	3.60189	-5.80881	-5.16515
75	35	35	2.94179	-5.14585	-4.88742
75	35	45	2.95997	-4.32281	-4.1998
75	35	55	2.76412	-4.20071	-4.20676
75	35	65	2.80488	-5.05373	-5.26506
75	35	75	2.36642	-5.08163	-5.21735
75	35	85	2.66137	-4.78283	-5.01158
75	45	5	3.75341	-3.85686	-3.69787
75	45	15	4.30545	-4.00397	-4.34768
75	45	25	3.24548	-5.4321	-5.35668
75	45	35	3.27348	-5.18559	-5.45973
75	45	45	3.02582	-4.95367	-5.10599
75	45	55	3.07904	-4.34246	-4.38803
75	45	65	3.3984	-5.34677	-5.47094
75	45	75	3.07548	-5.29939	-5.37984
75	45	85	3.62142	-4.9632	-5.05559
75	55	5	3.26581	-3.6485	-3.38076
75	55	15	4.29893	-3.92241	-3.90308
75	55	25	4.03866	-5.4246	-6.01141
75	55	35	3.15866	-5.24273	-5.36872
75	55	45	2.92837	-5.18009	-5.31413
75	55	55	2.82279	-4.07814	-4.26187
75	55	65	3.36043	-4.87963	-5.55649
75	55	75	3.68117	-5.18374	-6.1112
75	55	85	3.32061	-4.39614	-5.11566
75	65	5	3.49585	-3.52369	-2.96318
75	65	15	3.47813	-3.32471	-3.33901
75	65	25	4.20956	-4.92768	-6.25822
75	65	35	2.88486	-4.78819	-4.94963
75	65	45	2.59037	-4.99245	-5.01098
75	65	55	2.74216	-3.46902	-3.44174
75	65	65	3.4835	-4.53644	-5.2489
75	65	75	3.59992	-5.18369	-6.00282
75	65	85	3.21123	-4.32395	-4.63905
75	75	5	4.08689	-5.13808	-3.67222
75	75	15	4.68662	-5.22997	-3.98189
75	75	25	4.94524	-6.42303	-5.88424
75	75	35	3.85235	-5.94236	-4.8812
75	75	45	3.2203	-5.64936	-5.06401
75	75	55	3.08336	-4.48787	-4.07813
75	75	65	3.44698	-5.13545	-5.2811
75	75	75	4.11346	-5.63681	-6.00559
75	75	85	3.96013	-5.44747	-5.24323
75	85	5	3.37684	-5.69424	-4.98585
75	85	15	4.39309	-6.40197	-4.80686
75	85	25	5.48953	-7.0173	-5.89328
75	85	35	4.33238	-6.79039	-5.15393
75	85	45	3.63759	-6.06689	-5.06137
75	85	55	3.18512	-5.23094	-4.63844
75	85	65	3.03798	-5.41561	-5.16945
75	85	75	3.46975	-5.50655	-5.59511
75	85	85	3.18453	-5.35125	-5.3218
85	5	5	3.39106	-5.66641	-5.17442
85	5	15	3.94193	-6.127	-5.461
85	5	25	4.00478	-5.92501	-5.71608
85	5	35	3.69161	-6.13391	-5.04532
85	5	45	4.20489	-6.09545	-4.52169
85	5	55	3.38432	-3.7937	-3.00043
85	5	65	3.42706	-5.20597	-4.69478
85	5	75	4.41076	-5.85939	-6.20231
85	5	85	4.17745	-5.77264	-6.01745
85	15	5	2.96993	-5.0257	-5.31727
85	15	15	3.05715	-5.10364	-5.32562
85	15	25	3.17429	-5.3814	-5.36058
85	15	35	3.13763	-5.58544	-5.04484
85	15	45	2.83928	-3.74975	-3.46176
85	15	55	3.10872	-3.08325	-3.13366
85	15	65	3.29148	-4.9303	-4.67331
85	15	75	3.30756	-5.37174	-5.58539
85	15	85	3.34623	-5.14874	-5.81049
85	25	5	2.80516	-4.06088	-4.23495
85	25	15	2.93473	-3.59602	-3.69971
85	25	25	2.99428	-4.52841	-4.51007
85	25	35	2.93625	-4.12425	-3.78308
85	25	45	2.82214	-3.02451	-2.85547
85	25	55	3.54423	-3.40153	-3.83649
85	25	65	3.2031	-5.11196	-5.39167
85	25	75	3.04969	-5.18354	-5.51552
85	25	85	3.07916	-5.08406	-5.60815
85	35	5	3.02352	-3.13845	-3.29013
85	35	15	3.03954	-2.87554	-2.95523
85	35	25	2.95449	-4.69012	-4.59756
85	35	35	2.80295	-5.04395	-4.80201
85	35	45	2.9435	-4.02154	-3.99821
85	35	55	2.97053	-3.93515	-4.23027
85	35	65	3.04046	-5.1082	-5.47514
85	35	75	2.8855	-5.1816	-5.39525
85	35	85	2.91722	-4.96244	-5.12783
85	45	5	4.32886	-3.60531	-3.87981
85	45	15	4.31821	-3.63003	-4.22341
85	45	25	3.04415	-4.77413	-4.89751
85	45	35	2.72038	-4.92008	-5.04774
85	45	45	3.08125	-4.91764	-5.36544
85	45	55	3.28361	-4.56394	-5.13092
85	45	65	3.53998	-5.14276	-5.73009
85	45	75	3.3522	-5.42424	-5.57824
85	45	85	3.79566	-4.92766	-5.03784
85	55	5	5.13198	-4.45663	-4.78193
85	55	15	5.6705	-5.34676	-5.17963
85	55	25	4.28638	-5.16639	-5.26092
85	55	35	3.42903	-4.38094	-4.85895
85	55	45	3.21075	-5.21923	-5.23896
85	55	55	3.36015	-5.07626	-4.84456
85	55	65	4.13389	-5.46246	-6.12446
85	55	75	3.81162	-5.6003	-5.8597
85	55	85	4.49022	-5.32587	-5.77643
85	65	5	5.10256	-4.32091	-4.20507
85	65	15	4.95554	-4.72635	-5.04443
85	65	25	4.48386	-5.19278	-5.94161
85	65	35	3.66092	-4.50449	-4.96398
85	65	45	3.00098	-4.76244	-5.0876
85	65	55	3.06388	-4.54718	-4.32802
85	65	65	4.04351	-5.31272	-5.70114
85	65	75	4.0363	-5.85394	-5.82386
85	65	85	4.55315	-5.10313	-5.4219
85	75	5	4.66039	-5.25691	-4.21812
85	75	15	4.63351	-5.71067	-5.08265
85	75	25	4.87229	-5.92664	-6.38937
85	75	35	3.5611	-4.99851	-4.88291
85	75	45	3.0934	-4.95966	-4.6108
85	75	55	2.97737	-4.78244	-4.60319
85	75	65	3.91663	-5.53201	-5.568
85	75	75	4.76148	-6.41656	-5.97096
85	75	85	4.9031	-6.37543	-5.2194
85	85	5	3.19353	-5.36728	-5.10086
85	85	15	3.54993	-5.58603	-5.35837
85	85	25	4.72306	-6.1988	-5.99473
85	85	35	3.69984	-5.96955	-5.01754
85	85	45	3.94815	-5.86762	-4.59995
85	85	55	3.48709	-4.87644	-4.02051
85	85	65	3.28342	-5.27234	-5.10074
85	85	75	4.02107	-5.44361	-6.21685
85	85	85	3.81225	-5.59201	-5.83082
