5	5	5	2.05288	-4.34719	-5.43045
5	5	15	2.2157	-4.97476	-6.63548
5	5	25	2.62977	-4.73671	-5.36685
5	5	35	3.27195	-3.40684	-3.59187
5	5	45	3.56713	-3.26885	-3.06268
5	5	55	3.80159	-3.07181	-3.33709
5	5	65	4.15285	-2.70456	-3.89599
5	5	75	3.97912	-3.17464	-3.77853
5	5	85	3.30761	-3.19144	-3.54688
5	15	5	0.133069	-4.61714	-6.04483
5	15	15	0.336642	-4.869	-6.90693
5	15	25	1.24552	-4.42686	-4.89131
5	15	35	1.91129	-3.55139	-3.44004
5	15	45	1.66128	-2.8959	-2.71874
5	15	55	3.16093	-3.56111	-3.21191
5	15	65	4.39443	-4.01134	-4.56543
5	15	75	3.84854	-4.17858	-4.92689
5	15	85	2.57317	-3.70972	-4.19524
5	25	5	-1.46802	-5.90365	-6.075
5	25	15	-1.3029	-5.11892	-6.52917
5	25	25	-0.763529	-4.96867	-4.37059
5	25	35	0.911308	-5.34517	-4.14216
5	25	45	0.502885	-4.80105	-3.73505
5	25	55	2.69992	-5.59186	-5.17246
5	25	65	2.94716	-5.86441	-5.62498
5	25	75	1.4788	-5.93335	-6.00144
5	25	85	-0.970355	-6.29816	-5.42673
5	35	5	1.8349	-5.21165	-5.86497
5	35	15	1.82092	-5.25338	-5.9255
5	35	25	1.37763	-5.65803	-4.71708
5	35	35	1.59099	-5.27341	-3.89732
5	35	45	1.18535	-3.80792	-2.27671
5	35	55	2.80915	-5.38417	-4.6736
5	35	65	2.76822	-5.06637	-5.32088
5	35	75	2.78706	-4.84726	-5.37483
5	35	85	2.02262	-4.95	-5.30896
5	45	5	2.53037	-4.91768	-5.20952
5	45	15	2.69887	-5.23537	-5.71345
5	45	25	3.1747	-5.62031	-5.02112
5	45	35	3.33377	-4.78488	-3.50861
5	45	45	2.23752	-2.32373	-1.64691
5	45	55	2.81777	-3.56195	-3.31603
5	45	65	3.03428	-3.89762	-4.19329
5	45	75	2.78908	-4.09912	-4.51175
5	45	85	2.79941	-3.84043	-4.20337
5	55	5	3.42054	-4.81638	-5.73426
5	55	15	3.00686	-5.59309	-5.93722
5	55	25	3.77917	-6.02115	-4.9294
5	55	35	3.7127	-4.08359	-3.35058
5	55	45	3.39035	-1.76951	-2.8177
5	55	55	2.86258	-2.47781	-2.87943
5	55	65	3.06198	-2.89104	-3.38061
5	55	75	3.17812	-3.14864	-3.80894
5	55	85	3.59609	-3.06643	-4.05289
5	65	5	4.61058	-4.50146	-6.43996
5	65	15	3.89266	-5.80756	-6.62724
5	65	25	4.57091	-5.90049	-5.24805
5	65	35	5.01625	-4.41913	-4.06752
5	65	45	5.07893	-2.68554	-3.97751
5	65	55	4.10538	-2.92273	-3.28819
5	65	65	4.444	-3.0285	-3.90062
5	65	75	4.50609	-3.30576	-4.31078
5	65	85	4.43611	-3.36249	-4.50456
5	75	5	5.25662	-4.11873	-6.54029
5	75	15	4.17694	-5.34906	-8.03299
5	75	25	4.88084	-4.7762	-6.14293
5	75	35	5.05033	-4.55404	-4.28638
5	75	45	5.37455	-3.60341	-4.24133
5	75	55	5.65545	-4.11787	-4.1963
5	75	65	5.08991	-3.5979	-3.92394
5	75	75	5.03232	-2.79073	-4.49209
5	75	85	4.79559	-2.75244	-4.65043
5	85	5	4.58167	-4.39543	-5.76552
5	85	15	4.6682	-5.70956	-7.97682
5	85	25	4.55143	-4.94616	-5.16317
5	85	35	4.18091	-3.86757	-3.82385
5	85	45	4.5	-3.81293	-3.65087
5	85	55	5.86163	-4.62583	-4.48486
5	85	65	5.18127	-3.78509	-4.18089
5	85	75	4.98727	-3.11942	-4.35127
5	85	85	4.76178	-3.62266	-4.11967
15	5	5	4.18396	-2.44453	-4.55601
15	5	15	4.15685	-4.60264	-7.16596
15	5	25	4.29089	-3.56106	-5.66997
15	5	35	3.67326	-2.73959	-4.52221
15	5	45	3.11669	-2.27558	-4.2065
15	5	55	3.70682	-3.21444	-4.55573
15	5	65	5.0446	-3.2585	-4.97194
15	5	75	5.70093	-4.1591	-4.88448
15	5	85	5.30813	-2.68836	-4.60585
15	15	5	1.9621	-3.19584	-4.54454
15	15	15	1.3737	-4.13636	-5.83744
15	15	25	2.40568	-4.09617	-5.29201
15	15	35	1.45629	-2.36761	-3.14851
15	15	45	1.29268	-2.64327	-2.64983
15	15	55	2.69611	-3.36287	-3.16088
15	15	65	4.34365	-3.50495	-4.00852
15	15	75	4.62313	-3.26554	-4.02009
15	15	85	3.28047	-2.51553	-3.43057
15	25	5	0.172018	-4.17111	-4.55575
15	25	15	-0.482131	-4.44374	-4.84993
15	25	25	0.494424	-4.51245	-4.46877
15	25	35	0.0459621	-4.42082	-4.0621
15	25	45	-1.90909	-5.42636	-4.38486
15	25	55	-1.66232	-6.88526	-4.92006
15	25	65	-1.98811	-7.30951	-6.19787
15	25	75	-1.46812	-6.32948	-5.42609
15	25	85	1.21248	-3.94687	-3.75805
15	35	5	0.921277	-4.97496	-4.91511
15	35	15	1.56342	-5.33041	-5.42115
15	35	25	2.17469	-5.8701	-4.98241
15	35	35	1.76767	-5.34684	-4.29275
15	35	45	1.12424	-4.38898	-3.6223
15	35	55	2.25867	-5.39739	-4.90539
15	35	65	2.40121	-5.64856	-5.58048
15	35	75	2.17103	-4.87775	-5.42534
15	35	85	1.54036	-3.99687	-3.96496
15	45	5	2.57182	-4.75338	-4.78645
15	45	15	2.61518	-5.53999	-5.52108
15	45	25	3.34838	-6.06144	-5.13822
15	45	35	3.55835	-5.7119	-4.28364
15	45	45	3.52119	-4.31604	-2.65211
15	45	55	3.24539	-4.60538	-3.97976
15	45	65	3.55685	-4.72869	-4.55813
15	45	75	3.94864	-3.77282	-4.17505
15	45	85	2.98803	-4.14351	-3.90198
15	55	5	2.68071	-4.6621	-4.87512
15	55	15	2.89957	-5.55574	-5.84435
15	55	25	3.25107	-5.9446	-5.26
15	55	35	4.46673	-4.3404	-4.84625
15	55	45	5.06708	-2.38317	-3.93091
15	55	55	3.80424	-3.79466	-3.35972
15	55	65	3.2495	-3.85573	-3.7374
15	55	75	3.47681	-3.24165	-3.40521
15	55	85	3.26645	-3.12326	-3.50172
15	65	5	4.32225	-4.58289	-5.76957
15	65	15	3.28491	-5.72412	-6.15315
15	65	25	3.92939	-5.80855	-5.94607
15	65	35	5.10385	-3.22488	-5.60757
15	65	45	5.40189	-1.09519	-4.54973
15	65	55	4.98998	-3.05586	-4.09627
15	65	65	4.81219	-3.47719	-4.21181
15	65	75	4.62982	-3.34701	-3.89499
15	65	85	5.59557	-3.14496	-4.81482
15	75	5	5.31189	-4.0708	-5.96285
15	75	15	3.84594	-5.33135	-7.18422
15	75	25	4.45646	-4.97024	-6.68576
15	75	35	5.04286	-3.29562	-5.69849
15	75	45	5.4729	-1.95216	-5.21983
15	75	55	5.42137	-3.87302	-5.4523
15	75	65	5.28946	-3.87405	-5.00399
15	75	75	5.81902	-3.63472	-5.0063
15	75	85	5.8018	-3.28334	-5.19773
15	85	5	5.75036	-3.62312	-5.52439
15	85	15	4.97392	-5.39269	-7.62346
15	85	25	5.06898	-4.48515	-6.44544
15	85	35	4.97686	-3.22637	-5.42739
15	85	45	5.03842	-2.80477	-5.26747
15	85	55	4.64066	-4.3587	-6.35153
15	85	65	5.05354	-3.62826	-5.68931
15	85	75	5.91328	-2.95513	-5.13154
15	85	85	6.203	-3.24517	-5.11734
25	5	5	5.22882	-1.95075	-4.4202
25	5	15	4.19658	-3.74051	-5.71727
25	5	25	4.64349	-3.37597	-5.6411
25	5	35	4.24084	-2.02046	-4.63226
25	5	45	3.98807	-2.97841	-5.22078
25	5	55	4.14274	-4.32887	-6.19137
25	5	65	4.84034	-4.50503	-6.94424
25	5	75	5.63562	-4.36567	-6.45798
25	5	85	6.06523	-2.91386	-5.25302
25	15	5	2.69459	-1.42387	-3.08634
25	15	15	3.69774	-4.50602	-6.4819
25	15	25	3.13546	-3.68136	-5.66665
25	15	35	1.78876	-2.09022	-2.97291
25	15	45	1.57321	-2.28315	-2.76978
25	15	55	2.63347	-3.53352	-4.09762
25	15	65	4.06974	-3.80349	-5.32991
25	15	75	4.54346	-3.17771	-4.79211
25	15	85	4.37973	-1.84643	-3.9584
25	25	5	1.03835	-3.28991	-3.5994
25	25	15	2.45722	-5.06253	-6.18516
25	25	25	1.50075	-5.52173	-5.73555
25	25	35	-1.25641	-6.57515	-4.89262
25	25	45	-3.30363	-6.6158	-3.68442
25	25	55	-2.46244	-5.95107	-4.16112
25	25	65	-1.29519	-5.11218	-4.80823
25	25	75	1.63138	-2.7298	-3.51504
25	25	85	2.12254	-1.64538	-2.4
25	35	5	1.62805	-4.74389	-4.36738
25	35	15	1.98324	-5.58968	-5.52505
25	35	25	2.1377	-5.79728	-5.11192
25	35	35	1.3329	-6.37812	-4.94655
25	35	45	-0.255384	-5.7704	-4.4149
25	35	55	-0.0936891	-5.65965	-4.84664
25	35	65	1.12284	-5.42221	-5.13617
25	35	75	2.33105	-4.25779	-3.86039
25	35	85	2.15345	-2.73699	-2.0668
25	45	5	2.66138	-4.89471	-4.28543
25	45	15	2.93862	-5.72173	-5.49928
25	45	25	3.17983	-6.03451	-5.13681
25	45	35	2.93419	-5.91489	-4.80682
25	45	45	2.63165	-4.9821	-3.91335
25	45	55	2.9965	-5.21345	-4.50162
25	45	65	2.99182	-5.32859	-5.32193
25	45	75	3.23777	-3.96055	-3.76423
25	45	85	3.24046	-3.84147	-3.20197
25	55	5	2.51444	-4.18383	-3.88619
25	55	15	2.45962	-5.49825	-5.65502
25	55	25	2.67786	-5.59167	-5.32283
25	55	35	2.32085	-4.72648	-4.72971
25	55	45	2.47236	-3.54968	-3.28763
25	55	55	2.56273	-4.56989	-4.56312
25	55	65	3.78451	-5.16645	-5.59203
25	55	75	3.63267	-3.71547	-3.53219
25	55	85	3.21535	-3.40898	-2.6949
25	65	5	3.91839	-4.82736	-3.71522
25	65	15	3.19362	-5.84595	-5.54749
25	65	25	2.76522	-5.48297	-5.40504
25	65	35	3.48477	-4.70199	-5.4299
25	65	45	3.33888	-2.69757	-4.1827
25	65	55	3.28294	-3.74624	-4.71184
25	65	65	3.47754	-4.145	-4.817
25	65	75	3.70496	-4.09685	-3.71446
25	65	85	4.02486	-3.94968	-2.91698
25	75	5	4.44617	-4.06362	-4.07436
25	75	15	2.98443	-5.33712	-5.67519
25	75	25	3.06892	-5.12332	-5.699
25	75	35	3.97088	-4.22045	-5.49362
25	75	45	4.31895	-2.83234	-4.98577
25	75	55	4.05758	-4.3839	-6.3024
25	75	65	4.3784	-4.88756	-6.00211
25	75	75	4.78487	-4.18122	-4.02201
25	75	85	5.50898	-4.00874	-4.05323
25	85	5	5.1092	-3.19601	-4.48573
25	85	15	3.82641	-4.88967	-6.2354
25	85	25	3.89304	-4.52101	-5.96033
25	85	35	4.669	-3.17682	-5.27604
25	85	45	4.83376	-3.07054	-5.29316
25	85	55	4.25226	-4.89514	-6.97481
25	85	65	4.441	-4.57365	-6.78538
25	85	75	5.03477	-3.43547	-5.89907
25	85	85	6.00573	-3.60043	-5.31542
35	5	5	3.806	-2.6938	-3.34679
35	5	15	3.18371	-3.0442	-3.3748
35	5	25	3.402	-3.09384	-4.1568
35	5	35	2.9338	-1.84608	-3.15355
35	5	45	2.84922	-2.58066	-3.76423
35	5	55	2.77049	-4.93691	-5.74529
35	5	65	2.59148	-5.05926	-5.88089
35	5	75	3.5826	-4.61752	-5.76002
35	5	85	3.93117	-3.54252	-4.96263
35	15	5	3.51801	-2.07942	-3.34281
35	15	15	2.25601	-2.65405	-3.47116
35	15	25	3.06442	-2.18166	-3.82117
35	15	35	2.103	-1.60134	-2.35471
35	15	45	2.04812	-2.42824	-2.85577
35	15	55	2.82163	-4.92193	-5.36661
35	15	65	3.52786	-4.98919	-6.11553
35	15	75	3.78725	-4.05471	-5.3624
35	15	85	3.2973	-1.47918	-3.52516
35	25	5	2.64934	-2.53943	-3.10847
35	25	15	1.50927	-5.01037	-5.79185
35	25	25	-0.491078	-4.77313	-5.31015
35	25	35	-1.39054	-4.26047	-3.60762
35	25	45	0.309104	-3.35691	-2.09754
35	25	55	0.816518	-4.09323	-3.63554
35	25	65	0.847105	-4.34185	-4.86317
35	25	75	2.15242	-2.81654	-3.90885
35	25	85	2.50261	-1.36248	-2.64064
35	35	5	1.76884	-3.05987	-2.89001
35	35	15	0.833546	-5.19361	-5.58238
35	35	25	-0.0667128	-5.63809	-5.44926
35	35	35	-1.27507	-5.12917	-4.547
35	35	45	0.113616	-3.98686	-3.5578
35	35	55	0.638444	-4.5706	-4.3899
35	35	65	0.885656	-4.35788	-4.83595
35	35	75	1.83063	-2.67305	-3.4888
35	35	85	1.81262	-1.68628	-1.87393
35	45	5	2.85072	-4.11254	-3.27231
35	45	15	2.67635	-5.68473	-5.40825
35	45	25	2.0589	-5.44955	-5.37982
35	45	35	1.54767	-5.07108	-4.67882
35	45	45	1.24715	-4.64405	-4.52016
35	45	55	1.67861	-5.06671	-5.17912
35	45	65	1.4093	-4.99457	-5.34301
35	45	75	2.1676	-3.77594	-3.65144
35	45	85	2.97528	-3.60793	-2.63372
35	55	5	2.98775	-3.63078	-2.54069
35	55	15	2.67666	-5.23509	-5.50124
35	55	25	1.98389	-5.14118	-5.41642
35	55	35	1.10893	-4.70101	-4.86675
35	55	45	0.944627	-4.35427	-4.41902
35	55	55	1.22679	-4.58403	-5.22682
35	55	65	1.23372	-4.88642	-5.74373
35	55	75	2.22905	-3.70432	-3.76703
35	55	85	3.02394	-3.47755	-2.74556
35	65	5	3.28549	-4.43752	-2.92419
35	65	15	3.67067	-5.58164	-5.78399
35	65	25	2.40451	-5.22097	-5.55828
35	65	35	2.18592	-4.91963	-5.18267
35	65	45	1.52729	-4.16798	-4.5725
35	65	55	1.50021	-3.74701	-4.97354
35	65	65	1.21789	-4.54528	-5.3838
35	65	75	1.58762	-3.81726	-3.61857
35	65	85	2.65099	-3.71579	-2.77965
35	75	5	3.06946	-3.902	-2.74033
35	75	15	3.85746	-5.62039	-5.57638
35	75	25	2.9342	-5.43945	-5.4439
35	75	35	2.71191	-4.66044	-4.81781
35	75	45	2.52067	-4.63321	-4.93862
35	75	55	2.5386	-4.9644	-5.87047
35	75	65	2.45934	-5.05206	-5.75933
35	75	75	2.75016	-3.96523	-3.94247
35	75	85	2.636	-3.29495	-2.77713
35	85	5	3.10612	-3.11281	-2.81508
35	85	15	2.86415	-4.11261	-4.06838
35	85	25	2.91401	-4.69575	-5.04902
35	85	35	3.18374	-3.74843	-4.26961
35	85	45	3.09963	-3.48518	-4.42651
35	85	55	2.87202	-5.0454	-5.92993
35	85	65	2.276	-4.97443	-5.66056
35	85	75	2.6305	-4.05599	-4.53673
35	85	85	3.05747	-3.76838	-4.15406
45	5	5	2.55501	-2.87972	-2.91526
45	5	15	3.00411	-2.91225	-3.01489
45	5	25	3.02013	-3.07509	-3.11787
45	5	35	2.57944	-2.5131	-2.69336
45	5	45	2.39316	-3.26482	-3.63169
45	5	55	2.3742	-4.9719	-5.37877
45	5	65	2.19375	-5.04272	-5.2248
45	5	75	2.41096	-4.72547	-4.82391
45	5	85	2.49182	-3.94883	-3.98474
45	15	5	2.33203	-2.47832	-2.53566
45	15	15	2.40158	-1.92665	-2.27324
45	15	25	2.22434	-1.92155	-2.19861
45	15	35	1.70565	-1.55636	-1.77126
45	15	45	2.02458	-2.65326	-2.84875
45	15	55	2.22349	-5.00147	-5.09566
45	15	65	1.8664	-5.00107	-5.2246
45	15	75	2.32379	-4.54327	-4.66302
45	15	85	2.16831	-2.73373	-2.91285
45	25	5	2.32667	-2.28811	-2.40804
45	25	15	1.21481	-3.23065	-3.85327
45	25	25	1.24159	-2.19784	-2.90232
45	25	35	1.29882	-1.38423	-1.50174
45	25	45	1.4613	-2.05193	-1.94428
45	25	55	1.73031	-4.46508	-4.40639
45	25	65	0.448342	-4.6954	-4.8643
45	25	75	2.27094	-3.75587	-4.13891
45	25	85	2.36893	-2.28516	-2.7253
45	35	5	2.25079	-2.18471	-2.31444
45	35	15	-0.0613077	-4.4918	-5.14508
45	35	25	-1.48348	-4.99618	-5.25208
45	35	35	0.351481	-3.29978	-3.31264
45	35	45	1.27363	-2.38934	-2.23783
45	35	55	1.16269	-3.92904	-3.93317
45	35	65	1.41785	-4.59848	-4.87775
45	35	75	2.00476	-2.88278	-3.75388
45	35	85	1.86106	-1.59008	-2.23623
45	45	5	2.90501	-2.45729	-2.45235
45	45	15	2.82119	-4.3734	-5.47075
45	45	25	1.36492	-5.22382	-5.77084
45	45	35	1.07466	-4.80894	-5.1845
45	45	45	0.861054	-4.14757	-4.27369
45	45	55	0.487029	-4.05523	-4.83158
45	45	65	0.457141	-4.23665	-4.81351
45	45	75	1.35081	-2.31164	-3.0846
45	45	85	1.72313	-1.80187	-2.11466
45	55	5	2.80373	-2.65273	-2.39191
45	55	15	3.70965	-3.53479	-5.12384
45	55	25	2.41126	-4.99713	-5.81245
45	55	35	0.760143	-4.7806	-5.20906
45	55	45	-0.0964907	-4.03373	-4.54566
45	55	55	-0.577105	-3.81801	-5.21817
45	55	65	-1.16561	-3.30978	-4.23476
45	55	75	0.522885	-2.30541	-2.56895
45	55	85	1.26994	-1.62543	-1.4925
45	65	5	2.28999	-3.54401	-2.82111
45	65	15	4.22058	-4.30528	-4.96645
45	65	25	3.36148	-4.73249	-5.78133
45	65	35	1.49733	-4.74006	-5.12802
45	65	45	0.158197	-4.17357	-5.12438
45	65	55	-0.661328	-3.44896	-4.47186
45	65	65	-1.38415	-3.138	-3.96186
45	65	75	-0.318266	-2.44835	-2.44417
45	65	85	0.677201	-2.71703	-2.39598
45	75	5	3.26152	-5.08103	-3.62179
45	75	15	5.35265	-6.29734	-5.8769
45	75	25	5.16756	-6.91754	-5.99558
45	75	35	3.36126	-5.72079	-5.14238
45	75	45	2.92652	-5.27395	-4.87833
45	75	55	2.23422	-5.19654	-6.00903
45	75	65	2.33475	-5.05977	-5.37387
45	75	75	2.26222	-4.65585	-4.60154
45	75	85	2.20017	-4.25284	-3.90284
45	85	5	2.63776	-4.20316	-4.01845
45	85	15	3.72655	-4.28735	-4.43707
45	85	25	3.64855	-4.62977	-4.75203
45	85	35	2.80407	-3.8875	-3.58942
45	85	45	2.44926	-4.29801	-4.51628
45	85	55	2.54696	-5.1106	-5.79273
45	85	65	2.27082	-5.08119	-5.28079
45	85	75	2.16097	-4.69356	-4.64226
45	85	85	2.66754	-4.52621	-4.43845
55	5	5	2.45701	-3.73508	-3.66974
55	5	15	3.58327	-3.61907	-4.38349
55	5	25	3.54897	-3.6445	-3.32058
55	5	35	3.04	-3.00347	-2.62104
55	5	45	2.65774	-3.54943	-3.64965
55	5	55	2.33049	-5.00492	-5.10427
55	5	65	2.47475	-5.08399	-5.26257
55	5	75	2.41399	-4.86507	-4.86999
55	5	85	2.47412	-4.56036	-4.43858
55	15	5	2.54814	-3.02163	-2.82059
55	15	15	2.39124	-2.16061	-2.37588
55	15	25	2.54259	-2.50472	-2.43676
55	15	35	2.69632	-2.43689	-2.65658
55	15	45	2.77196	-3.10567	-3.41356
55	15	55	2.24682	-5.13024	-5.16896
55	15	65	2.43087	-5.10046	-5.4629
55	15	75	2.41205	-4.90261	-4.9505
55	15	85	2.06757	-3.27458	-3.15526
55	25	5	2.40419	-2.60149	-2.66109
55	25	15	2.25229	-1.71645	-2.23155
55	25	25	2.88577	-1.59814	-2.86298
55	25	35	2.90498	-1.9085	-2.84337
55	25	45	2.93342	-2.5719	-3.15309
55	25	55	1.22103	-4.8647	-5.01546
55	25	65	1.49699	-4.90281	-5.19679
55	25	75	2.17272	-4.40401	-4.34619
55	25	85	2.04829	-2.65166	-2.59415
55	35	5	2.58898	-2.23366	-2.73627
55	35	15	2.17618	-1.98632	-2.97753
55	35	25	1.84946	-2.87972	-4.35787
55	35	35	3.21619	-1.86997	-3.7577
55	35	45	2.88817	-1.53728	-3.04576
55	35	55	0.767387	-4.18951	-4.79546
55	35	65	0.994893	-4.98972	-5.27288
55	35	75	2.07692	-3.79632	-4.08173
55	35	85	1.92578	-1.96243	-2.1859
55	45	5	2.87417	-2.45222	-2.99958
55	45	15	2.86834	-2.09182	-3.10403
55	45	25	2.48908	-3.64301	-4.45215
55	45	35	2.01234	-3.96365	-5.39194
55	45	45	1.59168	-2.49764	-3.76988
55	45	55	0.516676	-3.74129	-5.33837
55	45	65	1.74154	-4.85218	-5.36412
55	45	75	0.953778	-2.9167	-3.45268
55	45	85	1.42928	-1.64955	-2.50186
55	55	5	3.00093	-2.09918	-3.20854
55	55	15	3.96013	-2.44456	-3.97837
55	55	25	3.24392	-3.33879	-4.38042
55	55	35	1.0997	-4.41219	-5.13453
55	55	45	0.22525	-2.45068	-3.97048
55	55	55	-0.36266	-3.05509	-4.74974
55	55	65	0.731831	-4.72436	-5.73914
55	55	75	0.36076	-1.79479	-2.44286
55	55	85	0.916991	-0.920246	-1.4685
55	65	5	2.59965	-3.48105	-3.40468
55	65	15	4.61236	-4.20564	-5.05315
55	65	25	4.34527	-4.33208	-4.60087
55	65	35	2.49687	-4.37355	-4.23162
55	65	45	1.09448	-3.66518	-4.57696
55	65	55	-0.460947	-3.5111	-4.98841
55	65	65	0.603675	-4.18109	-5.31587
55	65	75	0.149872	-2.87364	-2.98051
55	65	85	1.20701	-2.80031	-2.78533
55	75	5	3.87557	-6.05151	-4.44513
55	75	15	5.55825	-6.6028	-5.84835
55	75	25	5.63166	-6.94727	-5.9425
55	75	35	4.54845	-6.63552	-4.94229
55	75	45	3.64287	-5.65202	-4.4546
55	75	55	2.0219	-5.29932	-6.12184
55	75	65	2.03169	-5.24035	-6.15332
55	75	75	2.57255	-5.05509	-4.90689
55	75	85	3.01872	-5.53152	-4.8277
55	85	5	2.66803	-5.03548	-4.7656
55	85	15	3.72348	-4.78277	-5.4835
55	85	25	4.28123	-5.4522	-5.36295
55	85	35	3.73742	-4.69585	-3.53231
55	85	45	2.84692	-3.9559	-3.63731
55	85	55	2.41242	-4.93674	-5.29334
55	85	65	2.3906	-5.10095	-5.60022
55	85	75	2.56157	-5.13221	-5.08569
55	85	85	2.7408	-5.29429	-5.11532
65	5	5	1.8961	-4.72918	-4.74203
65	5	15	2.66794	-4.49267	-4.99675
65	5	25	3.2253	-4.48736	-4.69219
65	5	35	2.87063	-2.94735	-2.36724
65	5	45	2.57229	-2.90677	-2.74801
65	5	55	2.49616	-4.37459	-4.60985
65	5	65	2.59788	-5.12395	-5.35854
65	5	75	2.5983	-5.1689	-5.12517
65	5	85	2.4592	-5.01028	-4.96174
65	15	5	2.07058	-4.2715	-4.27118
65	15	15	2.04167	-3.7133	-3.99466
65	15	25	2.74995	-3.21306	-3.10938
65	15	35	2.91459	-2.6236	-2.83879
65	15	45	2.59207	-2.87167	-2.93067
65	15	55	2.51008	-4.9287	-5.00724
65	15	65	2.5105	-5.1635	-5.20367
65	15	75	2.35079	-5.06306	-5.02764
65	15	85	1.97174	-4.33757	-4.3393
65	25	5	2.12193	-3.73158	-3.77121
65	25	15	1.78561	-2.45705	-2.73849
65	25	25	2.18436	-2.0074	-2.23125
65	25	35	3.84789	-2.56905	-3.76672
65	25	45	3.43624	-2.75311	-3.67427
65	25	55	2.17828	-4.7227	-4.85184
65	25	65	2.39031	-5.16237	-5.4855
65	25	75	2.16832	-5.00215	-5.06529
65	25	85	2.22393	-3.71455	-3.73732
65	35	5	2.44691	-3.1976	-3.37931
65	35	15	2.39012	-2.11001	-2.65898
65	35	25	2.98026	-1.49571	-2.80079
65	35	35	3.96275	-1.5373	-4.21671
65	35	45	3.56822	-1.54458	-3.60448
65	35	55	1.25975	-4.20848	-5.02887
65	35	65	1.96069	-5.0762	-5.36749
65	35	75	2.24646	-4.48243	-4.69311
65	35	85	2.32207	-3.00924	-3.04198
65	45	5	2.63312	-3.25511	-3.87869
65	45	15	2.56126	-2.57658	-3.29857
65	45	25	3.40481	-2.21045	-3.61121
65	45	35	4.16127	-2.66009	-4.66218
65	45	45	3.2165	-1.1135	-3.66542
65	45	55	1.29198	-3.83459	-4.48239
65	45	65	1.84502	-5.00402	-5.67731
65	45	75	1.86892	-4.08077	-4.4831
65	45	85	2.03485	-3.20003	-3.41626
65	55	5	2.85529	-3.73145	-4.79879
65	55	15	2.84307	-3.20765	-3.96895
65	55	25	3.16522	-2.88364	-3.6772
65	55	35	2.47459	-2.49462	-3.50698
65	55	45	1.52356	-1.20289	-2.50561
65	55	55	0.808362	-3.59195	-4.2844
65	55	65	1.78433	-4.99926	-6.24308
65	55	75	1.02155	-2.3775	-3.20216
65	55	85	1.00465	-2.38069	-2.90694
65	65	5	3.07754	-4.22796	-4.93192
65	65	15	3.87243	-5.26967	-5.86168
65	65	25	4.12329	-5.10689	-4.52512
65	65	35	3.67014	-4.25647	-3.0832
65	65	45	2.82033	-3.18123	-3.05134
65	65	55	1.76374	-4.10838	-5.02617
65	65	65	1.92268	-5.09546	-7.33811
65	65	75	2.11598	-4.07979	-4.43431
65	65	85	2.04437	-2.58226	-2.81757
65	75	5	3.72225	-5.86835	-5.23074
65	75	15	4.86066	-6.254	-6.12987
65	75	25	5.13032	-7.4947	-5.64664
65	75	35	4.89478	-7.59611	-4.42758
65	75	45	4.55479	-5.40047	-3.09667
65	75	55	3.47828	-5.03919	-4.94586
65	75	65	2.74413	-5.36872	-6.7482
65	75	75	2.75642	-5.38157	-5.16758
65	75	85	3.09845	-5.59483	-5.01154
65	85	5	2.74756	-5.20046	-5.08105
65	85	15	3.37732	-5.34682	-5.5987
65	85	25	3.94024	-5.78425	-5.60618
65	85	35	4.21131	-5.32051	-3.7607
65	85	45	3.68038	-3.98565	-2.63686
65	85	55	2.84496	-4.05862	-4.36636
65	85	65	2.78597	-5.2703	-5.75836
65	85	75	2.66137	-5.23323	-5.12684
65	85	85	2.6649	-5.19546	-5.06138
75	5	5	2.28857	-4.95922	-5.14275
75	5	15	2.64993	-5.00104	-5.7814
75	5	25	2.67366	-4.8346	-4.89125
75	5	35	2.83811	-3.24511	-2.90395
75	5	45	2.80065	-2.84204	-2.55247
75	5	55	2.60091	-3.14647	-3.13502
75	5	65	2.56199	-4.92664	-5.11439
75	5	75	2.50562	-5.17726	-5.2559
75	5	85	2.58566	-5.11761	-5.08888
75	15	5	1.55425	-4.72659	-4.82418
75	15	15	1.91098	-4.90689	-5.12456
75	15	25	2.20714	-4.20478	-4.1241
75	15	35	2.62324	-2.97539	-2.90457
75	15	45	2.57468	-3.05617	-2.89293
75	15	55	2.5713	-4.23637	-4.15482
75	15	65	2.45019	-5.08863	-5.56527
75	15	75	2.39433	-5.1087	-5.35516
75	15	85	1.87298	-4.92807	-4.94678
75	25	5	1.68104	-4.52839	-4.89144
75	25	15	1.63348	-4.18708	-4.71187
75	25	25	1.41669	-2.83037	-2.8829
75	25	35	2.16538	-2.74137	-2.55896
75	25	45	2.24433	-2.80489	-2.54157
75	25	55	2.36152	-4.82916	-4.86174
75	25	65	2.40867	-5.0583	-5.63804
75	25	75	2.58611	-5.10219	-5.4329
75	25	85	2.06703	-4.68266	-4.92794
75	35	5	2.28729	-4.51842	-4.86218
75	35	15	2.00203	-4.03412	-4.34306
75	35	25	1.92918	-2.60794	-2.23784
75	35	35	2.57475	-2.26248	-1.8981
75	35	45	1.88942	-1.22707	-1.81774
75	35	55	1.88301	-4.22659	-4.42798
75	35	65	2.33069	-5.03531	-5.45847
75	35	75	2.2417	-4.92203	-5.27548
75	35	85	2.33315	-4.18044	-4.19554
75	45	5	2.39601	-4.20099	-4.83021
75	45	15	2.1884	-3.88503	-4.32615
75	45	25	2.80937	-3.78144	-4.32905
75	45	35	3.86338	-2.37139	-3.74663
75	45	45	2.98706	-1.56729	-3.0128
75	45	55	1.8865	-3.28142	-3.62391
75	45	65	2.03878	-4.97274	-5.40374
75	45	75	2.37801	-4.26197	-4.92839
75	45	85	2.48889	-3.68964	-3.76564
75	55	5	2.52643	-4.65324	-5.18642
75	55	15	2.58443	-4.65527	-5.5307
75	55	25	3.41987	-4.02123	-4.99645
75	55	35	3.91377	-2.48038	-3.9961
75	55	45	2.73101	-1.21211	-2.78606
75	55	55	1.97223	-2.91003	-3.17293
75	55	65	1.82065	-4.67623	-5.54153
75	55	75	2.41389	-3.21867	-3.76614
75	55	85	1.97632	-3.6	-3.81172
75	65	5	3.64458	-5.44554	-5.71661
75	65	15	4.38255	-6.03349	-6.36224
75	65	25	4.04213	-5.36064	-4.95327
75	65	35	4.78464	-4.29852	-3.4681
75	65	45	3.99049	-3.3879	-2.9196
75	65	55	3.09977	-3.21956	-3.66471
75	65	65	2.12437	-3.90728	-5.01656
75	65	75	2.67091	-3.51417	-4.39577
75	65	85	2.49682	-3.61423	-3.82569
75	75	5	1.9474	-6.50489	-6.00148
75	75	15	2.13358	-7.52019	-6.33918
75	75	25	2.56965	-7.99213	-5.05319
75	75	35	4.70342	-6.55063	-3.76227
75	75	45	4.93082	-5.13733	-3.04043
75	75	55	4.98209	-4.53813	-3.71927
75	75	65	4.11189	-5.3727	-5.92022
75	75	75	2.24124	-5.97631	-5.61011
75	75	85	2.22195	-5.76241	-5.05666
75	85	5	2.82336	-5.5131	-5.701
75	85	15	3.45058	-5.4947	-6.32272
75	85	25	3.55101	-5.79322	-5.06952
75	85	35	4.31717	-5.57666	-3.78347
75	85	45	4.56687	-4.74513	-2.82624
75	85	55	4.15649	-3.82307	-3.36225
75	85	65	3.51232	-4.73005	-5.42236
75	85	75	3.03871	-5.53193	-5.37793
75	85	85	2.94755	-5.29403	-5.05027
85	5	5	2.531	-5.58102	-5.59874
85	5	15	2.64036	-5.70887	-6.84047
85	5	25	2.8131	-5.36385	-5.15547
85	5	35	3.21493	-3.94	-3.36641
85	5	45	3.23185	-3.13113	-2.68091
85	5	55	2.83465	-2.67724	-2.71456
85	5	65	3.01175	-3.26788	-3.85837
85	5	75	2.71342	-4.86913	-5.0747
85	5	85	2.69813	-5.06098	-4.85188
85	15	5	1.51452	-4.96907	-5.52165
85	15	15	1.32122	-5.08606	-6.2555
85	15	25	1.85249	-4.70876	-4.81135
85	15	35	2.00147	-3.41008	-3.18292
85	15	45	1.75627	-2.64496	-2.33601
85	15	55	2.79472	-3.7756	-3.3885
85	15	65	2.98013	-4.74941	-4.86002
85	15	75	2.63937	-5.00152	-5.31268
85	15	85	2.13909	-4.75192	-5.14809
85	25	5	1.32455	-5.13686	-5.6286
85	25	15	0.74043	-5.46163	-6.27891
85	25	25	-0.263846	-5.22282	-4.48256
85	25	35	-0.0249388	-3.44787	-2.78554
85	25	45	0.723968	-3.40087	-2.59198
85	25	55	2.71955	-5.37806	-4.96071
85	25	65	2.57635	-5.18884	-5.56304
85	25	75	2.51459	-5.14338	-5.69883
85	25	85	2.03241	-4.94167	-5.44371
85	35	5	2.48427	-5.04805	-5.69703
85	35	15	2.83747	-4.99911	-6.02593
85	35	25	1.84867	-4.40067	-4.21181
85	35	35	1.82208	-2.73702	-1.72911
85	35	45	1.36832	-2.11783	-1.32837
85	35	55	2.54899	-4.75232	-4.53742
85	35	65	2.56852	-4.97788	-5.41815
85	35	75	2.47336	-5.06115	-5.77489
85	35	85	2.23077	-4.60204	-4.7615
85	45	5	2.3086	-4.85435	-5.48388
85	45	15	2.69263	-5.15942	-6.00604
85	45	25	2.58866	-4.78119	-4.64347
85	45	35	2.73264	-3.03663	-2.83914
85	45	45	2.46923	-2.44733	-2.13431
85	45	55	2.37707	-3.12401	-3.1718
85	45	65	2.59418	-4.58911	-4.91941
85	45	75	2.79877	-4.66068	-5.52637
85	45	85	2.58042	-3.69602	-3.9827
85	55	5	3.44357	-4.79572	-6.18456
85	55	15	2.6608	-5.22891	-6.70137
85	55	25	3.49103	-4.86885	-5.27986
85	55	35	3.63433	-3.43358	-3.69448
85	55	45	2.58335	-2.12583	-2.45952
85	55	55	2.42559	-2.31453	-2.55668
85	55	65	2.74035	-3.46691	-4.0038
85	55	75	3.77423	-3.43777	-4.73689
85	55	85	2.96037	-3.40001	-3.75205
85	65	5	4.24117	-4.85017	-6.70292
85	65	15	4.78293	-6.18797	-7.73294
85	65	25	5.21352	-5.97736	-5.48661
85	65	35	4.99603	-4.5501	-3.88289
85	65	45	4.82918	-3.66451	-3.34936
85	65	55	3.98244	-3.204	-3.17924
85	65	65	3.13936	-2.77659	-3.15233
85	65	75	3.75801	-2.96342	-4.05575
85	65	85	3.31595	-3.69122	-4.32873
85	75	5	2.89914	-4.86663	-6.83131
85	75	15	3.51893	-6.04033	-7.55188
85	75	25	4.55388	-5.75056	-4.93331
85	75	35	5.11484	-5.08285	-3.42596
85	75	45	5.48366	-4.79041	-3.45158
85	75	55	5.63905	-4.3164	-3.76712
85	75	65	4.36977	-3.75817	-3.60436
85	75	75	2.9653	-3.67458	-4.56214
85	75	85	1.9629	-3.27399	-3.51357
85	85	5	3.66081	-6.03687	-5.85794
85	85	15	4.05501	-6.68175	-7.01766
85	85	25	4.00095	-6.0186	-4.7228
85	85	35	4.60564	-5.29824	-3.55078
85	85	45	5.17293	-4.91945	-3.01965
85	85	55	5.12488	-4.0407	-3.62707
85	85	65	4.22086	-3.26859	-4.03286
85	85	75	3.65655	-4.79427	-5.01465
85	85	85	3.45662	-5.39127	-4.60046
