5	5	5	-0.0377407	0.48956	0.0491842
5	5	15	0.322034	-0.311748	-1.40982
5	5	25	0.472408	0.0150963	-2.35959
5	5	35	0.551819	0.0186576	-0.652998
5	5	45	0.119923	-0.0243756	0.230249
5	5	55	0.00763426	-0.0188688	-0.105788
5	5	65	-0.545714	-0.0187031	0.107718
5	5	75	-0.43439	0.151728	2.47435
5	5	85	0.0415427	0.388104	0.910617
5	15	5	-0.400895	-1.49202	-0.000472362
5	15	15	-0.146919	-0.638556	-1.79099
5	15	25	0.346125	2.6933	-3.96502
5	15	35	-0.140433	3.35289	-0.745795
5	15	45	0.0416708	2.12624	0.511322
5	15	55	-0.191976	2.13942	-0.306587
5	15	65	-0.218454	3.33375	0.458451
5	15	75	-0.139521	2.63235	3.58087
5	15	85	-0.137225	-0.570236	1.54912
5	25	5	-0.399946	-4.07589	0.193121
5	25	15	-0.0223418	-3.05049	-1.28242
5	25	25	-0.648641	-0.360335	-0.606556
5	25	35	-0.351382	2.38744	-0.119677
5	25	45	-0.130383	3.96126	0.697465
5	25	55	-0.0107136	3.82325	-0.677149
5	25	65	-0.483542	3.6125	-0.0540199
5	25	75	0.0386384	-0.766688	0.344856
5	25	85	0.282293	-3.05797	1.4554
5	35	5	0.0631195	-3.24864	0.38277
5	35	15	0.044824	-3.70058	-0.129667
5	35	25	0.0671328	-3.79487	2.59772
5	35	35	0.0626938	-0.145216	2.77388
5	35	45	0.0667999	2.45578	0.792411
5	35	55	0.457623	2.0616	-0.760513
5	35	65	-0.346692	0.0507402	-2.68958
5	35	75	0.414676	-3.71261	-2.66862
5	35	85	0.645712	-4.26977	0.885055
5	45	5	-0.068839	-0.646117	0.201733
5	45	15	-0.112034	-1.54198	-0.278213
5	45	25	-0.011581	-2.00613	1.27636
5	45	35	0.326689	-0.688784	2.95068
5	45	45	0.183672	0.522574	1.07149
5	45	55	0.018171	0.168573	-0.706543
5	45	65	0.0793506	-1.0584	-2.58393
5	45	75	0.476618	-2.0941	-1.50197
5	45	85	0.318141	-1.64473	0.879134
5	55	5	-0.112962	0.610807	0.361989
5	55	15	-0.546447	1.67172	-0.249408
5	55	25	-0.258274	2.28676	1.36359
5	55	35	-0.101062	1.43262	2.87441
5	55	45	0.00201619	-0.255108	0.811577
5	55	55	-0.0750827	-0.652504	-0.331049
5	55	65	0.323639	1.33457	-2.55925
5	55	75	-0.0518064	2.07764	-1.81877
5	55	85	0.0030386	1.66594	0.667723
5	65	5	-0.0211707	3.1882	0.598873
5	65	15	0.112125	4.49006	-0.225829
5	65	25	-0.210895	4.04268	2.7443
5	65	35	-0.357503	0.802497	3.94448
5	65	45	-0.124557	-2.07615	0.97636
5	65	55	-0.168391	-1.65592	-0.860758
5	65	65	0.345234	0.763627	-3.15106
5	65	75	0.82714	3.74679	-2.7967
5	65	85	0.121063	4.63533	0.748068
5	75	5	0.254618	4.32957	0.0235357
5	75	15	0.0181846	3.46108	-1.30412
5	75	25	0.290576	0.474501	-0.948948
5	75	35	-0.456339	-4.0756	-0.114213
5	75	45	-0.021745	-4.38157	1.19108
5	75	55	0.0812711	-4.24654	-0.753652
5	75	65	0.340737	-3.97745	-0.139588
5	75	75	0.0766966	0.143482	0.499198
5	75	85	0.0896327	3.38437	0.572782
5	85	5	-0.0594305	1.55845	-0.222831
5	85	15	0.0327531	0.550268	-1.94432
5	85	25	0.368479	-2.3125	-3.80726
5	85	35	0.0866634	-3.56749	-0.711002
5	85	45	0.0573774	-2.26823	0.343264
5	85	55	-0.080829	-2.34353	-0.606412
5	85	65	-0.169543	-3.39194	0.490611
5	85	75	-0.448958	-2.18689	3.08965
5	85	85	-0.176705	0.564204	1.84679
15	5	5	1.93678	0.240133	0.0383507
15	5	15	2.95495	-0.401207	-1.2839
15	5	25	2.03246	0.131714	-1.79351
15	5	35	-0.673641	0.000378054	-0.365578
15	5	45	-0.935445	-0.141599	0.193649
15	5	55	-1.8185	-0.142894	0.171489
15	5	65	-0.796445	-0.18004	0.131995
15	5	75	2.35601	-0.131785	1.04177
15	5	85	2.89573	0.00275826	1.55099
15	15	5	1.48129	-1.7072	0.318326
15	15	15	2.43245	-0.65895	-1.64494
15	15	25	2.08379	1.99457	-2.69946
15	15	35	-0.821642	2.73425	-0.353694
15	15	45	-1.16927	1.83777	0.389271
15	15	55	-1.30594	1.67404	-0.333016
15	15	65	-0.873499	2.57184	-0.204195
15	15	75	2.93595	1.93603	2.75368
15	15	85	2.90124	-0.337813	1.64853
15	25	5	0.431591	-3.49649	-0.382825
15	25	15	0.718954	-2.51247	-2.23711
15	25	25	3.45763	0.0298538	-1.09029
15	25	35	1.28947	2.6776	0.742309
15	25	45	-0.501261	2.49045	1.35785
15	25	55	-0.840013	3.01321	-0.939948
15	25	65	1.1642	2.30154	-0.845426
15	25	75	3.32543	-0.418607	1.0251
15	25	85	0.923737	-2.38251	1.70875
15	35	5	-1.49195	-2.2142	0.117638
15	35	15	-1.03681	-2.74311	-1.10327
15	35	25	0.864231	-3.14651	1.1268
15	35	35	3.49347	-1.07848	3.57071
15	35	45	1.13715	1.82297	0.700628
15	35	55	1.67821	1.98099	-1.28563
15	35	65	3.53397	-0.0428187	-3.0686
15	35	75	1.19308	-3.00338	-1.00739
15	35	85	-1.37816	-2.75677	0.978887
15	45	5	-1.13206	-0.679781	-0.295893
15	45	15	-1.4273	-1.17411	-0.806814
15	45	25	0.621191	-1.28785	0.613117
15	45	35	4.34991	-0.943822	2.89302
15	45	45	2.04889	0.671846	0.864163
15	45	55	1.71942	0.526511	-0.78718
15	45	65	3.51737	-0.657102	-2.55144
15	45	75	0.490328	-1.76962	-0.470575
15	45	85	-1.00501	-1.01	0.950713
15	55	5	-1.09242	0.818342	0.505294
15	55	15	-1.09175	1.17744	-0.319349
15	55	25	0.383732	1.82932	0.720116
15	55	35	3.98976	1.14985	2.67947
15	55	45	1.9256	-0.587324	0.964897
15	55	55	1.69606	-0.284477	-1.0295
15	55	65	3.66333	1.37224	-2.98927
15	55	75	1.0459	1.6554	-0.611035
15	55	85	-0.965958	1.04172	0.798133
15	65	5	-1.1171	1.75339	0.01507
15	65	15	-1.18154	2.77248	-0.555225
15	65	25	0.939735	2.29504	1.65719
15	65	35	3.76788	1.17503	3.63326
15	65	45	1.45306	-1.44051	1.1231
15	65	55	1.51302	-1.88407	-1.52151
15	65	65	3.8744	0.500051	-3.29631
15	65	75	1.68728	2.47061	-1.25566
15	65	85	-0.900497	2.36781	1.33975
15	75	5	-0.0119431	2.69652	-0.104425
15	75	15	1.16972	2.26937	-2.01203
15	75	25	3.723	0.435488	-1.06216
15	75	35	1.01978	-2.31998	1.84438
15	75	45	-0.386962	-2.26279	1.06596
15	75	55	-0.435723	-2.62127	-0.84508
15	75	65	1.19262	-2.38922	-0.635946
15	75	75	3.55683	-0.364532	1.13312
15	75	85	1.21974	1.83864	1.49785
15	85	5	1.3653	2.02031	-0.502777
15	85	15	2.84798	0.29403	-2.67236
15	85	25	3.27496	-1.7635	-2.84393
15	85	35	-0.053922	-2.63943	0.158062
15	85	45	-0.827783	-1.41591	0.440495
15	85	55	-1.44962	-1.49651	-0.250039
15	85	65	-0.824449	-2.41939	0.0346344
15	85	75	2.56131	-2.06313	2.43412
15	85	85	2.30105	0.347374	1.83109
25	5	5	3.07368	0.305898	-0.246035
25	5	15	4.52043	-0.110209	-0.48506
25	5	25	2.64898	0.0710437	0.452581
25	5	35	-3.22349	0.199934	0.1299
25	5	45	-3.30081	-0.0768363	0.653396
25	5	55	-3.06289	-0.0796408	-1.09055
25	5	65	-3.7814	-0.0988577	0.10824
25	5	75	2.20679	-0.0343422	-0.14554
25	5	85	4.82858	0.459424	0.499734
25	15	5	2.28004	-0.638373	0.418329
25	15	15	4.12727	1.12256	-2.14314
25	15	25	2.87267	2.30277	-1.06584
25	15	35	-2.66549	1.14643	1.58461
25	15	45	-2.73503	0.652241	1.34993
25	15	55	-2.39321	0.875545	-1.40268
25	15	65	-2.63945	1.52711	-1.9478
25	15	75	1.96578	2.68523	1.20676
25	15	85	3.68181	0.818656	2.42825
25	25	5	0.302393	-0.706876	-0.123648
25	25	15	0.782782	0.0379499	-3.75892
25	25	25	1.36438	0.868406	-1.73117
25	25	35	0.170453	0.270406	3.50605
25	25	45	-0.804811	0.532371	2.69447
25	25	55	-0.542443	0.347642	-2.44961
25	25	65	0.603877	0.742408	-2.97251
25	25	75	1.73318	0.615654	1.28483
25	25	85	1.16399	-0.399612	3.87652
25	35	5	-2.61936	-0.554421	0.399264
25	35	15	-2.62738	-1.50785	-2.69279
25	35	25	-0.854548	-2.48425	-1.27319
25	35	35	3.16451	-2.06535	3.5473
25	35	45	1.98099	-0.165186	2.47167
25	35	55	2.09456	-0.00237053	-2.19843
25	35	65	2.4861	-2.09376	-3.74483
25	35	75	-0.182419	-2.68025	0.943591
25	35	85	-2.39535	-1.149	2.51725
25	45	5	-3.12178	-0.609364	0.00110592
25	45	15	-3.92398	-1.46926	-0.755718
25	45	25	-1.71596	-2.1659	0.326585
25	45	35	4.34084	-2.06275	1.37066
25	45	45	3.05637	-0.623236	0.631187
25	45	55	2.85367	-0.404828	-0.916077
25	45	65	4.37153	-2.15471	-1.5461
25	45	75	-1.75559	-1.83199	-0.291331
25	45	85	-4.09146	-1.07039	1.59045
25	55	5	-2.81418	-0.274579	-0.15977
25	55	15	-3.71247	0.818339	-1.73243
25	55	25	-1.50424	1.31534	0.342639
25	55	35	4.52445	1.53207	1.43114
25	55	45	2.80317	0.288059	0.929442
25	55	55	2.9776	0.127007	-0.553217
25	55	65	4.22315	2.19083	-2.00702
25	55	75	-0.770338	1.79197	-0.651879
25	55	85	-3.7644	0.638665	1.19628
25	65	5	-2.03175	0.770408	0.262895
25	65	15	-2.10315	1.00543	-2.43685
25	65	25	0.13642	2.03988	-0.518811
25	65	35	3.31997	2.00729	3.70281
25	65	45	2.03413	0.383235	1.73127
25	65	55	2.2142	0.0444563	-2.25561
25	65	65	3.4146	1.52739	-3.37921
25	65	75	0.118829	2.0531	1.10962
25	65	85	-1.77624	1.66176	2.77772
25	75	5	-0.259176	0.703635	0.24076
25	75	15	0.651981	-0.637981	-3.80253
25	75	25	0.71486	-0.847637	-1.58919
25	75	35	0.231206	-0.764415	3.9625
25	75	45	-0.399651	-0.723625	2.25325
25	75	55	-0.925651	-0.985217	-2.31051
25	75	65	-0.251988	-1.05483	-3.4005
25	75	75	1.53123	-0.689591	1.78481
25	75	85	0.610392	0.54081	3.60485
25	85	5	2.30267	0.72674	-0.362384
25	85	15	3.76279	-0.511984	-2.8362
25	85	25	2.37847	-2.22504	-0.95048
25	85	35	-2.42428	-1.7267	1.519
25	85	45	-2.31069	-0.877801	1.0479
25	85	55	-2.37722	-0.599479	-1.38187
25	85	65	-2.49617	-1.77956	-1.82817
25	85	75	2.0627	-1.78057	0.814686
25	85	85	3.54954	-0.679415	2.18727
35	5	5	2.05803	0.280822	-0.302724
35	5	15	1.69296	0.264872	-0.516415
35	5	25	0.56687	0.632034	0.327381
35	5	35	-5.1127	0.0347425	2.90063
35	5	45	-2.98565	-0.157167	1.22696
35	5	55	-2.82306	0.128903	-1.06807
35	5	65	-4.7721	0.695736	-1.92041
35	5	75	0.219937	0.0651582	-0.031097
35	5	85	2.07458	-0.265533	0.764551
35	15	5	1.6847	0.837943	-0.0814306
35	15	15	2.35519	1.88131	-0.999338
35	15	25	-0.282686	1.74609	-0.11637
35	15	35	-4.89788	1.33574	2.96906
35	15	45	-2.35231	-0.472318	1.25955
35	15	55	-2.59451	-0.278713	-1.39631
35	15	65	-5.06574	0.444379	-3.48733
35	15	75	-0.609086	1.53225	-0.555239
35	15	85	2.0573	1.84129	1.22657
35	25	5	0.819974	1.51696	0.0355619
35	25	15	-0.126842	1.67533	-1.93286
35	25	25	-2.66749	1.08041	-0.248734
35	25	35	-2.93147	-0.592989	2.15835
35	25	45	-0.425606	-1.81493	1.86486
35	25	55	-0.142005	-1.44534	-1.40408
35	25	65	-2.36456	-0.0845638	-2.74329
35	25	75	-2.87037	0.614073	0.516182
35	25	85	-0.606033	1.50139	2.66125
35	35	5	-1.27292	1.41462	-0.0168481
35	35	15	-2.99267	0.726884	-2.43859
35	35	25	-3.11513	-2.22661	-2.60047
35	35	35	0.558528	-2.34842	1.08801
35	35	45	1.94465	-1.53499	1.52605
35	35	55	1.73987	-1.60336	-1.24193
35	35	65	0.428125	-2.28338	-0.993608
35	35	75	-3.58241	-1.66731	2.52688
35	35	85	-2.88145	-0.162634	2.87816
35	45	5	-2.68804	0.621767	-0.121561
35	45	15	-4.41841	0.0546413	-1.18411
35	45	25	-2.37319	-2.05854	-1.07107
35	45	35	1.71944	-1.64445	0.0826255
35	45	45	2.38618	-0.754581	0.416005
35	45	55	2.09906	-0.598614	-0.690241
35	45	65	1.52169	-1.76114	-0.837852
35	45	75	-2.97777	-1.08739	0.273227
35	45	85	-4.42562	-0.186159	1.28106
35	55	5	-2.78451	-0.875897	-0.380814
35	55	15	-4.23133	0.00716433	-2.19787
35	55	25	-2.92623	1.77485	-0.881375
35	55	35	1.80311	1.84066	0.0591761
35	55	45	2.38376	0.73584	0.557028
35	55	55	2.21904	0.437554	-0.593595
35	55	65	1.69034	1.25833	-0.528936
35	55	75	-2.90585	1.16439	0.0243264
35	55	85	-4.30659	0.0537947	1.50568
35	65	5	-1.1314	-1.63386	-0.38124
35	65	15	-3.05507	-0.0898447	-2.65991
35	65	25	-3.38673	1.22211	-2.24495
35	65	35	1.25426	2.48471	0.901137
35	65	45	1.84475	1.94623	1.1999
35	65	55	1.9184	1.90382	-0.899649
35	65	65	0.891331	2.08994	-1.19235
35	65	75	-2.98568	1.88541	1.71364
35	65	85	-2.9443	-0.226183	3.08325
35	75	5	0.868104	-1.01728	0.0600077
35	75	15	-1.0484	-0.920878	-3.18374
35	75	25	-3.61708	-0.803079	-1.87414
35	75	35	-2.51019	1.46724	1.42556
35	75	45	0.232707	1.93298	1.17041
35	75	55	0.0159207	0.848473	-2.3248
35	75	65	-2.36584	-0.207924	-2.86441
35	75	75	-2.26793	-0.859144	0.740607
35	75	85	0.101141	-1.3405	2.4245
35	85	5	1.97074	-0.737513	-0.100066
35	85	15	1.05171	-1.02937	-1.21699
35	85	25	-1.81549	-1.21783	-0.313592
35	85	35	-4.90122	-0.469148	2.94577
35	85	45	-2.6022	0.543797	1.38001
35	85	55	-2.87147	0.869876	-1.35657
35	85	65	-3.98908	-1.14085	-3.63226
35	85	75	0.0640261	-2.75154	-0.588371
35	85	85	1.95123	-1.524	1.00783
45	5	5	0.568838	0.118791	-0.258056
45	5	15	0.331659	0.0738304	-0.546764
45	5	25	-0.604877	-0.161026	0.962893
45	5	35	-2.67288	-0.0621566	3.12158
45	5	45	-0.992423	0.665056	0.78011
45	5	55	-1.04664	0.155048	-0.846951
45	5	65	-2.33043	0.342104	-2.50202
45	5	75	-0.528294	0.225038	-1.43714
45	5	85	0.554924	-0.221475	-0.146876
45	15	5	0.393971	1.66728	-0.166622
45	15	15	0.41417	1.9225	-0.366184
45	15	25	-1.13222	2.55905	1.55997
45	15	35	-2.53069	1.28339	3.56632
45	15	45	-1.13452	-1.12075	0.898676
45	15	55	-1.13784	-0.868617	-1.4743
45	15	65	-2.75285	1.37188	-3.45743
45	15	75	-0.759913	3.06797	-1.64841
45	15	85	0.201251	2.45407	0.254341
45	25	5	0.36001	3.43153	-0.0151596
45	25	15	-0.068369	3.64925	-0.61336
45	25	25	-1.038	2.03613	1.21529
45	25	35	-1.40102	-1.49382	1.56797
45	25	45	-0.14745	-3.51986	1.02008
45	25	55	0.0138298	-3.20458	-0.658748
45	25	65	-1.43466	-0.708917	-1.3994
45	25	75	-2.10692	1.37408	-0.203813
45	25	85	-0.532233	3.74058	1.35831
45	35	5	-0.535719	2.3259	0.084407
45	35	15	-1.10351	1.41633	-1.71104
45	35	25	-2.2604	-2.51997	-4.1975
45	35	35	-0.552621	-4.38372	-0.734787
45	35	45	0.249047	-3.19405	1.04637
45	35	55	0.42635	-2.70063	-0.716004
45	35	65	0.88068	-3.34418	0.556383
45	35	75	-1.8283	-2.07378	3.22688
45	35	85	-1.50189	0.851842	1.91074
45	45	5	-0.763854	0.578643	0.177192
45	45	15	-1.4834	0.0253674	-0.835677
45	45	25	-1.89638	-1.30814	-2.17293
45	45	35	0.0877758	-1.81393	-0.170375
45	45	45	0.590989	-0.851502	0.395365
45	45	55	0.726675	-0.694589	-0.230441
45	45	65	0.270368	-1.43261	0.204743
45	45	75	-1.48174	-1.42646	1.94619
45	45	85	-1.09028	0.315308	1.02715
45	55	5	-0.943191	-0.938526	-0.04272
45	55	15	-1.54551	-0.351524	-1.33741
45	55	25	-1.57691	1.8152	-2.76434
45	55	35	0.184276	2.1025	-0.0268321
45	55	45	0.197169	0.946079	0.346389
45	55	55	0.39644	1.03402	0.00429854
45	55	65	-0.0137028	1.40684	0.200486
45	55	75	-1.78596	1.35754	2.03451
45	55	85	-1.70762	-0.0451495	1.1905
45	65	5	-0.673507	-2.92077	0.220734
45	65	15	-1.82027	-1.47924	-1.66999
45	65	25	-2.14735	2.54929	-4.07309
45	65	35	0.25581	4.39159	-0.390509
45	65	45	0.285762	2.89107	1.11179
45	65	55	0.830709	2.63766	-0.67907
45	65	65	0.249358	3.55826	0.515673
45	65	75	-1.82691	1.71557	3.01829
45	65	85	-0.841377	-0.999867	2.12672
45	75	5	0.163489	-3.42929	0.0836391
45	75	15	-0.210719	-3.32858	-1.00416
45	75	25	-2.44488	-0.322665	-0.31006
45	75	35	-1.73075	3.36441	-0.656883
45	75	45	-0.173273	3.01203	1.02439
45	75	55	-0.127984	2.80834	-0.821655
45	75	65	-1.28823	1.56489	-1.58978
45	75	75	-2.00985	-1.7248	-0.707821
45	75	85	0.398521	-3.56253	1.16026
45	85	5	0.480518	-1.60333	0.078899
45	85	15	0.303746	-1.92819	-0.524764
45	85	25	-1.40295	-1.79626	1.70348
45	85	35	-3.17247	-0.697106	3.22046
45	85	45	-1.05569	0.983664	0.801028
45	85	55	-1.37562	1.52642	-0.983595
45	85	65	-2.41331	-1.39055	-3.97663
45	85	75	-1.12165	-2.8335	-2.00626
45	85	85	0.417264	-2.26007	0.248405
55	5	5	-0.456919	-0.00321534	-0.0859931
55	5	15	-0.316396	0.0369126	-0.584456
55	5	25	0.501828	0.113677	1.3409
55	5	35	2.10769	-0.35574	2.89441
55	5	45	1.02932	-0.0157672	0.972137
55	5	55	1.26721	0.0637376	-0.883413
55	5	65	2.70192	0.303119	-2.2224
55	5	75	0.402233	-0.391081	-1.21596
55	5	85	-0.477614	-0.116479	0.015236
55	15	5	-0.909763	2.07567	0.143208
55	15	15	-0.159215	2.44051	-0.689803
55	15	25	0.668123	2.56167	1.26917
55	15	35	2.26976	0.944816	2.98544
55	15	45	0.999756	-1.34696	0.837546
55	15	55	1.44388	-1.23078	-0.975434
55	15	65	3.12815	0.977875	-3.26221
55	15	75	1.61968	2.60671	-1.9127
55	15	85	-0.876566	2.62929	0.799855
55	25	5	-0.63999	3.72507	0.703639
55	25	15	0.592603	3.3202	-0.179874
55	25	25	2.19764	1.78004	1.02128
55	25	35	1.79909	-1.84471	1.67918
55	25	45	0.346848	-3.3205	0.998849
55	25	55	-0.103168	-3.47638	-0.400461
55	25	65	1.94109	-1.74406	-0.94545
55	25	75	2.33636	1.41829	-0.333101
55	25	85	0.803247	3.88786	0.879164
55	35	5	0.656969	2.27798	0.320766
55	35	15	1.44712	1.4728	-1.46948
55	35	25	1.73088	-1.55705	-3.39208
55	35	35	-0.618768	-3.67302	-0.0454573
55	35	45	-0.659898	-2.99612	1.11791
55	35	55	0.0520028	-3.22157	-1.1408
55	35	65	0.639038	-4.65207	0.646647
55	35	75	1.77764	-2.14556	3.09576
55	35	85	1.50315	1.08373	2.03296
55	45	5	0.860068	0.860383	-0.120451
55	45	15	1.27832	0.192522	-1.23089
55	45	25	1.06738	-1.55938	-2.20485
55	45	35	-0.870371	-1.61205	0.180534
55	45	45	-0.599101	-1.16754	0.37438
55	45	55	-0.400661	-1.13108	-0.329797
55	45	65	-0.0629697	-1.82359	0.268327
55	45	75	1.73167	-1.67247	2.3296
55	45	85	1.86351	0.119955	1.25461
55	55	5	0.936149	-0.935536	-0.144768
55	55	15	1.53318	-0.114178	-1.68567
55	55	25	1.37704	1.67228	-1.93952
55	55	35	-0.285751	1.30834	0.20885
55	55	45	-0.394328	0.724284	0.419229
55	55	55	-0.459288	1.09045	-0.491018
55	55	65	-0.087431	1.42206	-0.208436
55	55	75	1.6657	1.71942	1.94993
55	55	85	1.24627	0.0246928	1.07496
55	65	5	0.592539	-2.15925	0.16561
55	65	15	1.30914	-1.38264	-1.52957
55	65	25	2.32415	1.80704	-3.05868
55	65	35	-0.861627	3.7897	-0.50777
55	65	45	-0.486897	3.5316	0.431195
55	65	55	-0.457372	3.04161	-0.757348
55	65	65	-0.0405223	4.38907	0.929213
55	65	75	2.47316	2.22741	3.55397
55	65	85	1.72377	-1.32132	1.34713
55	75	5	0.0496518	-4.15839	-0.0191677
55	75	15	0.511308	-4.16898	-0.999826
55	75	25	2.47629	-1.76313	0.932333
55	75	35	1.28369	1.95964	0.204728
55	75	45	0.663965	3.40504	0.701211
55	75	55	0.429762	3.14587	-1.71877
55	75	65	1.60676	2.0863	-1.36181
55	75	75	1.59124	-1.9294	-1.19537
55	75	85	0.556593	-4.05343	1.21535
55	85	5	-0.374331	-2.3102	-0.212698
55	85	15	-0.47636	-2.73817	-0.266267
55	85	25	1.30251	-2.61141	2.1857
55	85	35	2.49087	-1.82709	4.04029
55	85	45	1.05314	1.13088	0.834972
55	85	55	0.881307	1.24587	-1.15908
55	85	65	2.69031	-1.36656	-3.79358
55	85	75	1.26245	-3.06015	-2.13143
55	85	85	-0.622457	-2.24141	0.356404
65	5	5	-2.48024	-0.142373	0.201344
65	5	15	-2.13984	-0.1422	-0.348443
65	5	25	-0.216841	0.214736	0.523445
65	5	35	5.12518	0.187024	1.95267
65	5	45	2.88437	-0.180837	0.589346
65	5	55	3.8343	0.11672	-1.16609
65	5	65	5.4662	-0.698913	-1.80615
65	5	75	0.565828	-0.552161	0.424903
65	5	85	-1.86481	-0.194061	0.395373
65	15	5	-2.73182	1.14389	-0.0216624
65	15	15	-1.87359	1.6312	-0.862059
65	15	25	1.4424	2.13875	-0.155171
65	15	35	4.3839	0.92647	3.17706
65	15	45	2.75992	-0.332972	1.56218
65	15	55	2.87269	-0.936231	-1.59704
65	15	65	4.79053	0.597972	-2.67194
65	15	75	0.928191	1.9162	0.122269
65	15	85	-2.23439	1.84169	0.965414
65	25	5	-0.965976	1.59131	0.0567994
65	25	15	0.147259	1.06408	-2.0193
65	25	25	2.97841	0.78929	-0.963687
65	25	35	2.6171	-0.669351	3.02399
65	25	45	0.605262	-2.05134	1.8732
65	25	55	-0.0735141	-1.60772	-1.70966
65	25	65	2.39688	-0.744196	-2.4668
65	25	75	2.95427	0.934799	0.329711
65	25	85	0.305953	1.4345	2.39495
65	35	5	1.5143	1.51791	0.139952
65	35	15	2.97674	-0.0436672	-2.83646
65	35	25	2.92356	-1.79454	-2.40452
65	35	35	-1.21008	-2.35037	0.923953
65	35	45	-1.90064	-1.52581	1.40517
65	35	55	-1.85862	-1.42647	-1.28124
65	35	65	-0.590778	-2.20623	-1.70478
65	35	75	3.02466	-1.57003	1.83999
65	35	85	3.42267	0.70529	3.44724
65	45	5	2.86125	0.92406	-0.246567
65	45	15	4.48872	-0.179505	-1.91706
65	45	25	2.67285	-1.21376	-0.855478
65	45	35	-1.39913	-1.26528	0.474136
65	45	45	-2.49844	-0.782222	0.814947
65	45	55	-2.29974	-0.501607	-0.833917
65	45	65	-2.03831	-1.35355	-0.628578
65	45	75	2.54924	-1.21747	0.44419
65	45	85	4.19444	0.145641	1.70993
65	55	5	3.18513	-0.850223	0.054457
65	55	15	4.25329	0.258319	-2.16821
65	55	25	2.56524	0.950201	-0.831373
65	55	35	-1.60625	1.30182	0.404097
65	55	45	-2.40717	0.558622	0.791587
65	55	55	-2.18259	1.01662	-0.615973
65	55	65	-1.61626	1.00294	-0.627255
65	55	75	3.20458	1.37864	0.443582
65	55	85	4.18928	-0.118052	2.42106
65	65	5	1.77297	-1.89654	-0.137992
65	65	15	3.07879	-0.695605	-2.61406
65	65	25	3.29475	1.58968	-2.30877
65	65	35	-0.766935	2.24183	1.32968
65	65	45	-2.08031	1.98501	1.20114
65	65	55	-2.0015	1.66351	-1.30324
65	65	65	-1.04024	2.16111	-1.0241
65	65	75	2.84433	1.50294	1.98497
65	65	85	3.59783	-0.87253	3.01966
65	75	5	-0.979232	-1.70131	-0.417945
65	75	15	-0.113545	-1.61859	-2.11164
65	75	25	2.77323	-0.622433	-0.418765
65	75	35	2.85585	0.506149	2.55968
65	75	45	-0.0179546	1.39096	1.29285
65	75	55	0.290382	1.43056	-1.66885
65	75	65	2.40176	0.00994093	-2.61974
65	75	75	2.97035	-0.7304	1.05125
65	75	85	0.0265529	-1.12053	2.27569
65	85	5	-2.10833	-0.841184	0.0616604
65	85	15	-1.74235	-1.31972	-1.1473
65	85	25	1.11158	-1.77193	0.580398
65	85	35	4.68122	-2.06923	3.28466
65	85	45	2.24492	0.539362	1.222
65	85	55	1.91908	0.846659	-1.14755
65	85	65	3.95202	-1.03092	-2.92266
65	85	75	0.298376	-1.70965	-0.0501079
65	85	85	-1.97603	-1.61404	1.21849
75	5	5	-3.82181	0.300789	-0.178287
75	5	15	-4.67428	0.000830387	-1.80835
75	5	25	-2.19219	-0.422428	-0.20294
75	5	35	3.6594	-0.144546	0.300777
75	5	45	3.35949	0.217662	0.751137
75	5	55	3.51714	-0.203007	-1.22418
75	5	65	3.93676	-0.285191	-0.700129
75	5	75	-2.10768	-0.123009	0.292406
75	5	85	-4.97767	-0.157539	1.10849
75	15	5	-2.12331	-0.981213	0.195161
75	15	15	-3.30234	0.654231	-2.59389
75	15	25	-1.78218	1.76587	-1.62122
75	15	35	3.1911	2.6909	1.22113
75	15	45	2.27982	0.559737	1.42751
75	15	55	2.51355	0.762363	-1.13554
75	15	65	3.06419	2.44847	-1.65183
75	15	75	-2.08214	2.34114	0.690751
75	15	85	-2.99073	0.833607	2.56584
75	25	5	-0.0992337	-0.664061	0.278793
75	25	15	-0.630392	0.0559897	-3.90174
75	25	25	-0.653575	0.652295	-1.8076
75	25	35	0.235115	1.48679	3.52491
75	25	45	0.548444	0.685576	2.3737
75	25	55	0.683645	0.42881	-2.45287
75	25	65	0.364034	1.4144	-3.40925
75	25	75	-1.08402	0.172414	1.20634
75	25	85	-0.591216	0.134773	4.03254
75	35	5	1.91979	-0.289206	-0.318447
75	35	15	2.18577	-0.760093	-3.12016
75	35	25	0.720878	-1.73102	-1.38794
75	35	35	-3.10422	-1.44265	3.46887
75	35	45	-1.91496	-0.303258	2.21047
75	35	55	-1.79369	0.0191107	-1.88605
75	35	65	-2.97745	-1.41944	-3.22762
75	35	75	-0.307532	-2.78109	0.647175
75	35	85	2.40587	-1.44627	3.00644
75	45	5	3.3413	-0.107931	-0.71912
75	45	15	3.42843	-0.925724	-1.31493
75	45	25	1.1813	-2.25713	-0.173938
75	45	35	-4.76677	-1.5313	1.09289
75	45	45	-3.33437	0.00964112	1.65513
75	45	55	-3.42684	0.322844	-0.720992
75	45	65	-4.80714	-1.63262	-1.04256
75	45	75	0.944217	-1.50782	-0.0445559
75	45	85	4.05544	-1.06402	1.34751
75	55	5	3.27952	-0.152926	-0.501952
75	55	15	3.85667	0.62446	-1.43988
75	55	25	1.12017	1.29756	0.184874
75	55	35	-4.9667	1.65031	1.43917
75	55	45	-3.16082	-0.149198	0.861035
75	55	55	-3.20876	0.011348	-0.733562
75	55	65	-4.44005	1.39077	-1.1292
75	55	75	0.971315	1.70456	0.302735
75	55	85	3.92695	1.00072	1.14433
75	65	5	1.82052	0.228054	-0.0620168
75	65	15	2.62696	0.964078	-2.79641
75	65	25	0.148476	1.65742	-0.785589
75	65	35	-3.63491	1.7469	3.68413
75	65	45	-2.03295	-0.233199	2.35002
75	65	55	-1.47251	-0.10035	-1.67005
75	65	65	-3.01547	1.07461	-2.54089
75	65	75	0.0435382	2.51395	1.30076
75	65	85	2.22581	1.46729	2.87968
75	75	5	0.197536	0.420061	0.242888
75	75	15	-0.753999	-0.238013	-2.96333
75	75	25	-1.52075	-1.2552	-1.42645
75	75	35	-0.116054	-1.11515	3.08006
75	75	45	0.706004	-0.626816	1.95082
75	75	55	1.46724	-0.407617	-2.59727
75	75	65	-0.244333	-2.31843	-3.56741
75	75	75	-1.20966	-1.14477	1.51
75	75	85	-1.20563	0.16641	3.5349
75	85	5	-2.38685	0.517252	0.423487
75	85	15	-3.94736	-0.610217	-2.77082
75	85	25	-1.88833	-1.94167	-0.96528
75	85	35	2.44677	-1.96602	1.7421
75	85	45	2.69229	-0.791368	1.28549
75	85	55	2.97506	-1.16503	-1.94111
75	85	65	3.06118	-2.75975	-2.41139
75	85	75	-2.04939	-2.64786	1.23761
75	85	85	-3.72731	-0.757486	2.83192
85	5	5	-2.1075	-0.422021	-0.304771
85	5	15	-2.61818	0.134059	-1.34772
85	5	25	-2.01809	0.0045448	-0.797463
85	5	35	1.12929	0.18207	-0.462713
85	5	45	1.11051	-0.23528	0.270907
85	5	55	1.13769	0.0419183	-0.188113
85	5	65	0.52373	0.120258	0.0334719
85	5	75	-2.76047	-0.110617	0.745283
85	5	85	-2.90939	0.526903	0.927991
85	15	5	-1.32128	-1.58438	0.0816259
85	15	15	-2.54656	-0.370589	-1.84765
85	15	25	-2.86796	0.860148	-2.51247
85	15	35	0.507017	2.70134	0.0489325
85	15	45	1.10929	1.59604	0.655088
85	15	55	1.32526	1.51374	-0.621759
85	15	65	0.500401	2.57456	-0.0155245
85	15	75	-2.76362	1.29742	1.68292
85	15	85	-2.97103	-0.621529	1.75208
85	25	5	0.0283018	-2.92972	0.243998
85	25	15	-0.657688	-1.54413	-1.83385
85	25	25	-3.15196	0.295699	-1.61103
85	25	35	-1.75958	2.3388	1.09997
85	25	45	0.837773	3.08292	1.4859
85	25	55	0.729292	3.17093	-1.04269
85	25	65	-1.40301	2.24486	-1.44941
85	25	75	-3.44057	-0.608647	0.397043
85	25	85	-0.920538	-2.05837	1.87716
85	35	5	1.23463	-2.67647	-0.201648
85	35	15	0.92826	-2.32105	-0.664332
85	35	25	-0.87316	-2.56895	1.32849
85	35	35	-3.89687	-0.135593	3.22873
85	35	45	-0.921015	1.80905	1.50695
85	35	55	-0.764745	1.95033	-1.16259
85	35	65	-3.47837	0.132316	-2.93321
85	35	75	-1.48311	-2.46361	-1.10013
85	35	85	1.50429	-3.12213	0.738507
85	45	5	1.06885	-0.696474	0.339525
85	45	15	1.18559	-0.977603	-0.803946
85	45	25	-1.57798	-1.7615	0.487813
85	45	35	-3.75241	-1.09995	2.43912
85	45	45	-1.94488	0.558189	1.26779
85	45	55	-1.78432	0.748629	-0.704244
85	45	65	-4.36408	-1.32783	-2.84634
85	45	75	-1.10265	-2.05501	-0.596592
85	45	85	1.11721	-1.25058	0.230298
85	55	5	1.128	0.621076	-0.100058
85	55	15	0.89022	0.981046	-0.184346
85	55	25	-0.652988	1.3185	0.783506
85	55	35	-3.80722	1.09801	1.7831
85	55	45	-1.6199	-0.325733	0.774185
85	55	55	-1.42348	-0.6701	-0.72338
85	55	65	-3.73792	1.24016	-2.40661
85	55	75	-0.565007	1.42575	-0.299903
85	55	85	1.30043	1.05475	0.403836
85	65	5	1.48345	2.67593	-0.347161
85	65	15	1.01718	2.99346	-0.82495
85	65	25	-0.891151	2.9729	1.291
85	65	35	-4.06289	0.0338892	2.8622
85	65	45	-1.23629	-2.14345	1.23863
85	65	55	-1.02464	-2.06987	-0.785456
85	65	65	-3.57507	0.581227	-3.86368
85	65	75	-0.880703	2.28553	-1.4439
85	65	85	0.742385	2.97638	1.03903
85	75	5	0.0682489	3.0525	-0.356297
85	75	15	-1.38307	2.2801	-1.79111
85	75	25	-2.59813	-0.0721851	-1.22491
85	75	35	-1.29099	-1.95515	0.941396
85	75	45	0.618108	-2.55281	0.981424
85	75	55	1.18146	-2.69449	-1.52116
85	75	65	-1.04177	-2.30219	-0.841751
85	75	75	-4.03858	0.0942779	0.928717
85	75	85	-1.14262	2.48787	1.01354
85	85	5	-1.38725	1.66863	-0.366398
85	85	15	-2.90983	0.300671	-1.78685
85	85	25	-2.44688	-1.94679	-2.56889
85	85	35	0.832813	-2.4942	-0.0792776
85	85	45	1.29479	-1.77252	0.614488
85	85	55	1.20728	-2.21581	-0.755725
85	85	65	0.230567	-2.75943	0.22129
85	85	75	-3.35331	-1.47749	2.44453
85	85	85	-2.94325	0.946286	1.98935
