5	5	5	0.367052	-0.143175	0.186749
5	5	15	-0.670742	0.313936	5.71597
5	5	25	0.548423	-1.61591	1.62282
5	5	35	1.36867	-1.12051	-8.75892
5	5	45	0.351785	-0.134264	-4.35018
5	5	55	-0.667867	-0.870648	4.44168
5	5	65	-2.52493	-1.65419	8.83372
5	5	75	-0.767258	-1.25248	-2.51336
5	5	85	0.159087	-0.848728	-6.53008
5	15	5	-0.0573747	-1.33	0.0208567
5	15	15	0.335795	-1.19854	1.79944
5	15	25	0.384616	2.30155	-1.59571
5	15	35	0.645658	4.05283	-6.27429
5	15	45	0.857011	2.43477	-2.26012
5	15	55	-0.81692	2.12574	3.209
5	15	65	-1.92862	2.81853	6.18388
5	15	75	-0.139698	1.02352	-0.0427635
5	15	85	0.485338	-1.36797	-2.43525
5	25	5	-0.0899756	-1.21123	0.037185
5	25	15	-0.072825	-1.42178	0.852749
5	25	25	-0.100092	0.593919	-0.699121
5	25	35	0.360734	2.73648	-2.47539
5	25	45	0.149067	2.09129	-0.883599
5	25	55	-0.384885	1.94236	0.968037
5	25	65	-0.616875	2.40368	2.45656
5	25	75	-0.016816	-1.01963	-0.90716
5	25	85	0.163034	-1.50027	-1.137
5	35	5	0.311184	-1.52837	-0.109903
5	35	15	0.577428	-2.29815	2.38686
5	35	25	0.485222	-3.3236	2.8204
5	35	35	0.70271	0.740074	-1.57128
5	35	45	0.179724	1.37194	-0.552763
5	35	55	0.0723722	1.73561	0.674339
5	35	65	0.18388	0.699464	0.583618
5	35	75	-0.389499	-3.68258	-3.34687
5	35	85	0.682477	-2.638	-2.84347
5	45	5	1.2057	-1.48355	0.257239
5	45	15	0.980572	-1.96792	6.94595
5	45	25	0.715385	-2.16714	7.17052
5	45	35	1.18881	1.57593	-3.71973
5	45	45	1.14559	1.96482	-2.44044
5	45	55	0.838275	1.82123	1.90653
5	45	65	1.06089	1.28524	4.40314
5	45	75	0.891511	-1.32221	-7.08781
5	45	85	1.22272	-0.853822	-7.38388
5	55	5	0.967511	0.219597	-0.221027
5	55	15	0.722709	0.535052	6.91288
5	55	25	-0.258746	3.25802	6.68384
5	55	35	1.61514	0.840269	-4.5846
5	55	45	1.95548	-0.958331	-2.99885
5	55	55	1.15538	-0.20454	2.65571
5	55	65	1.17527	0.14184	4.08654
5	55	75	-0.380566	2.72902	-7.38329
5	55	85	0.788902	0.517928	-7.20948
5	65	5	0.172496	1.3874	0.0591389
5	65	15	0.448263	2.16561	2.51119
5	65	25	0.346824	3.40016	1.6326
5	65	35	0.154393	-0.843798	-1.7119
5	65	45	-0.240907	-1.44058	-0.348111
5	65	55	0.196204	-1.63557	0.849631
5	65	65	0.254776	-1.24537	1.9304
5	65	75	-0.177584	3.27806	-2.47313
5	65	85	-0.187859	2.50026	-2.84885
5	75	5	0.00896932	1.12872	-0.218528
5	75	15	0.700187	1.40691	0.868047
5	75	25	0.922596	-0.444994	-0.694367
5	75	35	-0.0395906	-3.2085	-2.96896
5	75	45	0.0926996	-2.31827	-1.09242
5	75	55	0.0606649	-1.92457	1.00916
5	75	65	-0.144287	-3.2378	3.15745
5	75	75	-0.214334	0.702267	-0.346229
5	75	85	0.248049	1.6486	-1.45017
5	85	5	0.0217567	1.12934	-0.204408
5	85	15	-0.0511892	1.1713	1.91482
5	85	25	1.09968	-2.84076	-1.91135
5	85	35	0.731696	-4.77619	-5.82381
5	85	45	0.018151	-3.07697	-2.97802
5	85	55	0.00783178	-2.54082	2.24782
5	85	65	-0.16004	-4.03335	5.45746
5	85	75	-1.14803	-1.31908	0.15759
5	85	85	-0.126924	1.30302	-2.57318
15	5	5	1.22235	0.225301	-0.0661399
15	5	15	2.72068	0.276039	3.2557
15	5	25	5.73669	0.482505	1.1758
15	5	35	-2.60035	0.708384	-4.97111
15	5	45	-2.96875	-0.135881	-1.54452
15	5	55	-2.95035	-0.506852	1.43388
15	5	65	-3.63886	-1.85923	5.9212
15	5	75	5.46106	-0.65401	-1.1297
15	5	85	2.46115	0.274506	-4.01757
15	15	5	0.331864	-0.590341	-0.0475092
15	15	15	1.3671	-0.700852	0.778221
15	15	25	4.75343	2.03069	-0.179501
15	15	35	-1.26074	2.4176	-2.31069
15	15	45	-1.52666	0.728311	-0.320119
15	15	55	-1.58474	0.366727	0.719068
15	15	65	-1.61107	1.52478	2.01555
15	15	75	4.32275	0.00173156	-0.880974
15	15	85	1.49716	-0.783107	-1.56739
15	25	5	-0.0476713	-0.522711	0.0518227
15	25	15	0.587881	-0.678246	0.114506
15	25	25	3.75052	0.287111	0.0316309
15	25	35	1.53126	0.447646	0.328177
15	25	45	0.140827	0.787558	-0.0632644
15	25	55	-0.488975	0.222552	0.152507
15	25	65	1.42412	0.236896	-0.375883
15	25	75	3.19662	-0.933036	-0.328973
15	25	85	0.204048	-0.76065	-0.117317
15	35	5	-0.502786	-0.266015	0.0129066
15	35	15	0.0418871	-0.937842	0.823049
15	35	25	1.12331	-2.07494	1.37625
15	35	35	2.39334	-0.126494	0.212902
15	35	45	0.274666	0.854205	-0.149854
15	35	55	0.269901	0.822203	-0.170346
15	35	65	2.78865	-0.188118	-0.572002
15	35	75	1.66247	-2.20897	-1.81196
15	35	85	-0.740198	-1.3016	-1.12511
15	45	5	-1.70292	-0.229768	0.118851
15	45	15	-1.95701	-1.2738	3.49746
15	45	25	0.0180743	-1.60443	3.81296
15	45	35	4.78315	-0.153764	-2.67593
15	45	45	1.1223	0.47147	-1.14496
15	45	55	1.13958	1.02068	1.40002
15	45	65	4.4174	-0.692716	1.51417
15	45	75	0.955781	-2.8264	-4.39848
15	45	85	-1.57307	-0.893224	-3.14708
15	55	5	-1.66178	0.181677	-0.14048
15	55	15	-1.85515	1.3161	2.87464
15	55	25	0.405314	3.79416	4.502
15	55	35	5.68684	0.764582	-2.05114
15	55	45	2.16294	-0.441053	-1.79804
15	55	55	2.03846	-1.03909	1.53943
15	55	65	5.60892	0.748638	2.45107
15	55	75	1.16151	1.7738	-3.54657
15	55	85	-1.5301	0.258312	-3.12908
15	65	5	-0.64454	0.267683	-0.031186
15	65	15	-0.100832	0.628596	0.0766304
15	65	25	2.38493	1.65998	0.793364
15	65	35	2.86136	0.142045	0.20642
15	65	45	0.295164	-0.297345	0.0517451
15	65	55	0.712505	-0.757066	0.212462
15	65	65	2.8882	0.200098	0.251751
15	65	75	2.58779	1.36936	-1.14591
15	65	85	-0.211136	0.863871	-0.539787
15	75	5	-0.215958	0.579039	-0.127342
15	75	15	0.482496	0.214972	-0.1523
15	75	25	3.72219	-0.717166	-0.891595
15	75	35	2.13817	-1.45023	-0.361727
15	75	45	-0.0580822	-0.331807	-0.165431
15	75	55	0.0593607	-0.464944	0.124755
15	75	65	1.54183	-1.0821	0.641785
15	75	75	3.70511	0.609273	0.0530989
15	75	85	0.391163	0.821387	-0.265039
15	85	5	0.704301	0.588867	-0.262181
15	85	15	1.96075	0.548573	1.05839
15	85	25	4.77672	-1.5914	-0.593638
15	85	35	-1.00491	-1.93672	-2.21677
15	85	45	-1.43876	-1.19004	-0.878617
15	85	55	-1.13254	-0.674824	0.246789
15	85	65	-0.226516	-1.96201	2.18766
15	85	75	3.85536	-0.755468	0.454245
15	85	85	1.48593	0.360987	-1.11093
25	5	5	1.24378	0.0706047	-0.297647
25	5	15	1.99522	0.223409	0.357762
25	5	25	3.13666	0.608947	0.94984
25	5	35	-2.03127	0.385741	-0.544772
25	5	45	-1.8491	0.142179	-0.10927
25	5	55	-1.67574	0.136741	0.0973686
25	5	65	-3.18521	-0.397297	1.392
25	5	75	4.2178	0.306672	-1.49448
25	5	85	2.07572	-0.0505966	-1.20103
25	15	5	0.581006	-0.077325	-0.159512
25	15	15	1.10873	0.687767	-0.217878
25	15	25	2.25939	2.27549	-0.310324
25	15	35	-0.879239	1.13664	0.447521
25	15	45	-1.05661	0.227843	0.29765
25	15	55	-0.758546	0.311233	-0.287193
25	15	65	-1.03673	1.00649	-0.407178
25	15	75	2.76428	1.50578	-0.293317
25	15	85	1.15033	0.237091	-0.0967876
25	25	5	-0.081539	0.0777631	-0.16638
25	25	15	0.224387	0.342203	-0.975645
25	25	25	0.867771	0.805934	-0.496376
25	25	35	0.30395	0.398309	1.09806
25	25	45	-0.00388471	0.0580804	0.664828
25	25	55	-0.10247	0.233631	-0.421529
25	25	65	0.64924	-0.260402	-1.51898
25	25	75	0.743349	-0.0263769	0.639644
25	25	85	0.0413112	-0.000181697	0.521718
25	35	5	-0.470037	0.255591	-0.160859
25	35	15	-0.587789	-0.0310933	-0.862085
25	35	25	-0.107676	-0.979859	-0.230802
25	35	35	0.623676	-0.735785	0.998468
25	35	45	0.540479	0.145372	0.336897
25	35	55	0.300827	0.241004	-0.433288
25	35	65	1.00732	-0.957018	-1.4412
25	35	75	-0.0208905	-1.05991	0.657273
25	35	85	-0.603864	0.0264296	0.634195
25	45	5	-1.30936	0.0754463	-0.13392
25	45	15	-1.68671	0.132118	0.25873
25	45	25	-0.8415	-1.10801	0.355418
25	45	35	2.83997	-1.46296	-1.23354
25	45	45	1.59623	-0.204704	-0.0539592
25	45	55	1.62847	0.140993	0.569109
25	45	65	4.08579	-0.474861	0.596251
25	45	75	-0.515054	-1.04921	-0.613362
25	45	85	-2.28842	-0.132453	-0.321266
25	55	5	-1.27816	-0.0951626	-0.276035
25	55	15	-1.95083	0.112404	0.285634
25	55	25	-1.51828	1.46763	1.31942
25	55	35	3.26907	0.213039	-0.716302
25	55	45	1.96079	-0.0879108	-0.205188
25	55	55	1.63671	-0.389132	0.257216
25	55	65	4.35389	1.35137	1.12832
25	55	75	0.170165	1.19601	0.14783
25	55	85	-2.03357	0.0894397	-0.592126
25	65	5	-0.250399	-0.19454	-0.264708
25	65	15	-0.296989	-0.355111	-0.561052
25	65	25	0.502822	0.899819	-0.402412
25	65	35	1.29305	0.306825	1.28182
25	65	45	0.349028	-0.00181593	0.47655
25	65	55	0.546267	0.246784	-0.636358
25	65	65	2.17537	1.19464	-1.54804
25	65	75	0.847991	0.936981	1.0268
25	65	85	-0.471943	0.231503	0.654394
25	75	5	0.135717	0.0819449	0.117999
25	75	15	0.197855	-0.161978	-1.007
25	75	25	1.32123	-0.719251	-0.643239
25	75	35	0.682081	-0.40114	0.913727
25	75	45	-0.0364008	0.045044	0.499322
25	75	55	0.17901	-0.0407911	-0.361247
25	75	65	0.76646	-0.257501	-1.14414
25	75	75	1.07484	-0.821223	0.68687
25	75	85	0.363752	-0.21906	0.739544
25	85	5	0.412248	0.089724	-0.227505
25	85	15	1.0884	-0.124864	-0.817102
25	85	25	1.63157	-1.53006	-0.323974
25	85	35	-0.574266	-1.12481	0.379297
25	85	45	-0.686321	-0.0790816	-0.0207069
25	85	55	-0.688429	0.114811	-0.274456
25	85	65	-0.59565	-0.936436	-0.164278
25	85	75	2.47786	-0.764309	0.713906
25	85	85	0.965054	0.00912333	0.225286
35	5	5	2.14522	0.138687	-0.622104
35	5	15	2.08537	-0.0378844	0.970206
35	5	25	-0.906563	0.244139	0.873795
35	5	35	-4.30107	0.369292	-2.0393
35	5	45	-1.07834	0.15891	-0.910431
35	5	55	-1.12002	0.171476	1.00035
35	5	65	-3.77104	-0.047264	1.51799
35	5	75	1.33134	-0.155614	-2.40509
35	5	85	2.90302	0.147636	-1.70693
35	15	5	1.39007	0.542383	0.262584
35	15	15	1.54582	0.96074	0.423671
35	15	25	-0.721405	2.83958	0.47087
35	15	35	-2.97358	1.06145	-0.265337
35	15	45	-0.408791	0.023056	-0.18584
35	15	55	-0.156174	-0.137879	-0.139468
35	15	65	-2.52553	1.97133	-0.22192
35	15	75	0.0521237	3.38915	-1.09578
35	15	85	1.31526	0.77766	-0.50603
35	25	5	0.433387	0.340282	0.0236786
35	25	15	0.343675	0.86039	-0.541737
35	25	25	-1.67639	0.768455	0.239532
35	25	35	-0.785295	0.537099	0.700855
35	25	45	0.0649246	0.157575	0.319239
35	25	55	0.154386	-0.0221002	-0.459012
35	25	65	-1.0405	0.78873	-0.978368
35	25	75	-1.83925	0.602776	-0.0780192
35	25	85	0.407118	0.520346	0.538054
35	35	5	-0.0937819	0.163887	0.136936
35	35	15	-0.493056	0.295468	-0.53507
35	35	25	-2.39414	-0.698206	-0.645189
35	35	35	0.357997	-0.614597	0.100874
35	35	45	0.418164	0.13843	0.377056
35	35	55	0.52576	-0.200783	-0.278384
35	35	65	0.201667	-0.84222	-0.374475
35	35	75	-2.75287	-0.97853	0.865684
35	35	85	-0.650087	0.117959	0.461598
35	45	5	-0.830135	-0.0299589	0.00520224
35	45	15	-1.73534	0.355036	0.694266
35	45	25	-3.57434	-1.58723	-0.139386
35	45	35	2.1319	-1.92953	-3.31056
35	45	45	2.21218	-0.441504	-0.573257
35	45	55	2.37542	-0.248563	0.775954
35	45	65	2.13005	-1.45087	1.77704
35	45	75	-3.45791	-1.63644	-0.0842886
35	45	85	-2.09909	0.298742	-0.956332
35	55	5	-0.630813	-0.404739	-0.104012
35	55	15	-2.40315	-0.014281	1.50564
35	55	25	-4.78937	0.9508	0.90528
35	55	35	1.78003	0.609943	-2.05186
35	55	45	2.34889	0.206841	-0.4692
35	55	55	2.11155	0.398733	0.305453
35	55	65	2.93797	1.44233	1.75504
35	55	75	-2.84143	1.4647	0.186567
35	55	85	-1.72442	0.0067889	-1.01734
35	65	5	0.0727853	-0.370888	-0.0689646
35	65	15	-1.19577	-0.339915	-0.755249
35	65	25	-2.99695	0.796983	-0.57719
35	65	35	0.595774	0.749889	0.506758
35	65	45	0.860837	0.439942	-0.298641
35	65	55	0.76658	0.0921847	-0.442966
35	65	65	0.209706	0.835957	-0.0497146
35	65	75	-1.50692	1.3158	0.858382
35	65	85	-0.196851	-0.0758924	0.416064
35	75	5	0.253155	-0.182191	-0.0848474
35	75	15	-0.17701	-0.359632	-0.562632
35	75	25	-2.24253	-0.00270324	-0.384582
35	75	35	-0.56677	-0.160203	0.372116
35	75	45	0.297581	0.0688176	-0.128091
35	75	55	0.173107	0.231831	-0.648053
35	75	65	-1.22279	-0.27439	-0.855261
35	75	75	-1.85235	-0.383624	0.681098
35	75	85	0.0737113	-0.185249	0.670467
35	85	5	0.852395	-0.112775	-0.277128
35	85	15	0.899344	-0.759122	-0.27295
35	85	25	-2.25523	-2.14585	-0.359108
35	85	35	-2.1967	-1.01991	-0.621554
35	85	45	-0.109568	0.237449	-0.140802
35	85	55	-0.233272	0.14013	-0.0498071
35	85	65	-2.74016	-0.85052	0.0199718
35	85	75	-0.727053	-2.00392	-0.57407
35	85	85	1.64701	-0.689647	-0.504545
45	5	5	1.79973	-0.0965614	-0.74077
45	5	15	1.87272	-0.103337	6.01566
45	5	25	-1.0108	0.159994	5.43102
45	5	35	-3.41728	0.86781	-5.83864
45	5	45	-0.78693	-0.0567085	-2.61999
45	5	55	-1.08592	0.209399	2.79773
45	5	65	-2.74466	-0.788436	5.45525
45	5	75	1.63061	1.84606	-6.57549
45	5	85	2.84242	1.05015	-7.33998
45	15	5	1.46223	1.81774	-0.372366
45	15	15	1.35409	2.44263	3.75668
45	15	25	-1.3356	3.27104	3.35438
45	15	35	-3.10136	-0.531285	-2.03068
45	15	45	-0.359574	-0.88612	-0.918218
45	15	55	-0.231937	-1.11223	1.0305
45	15	65	-1.87837	-0.451796	2.08956
45	15	75	0.179051	3.11638	-3.22399
45	15	85	1.85731	2.98187	-3.77153
45	25	5	0.0154662	1.22789	0.0382608
45	25	15	-0.221026	1.91434	1.16338
45	25	25	-1.88097	2.00151	1.14108
45	25	35	-1.37676	-0.389364	-0.416969
45	25	45	-0.0205751	-0.890693	-0.331368
45	25	55	-0.0230396	-0.793649	0.112634
45	25	65	-1.35571	-0.691279	1.08811
45	25	75	-2.56509	1.61482	-0.934153
45	25	85	0.075714	1.59909	-1.26853
45	35	5	-0.115146	1.29136	-0.0792548
45	35	15	-0.642413	1.11126	0.601002
45	35	25	-2.04043	-0.878078	-0.862599
45	35	35	-0.340613	-2.37393	-2.6041
45	35	45	0.134536	-1.08436	-1.01333
45	35	55	0.476419	-1.15174	0.654101
45	35	65	0.314792	-1.93188	2.71669
45	35	75	-2.64443	-1.16115	1.44058
45	35	85	-0.945767	1.0739	-0.743022
45	45	5	-0.46571	0.405939	0.172262
45	45	15	-1.41158	1.12508	3.65217
45	45	25	-2.23688	-2.08478	-0.959674
45	45	35	2.01452	-1.81321	-7.58023
45	45	45	1.14178	-1.57422	-3.68335
45	45	55	0.848481	-1.42929	3.81266
45	45	65	1.92995	-1.28456	7.26259
45	45	75	-2.70062	-1.72935	0.0328172
45	45	85	-1.27645	0.853197	-3.79851
45	55	5	-0.30457	-0.913324	0.187405
45	55	15	-1.66145	-1.07999	4.22767
45	55	25	-1.35617	1.35203	-1.10827
45	55	35	2.45588	0.515763	-8.57317
45	55	45	1.16493	0.836553	-4.13239
45	55	55	0.347439	0.978406	3.66892
45	55	65	1.16324	1.4565	7.4644
45	55	75	-3.02975	0.16519	0.356514
45	55	85	-0.631903	-1.10005	-3.40915
45	65	5	-0.179056	-1.23445	0.0470554
45	65	15	-1.09995	-1.04458	0.679299
45	65	25	-1.88667	1.29964	-0.996517
45	65	35	0.316536	2.82602	-3.74527
45	65	45	0.389707	1.70138	-0.944469
45	65	55	0.0752441	1.72405	1.05036
45	65	65	-0.0848776	2.22941	2.68783
45	65	75	-1.96648	0.815883	0.375236
45	65	85	-0.51594	-1.68463	-1.014
45	75	5	-0.0186481	-1.11889	0.015077
45	75	15	-0.38758	-1.87729	1.37905
45	75	25	-2.43064	-0.606565	-0.0682613
45	75	35	-1.00375	1.99342	-2.22336
45	75	45	-0.0442283	1.05265	-0.612468
45	75	55	0.220534	0.859501	0.0559395
45	75	65	-1.24068	0.772216	0.617805
45	75	75	-1.24451	-1.59244	-1.31862
45	75	85	-0.13964	-2.20028	-1.07828
45	85	5	0.702595	-1.14213	-0.48145
45	85	15	-0.174998	-1.99864	3.16859
45	85	25	-1.623	-1.97485	2.28918
45	85	35	-1.87113	0.98752	-3.01069
45	85	45	-0.221232	1.2066	-1.13495
45	85	55	0.0427237	1.26008	0.629444
45	85	65	-1.79948	0.401318	1.4108
45	85	75	0.344092	-3.20821	-4.06738
45	85	85	1.93286	-2.27985	-3.58835
55	5	5	-1.68516	-0.822368	-0.150947
55	5	15	-2.6062	-0.977551	6.72803
55	5	25	-0.102057	0.467305	5.9501
55	5	35	2.23302	-0.436759	-6.1412
55	5	45	0.5622	0.519902	-2.09433
55	5	55	1.70335	0.360541	2.55414
55	5	65	4.41368	-0.527228	4.87658
55	5	75	1.13306	-0.37873	-6.55812
55	5	85	-2.86742	-0.715978	-7.49165
55	15	5	-0.78181	1.79983	-0.0834021
55	15	15	-1.77613	2.8968	3.83092
55	15	25	1.11442	3.29382	3.77683
55	15	35	1.75285	-0.59811	-2.21804
55	15	45	0.144803	-1.14285	-0.795026
55	15	55	0.808486	-1.56525	0.773264
55	15	65	3.75207	-0.523134	2.06446
55	15	75	1.55767	3.99656	-3.77894
55	15	85	-0.912909	2.45095	-3.90946
55	25	5	-0.119498	1.53577	0.14277
55	25	15	0.262766	1.8987	1.4303
55	25	25	2.51497	1.5605	0.838577
55	25	35	1.39893	-0.934591	-0.827244
55	25	45	-0.0967792	-1.04675	-0.43633
55	25	55	-0.0512607	-1.00267	0.132158
55	25	65	1.67412	-0.989397	1.00301
55	25	75	2.24628	1.46929	-0.436477
55	25	85	-0.00307773	1.7283	-1.36588
55	35	5	-0.0883389	1.25481	0.0967263
55	35	15	0.764853	1.03738	0.440839
55	35	25	2.54976	-1.91839	-1.52495
55	35	35	0.012992	-2.41506	-2.47468
55	35	45	-1.17871	-1.37204	-0.884857
55	35	55	-0.862908	-0.975715	0.950114
55	35	65	0.304359	-2.65514	2.24035
55	35	75	2.36338	-1.79114	0.86955
55	35	85	0.484036	1.43701	-0.646883
55	45	5	0.415985	0.546538	0.318961
55	45	15	1.31321	0.641703	3.42179
55	45	25	2.90721	-2.09884	-1.66115
55	45	35	-2.71627	-1.52493	-7.40578
55	45	45	-2.34065	-1.46847	-2.6331
55	45	55	-2.7855	-1.24299	2.77108
55	45	65	-2.14675	-1.58696	7.09773
55	45	75	2.74762	-1.47691	0.865938
55	45	85	0.972637	0.988038	-3.24299
55	55	5	0.33676	-0.833424	0.211152
55	55	15	1.02735	-0.676131	3.14652
55	55	25	2.83994	1.31679	-1.6707
55	55	35	-2.88916	1.18559	-7.1135
55	55	45	-2.93281	0.605465	-2.35536
55	55	55	-2.55781	0.371195	3.05895
55	55	65	-2.41512	0.954355	7.25793
55	55	75	3.13444	1.29991	1.15361
55	55	85	1.44415	-0.328739	-2.88345
55	65	5	0.28664	-1.08345	0.0119342
55	65	15	0.231045	-1.00289	0.730473
55	65	25	2.31411	1.89515	-1.38928
55	65	35	-0.255699	2.43113	-2.40116
55	65	45	-0.797264	0.680539	-1.03526
55	65	55	-0.785035	1.46273	0.732843
55	65	65	-0.112932	2.37917	2.59956
55	65	75	1.80239	0.787021	1.20384
55	65	85	0.597348	-1.19033	-0.498813
55	75	5	-0.224506	-1.10603	-0.0787931
55	75	15	-0.0840034	-1.22116	1.15268
55	75	25	2.45057	-1.13373	0.530974
55	75	35	1.39335	0.919888	-1.0886
55	75	45	-0.177535	0.73212	-0.460779
55	75	55	0.0353092	0.832946	0.194996
55	75	65	1.3778	0.948976	0.7588
55	75	75	2.52912	-2.39975	-1.25496
55	75	85	0.382046	-2.20329	-1.64144
55	85	5	-1.06232	-1.80399	-0.0096947
55	85	15	-1.14308	-2.75975	3.26159
55	85	25	0.995687	-2.50455	2.79204
55	85	35	2.14258	0.497671	-2.13812
55	85	45	0.611837	1.03454	-0.844518
55	85	55	0.386382	1.16855	0.897033
55	85	65	2.95623	1.17725	2.29398
55	85	75	1.68442	-3.86749	-3.57049
55	85	85	-1.13314	-2.87224	-4.14914
65	5	5	-2.63809	0.117199	-0.0132459
65	5	15	-2.28048	-0.3432	1.40421
65	5	25	-0.292046	-0.0515751	2.12705
65	5	35	4.28839	0.0563146	-2.05937
65	5	45	1.33691	0.085324	-0.803493
65	5	55	1.72446	0.171893	0.465682
65	5	65	5.68594	-0.114586	2.48856
65	5	75	1.2854	-1.16203	-0.781281
65	5	85	-2.8401	-0.220718	-2.04712
65	15	5	-1.08467	0.185192	-0.0303362
65	15	15	-1.33919	0.59131	0.399367
65	15	25	1.08718	1.90195	0.370113
65	15	35	2.45335	0.483577	0.237429
65	15	45	0.344005	-0.0499219	-0.2344
65	15	55	0.442673	-0.106397	0.131421
65	15	65	3.37226	0.594365	0.380519
65	15	75	1.22358	2.41467	-0.281991
65	15	85	-1.05226	0.469942	-0.292803
65	25	5	-0.215615	0.258775	0.237872
65	25	15	0.118637	0.482347	-0.458778
65	25	25	2.38781	0.561487	0.00674877
65	25	35	1.55536	0.296401	0.936769
65	25	45	-0.091616	-0.390021	0.360753
65	25	55	0.149464	-0.0261706	-0.439212
65	25	65	1.39684	0.703447	-1.40075
65	25	75	2.37124	0.521572	0.328127
65	25	85	0.431774	0.399327	0.56505
65	35	5	0.0104881	0.184234	0.0410435
65	35	15	0.504527	0.290558	-0.733581
65	35	25	2.80131	-1.25349	-0.827165
65	35	35	0.141882	-0.718327	0.837738
65	35	45	-0.466237	-0.145773	-0.0460229
65	35	55	-0.577957	-0.0139751	-0.403338
65	35	65	-0.0433502	-0.778289	-0.578024
65	35	75	1.91688	-1.41868	0.922125
65	35	85	0.699662	-0.186229	0.894058
65	45	5	0.553542	0.138847	0.176507
65	45	15	1.41222	0.403267	0.474616
65	45	25	2.2869	-1.58076	-1.13784
65	45	35	-2.49755	-1.12762	-2.29073
65	45	45	-1.83054	-0.184377	-0.000151373
65	45	55	-2.27523	-0.599125	0.735072
65	45	65	-2.27108	-2.07382	1.85993
65	45	75	2.28298	-1.5487	0.677081
65	45	85	1.53472	-0.116045	-0.771374
65	55	5	0.539806	-0.458069	0.0431198
65	55	15	1.25001	-0.0724729	0.614541
65	55	25	2.56518	1.61562	-0.571858
65	55	35	-2.12146	1.55586	-2.02873
65	55	45	-1.76539	0.273005	-0.355346
65	55	55	-1.99683	0.175907	0.714601
65	55	65	-2.37721	0.841608	1.96603
65	55	75	1.99258	1.10631	0.632232
65	55	85	1.3984	0.199377	-0.249428
65	65	5	-0.0873074	-0.200233	0.182811
65	65	15	0.661044	-0.218731	-0.511186
65	65	25	2.55669	0.837027	-0.673588
65	65	35	-0.478085	1.21824	0.73685
65	65	45	-0.64629	-0.0531304	0.0961425
65	65	55	-0.561079	0.0447273	-0.117165
65	65	65	0.277516	0.650192	-0.493287
65	65	75	1.91973	0.957781	1.21524
65	65	85	0.165535	-0.32096	0.777986
65	75	5	-0.55544	-0.197903	-0.0595079
65	75	15	-0.0580597	-0.223249	-0.335736
65	75	25	2.05604	-1.00877	-0.354891
65	75	35	0.906946	-0.671723	0.998393
65	75	45	-0.509611	0.287379	0.197054
65	75	55	-0.153649	-0.173142	-0.622444
65	75	65	1.43487	-0.363016	-0.976158
65	75	75	1.80478	-1.3648	0.500747
65	75	85	-0.0827252	-0.487622	1.13897
65	85	5	-1.82554	-0.529679	-0.0203797
65	85	15	-1.44048	-0.612504	0.482505
65	85	25	-0.463755	-2.50706	1.07132
65	85	35	2.6202	-0.609297	0.627121
65	85	45	0.320645	0.308571	0.0112054
65	85	55	0.529043	0.242792	-0.273879
65	85	65	3.41355	-0.534257	0.421207
65	85	75	0.935592	-2.30862	-0.309205
65	85	85	-1.52981	-0.900098	-0.433527
75	5	5	-1.16734	0.158289	-0.200464
75	5	15	-2.20692	-0.277075	1.19874
75	5	25	-2.70743	-1.316	0.46628
75	5	35	3.39266	0.075398	-1.64988
75	5	45	1.85469	0.0452327	-0.710207
75	5	55	1.59509	-0.0631508	0.10144
75	5	65	2.55876	-0.33072	0.57919
75	5	75	-2.346	-1.28707	-0.0486409
75	5	85	-2.35159	0.0308331	-0.834062
75	15	5	-0.457271	-0.408664	-0.230655
75	15	15	-0.816778	0.0600671	-0.3233
75	15	25	-1.62328	1.23784	-0.611092
75	15	35	1.5285	1.43821	0.424576
75	15	45	0.899721	0.186861	0.029759
75	15	55	0.742222	0.204976	-0.605261
75	15	65	0.319183	1.14889	-0.632861
75	15	75	-1.96009	1.36711	0.110036
75	15	85	-0.880223	0.312136	0.551194
75	25	5	0.0652914	0.0948827	0.0248928
75	25	15	-0.0820983	-0.0826332	-0.542584
75	25	25	-0.929637	0.543494	-0.39935
75	25	35	-0.65479	0.125659	1.40056
75	25	45	0.0434584	0.0750871	0.457507
75	25	55	0.242928	-0.103743	-0.345532
75	25	65	-0.807893	0.819608	-0.981716
75	25	75	-1.20321	0.724808	1.02103
75	25	85	0.301912	0.0609405	0.821797
75	35	5	0.411757	-0.0249255	0.0412201
75	35	15	0.646446	0.0736232	-0.76503
75	35	25	0.227528	-0.654724	-0.173643
75	35	35	-1.13101	-0.409618	1.75934
75	35	45	-0.28315	0.261415	0.556819
75	35	55	-0.163267	0.296717	-0.681386
75	35	65	-1.11178	-0.175267	-0.92059
75	35	75	-0.662445	-1.02019	0.574852
75	35	85	0.496667	-0.112302	0.657979
75	45	5	1.42889	0.0131927	-0.378418
75	45	15	1.73618	-0.293108	0.622191
75	45	25	-0.212622	-1.09229	-0.275465
75	45	35	-3.05305	-0.0230036	-0.156563
75	45	45	-1.08574	0.117086	0.0831891
75	45	55	-0.98525	0.146078	0.182433
75	45	65	-2.69069	-0.984653	0.680886
75	45	75	-0.126868	-1.27608	0.206465
75	45	85	1.58406	-0.337296	-0.268038
75	55	5	1.01763	-0.108147	0.0322317
75	55	15	1.47112	0.0804507	0.303573
75	55	25	-0.467669	0.535453	-0.0649846
75	55	35	-3.55445	0.548399	-1.21734
75	55	45	-1.26301	-0.428859	-0.258741
75	55	55	-0.68398	0.129607	0.164234
75	55	65	-2.85126	0.298383	0.851925
75	55	75	-0.614234	0.228285	0.921103
75	55	85	1.56614	0.104934	0.119564
75	65	5	0.450882	-0.0772799	-0.0529796
75	65	15	0.388735	-0.194068	-0.675405
75	65	25	-0.203985	0.679811	-0.155203
75	65	35	-1.15183	0.678111	0.997342
75	65	45	-0.202654	0.0425628	0.0187338
75	65	55	-0.264775	-0.234197	-0.340395
75	65	65	-0.977366	0.251004	-0.790902
75	65	75	-0.944763	1.06329	1.20449
75	65	85	0.183475	0.412949	0.827097
75	75	5	-0.0943319	0.0244049	0.137504
75	75	15	-0.30849	-0.2627	-0.682615
75	75	25	-1.56682	-0.902383	-0.456838
75	75	35	-0.426771	-0.378238	1.54044
75	75	45	-0.0935657	-0.0962104	0.54331
75	75	55	-0.0740135	-0.359083	-0.525605
75	75	65	-0.362779	-0.417143	-0.883297
75	75	75	-1.00686	-0.425537	0.990048
75	75	85	-0.461571	-0.621416	1.06794
75	85	5	-0.642449	0.0223668	0.116458
75	85	15	-1.4314	-0.716716	0.000293418
75	85	25	-2.0986	-2.81055	0.108797
75	85	35	1.06436	-1.33135	0.74603
75	85	45	0.950679	-0.163771	0.372113
75	85	55	0.889519	-0.210018	-0.023902
75	85	65	1.28102	-1.2303	-0.271967
75	85	75	-1.75965	-2.41028	0.652836
75	85	85	-1.12544	-0.79455	0.230906
85	5	5	-1.07459	-0.511145	0.078933
85	5	15	-2.5743	-0.418261	3.80444
85	5	25	-5.03618	-1.12626	0.794294
85	5	35	3.55036	0.299845	-6.03452
85	5	45	2.28739	0.258855	-2.19118
85	5	55	1.59727	-0.161589	1.22268
85	5	65	0.402885	-0.633033	4.62418
85	5	75	-5.88076	-1.51047	-0.385431
85	5	85	-1.90583	-1.04881	-3.48621
85	15	5	0.0412355	-0.794872	-0.260618
85	15	15	-1.17289	-0.508855	0.438109
85	15	25	-3.88867	2.0022	-0.828381
85	15	35	1.7936	2.97435	-3.02038
85	15	45	1.48223	1.28972	-0.671057
85	15	55	1.27964	0.820966	0.569064
85	15	65	-0.405932	2.86074	2.62828
85	15	75	-4.80349	1.37301	0.0952042
85	15	85	-1.08488	-0.889317	-1.03649
85	25	5	0.325849	-0.358449	0.084455
85	25	15	-0.171138	-0.358879	-0.190172
85	25	25	-3.27231	0.413912	-0.529956
85	25	35	-1.13374	1.35944	-0.816858
85	25	45	0.143529	0.942953	0.00651098
85	25	55	0.156242	0.757272	-0.247908
85	25	65	-2.74491	0.689715	0.794001
85	25	75	-3.64729	-0.305223	-0.233251
85	25	85	-0.217616	-0.460234	0.179687
85	35	5	0.773516	-0.324114	-0.0261954
85	35	15	0.810555	-0.839982	0.398148
85	35	25	-1.95097	-1.52947	0.707096
85	35	35	-3.02085	0.600032	0.0115594
85	35	45	-0.201689	0.850528	0.164661
85	35	55	-0.143728	0.988541	-0.0360081
85	35	65	-3.18433	0.742351	-0.0186144
85	35	75	-1.23641	-2.30992	-1.07438
85	35	85	0.884366	-0.773549	-0.486204
85	45	5	1.86055	-0.719206	0.0919579
85	45	15	2.50392	-1.57507	3.20867
85	45	25	-0.815308	-2.99539	4.2231
85	45	35	-3.93955	0.720086	-1.71643
85	45	45	-0.355904	1.01406	-0.656496
85	45	55	-0.0988474	0.476299	0.784706
85	45	65	-3.20771	0.175971	1.83011
85	45	75	-0.786451	-2.06338	-3.68725
85	45	85	1.87709	-1.01374	-3.0182
85	55	5	1.86362	0.224307	-0.0243887
85	55	15	2.58012	0.562743	2.48291
85	55	25	0.116973	2.01896	4.27163
85	55	35	-4.8061	0.423362	-2.32141
85	55	45	-0.504706	0.145355	-1.02817
85	55	55	-0.663356	-0.274472	0.842466
85	55	65	-3.86747	1.06688	2.70671
85	55	75	-1.07451	2.67611	-2.58514
85	55	85	2.2376	0.698477	-2.19558
85	65	5	0.811708	0.194216	0.165775
85	65	15	0.538953	0.560746	0.289532
85	65	25	-2.2181	2.67846	1.29742
85	65	35	-2.4882	0.0328188	-0.167726
85	65	45	-0.313354	-1.04051	-0.29753
85	65	55	0.0130352	-0.763636	-0.183325
85	65	65	-2.90272	-0.29788	0.294049
85	65	75	-2.5067	1.05644	-0.637358
85	65	85	0.813436	0.377046	-0.0614881
85	75	5	0.0993777	0.299432	0.0628054
85	75	15	-0.281234	0.618248	-0.0416825
85	75	25	-3.07401	-0.351526	-0.130753
85	75	35	-1.60046	-1.09499	-0.838906
85	75	45	0.435961	-0.579485	0.11802
85	75	55	-0.0645889	-0.632422	0.113077
85	75	65	-1.58248	-1.87686	0.898449
85	75	75	-3.71666	-0.914385	1.05965
85	75	85	-0.396919	0.235245	0.346285
85	85	5	0.124053	0.455665	0.062886
85	85	15	-1.39509	-0.0547729	0.466761
85	85	25	-3.46445	-2.81688	-1.35004
85	85	35	2.0666	-3.22057	-2.53755
85	85	45	1.71273	-0.931549	-0.956079
85	85	55	1.1919	-1.22996	0.550528
85	85	65	0.0111257	-1.95733	2.32439
85	85	75	-4.78142	-2.67318	0.992856
85	85	85	-1.15665	0.198562	-0.601946
