5	5	5	1.93479	-3.07664	-3.73236
5	5	15	2.40289	-1.54616	-3.42867
5	5	25	2.65628	-1.23021	-3.48689
5	5	35	1.25798	-2.76675	-4.63512
5	5	45	1.83811	-4.63131	-5.15237
5	5	55	3.24386	-4.66434	-4.44518
5	5	65	3.36638	-3.77837	-2.83681
5	5	75	3.5314	-3.59085	-1.97576
5	5	85	2.01707	-2.49561	-2.19218
5	15	5	0.668871	-5.18596	-4.60097
5	15	15	-0.746739	-4.42886	-5.33683
5	15	25	-0.351219	-3.08343	-3.51177
5	15	35	-0.312062	-3.04474	-3.81301
5	15	45	1.79886	-5.0667	-5.34839
5	15	55	3.4131	-5.78517	-5.22499
5	15	65	3.38816	-5.10546	-4.26785
5	15	75	3.57201	-4.10187	-2.72058
5	15	85	1.8317	-3.55981	-2.04379
5	25	5	1.21128	-4.85577	-6.3424
5	25	15	0.305303	-5.2033	-6.6094
5	25	25	0.824203	-4.33575	-5.23187
5	25	35	-0.487891	-3.84817	-4.81986
5	25	45	1.65897	-4.67158	-5.62139
5	25	55	2.22535	-5.00386	-5.08383
5	25	65	2.72727	-4.03109	-3.63956
5	25	75	2.9536	-3.15464	-2.2126
5	25	85	2.65677	-3.62263	-3.50079
5	35	5	1.95447	-4.69268	-6.67615
5	35	15	1.52129	-4.97608	-5.90157
5	35	25	0.109322	-3.94002	-4.59032
5	35	35	-0.888386	-3.23487	-4.10311
5	35	45	0.136764	-4.02566	-4.58723
5	35	55	1.64955	-4.40152	-4.43275
5	35	65	1.58974	-2.03706	-1.70885
5	35	75	2.28067	-2.49527	-1.68522
5	35	85	2.95663	-3.75765	-4.41798
5	45	5	1.97817	-5.00571	-6.19386
5	45	15	1.88534	-4.8155	-5.4055
5	45	25	0.047215	-3.67795	-3.74294
5	45	35	-1.29375	-3.1749	-3.13645
5	45	45	-0.0159153	-3.69892	-3.99719
5	45	55	1.01915	-3.13751	-3.35828
5	45	65	0.878331	-1.51399	-1.28517
5	45	75	1.49992	-2.2214	-1.93275
5	45	85	2.66526	-4.5499	-5.6489
5	55	5	2.05123	-4.85269	-5.52236
5	55	15	2.08841	-4.87991	-5.0861
5	55	25	1.37652	-3.51601	-3.49763
5	55	35	-0.130966	-3.67313	-3.54957
5	55	45	0.375281	-3.62914	-3.79029
5	55	55	1.32575	-2.86917	-3.33678
5	55	65	1.86658	-2.33855	-2.58659
5	55	75	1.30077	-2.12336	-2.25612
5	55	85	2.57508	-4.44271	-5.22484
5	65	5	2.68168	-4.97224	-5.60111
5	65	15	3.61728	-3.85958	-5.10605
5	65	25	3.08617	-2.11638	-4.56646
5	65	35	2.55551	-3.70558	-5.49244
5	65	45	2.59154	-4.21299	-4.66713
5	65	55	3.39894	-3.39699	-3.38946
5	65	65	3.52168	-2.47979	-2.10737
5	65	75	2.77274	-1.50821	-1.91305
5	65	85	2.6978	-4.41164	-4.70204
5	75	5	3.76878	-5.44747	-5.99889
5	75	15	4.41715	-4.00916	-5.3624
5	75	25	4.72148	-3.67587	-5.71042
5	75	35	4.17754	-4.06232	-6.10604
5	75	45	3.90532	-4.23418	-5.66427
5	75	55	4.88873	-3.80777	-4.54519
5	75	65	4.37439	-2.89739	-2.93361
5	75	75	4.28009	-2.65126	-2.63278
5	75	85	4.29234	-4.20714	-4.53221
5	85	5	3.20862	-4.23377	-5.80142
5	85	15	3.79069	-3.26373	-5.23837
5	85	25	4.5787	-3.23057	-5.44068
5	85	35	3.71103	-3.60861	-5.72925
5	85	45	3.22516	-3.881	-5.41904
5	85	55	4.1657	-3.32614	-3.98695
5	85	65	3.2881	-2.75216	-2.45322
5	85	75	3.10617	-2.31749	-1.70992
5	85	85	3.24646	-3.1628	-4.25873
15	5	5	1.9379	-1.66841	-1.90221
15	5	15	0.821492	-1.20045	-2.49744
15	5	25	0.468757	-1.38511	-2.50442
15	5	35	0.109926	-3.26441	-4.08703
15	5	45	3.01304	-4.96772	-6.6871
15	5	55	3.12314	-3.87066	-4.51833
15	5	65	3.02179	-2.90428	-3.09141
15	5	75	2.7716	-2.55456	-2.17461
15	5	85	2.79954	-2.56458	-1.34933
15	15	5	4.84717	-4.43038	-2.92113
15	15	15	2.91602	-2.34437	-3.39793
15	15	25	2.23073	-3.30166	-4.28874
15	15	35	1.64986	-4.3152	-5.73991
15	15	45	3.38465	-5.07895	-7.1655
15	15	55	3.17126	-4.80242	-5.22355
15	15	65	2.98778	-3.76834	-3.51721
15	15	75	3.43304	-3.92584	-2.68612
15	15	85	4.26522	-4.35481	-1.98981
15	25	5	3.29574	-3.00589	-3.02239
15	25	15	2.67652	-3.88159	-4.89757
15	25	25	2.95547	-4.2914	-5.39519
15	25	35	2.26091	-5.02551	-7.0032
15	25	45	3.24462	-5.14712	-7.90014
15	25	55	2.96339	-4.91186	-5.73284
15	25	65	2.39573	-3.94106	-3.89413
15	25	75	2.60583	-2.93402	-2.38727
15	25	85	3.46824	-3.08328	-2.66885
15	35	5	2.5785	-3.87251	-4.28056
15	35	15	2.4895	-4.92534	-5.43347
15	35	25	1.73495	-3.89711	-4.4914
15	35	35	1.05917	-4.57886	-6.21724
15	35	45	2.47031	-5.10525	-8.33804
15	35	55	3.39898	-5.04754	-6.3448
15	35	65	1.71385	-2.44436	-2.58961
15	35	75	2.15933	-2.20384	-1.90549
15	35	85	3.45278	-2.73726	-3.22791
15	45	5	0.38769	-4.89705	-4.76106
15	45	15	0.734618	-5.16806	-4.9109
15	45	25	-0.136077	-3.42005	-3.14603
15	45	35	0.173533	-4.56884	-4.8924
15	45	45	2.69668	-5.13811	-7.84204
15	45	55	2.68429	-4.82416	-5.81806
15	45	65	0.890253	-2.65771	-2.82324
15	45	75	1.59632	-3.06388	-2.86116
15	45	85	2.63222	-3.62691	-4.11149
15	55	5	-2.28586	-6.3438	-4.861
15	55	15	-2.33145	-6.84493	-4.37297
15	55	25	0.0594047	-5.35344	-3.73104
15	55	35	-0.186267	-4.57326	-4.49278
15	55	45	1.42775	-4.86942	-6.27781
15	55	55	2.4309	-5.03879	-5.84906
15	55	65	0.586513	-4.21319	-4.20204
15	55	75	0.859532	-4.66945	-4.62213
15	55	85	0.649405	-5.24994	-5.26317
15	65	5	-0.0875486	-5.05754	-4.58631
15	65	15	-0.0733911	-4.5456	-3.9668
15	65	25	0.20308	-3.34156	-3.32354
15	65	35	0.706034	-4.58975	-4.86937
15	65	45	0.665986	-4.80246	-5.96806
15	65	55	2.04189	-4.813	-5.37866
15	65	65	1.30245	-3.39236	-3.41521
15	65	75	1.54983	-2.61678	-2.71633
15	65	85	1.71365	-4.0578	-4.17647
15	75	5	1.0207	-4.01308	-4.23482
15	75	15	1.2232	-2.92921	-2.99228
15	75	25	1.37004	-2.96064	-3.26303
15	75	35	1.01924	-4.40212	-4.68543
15	75	45	2.10106	-4.88096	-5.92787
15	75	55	2.25082	-4.2455	-4.6684
15	75	65	1.89208	-2.3199	-2.49755
15	75	75	2.96574	-2.52594	-2.18238
15	75	85	2.24251	-2.83878	-2.86426
15	85	5	1.76545	-2.61149	-3.15381
15	85	15	1.59391	-2.05336	-2.59952
15	85	25	1.28915	-2.38035	-3.16812
15	85	35	0.804624	-3.88057	-4.44991
15	85	45	3.00177	-4.51724	-6.42866
15	85	55	3.04146	-3.77245	-5.04006
15	85	65	2.37554	-2.3143	-2.47975
15	85	75	2.55296	-2.14153	-1.63753
15	85	85	2.1584	-2.11876	-2.35027
25	5	5	1.4607	-1.44886	-0.383066
25	5	15	0.888725	-1.30743	-1.34797
25	5	25	0.861846	-1.63915	-1.92416
25	5	35	1.86517	-4.08379	-4.90789
25	5	45	3.17659	-4.87614	-7.03941
25	5	55	4.02819	-3.23192	-5.47083
25	5	65	3.93398	-2.27777	-3.98762
25	5	75	3.27171	-1.91679	-2.7549
25	5	85	2.30414	-1.86168	-1.27703
25	15	5	4.49715	-4.27886	-2.03947
25	15	15	4.05079	-4.01042	-1.67173
25	15	25	2.89469	-3.03534	-2.81907
25	15	35	3.06039	-4.12425	-5.28082
25	15	45	4.17184	-4.87347	-7.50265
25	15	55	4.88156	-4.47969	-5.61591
25	15	65	5.08346	-3.44509	-4.56285
25	15	75	5.40709	-4.01059	-3.48875
25	15	85	4.79387	-4.18316	-2.76784
25	25	5	3.95865	-3.34904	-2.07985
25	25	15	3.51382	-3.18367	-2.98684
25	25	25	3.27806	-2.82409	-3.42283
25	25	35	3.27968	-4.31684	-6.18825
25	25	45	4.06867	-4.90731	-8.57564
25	25	55	4.30651	-4.26704	-5.7872
25	25	65	3.82176	-3.27698	-4.32041
25	25	75	3.61722	-2.62114	-3.57354
25	25	85	3.97462	-2.79465	-3.67056
25	35	5	3.44127	-3.20072	-2.97986
25	35	15	2.81783	-3.54747	-3.78415
25	35	25	3.05832	-2.55545	-3.51988
25	35	35	2.9886	-4.30534	-6.09649
25	35	45	3.01205	-5.08333	-8.28715
25	35	55	3.86828	-5.0867	-6.60429
25	35	65	3.02239	-3.02267	-3.66084
25	35	75	2.68749	-2.30529	-2.77117
25	35	85	3.83079	-2.73544	-3.09187
25	45	5	1.55779	-3.50904	-3.14601
25	45	15	2.30278	-4.24709	-4.09176
25	45	25	1.46629	-3.27488	-3.07914
25	45	35	1.62238	-4.67492	-5.05526
25	45	45	2.32634	-5.17449	-7.6284
25	45	55	2.16305	-4.74089	-6.0183
25	45	65	1.46832	-3.36122	-3.66183
25	45	75	1.86913	-3.21592	-3.18302
25	45	85	2.8237	-3.2169	-3.78841
25	55	5	-3.50742	-6.22498	-4.38729
25	55	15	0.131648	-6.3738	-3.45533
25	55	25	0.219944	-5.84653	-3.71608
25	55	35	0.355622	-5.032	-4.92803
25	55	45	1.31531	-5.05665	-7.34551
25	55	55	0.207697	-5.50037	-6.28531
25	55	65	-1.62945	-5.98082	-5.24123
25	55	75	-1.78143	-5.35281	-5.32925
25	55	85	-2.34781	-5.17249	-5.04316
25	65	5	-1.76329	-5.34308	-3.42423
25	65	15	-0.0473541	-4.43357	-2.97549
25	65	25	-0.145978	-3.49952	-3.21818
25	65	35	0.645056	-4.66042	-4.81763
25	65	45	1.51129	-4.9725	-6.89413
25	65	55	1.3008	-5.01958	-5.60323
25	65	65	1.05245	-4.58479	-4.63101
25	65	75	0.559467	-4.04721	-4.18083
25	65	85	-0.236402	-4.67261	-4.04105
25	75	5	0.570725	-2.43017	-2.28577
25	75	15	0.282154	-2.35398	-2.31473
25	75	25	0.380593	-2.15728	-2.21659
25	75	35	1.29307	-4.68897	-4.78903
25	75	45	1.85426	-5.01157	-6.0736
25	75	55	1.71191	-4.79675	-5.08813
25	75	65	1.89945	-3.2963	-3.45108
25	75	75	2.15769	-2.1075	-2.29836
25	75	85	2.06746	-2.74562	-2.27237
25	85	5	0.525869	-1.23966	-1.1791
25	85	15	0.508021	-1.2139	-1.39372
25	85	25	0.503639	-1.54577	-1.65097
25	85	35	1.49109	-4.58502	-4.8879
25	85	45	1.82853	-5.01823	-6.07109
25	85	55	2.61237	-4.07824	-5.26615
25	85	65	2.41182	-2.08661	-2.95261
25	85	75	2.20237	-1.72914	-2.17921
25	85	85	1.59555	-1.59388	-1.15527
35	5	5	0.983454	-0.941164	-0.265098
35	5	15	1.13617	-1.20126	-0.841605
35	5	25	1.19231	-1.34043	-1.34298
35	5	35	2.10668	-3.7168	-4.21894
35	5	45	1.99184	-5.00544	-6.44233
35	5	55	3.05654	-4.37907	-5.34289
35	5	65	4.38873	-1.6416	-4.62424
35	5	75	2.92244	-1.1793	-2.54177
35	5	85	1.25821	-1.00787	-0.900307
35	15	5	4.04157	-4.05225	-1.82196
35	15	15	3.93865	-4.03211	-1.4186
35	15	25	3.8312	-3.93318	-2.69008
35	15	35	2.87851	-3.20568	-3.3279
35	15	45	3.0642	-4.61766	-5.71868
35	15	55	4.77987	-4.43925	-5.62907
35	15	65	5.94326	-3.16871	-5.21489
35	15	75	5.90017	-2.58984	-4.15392
35	15	85	5.18788	-4.28822	-3.50608
35	25	5	3.53748	-3.90265	-2.53234
35	25	15	4.2394	-3.97115	-2.62985
35	25	25	3.27305	-2.92492	-2.95499
35	25	35	3.27324	-2.89116	-3.74062
35	25	45	3.97325	-4.22166	-5.99454
35	25	55	4.75558	-3.84093	-5.90497
35	25	65	5.08694	-2.73114	-5.09334
35	25	75	5.22577	-3.04903	-5.27949
35	25	85	4.56315	-3.82961	-4.82503
35	35	5	3.10912	-2.71084	-2.56524
35	35	15	3.2806	-2.68988	-2.94517
35	35	25	2.89704	-2.34125	-2.92518
35	35	35	3.28103	-2.90109	-4.31753
35	35	45	2.96712	-4.30656	-6.09057
35	35	55	3.50379	-4.37572	-6.06187
35	35	65	4.02377	-3.06628	-4.88962
35	35	75	4.2456	-2.71578	-4.8991
35	35	85	3.99834	-2.40386	-3.97159
35	45	5	2.38863	-2.05006	-2.33904
35	45	15	2.75696	-2.7256	-2.71737
35	45	25	2.87225	-2.90032	-2.94535
35	45	35	2.43753	-4.21662	-5.0188
35	45	45	-0.429323	-5.5085	-7.33544
35	45	55	1.23044	-4.65617	-5.66739
35	45	65	2.26243	-2.49815	-3.1759
35	45	75	2.76242	-2.30252	-3.3182
35	45	85	2.61325	-1.76737	-2.6332
35	55	5	-1.74711	-4.39323	-3.98589
35	55	15	2.4625	-4.8188	-3.15083
35	55	25	2.96228	-5.21577	-3.08864
35	55	35	1.18283	-6.48144	-5.30943
35	55	45	-2.57731	-7.13444	-6.69438
35	55	55	-2.97715	-6.78545	-6.10871
35	55	65	-2.03849	-5.08087	-4.93163
35	55	75	-0.634209	-3.87413	-4.15022
35	55	85	-1.96598	-3.72797	-3.59005
35	65	5	0.864845	-5.06361	-4.02136
35	65	15	1.88482	-3.74772	-2.75058
35	65	25	1.85263	-4.1981	-3.6613
35	65	35	0.376375	-5.12857	-5.07398
35	65	45	0.687907	-5.205	-6.08538
35	65	55	-0.345006	-5.12037	-5.89644
35	65	65	-1.23652	-4.58088	-4.60254
35	65	75	-0.312003	-3.44168	-3.3752
35	65	85	-1.5311	-3.34897	-2.87246
35	75	5	1.23072	-2.93192	-2.47594
35	75	15	0.900335	-1.52585	-1.44393
35	75	25	1.07916	-2.64778	-2.59756
35	75	35	1.27734	-4.69751	-4.91812
35	75	45	2.0234	-5.05966	-6.10689
35	75	55	1.11749	-4.69729	-5.31912
35	75	65	1.43214	-4.11332	-4.20637
35	75	75	1.40213	-2.48313	-2.49845
35	75	85	0.75943	-2.35578	-2.18051
35	85	5	0.49238	-1.23373	-1.20916
35	85	15	0.333978	-0.657365	-0.855642
35	85	25	0.847369	-1.14658	-1.23122
35	85	35	1.2205	-4.22695	-4.64798
35	85	45	1.59723	-5.0962	-6.07191
35	85	55	1.29244	-4.74156	-5.23124
35	85	65	2.45665	-3.0475	-4.07291
35	85	75	1.44425	-1.42231	-1.80654
35	85	85	0.50878	-0.963065	-1.00029
45	5	5	1.20239	-4.04647	-2.88338
45	5	15	2.11917	-2.80281	-1.63934
45	5	25	2.33317	-2.41371	-1.9356
45	5	35	2.1256	-2.96694	-3.3461
45	5	45	1.83087	-4.89722	-5.91094
45	5	55	2.27572	-4.91972	-5.09937
45	5	65	2.19906	-4.23963	-4.32143
45	5	75	2.48018	-3.18449	-2.3228
45	5	85	1.65729	-3.46949	-2.46834
45	15	5	3.99386	-5.96592	-4.21983
45	15	15	4.07282	-4.62353	-2.46592
45	15	25	3.96903	-4.03781	-2.50373
45	15	35	3.34757	-3.54498	-3.04717
45	15	45	3.20305	-5.16031	-4.83153
45	15	55	3.11535	-5.01648	-4.57071
45	15	65	4.09658	-3.80316	-4.35725
45	15	75	3.99605	-3.25356	-3.10717
45	15	85	3.91082	-5.19124	-4.39874
45	25	5	4.28488	-5.93099	-4.79719
45	25	15	4.61209	-5.30983	-3.33543
45	25	25	3.73492	-3.92674	-2.7891
45	25	35	3.17982	-2.85326	-2.79654
45	25	45	3.03939	-4.04297	-4.22982
45	25	55	3.89706	-3.96211	-4.57649
45	25	65	4.81125	-3.26509	-4.75155
45	25	75	4.80209	-3.01515	-4.81704
45	25	85	3.78781	-5.42113	-5.21045
45	35	5	3.391	-3.87784	-4.60264
45	35	15	3.5347	-2.91596	-3.92699
45	35	25	3.00866	-2.64486	-2.93394
45	35	35	3.17679	-1.96171	-3.22434
45	35	45	3.20214	-2.40403	-3.81376
45	35	55	4.06616	-2.9344	-4.82917
45	35	65	4.75385	-3.08767	-5.32448
45	35	75	4.63706	-3.89032	-5.905
45	35	85	2.446	-3.23521	-4.20487
45	45	5	3.22678	-2.95739	-4.21519
45	45	15	3.23603	-2.6095	-3.52885
45	45	25	2.61955	-2.46701	-2.53212
45	45	35	3.41994	-2.75183	-3.87609
45	45	45	1.74873	-3.53405	-4.97135
45	45	55	2.56432	-2.72312	-4.02726
45	45	65	3.60523	-2.23875	-4.26069
45	45	75	3.73913	-2.46967	-4.58935
45	45	85	1.88077	-1.80568	-3.22952
45	55	5	0.855804	-3.80034	-4.69666
45	55	15	3.01055	-3.35188	-3.21078
45	55	25	3.98401	-4.09266	-2.69302
45	55	35	-0.146541	-6.36205	-5.09034
45	55	45	-2.34216	-6.59642	-6.30367
45	55	55	-1.14482	-4.64755	-5.05576
45	55	65	-0.00185282	-3.02209	-3.40199
45	55	75	0.639848	-1.15056	-2.5184
45	55	85	-0.991762	-2.38466	-2.95748
45	65	5	2.35716	-5.20296	-4.77421
45	65	15	2.86576	-4.4818	-3.79582
45	65	25	3.17893	-3.72803	-2.82142
45	65	35	0.0102778	-5.09848	-4.55308
45	65	45	-1.33578	-5.36293	-6.22627
45	65	55	-1.95365	-4.91125	-5.29724
45	65	65	-1.29478	-3.26943	-3.34007
45	65	75	-1.25004	-1.9327	-2.20992
45	65	85	-0.881158	-3.41144	-3.1876
45	75	5	1.63512	-4.93257	-4.73412
45	75	15	1.57514	-3.013	-2.83899
45	75	25	2.27887	-3.07019	-3.0331
45	75	35	0.800777	-3.76568	-3.97329
45	75	45	0.53775	-5.13875	-5.67019
45	75	55	0.904316	-4.94254	-5.33148
45	75	65	0.616088	-4.03295	-4.16815
45	75	75	-0.350669	-1.48265	-1.54064
45	75	85	0.0187563	-2.53408	-2.41758
45	85	5	1.24181	-4.33727	-4.38409
45	85	15	0.741557	-1.28293	-1.27483
45	85	25	1.34051	-1.63214	-1.64738
45	85	35	1.65051	-3.45114	-3.95192
45	85	45	1.17239	-5.04039	-6.20066
45	85	55	1.75895	-4.94075	-5.53499
45	85	65	0.466137	-3.73891	-4.02419
45	85	75	-0.176476	-1.33989	-1.39989
45	85	85	0.201836	-2.71406	-2.72359
55	5	5	3.58393	-6.40075	-4.96579
55	5	15	2.81286	-5.40155	-4.11996
55	5	25	2.72152	-3.96532	-3.18198
55	5	35	2.60612	-3.3514	-3.32815
55	5	45	2.98612	-4.49191	-5.50621
55	5	55	2.48453	-4.98058	-5.07636
55	5	65	2.34356	-4.96086	-4.92064
55	5	75	2.62016	-4.65541	-4.19366
55	5	85	3.42595	-5.95502	-4.26753
55	15	5	4.20582	-6.69451	-5.13047
55	15	15	3.92816	-4.99501	-3.32258
55	15	25	4.14911	-4.44095	-2.70471
55	15	35	3.73326	-3.87117	-2.93033
55	15	45	3.8455	-5.27264	-4.63498
55	15	55	3.1036	-5.28096	-4.70519
55	15	65	2.80793	-4.4205	-4.05976
55	15	75	2.77545	-4.38064	-3.8704
55	15	85	3.12725	-5.71696	-4.96258
55	25	5	4.326	-6.72216	-5.31326
55	25	15	5.63671	-6.43554	-5.21932
55	25	25	4.21598	-4.77588	-3.25056
55	25	35	3.30273	-3.12102	-2.79148
55	25	45	3.0957	-3.77503	-3.54076
55	25	55	3.24307	-4.63625	-4.13132
55	25	65	3.09753	-3.53822	-3.29024
55	25	75	3.45167	-4.0715	-3.4448
55	25	85	3.49584	-5.75692	-5.12759
55	35	5	3.03466	-5.53949	-5.95493
55	35	15	4.25586	-4.56873	-5.74365
55	35	25	3.02168	-3.20394	-3.81058
55	35	35	3.59074	-1.74411	-3.59482
55	35	45	3.44175	-1.90595	-3.37685
55	35	55	3.40245	-3.14268	-3.64415
55	35	65	3.623	-2.94536	-3.52655
55	35	75	3.12702	-3.69693	-3.81396
55	35	85	3.08221	-5.33155	-5.43255
55	45	5	3.73641	-5.03339	-7.10947
55	45	15	3.95661	-3.55648	-5.16188
55	45	25	3.32621	-2.51994	-3.34414
55	45	35	4.77752	-2.51177	-4.26605
55	45	45	4.51483	-2.26015	-4.35918
55	45	55	3.46763	-2.04217	-3.7589
55	45	65	3.01373	-1.7604	-3.53605
55	45	75	2.24055	-1.89914	-4.48569
55	45	85	2.52246	-4.83733	-6.17713
55	55	5	3.5036	-4.34797	-7.06385
55	55	15	3.75481	-3.36762	-4.69519
55	55	25	3.43316	-3.24311	-2.85881
55	55	35	4.22978	-4.02297	-4.03602
55	55	45	0.233788	-4.29076	-5.54915
55	55	55	0.554545	-2.62998	-3.28081
55	55	65	0.869434	-0.837919	-2.06521
55	55	75	0.988831	-0.180936	-2.31386
55	55	85	1.86116	-2.73013	-6.12705
55	65	5	1.86982	-4.95175	-5.46928
55	65	15	3.57202	-5.02935	-4.21558
55	65	25	3.36827	-3.64552	-2.36675
55	65	35	2.56149	-3.28829	-3.08227
55	65	45	-1.10194	-4.9898	-6.03784
55	65	55	-1.38308	-4.71735	-5.17101
55	65	65	-0.563446	-3.50277	-3.82945
55	65	75	0.0426114	-3.03155	-3.75172
55	65	85	0.32654	-3.73925	-4.94329
55	75	5	2.80043	-5.22853	-5.75749
55	75	15	2.43493	-4.33877	-4.15039
55	75	25	3.02972	-3.5673	-3.19782
55	75	35	1.82938	-2.52899	-2.45419
55	75	45	-0.172492	-4.69693	-5.68975
55	75	55	0.974886	-5.04065	-5.90606
55	75	65	1.75991	-4.91203	-5.31093
55	75	75	0.0761217	-3.18428	-3.70836
55	75	85	0.825968	-3.86339	-4.11896
55	85	5	2.33507	-5.1913	-5.37871
55	85	15	1.80381	-3.96794	-3.68902
55	85	25	2.43653	-2.82823	-2.66326
55	85	35	2.4392	-2.50781	-2.56466
55	85	45	1.45843	-4.57822	-5.8398
55	85	55	2.10571	-5.03924	-5.63153
55	85	65	1.26338	-4.50212	-4.72459
55	85	75	0.225046	-3.36298	-3.38225
55	85	85	1.09229	-4.1824	-4.21367
65	5	5	4.20338	-6.80617	-5.53528
65	5	15	3.3626	-6.36893	-4.79181
65	5	25	2.4382	-4.81995	-4.20651
65	5	35	2.93446	-3.89498	-4.11201
65	5	45	3.17757	-4.29824	-4.7857
65	5	55	2.43639	-5.16024	-4.63945
65	5	65	2.47165	-5.24417	-4.90116
65	5	75	2.0624	-5.09079	-4.74088
65	5	85	2.88693	-5.55763	-4.86962
65	15	5	3.3038	-6.08999	-5.32044
65	15	15	2.53707	-5.41455	-4.7729
65	15	25	3.21845	-4.84945	-4.02296
65	15	35	3.30363	-4.17483	-3.37377
65	15	45	3.4274	-4.81395	-4.62587
65	15	55	3.1236	-5.35289	-4.70683
65	15	65	2.56607	-4.91297	-4.23837
65	15	75	2.20113	-4.96398	-4.15762
65	15	85	2.98046	-5.75512	-5.02832
65	25	5	3.49614	-6.14757	-5.79993
65	25	15	4.42453	-5.04454	-5.64613
65	25	25	4.78558	-5.58045	-4.31055
65	25	35	3.74301	-4.04612	-2.89199
65	25	45	3.42628	-3.85321	-3.14427
65	25	55	3.47484	-4.84818	-3.72839
65	25	65	3.30753	-4.1979	-3.09519
65	25	75	3.10254	-4.96879	-4.00124
65	25	85	3.5307	-6.36433	-5.36507
65	35	5	2.66985	-5.42031	-6.88861
65	35	15	4.71059	-4.76371	-7.00258
65	35	25	4.30457	-3.88142	-5.58385
65	35	35	4.23521	-1.38228	-4.30062
65	35	45	3.65495	-2.89702	-3.25539
65	35	55	3.10777	-3.25025	-2.71266
65	35	65	2.94723	-2.97102	-2.70579
65	35	75	2.92502	-3.27297	-3.27409
65	35	85	2.55378	-5.17845	-6.18194
65	45	5	2.48928	-5.02951	-7.65607
65	45	15	4.66531	-3.84149	-6.30957
65	45	25	4.72561	-2.75772	-4.83344
65	45	35	5.29643	-2.72138	-4.95343
65	45	45	5.07408	-2.87814	-4.4197
65	45	55	3.63901	-2.30743	-3.3734
65	45	65	2.95549	-1.94977	-3.07699
65	45	75	2.80088	-0.665719	-4.97593
65	45	85	3.12292	-4.94143	-7.89832
65	55	5	3.79515	-4.73262	-7.85238
65	55	15	4.87671	-3.34877	-5.67
65	55	25	4.51213	-2.58783	-4.54467
65	55	35	5.38191	-2.72079	-4.68587
65	55	45	5.07763	-2.19025	-3.91882
65	55	55	3.24359	-1.14766	-3.41595
65	55	65	2.285	-0.731415	-2.50357
65	55	75	2.27687	0.0887579	-3.88506
65	55	85	3.42232	-3.88309	-9.04024
65	65	5	4.37252	-4.65679	-6.47379
65	65	15	5.1189	-4.3628	-5.52872
65	65	25	4.78565	-3.87858	-3.8168
65	65	35	5.0181	-3.27111	-3.58414
65	65	45	3.43502	-3.3704	-4.20889
65	65	55	0.982128	-4.44532	-5.73317
65	65	65	0.115793	-3.87696	-5.53863
65	65	75	1.00893	-2.1936	-4.48949
65	65	85	2.29094	-3.2839	-6.4129
65	75	5	4.65462	-5.71729	-6.26177
65	75	15	4.75218	-4.68753	-5.23818
65	75	25	3.53652	-3.15187	-3.36348
65	75	35	3.24808	-2.42514	-2.63596
65	75	45	2.97153	-2.97068	-4.0496
65	75	55	1.8625	-4.86257	-5.86899
65	75	65	2.27248	-5.13982	-6.37037
65	75	75	1.19487	-4.42376	-5.29665
65	75	85	2.16244	-4.74077	-4.93055
65	85	5	3.57711	-6.06135	-5.70809
65	85	15	3.65156	-4.7271	-4.57596
65	85	25	2.94653	-2.82686	-3.01655
65	85	35	2.66409	-2.29303	-2.49966
65	85	45	3.14354	-2.97351	-3.95205
65	85	55	1.87184	-5.05935	-5.60302
65	85	65	1.93374	-5.02296	-5.66262
65	85	75	1.84542	-4.5686	-4.70478
65	85	85	2.25092	-4.93345	-4.66726
75	5	5	0.967247	-7.0589	-5.89398
75	5	15	3.43455	-6.5678	-5.78373
75	5	25	3.39413	-5.38854	-4.23807
75	5	35	2.51447	-4.29396	-3.524
75	5	45	2.63538	-3.95478	-3.17093
75	5	55	2.64415	-4.0558	-2.89048
75	5	65	3.25806	-4.96838	-3.93703
75	5	75	2.88229	-5.96707	-4.65886
75	5	85	2.0815	-6.82552	-4.66405
75	15	5	1.65429	-6.95328	-5.89616
75	15	15	2.26512	-5.6689	-6.12077
75	15	25	1.34084	-5.45908	-5.07191
75	15	35	1.14848	-5.15875	-4.60314
75	15	45	2.42919	-5.32293	-4.68561
75	15	55	3.11884	-5.61417	-4.78443
75	15	65	3.72702	-5.73259	-4.46634
75	15	75	3.55556	-5.74575	-4.25256
75	15	85	2.84834	-6.33762	-4.95162
75	25	5	1.88725	-5.35891	-6.58819
75	25	15	2.48036	-5.04152	-6.0957
75	25	25	2.6936	-4.63706	-5.35709
75	25	35	2.77953	-4.71764	-4.48012
75	25	45	3.21682	-4.12855	-3.78066
75	25	55	3.60056	-4.80744	-3.56738
75	25	65	3.42416	-4.12257	-2.49443
75	25	75	2.216	-4.20152	-3.41011
75	25	85	1.79337	-5.55764	-5.78804
75	35	5	2.8625	-5.30064	-8.21599
75	35	15	3.54934	-4.98013	-6.90937
75	35	25	4.60117	-3.37862	-6.88989
75	35	35	3.84783	-3.18404	-4.89838
75	35	45	3.16859	-3.35701	-3.0385
75	35	55	3.76341	-3.87341	-2.23333
75	35	65	2.81339	-2.33641	-2.031
75	35	75	1.99489	-3.13884	-3.76751
75	35	85	1.48188	-5.1862	-7.53668
75	45	5	3.2879	-5.21892	-8.73019
75	45	15	4.84521	-4.27668	-7.1645
75	45	25	5.2334	-2.42901	-5.41938
75	45	35	4.99581	-2.99403	-4.89284
75	45	45	3.68241	-3.01015	-2.94162
75	45	55	4.02302	-2.07186	-3.0521
75	45	65	4.45956	0.187751	-4.32458
75	45	75	4.60696	-0.303866	-5.54788
75	45	85	2.61359	-5.11507	-8.61089
75	55	5	4.2037	-4.91576	-8.30751
75	55	15	5.21326	-3.27656	-6.11396
75	55	25	5.34023	-2.36964	-5.20807
75	55	35	5.36575	-1.87041	-5.00323
75	55	45	4.67305	-1.16899	-3.72756
75	55	55	5.05127	-0.229775	-3.64031
75	55	65	4.30208	0.33915	-4.06823
75	55	75	3.89172	0.320137	-4.93212
75	55	85	3.08369	-4.78914	-9.23833
75	65	5	5.7676	-4.9244	-6.96128
75	65	15	6.08094	-3.80571	-5.86105
75	65	25	5.7518	-2.89006	-5.35796
75	65	35	6.0229	-2.19732	-4.93695
75	65	45	6.3171	-2.63844	-4.3842
75	65	55	5.64264	-2.09879	-4.06128
75	65	65	2.67022	-0.57175	-4.43129
75	65	75	3.20506	0.716087	-4.08819
75	65	85	3.97408	-4.08972	-7.53389
75	75	5	5.48297	-5.5213	-6.53798
75	75	15	6.64948	-5.35712	-6.10955
75	75	25	6.66979	-4.35658	-5.31548
75	75	35	5.91935	-3.29987	-4.74302
75	75	45	5.4728	-2.75941	-4.24295
75	75	55	4.21563	-3.74568	-5.00667
75	75	65	1.64064	-4.3936	-5.4366
75	75	75	2.59632	-2.78621	-4.14268
75	75	85	3.58418	-4.32698	-4.91909
75	85	5	3.5739	-6.53463	-6.57448
75	85	15	6.3954	-5.5502	-6.00261
75	85	25	5.88225	-3.89097	-4.5567
75	85	35	4.21591	-2.87358	-3.68354
75	85	45	3.82831	-2.59337	-3.14245
75	85	55	2.81341	-3.71643	-3.61276
75	85	65	0.930921	-4.71364	-4.83972
75	85	75	1.32074	-3.74978	-3.41802
75	85	85	2.41868	-5.29266	-3.6685
85	5	5	0.765606	-5.17011	-5.62564
85	5	15	2.82171	-3.24296	-5.3258
85	5	25	3.01359	-2.84601	-3.90621
85	5	35	2.77711	-3.25208	-3.42365
85	5	45	2.81787	-4.65688	-3.95476
85	5	55	3.87844	-5.29748	-3.40621
85	5	65	4.30941	-4.80229	-2.99717
85	5	75	3.1122	-4.66575	-2.98396
85	5	85	0.606595	-4.10915	-3.25521
85	15	5	-1.66596	-6.33354	-5.73263
85	15	15	-1.72102	-6.01606	-6.08381
85	15	25	-2.13629	-6.14949	-4.93699
85	15	35	-0.549559	-5.26717	-4.52425
85	15	45	2.32378	-6.08009	-4.7632
85	15	55	3.92745	-6.42266	-4.8157
85	15	65	3.71507	-5.77062	-4.44294
85	15	75	3.6288	-5.40856	-3.93728
85	15	85	0.646104	-5.56115	-4.03731
85	25	5	0.743229	-5.04156	-7.50863
85	25	15	1.77955	-4.9669	-6.29231
85	25	25	1.27589	-4.92483	-5.29016
85	25	35	0.653699	-4.50797	-4.93189
85	25	45	1.0388	-4.36606	-4.64936
85	25	55	2.7447	-4.91261	-4.23286
85	25	65	3.25269	-3.98135	-2.76133
85	25	75	3.24548	-4.6108	-3.20846
85	25	85	1.8364	-5.08399	-5.20675
85	35	5	1.35978	-5.08911	-8.15934
85	35	15	1.69352	-4.91978	-6.13703
85	35	25	1.96474	-4.59588	-5.13317
85	35	35	1.51247	-4.38753	-4.91122
85	35	45	0.949804	-3.20922	-3.16926
85	35	55	2.69838	-3.78149	-2.51972
85	35	65	2.55548	-2.55943	-1.2625
85	35	75	1.81573	-2.7253	-2.44897
85	35	85	1.77377	-4.99896	-6.88017
85	45	5	2.70067	-5.01874	-7.78945
85	45	15	3.11285	-4.87955	-6.34041
85	45	25	3.35519	-3.3555	-4.51379
85	45	35	2.17295	-3.37105	-4.15474
85	45	45	1.06871	-2.18674	-2.14797
85	45	55	1.71823	-1.99185	-1.4713
85	45	65	2.869	-0.847474	-2.31976
85	45	75	2.05427	-1.77375	-2.72354
85	45	85	2.44815	-4.87732	-6.94727
85	55	5	3.83032	-5.0397	-7.39035
85	55	15	4.55801	-3.96031	-6.39274
85	55	25	4.53357	-1.78023	-4.82814
85	55	35	3.81162	-0.865692	-4.1747
85	55	45	2.34406	-0.828124	-2.61153
85	55	55	2.46871	-0.311374	-1.40018
85	55	65	3.12001	1.03848	-2.54458
85	55	75	2.29751	-0.473544	-2.46976
85	55	85	2.65135	-4.83659	-6.67059
85	65	5	4.86672	-4.97615	-7.22924
85	65	15	5.8384	-3.6572	-6.16628
85	65	25	5.5708	-0.6051	-5.42455
85	65	35	5.46401	-0.00593945	-5.45725
85	65	45	5.55354	-0.782302	-4.46557
85	65	55	5.65216	-1.56789	-2.92925
85	65	65	4.99547	-0.033806	-2.99278
85	65	75	3.94423	0.161227	-3.50091
85	65	85	4.02323	-4.92109	-6.47449
85	75	5	5.72304	-5.23187	-6.74844
85	75	15	5.78838	-4.71974	-6.47928
85	75	25	5.91084	-3.44092	-6.16079
85	75	35	5.87856	-2.85674	-5.57166
85	75	45	5.90649	-2.87477	-5.11966
85	75	55	6.58365	-3.49846	-4.47196
85	75	65	5.198	-2.75458	-3.44543
85	75	75	3.90659	-1.11856	-2.99613
85	75	85	5.00736	-4.40686	-5.64541
85	85	5	3.78776	-4.74579	-6.61185
85	85	15	4.79905	-3.84509	-5.94808
85	85	25	5.32078	-3.33381	-5.50511
85	85	35	5.11652	-3.60525	-5.01125
85	85	45	4.67229	-3.78382	-4.41251
85	85	55	4.73824	-3.65918	-3.31118
85	85	65	2.89147	-3.011	-2.46638
85	85	75	1.98038	-2.18296	-1.84654
85	85	85	2.81171	-3.61394	-3.97359
