5	5	5	2.63224	-5.06078	-5.1004
5	5	15	2.55264	-4.6608	-4.66241
5	5	25	2.69109	-3.77682	-3.63688
5	5	35	2.85104	-3.79773	-3.57734
5	5	45	3.39624	-5.43655	-5.32173
5	5	55	3.01033	-4.98112	-5.00043
5	5	65	2.67896	-5.10204	-5.06998
5	5	75	2.7521	-4.05683	-4.17791
5	5	85	2.59224	-4.7803	-4.78152
5	15	5	3.31345	-5.81187	-5.13349
5	15	15	3.13385	-5.57977	-5.04261
5	15	25	2.63153	-5.00753	-4.92725
5	15	35	2.73183	-4.8038	-4.74301
5	15	45	3.45742	-5.25002	-5.58842
5	15	55	3.47266	-5.96828	-5.11632
5	15	65	3.90537	-6.28684	-5.10919
5	15	75	3.87973	-5.82404	-4.73995
5	15	85	3.75668	-6.19265	-5.11111
5	25	5	2.8279	-5.29714	-5.18119
5	25	15	2.62227	-5.15081	-5.12361
5	25	25	2.55796	-5.0851	-5.07842
5	25	35	2.58146	-4.97827	-4.98783
5	25	45	3.4532	-5.12175	-5.94357
5	25	55	3.10571	-5.4341	-5.28346
5	25	65	3.124	-4.88028	-4.65357
5	25	75	2.91502	-3.879	-3.64268
5	25	85	2.93393	-5.3368	-5.0756
5	35	5	2.65246	-5.12311	-5.18183
5	35	15	2.57511	-5.04249	-5.06563
5	35	25	2.61117	-4.86055	-4.80043
5	35	35	2.61268	-4.42225	-4.40059
5	35	45	3.15331	-5.11492	-5.59263
5	35	55	2.86869	-4.8479	-4.91263
5	35	65	2.8517	-3.29096	-3.17059
5	35	75	2.60309	-3.36076	-3.24898
5	35	85	2.69914	-5.03758	-5.13035
5	45	5	2.77239	-5.16254	-5.26223
5	45	15	2.75188	-5.02204	-4.98287
5	45	25	2.69186	-3.65646	-3.59645
5	45	35	2.75231	-3.12631	-3.28582
5	45	45	2.89315	-4.87262	-5.17128
5	45	55	2.75757	-3.68381	-3.88607
5	45	65	2.59832	-2.55245	-2.67011
5	45	75	2.53465	-3.33037	-3.30566
5	45	85	2.81289	-5.1008	-5.27789
5	55	5	3.63349	-5.90279	-5.30286
5	55	15	3.55506	-5.60283	-4.72526
5	55	25	2.93508	-3.49967	-3.19727
5	55	35	2.85266	-3.50388	-3.72307
5	55	45	2.89346	-5.06318	-5.24234
5	55	55	2.85438	-4.8214	-5.12446
5	55	65	2.57371	-4.07706	-4.05928
5	55	75	2.74885	-4.29389	-4.09391
5	55	85	3.44847	-5.74969	-5.21029
5	65	5	3.14432	-5.38982	-5.35826
5	65	15	2.8279	-4.79524	-4.64242
5	65	25	2.70309	-3.30478	-3.19362
5	65	35	2.85707	-3.32465	-3.57862
5	65	45	2.95272	-5.10765	-5.42836
5	65	55	2.91312	-4.98191	-5.30306
5	65	65	2.57392	-4.79324	-4.81451
5	65	75	2.87278	-4.36205	-4.16217
5	65	85	2.93407	-5.32758	-5.0258
5	75	5	2.63351	-5.09447	-5.17281
5	75	15	2.59716	-4.42481	-4.42354
5	75	25	2.71444	-3.32051	-3.138
5	75	35	2.93114	-3.23881	-3.21874
5	75	45	3.21473	-5.04506	-5.54702
5	75	55	3.18195	-5.04398	-5.59076
5	75	65	2.55642	-5.06045	-5.06182
5	75	75	2.65353	-4.03614	-4.13461
5	75	85	2.57556	-4.81681	-4.83484
5	85	5	2.67149	-5.12884	-5.12923
5	85	15	2.71226	-4.28143	-4.1626
5	85	25	2.65308	-2.85286	-2.71245
5	85	35	2.55273	-2.86999	-2.86835
5	85	45	3.0344	-4.76385	-5.2469
5	85	55	2.98207	-4.70198	-5.13265
5	85	65	2.59459	-5.00219	-5.00546
5	85	75	2.63364	-3.35988	-3.44237
5	85	85	2.59234	-4.4465	-4.44768
15	5	5	2.79145	-5.26854	-5.14894
15	5	15	2.61265	-4.64178	-4.66261
15	5	25	2.55271	-3.70283	-3.70452
15	5	35	2.73188	-4.37504	-4.51589
15	5	45	3.13387	-5.03738	-5.5402
15	5	55	2.92195	-4.6353	-4.60618
15	5	65	3.01886	-4.85406	-4.64185
15	5	75	2.91355	-4.77967	-4.54215
15	5	85	2.89227	-5.1872	-4.88844
15	15	5	3.71464	-6.19801	-5.19601
15	15	15	3.37512	-5.9016	-5.0841
15	15	25	3.01292	-5.37442	-4.91392
15	15	35	3.15144	-5.31314	-5.23276
15	15	45	4.03867	-5.53276	-5.9764
15	15	55	3.95677	-5.92796	-5.31606
15	15	65	4.23816	-6.16842	-4.58916
15	15	75	4.60441	-5.97284	-4.04143
15	15	85	4.57985	-6.82834	-4.84116
15	25	5	3.07624	-5.4846	-5.24259
15	25	15	2.62468	-5.14984	-5.08749
15	25	25	2.57568	-5.0244	-5.00105
15	25	35	2.67786	-5.10538	-5.21855
15	25	45	3.37598	-5.17661	-5.83566
15	25	55	3.08296	-5.1336	-5.43698
15	25	65	2.99021	-4.80524	-4.59721
15	25	75	3.1803	-3.50677	-3.08334
15	25	85	3.24836	-5.10847	-4.61357
15	35	5	2.82169	-5.26974	-5.20153
15	35	15	2.59922	-5.12377	-5.08846
15	35	25	2.55165	-4.96258	-4.96211
15	35	35	2.67236	-4.98291	-5.06157
15	35	45	3.69668	-5.10382	-6.16056
15	35	55	3.29453	-5.10832	-5.67845
15	35	65	2.75015	-3.48894	-3.57345
15	35	75	2.73475	-2.99044	-2.79251
15	35	85	2.83288	-4.69021	-4.4548
15	45	5	2.73287	-5.10152	-5.28073
15	45	15	2.61156	-5.1421	-5.08251
15	45	25	2.5911	-4.06092	-4.02085
15	45	35	2.71269	-3.61767	-3.45602
15	45	45	3.17231	-4.3489	-4.84761
15	45	55	3.14037	-3.84279	-4.26867
15	45	65	2.36587	-2.682	-2.6817
15	45	75	2.4253	-2.97382	-2.98448
15	45	85	2.60036	-4.97142	-4.93027
15	55	5	2.65412	-5.202	-5.12348
15	55	15	3.1935	-5.48365	-4.8829
15	55	25	3.31346	-3.72047	-2.99806
15	55	35	3.15185	-3.25193	-2.69114
15	55	45	3.07344	-4.70413	-4.62251
15	55	55	2.69949	-4.82147	-4.92103
15	55	65	2.59762	-3.83739	-3.83647
15	55	75	2.61598	-3.91387	-3.89699
15	55	85	2.61851	-5.0882	-5.07398
15	65	5	2.85566	-5.26347	-5.26249
15	65	15	2.6947	-4.48486	-4.42248
15	65	25	2.75709	-3.03848	-2.87407
15	65	35	2.73905	-3.19115	-3.08314
15	65	45	2.7163	-4.57413	-4.72966
15	65	55	2.71751	-4.94328	-5.02247
15	65	65	2.70071	-4.98005	-4.92249
15	65	75	2.68311	-4.58195	-4.51242
15	65	85	2.71583	-5.04314	-5.00555
15	75	5	2.65643	-5.10339	-5.20143
15	75	15	2.57554	-4.62357	-4.64444
15	75	25	2.55308	-3.35326	-3.35203
15	75	35	2.67321	-3.76524	-3.76387
15	75	45	2.7161	-4.44983	-4.44719
15	75	55	2.66343	-4.18969	-4.28541
15	75	65	2.60739	-4.90871	-4.94612
15	75	75	2.59054	-4.5636	-4.58761
15	75	85	2.59778	-5.00534	-5.04547
15	85	5	2.67267	-5.09628	-5.21791
15	85	15	2.61388	-4.32186	-4.30469
15	85	25	2.53231	-3.00805	-3.00929
15	85	35	2.69277	-3.68327	-3.82479
15	85	45	3.01402	-4.66095	-5.0836
15	85	55	2.72132	-4.18028	-4.34859
15	85	65	2.5756	-4.70012	-4.72454
15	85	75	2.61522	-4.18123	-4.24531
15	85	85	2.57198	-4.76074	-4.78159
25	5	5	3.09309	-5.49524	-5.23726
25	5	15	2.75429	-4.66233	-4.58559
25	5	25	2.67278	-3.70565	-3.74739
25	5	35	2.7523	-4.90057	-4.98183
25	5	45	3.03626	-5.09367	-5.53889
25	5	55	2.8764	-4.6133	-4.73771
25	5	65	3.1993	-4.02486	-3.79059
25	5	75	3.25638	-4.73405	-4.11931
25	5	85	3.25315	-5.52367	-4.98571
25	15	5	4.41864	-6.90336	-5.15895
25	15	15	3.81642	-6.16258	-5.06636
25	15	25	2.99452	-5.03284	-4.67551
25	15	35	2.89328	-5.27447	-5.2159
25	15	45	3.43789	-5.40875	-5.61232
25	15	55	4.08963	-5.80765	-5.05085
25	15	65	4.39036	-5.6228	-4.03396
25	15	75	4.79351	-5.5907	-3.47236
25	15	85	4.88943	-6.52719	-4.2304
25	25	5	3.64747	-6.02806	-5.26121
25	25	15	3.05806	-5.45393	-5.01692
25	25	25	2.63981	-4.90922	-4.8228
25	25	35	2.8608	-5.08591	-5.34039
25	25	45	3.46458	-5.16656	-5.94591
25	25	55	3.47114	-4.90342	-5.37713
25	25	65	2.93475	-3.91286	-3.62763
25	25	75	2.95764	-3.11608	-2.79194
25	25	85	3.63285	-4.68104	-3.68001
25	35	5	3.0958	-5.35223	-5.37305
25	35	15	2.64972	-5.10821	-5.07452
25	35	25	2.55459	-4.96499	-4.96185
25	35	35	2.65483	-5.00377	-5.10006
25	35	45	3.5169	-5.12502	-5.9248
25	35	55	3.39427	-5.02625	-5.74074
25	35	65	2.78415	-3.5471	-3.6068
25	35	75	2.99067	-2.98845	-2.67046
25	35	85	3.22208	-4.11026	-3.60002
25	45	5	2.91623	-5.13144	-5.41103
25	45	15	2.59558	-5.12253	-5.08604
25	45	25	2.63169	-4.60229	-4.52166
25	45	35	2.73242	-4.44063	-4.37925
25	45	45	3.43252	-4.37993	-5.18004
25	45	55	3.24325	-4.24221	-4.7324
25	45	65	2.91881	-3.12324	-3.04541
25	45	75	2.90017	-3.17756	-3.15086
25	45	85	2.65851	-4.46286	-4.47861
25	55	5	2.55474	-5.15856	-5.12221
25	55	15	2.6919	-4.98246	-4.84243
25	55	25	2.73271	-3.6429	-3.46206
25	55	35	2.81315	-3.08253	-2.82043
25	55	45	3.33267	-4.16997	-4.14992
25	55	55	3.15831	-4.74944	-4.86935
25	55	65	2.85687	-3.81768	-3.75861
25	55	75	2.9372	-3.91843	-3.94192
25	55	85	2.61789	-4.96291	-4.94885
25	65	5	2.60004	-5.24662	-5.1243
25	65	15	2.73466	-4.96603	-4.78245
25	65	25	2.65309	-3.15848	-3.05807
25	65	35	2.65384	-3.68237	-3.61957
25	65	45	2.84067	-4.10227	-4.21423
25	65	55	2.88593	-4.58094	-4.53006
25	65	65	3.1704	-4.61323	-4.39804
25	65	75	3.35671	-5.03036	-4.88788
25	65	85	3.05308	-5.34509	-5.07188
25	75	5	2.61638	-5.10169	-5.16135
25	75	15	2.58948	-4.60243	-4.64325
25	75	25	2.55223	-3.26843	-3.26806
25	75	35	2.57305	-4.37868	-4.39748
25	75	45	2.69876	-4.40659	-4.54287
25	75	55	2.8631	-4.00018	-4.29467
25	75	65	3.16481	-3.88766	-4.40212
25	75	75	2.73538	-4.70145	-4.87797
25	75	85	2.64574	-4.91258	-5.00139
25	85	5	2.69599	-5.10047	-5.24458
25	85	15	2.57268	-4.08242	-4.10323
25	85	25	2.59146	-3.13246	-3.1329
25	85	35	2.61195	-4.7871	-4.84789
25	85	45	2.75436	-4.9342	-5.13728
25	85	55	2.89613	-4.42797	-4.77178
25	85	65	3.14028	-3.74474	-4.33178
25	85	75	2.72455	-4.63901	-4.81048
25	85	85	2.63852	-4.81242	-4.89731
35	5	5	3.49278	-5.93627	-5.11794
35	5	15	2.87523	-4.38282	-4.1054
35	5	25	2.63437	-3.86207	-3.86456
35	5	35	2.73207	-5.00269	-5.14285
35	5	45	2.79484	-5.09655	-5.29875
35	5	55	3.04124	-4.78128	-5.1063
35	5	65	3.56109	-3.63369	-3.87347
35	5	75	3.56541	-4.27946	-3.88467
35	5	85	3.79884	-5.59366	-4.79969
35	15	5	4.78592	-7.12968	-5.22136
35	15	15	4.22096	-5.30435	-3.8094
35	15	25	3.21586	-4.67168	-4.13404
35	15	35	3.19296	-5.29376	-5.17481
35	15	45	3.17838	-5.45928	-5.3217
35	15	55	3.25647	-5.07657	-5.07182
35	15	65	3.97682	-4.59044	-3.69588
35	15	75	4.37923	-4.47574	-2.85582
35	15	85	4.92196	-5.83031	-3.66358
35	25	5	4.3133	-6.39684	-5.09382
35	25	15	3.80434	-4.32094	-3.37628
35	25	25	2.95274	-3.82939	-3.61161
35	25	35	2.97985	-4.98049	-5.07364
35	25	45	3.28422	-5.2894	-5.64676
35	25	55	2.96621	-4.41394	-4.52393
35	25	65	2.87389	-3.33228	-3.217
35	25	75	2.92731	-3.05396	-2.75867
35	25	85	3.5723	-4.10908	-3.24862
35	35	5	3.59546	-5.10641	-5.56362
35	35	15	2.75027	-4.06217	-3.98094
35	35	25	2.68355	-3.84578	-3.92602
35	35	35	2.90623	-5.069	-5.35907
35	35	45	3.46597	-5.1705	-5.94678
35	35	55	3.0483	-4.7567	-5.18457
35	35	65	2.66408	-3.22469	-3.23558
35	35	75	2.71149	-2.75199	-2.63162
35	35	85	3.18732	-3.2913	-3.13503
35	45	5	3.19949	-4.97366	-5.5756
35	45	15	2.56366	-4.66359	-4.67265
35	45	25	2.57622	-4.98344	-4.96344
35	45	35	2.75552	-4.78241	-4.86055
35	45	45	3.57985	-4.6856	-5.52322
35	45	55	2.91413	-4.1035	-4.38129
35	45	65	2.77684	-3.20349	-3.0608
35	45	75	2.69426	-3.03202	-2.92964
35	45	85	2.75823	-3.55939	-3.63221
35	55	5	3.13427	-5.40998	-5.22996
35	55	15	2.83548	-5.24539	-4.96262
35	55	25	2.77208	-4.46213	-4.2422
35	55	35	2.65365	-3.67262	-3.65088
35	55	45	3.25208	-3.90703	-4.3268
35	55	55	3.24177	-4.12907	-3.93564
35	55	65	3.25709	-4.22747	-3.64424
35	55	75	3.49614	-4.24227	-3.45887
35	55	85	3.37522	-5.52399	-4.93979
35	65	5	2.71996	-5.24615	-5.11967
35	65	15	2.71469	-5.10443	-4.98318
35	65	25	2.57272	-3.67767	-3.65772
35	65	35	2.63149	-4.52965	-4.52928
35	65	45	2.81186	-4.29723	-4.39642
35	65	55	3.0071	-4.34183	-4.22502
35	65	65	3.23254	-3.58982	-3.39193
35	65	75	3.35473	-4.216	-4.05311
35	65	85	2.93153	-4.91084	-4.89915
35	75	5	2.65758	-5.14446	-5.12041
35	75	15	2.61392	-4.86326	-4.88288
35	75	25	2.5727	-3.67684	-3.6561
35	75	35	2.59305	-4.74277	-4.78155
35	75	45	2.65548	-4.91563	-5.01281
35	75	55	2.66234	-4.60673	-4.70513
35	75	65	3.16385	-3.26042	-3.80793
35	75	75	3.32778	-4.09946	-4.76514
35	75	85	2.76996	-4.70246	-4.81873
35	85	5	2.61553	-5.10066	-5.16024
35	85	15	2.57401	-4.26327	-4.28367
35	85	25	2.59203	-3.61218	-3.61292
35	85	35	2.65202	-4.96584	-5.06587
35	85	45	2.71571	-5.06814	-5.23163
35	85	55	2.75748	-4.70829	-4.9142
35	85	65	3.59738	-3.18411	-4.18191
35	85	75	3.2032	-4.48051	-5.00519
35	85	85	2.67917	-4.81644	-4.93961
45	5	5	4.07741	-6.39801	-5.04094
45	5	15	3.17474	-4.22217	-3.68548
45	5	25	2.699	-3.70742	-3.61103
45	5	35	2.81747	-4.75404	-4.89609
45	5	45	2.88253	-5.1216	-5.40852
45	5	55	2.77874	-5.045	-5.02542
45	5	65	3.7274	-4.08922	-3.75548
45	5	75	3.843	-4.25232	-3.52606
45	5	85	3.8565	-4.67162	-3.57053
45	15	5	4.76436	-6.79508	-4.92117
45	15	15	4.32962	-4.71367	-3.22717
45	15	25	3.53074	-3.93106	-3.01194
45	15	35	3.18897	-4.84394	-4.50688
45	15	45	3.32394	-5.49158	-5.48063
45	15	55	3.19334	-5.27765	-5.12771
45	15	65	3.671	-4.32399	-4.18394
45	15	75	3.85113	-3.73881	-3.13124
45	15	85	4.42609	-5.10083	-3.39723
45	25	5	4.74006	-6.30541	-4.86609
45	25	15	4.41192	-4.40208	-2.90114
45	25	25	3.63797	-3.7067	-2.76912
45	25	35	3.10282	-4.10874	-4.04587
45	25	45	3.69661	-5.72657	-5.61555
45	25	55	3.29859	-4.94817	-4.76248
45	25	65	3.4937	-4.02977	-3.50177
45	25	75	3.21051	-3.56298	-3.11372
45	25	85	3.7366	-5.13606	-4.27959
45	35	5	3.6272	-4.1831	-4.53981
45	35	15	3.31286	-3.06044	-3.49596
45	35	25	2.68995	-3.03382	-2.99398
45	35	35	2.94459	-4.40013	-4.53422
45	35	45	3.81944	-5.25526	-6.22567
45	35	55	3.02109	-4.68221	-4.59192
45	35	65	2.70902	-3.27827	-3.17018
45	35	75	2.78447	-3.23514	-3.04284
45	35	85	3.17308	-3.27478	-3.616
45	45	5	3.71128	-3.90775	-4.64832
45	45	15	2.95226	-3.35818	-3.59557
45	45	25	2.86415	-4.49952	-4.45049
45	45	35	2.85642	-4.9611	-5.21709
45	45	45	3.78937	-5.0902	-6.1096
45	45	55	2.68144	-4.59429	-4.66058
45	45	65	2.66783	-3.30885	-3.19683
45	45	75	2.78419	-3.1158	-2.88431
45	45	85	3.30549	-3.26548	-3.59346
45	55	5	3.89874	-5.87516	-5.61225
45	55	15	3.06679	-5.40471	-5.14908
45	55	25	2.74006	-4.87624	-4.81928
45	55	35	2.7535	-4.60053	-4.72039
45	55	45	3.59432	-4.87521	-5.87685
45	55	55	2.67039	-3.07283	-3.10974
45	55	65	2.89492	-3.82367	-3.52267
45	55	75	3.53676	-4.08531	-3.10079
45	55	85	3.97566	-5.80241	-4.8978
45	65	5	3.13963	-5.62288	-5.09851
45	65	15	2.84444	-5.10589	-4.86866
45	65	25	2.65529	-4.56131	-4.50143
45	65	35	2.63215	-5.08527	-5.04552
45	65	45	3.07516	-4.83341	-5.19515
45	65	55	2.80398	-4.09734	-3.98627
45	65	65	2.9172	-2.95699	-2.67666
45	65	75	3.18393	-3.40456	-2.77167
45	65	85	3.40875	-5.10449	-4.40835
45	75	5	2.7362	-4.81878	-4.75499
45	75	15	2.71763	-4.94519	-4.86576
45	75	25	2.61841	-3.98406	-3.92181
45	75	35	2.55885	-4.98036	-4.97375
45	75	45	3.05713	-5.07421	-5.53147
45	75	55	2.67197	-4.83438	-4.89523
45	75	65	2.58518	-3.29479	-3.30159
45	75	75	2.98594	-3.17712	-3.18381
45	75	85	2.80074	-3.98235	-3.85668
45	85	5	2.65878	-4.97784	-4.99597
45	85	15	2.57682	-4.10402	-4.12495
45	85	25	2.612	-3.49771	-3.47694
45	85	35	2.61324	-4.93444	-4.954
45	85	45	2.81617	-5.11705	-5.33775
45	85	55	2.60023	-5.11894	-5.08675
45	85	65	2.74212	-3.54184	-3.47327
45	85	75	3.1887	-3.62183	-3.74496
45	85	85	2.8435	-4.41049	-4.24375
55	5	5	4.18609	-5.07012	-3.77218
55	5	15	3.73775	-4.43991	-3.26414
55	5	25	3.22286	-3.80935	-3.22655
55	5	35	3.1683	-4.88018	-4.55537
55	5	45	3.35186	-5.47342	-5.52394
55	5	55	3.21096	-5.67873	-5.14501
55	5	65	3.37779	-4.76824	-3.98166
55	5	75	4.19558	-4.2091	-2.85193
55	5	85	4.39001	-4.51913	-2.97444
55	15	5	4.77805	-6.38063	-4.50513
55	15	15	4.54948	-4.62804	-3.20868
55	15	25	3.80942	-3.8189	-2.98519
55	15	35	3.62484	-4.385	-4.23223
55	15	45	3.12119	-5.4604	-5.29744
55	15	55	3.03227	-5.49707	-5.14815
55	15	65	3.02547	-4.64991	-4.4614
55	15	75	3.42791	-3.97379	-3.31646
55	15	85	4.5026	-5.60345	-4.11786
55	25	5	4.87448	-6.76724	-5.04868
55	25	15	5.05247	-5.14168	-3.66983
55	25	25	4.23124	-4.09954	-3.46392
55	25	35	4.06909	-4.04867	-4.62866
55	25	45	3.3475	-5.5741	-5.39664
55	25	55	3.99954	-5.85222	-5.40029
55	25	65	3.87367	-4.70672	-4.01119
55	25	75	4.49008	-5.06615	-3.70067
55	25	85	4.68056	-6.53946	-5.38147
55	35	5	4.21212	-4.36459	-4.70111
55	35	15	3.77745	-4.3021	-4.54398
55	35	25	2.87048	-3.11069	-3.23762
55	35	35	3.46923	-3.66776	-4.47823
55	35	45	3.83341	-5.3112	-6.12325
55	35	55	3.39165	-4.61578	-4.50878
55	35	65	3.42003	-3.64295	-3.28532
55	35	75	3.49934	-3.98646	-3.49364
55	35	85	3.91058	-4.7768	-4.90311
55	45	5	3.73631	-3.37396	-4.0567
55	45	15	3.29403	-3.40223	-3.61372
55	45	25	3.02765	-3.62302	-3.52951
55	45	35	3.17169	-4.86886	-5.18959
55	45	45	4.11099	-5.15084	-6.57995
55	45	55	2.84019	-4.44326	-4.64977
55	45	65	2.62124	-3.24931	-3.21699
55	45	75	2.7158	-3.12575	-3.08484
55	45	85	3.63993	-3.50689	-4.06292
55	55	5	4.36349	-5.84791	-5.96665
55	55	15	3.47805	-5.27856	-5.55639
55	55	25	2.8524	-5.13191	-4.90052
55	55	35	3.09851	-4.93009	-5.27013
55	55	45	3.5004	-5.06039	-5.96644
55	55	55	2.73074	-3.45966	-3.51929
55	55	65	2.69379	-3.07204	-3.01321
55	55	75	2.77472	-3.48629	-3.38478
55	55	85	3.71664	-5.36249	-5.23807
55	65	5	3.43961	-5.3377	-5.45641
55	65	15	3.0772	-4.82555	-4.90342
55	65	25	2.77098	-4.68162	-4.57909
55	65	35	2.91573	-5.27629	-5.15855
55	65	45	3.81948	-5.27239	-5.81843
55	65	55	2.84468	-4.0783	-3.92954
55	65	65	3.09433	-3.20344	-2.74114
55	65	75	3.25591	-3.37411	-2.71083
55	65	85	3.37718	-4.80777	-4.22241
55	75	5	3.43627	-5.24697	-5.17139
55	75	15	2.90155	-4.20195	-4.07083
55	75	25	2.70725	-3.89847	-3.81138
55	75	35	2.74214	-5.0136	-5.11669
55	75	45	3.16477	-5.16697	-5.64778
55	75	55	2.80839	-5.16639	-5.20107
55	75	65	2.58648	-3.73331	-3.69876
55	75	75	3.08277	-3.08442	-2.63268
55	75	85	3.5208	-4.49913	-3.74151
55	85	5	2.90434	-4.43989	-4.46521
55	85	15	2.76573	-3.76029	-3.80219
55	85	25	2.59195	-3.32685	-3.34696
55	85	35	2.74451	-4.94759	-4.92267
55	85	45	3.20591	-5.20947	-5.64434
55	85	55	2.68996	-5.21588	-5.12504
55	85	65	2.77403	-4.17864	-4.03654
55	85	75	3.40511	-3.43849	-2.78684
55	85	85	3.04171	-3.49527	-3.07394
65	5	5	3.89561	-4.95006	-4.43611
65	5	15	3.64038	-3.68876	-3.65164
65	5	25	3.21075	-3.5591	-3.32758
65	5	35	3.09752	-4.38913	-4.33003
65	5	45	3.41828	-5.76158	-5.29922
65	5	55	3.90148	-6.41002	-5.10442
65	5	65	4.36611	-6.19607	-4.50306
65	5	75	4.85919	-4.394	-3.55401
65	5	85	4.37216	-4.54897	-3.65959
65	15	5	4.01313	-6.04461	-5.13059
65	15	15	3.82724	-4.60249	-3.77787
65	15	25	4.19511	-4.23757	-3.21686
65	15	35	3.73113	-4.45964	-3.84775
65	15	45	3.15846	-5.54017	-5.24362
65	15	55	2.90441	-5.39037	-5.04696
65	15	65	3.24681	-5.13285	-4.80622
65	15	75	3.3628	-4.0337	-3.93655
65	15	85	3.5925	-5.44745	-5.26235
65	25	5	3.85996	-5.84904	-5.4953
65	25	15	4.28302	-5.20118	-4.704
65	25	25	5.19101	-5.15221	-4.56455
65	25	35	4.54457	-4.28874	-4.65572
65	25	45	3.55288	-5.76904	-5.38367
65	25	55	3.45794	-5.76028	-5.15039
65	25	65	3.73084	-4.87245	-4.67065
65	25	75	3.86682	-4.83239	-4.81615
65	25	85	4.36763	-6.03259	-5.79229
65	35	5	3.61306	-5.23996	-5.65791
65	35	15	4.2297	-5.09873	-5.64981
65	35	25	4.29067	-3.75122	-4.91463
65	35	35	4.28043	-3.49247	-4.7146
65	35	45	3.96469	-5.57031	-5.98654
65	35	55	3.50047	-4.87318	-5.27975
65	35	65	2.95748	-3.14477	-3.41777
65	35	75	2.90341	-3.71762	-3.94267
65	35	85	3.81553	-5.11035	-6.09071
65	45	5	3.51942	-4.784	-5.2308
65	45	15	4.05387	-4.43725	-5.25369
65	45	25	3.99815	-3.16628	-4.15324
65	45	35	4.23145	-4.49941	-5.54159
65	45	45	4.07804	-5.25846	-6.41311
65	45	55	3.41906	-4.36487	-5.06622
65	45	65	2.9206	-3.08486	-3.4704
65	45	75	2.71791	-3.46063	-3.56745
65	45	85	3.63149	-4.56533	-5.36577
65	55	5	3.56147	-5.27282	-5.84724
65	55	15	3.37598	-5.16939	-5.50048
65	55	25	3.29342	-5.11024	-5.43762
65	55	35	3.34044	-4.90895	-5.57398
65	55	45	4.00427	-5.15563	-6.48638
65	55	55	3.05868	-4.28213	-4.66895
65	55	65	2.70819	-3.42845	-3.4648
65	55	75	2.81498	-3.70457	-3.68771
65	55	85	3.45624	-4.84527	-5.34166
65	65	5	3.85754	-5.21923	-6.156
65	65	15	3.31869	-4.90087	-5.62964
65	65	25	2.78029	-4.4803	-4.62713
65	65	35	3.01946	-5.04012	-5.34294
65	65	45	3.73584	-5.23734	-6.02053
65	65	55	2.97303	-4.36437	-4.13918
65	65	65	3.18298	-4.09522	-3.59272
65	65	75	3.34116	-3.4895	-2.77949
65	65	85	3.41873	-4.89379	-4.58688
65	75	5	4.45276	-5.80246	-6.10336
65	75	15	3.68665	-4.19906	-4.93468
65	75	25	3.04499	-3.99203	-3.84605
65	75	35	3.43389	-5.15082	-4.99286
65	75	45	3.63388	-5.56113	-5.72313
65	75	55	3.07682	-5.59882	-5.12342
65	75	65	3.33539	-4.98146	-4.27719
65	75	75	3.69885	-3.76183	-2.65403
65	75	85	4.37676	-5.31711	-3.85623
65	85	5	3.62813	-4.90472	-4.79781
65	85	15	3.60471	-3.50054	-3.90381
65	85	25	2.96866	-3.44162	-3.73446
65	85	35	3.28108	-4.70154	-4.69959
65	85	45	3.40429	-5.65143	-5.40062
65	85	55	3.33151	-5.85969	-5.12482
65	85	65	3.39284	-5.12278	-4.28124
65	85	75	4.18876	-3.96765	-2.93802
65	85	85	3.83598	-3.95507	-3.15359
75	5	5	3.63952	-5.38271	-5.14226
75	5	15	3.71632	-3.96953	-4.32828
75	5	25	3.27468	-3.44434	-3.12634
75	5	35	3.23145	-4.2072	-3.64839
75	5	45	3.49141	-5.8867	-5.2271
75	5	55	3.15783	-5.70199	-5.1088
75	5	65	3.17377	-5.28204	-5.06478
75	5	75	4.1987	-3.36642	-3.8925
75	5	85	3.5295	-4.69589	-4.22795
75	15	5	3.27988	-5.46673	-5.34987
75	15	15	3.82347	-5.04762	-5.18566
75	15	25	3.46545	-4.31211	-3.76734
75	15	35	3.36463	-4.25347	-3.68508
75	15	45	3.33701	-5.74613	-5.20332
75	15	55	3.28383	-5.76274	-5.13394
75	15	65	4.17564	-5.68205	-5.46586
75	15	75	4.38552	-4.90926	-5.66292
75	15	85	3.61792	-5.33725	-5.80244
75	25	5	2.94468	-5.18034	-5.36669
75	25	15	3.23761	-4.65924	-5.14162
75	25	25	3.94648	-4.40123	-5.41631
75	25	35	3.72954	-4.56419	-4.93054
75	25	45	3.48267	-5.7533	-5.32089
75	25	55	3.71591	-5.93778	-5.23064
75	25	65	3.98876	-5.09285	-5.38657
75	25	75	3.29671	-4.58884	-4.66171
75	25	85	3.43707	-5.25518	-5.77403
75	35	5	3.42225	-5.10091	-5.97048
75	35	15	3.89954	-4.6804	-5.94883
75	35	25	4.72443	-4.02185	-5.87503
75	35	35	4.4674	-3.63472	-4.54319
75	35	45	3.93274	-6.02562	-5.49513
75	35	55	3.31081	-4.77079	-4.91201
75	35	65	3.20758	-3.32729	-3.64934
75	35	75	3.05983	-4.06472	-4.37135
75	35	85	3.43285	-5.06515	-5.94333
75	45	5	3.51585	-5.12017	-5.64339
75	45	15	4.52824	-4.91916	-6.09477
75	45	25	4.68635	-3.23751	-4.67921
75	45	35	4.67359	-3.9646	-5.33649
75	45	45	3.56119	-5.17454	-5.96518
75	45	55	3.60005	-4.14395	-5.06794
75	45	65	3.00769	-2.93296	-3.34778
75	45	75	2.69324	-3.50204	-3.6033
75	45	85	3.57145	-4.9935	-5.97309
75	55	5	3.83905	-5.23411	-5.85091
75	55	15	3.64705	-5.03408	-5.64287
75	55	25	3.65868	-4.50431	-5.52711
75	55	35	3.65348	-4.81957	-5.80033
75	55	45	3.92631	-5.2241	-6.31841
75	55	55	3.96994	-4.34229	-5.67952
75	55	65	3.07366	-4.06564	-4.22826
75	55	75	2.93526	-4.34367	-4.00469
75	55	85	3.43461	-5.2724	-5.1488
75	65	5	3.61747	-5.21802	-5.95403
75	65	15	3.31504	-4.8005	-5.5241
75	65	25	2.91265	-4.19886	-4.55967
75	65	35	3.15103	-4.47806	-5.07806
75	65	45	3.93382	-5.11774	-6.45894
75	65	55	3.41064	-4.54351	-5.35989
75	65	65	2.75843	-4.09445	-4.24183
75	65	75	2.80722	-3.22339	-3.04753
75	65	85	3.06345	-4.8821	-4.61286
75	75	5	4.19282	-6.20707	-5.52699
75	75	15	3.55384	-4.9211	-4.72309
75	75	25	3.09305	-3.57803	-3.59922
75	75	35	2.87102	-3.90878	-3.98878
75	75	45	3.77183	-5.39955	-6.01955
75	75	55	3.38952	-5.68281	-5.31715
75	75	65	3.43825	-5.6247	-4.74416
75	75	75	3.65505	-4.0345	-2.97066
75	75	85	4.31782	-5.67916	-4.07721
75	85	5	4.09512	-5.59633	-5.61472
75	85	15	3.71586	-3.96365	-4.20127
75	85	25	2.83585	-3.222	-3.1828
75	85	35	2.95344	-3.97465	-3.81465
75	85	45	2.95102	-5.23261	-5.35261
75	85	55	2.79395	-5.34252	-5.10444
75	85	65	2.95301	-5.0233	-4.62261
75	85	75	3.37516	-3.36727	-2.78636
75	85	85	3.32114	-4.13677	-3.49872
85	5	5	2.65506	-5.03145	-5.04989
85	5	15	2.83469	-4.49949	-4.49751
85	5	25	2.95151	-3.51003	-3.21046
85	5	35	3.03023	-3.78	-3.3
85	5	45	3.23222	-5.63387	-5.19507
85	5	55	2.80387	-5.26226	-5.0743
85	5	65	2.67172	-4.92204	-4.96274
85	5	75	2.87319	-3.47284	-3.75421
85	5	85	2.63467	-4.5945	-4.63574
85	15	5	2.83224	-5.25945	-5.18067
85	15	15	2.87543	-5.09716	-5.05597
85	15	25	2.71667	-4.49653	-4.45177
85	15	35	3.08062	-4.58807	-4.09847
85	15	45	4.19581	-6.37614	-5.41214
85	15	55	3.78986	-6.12333	-5.15897
85	15	65	3.69586	-5.74284	-5.28608
85	15	75	3.91488	-5.33764	-5.5007
85	15	85	3.57271	-5.85653	-5.23739
85	25	5	2.90463	-5.19193	-5.36314
85	25	15	2.83423	-5.06249	-5.26248
85	25	25	2.69391	-5.03202	-5.17008
85	25	35	2.6367	-4.63733	-4.71165
85	25	45	3.34916	-5.26899	-5.67165
85	25	55	3.56714	-5.82695	-5.23243
85	25	65	3.71897	-4.90577	-5.14546
85	25	75	3.2161	-4.8581	-4.79744
85	25	85	2.90543	-5.14178	-5.38738
85	35	5	2.79641	-5.12242	-5.32584
85	35	15	2.85437	-4.84167	-5.06474
85	35	25	3.21285	-4.31135	-4.89276
85	35	35	3.37263	-3.88502	-4.02503
85	35	45	3.76168	-5.85022	-5.52677
85	35	55	3.32543	-4.86942	-4.66783
85	35	65	3.14111	-3.48604	-3.82412
85	35	75	2.71991	-4.01686	-4.09287
85	35	85	3.07536	-5.10898	-5.58546
85	45	5	3.15464	-5.28128	-5.52488
85	45	15	3.49705	-5.1032	-5.48683
85	45	25	3.35312	-3.31364	-3.75407
85	45	35	3.95308	-3.19848	-4.35805
85	45	45	3.11876	-5.10514	-5.58782
85	45	55	3.04085	-3.866	-4.30661
85	45	65	2.97932	-2.89147	-3.23529
85	45	75	2.55082	-3.64295	-3.64245
85	45	85	3.15026	-5.1585	-5.59808
85	55	5	3.91419	-5.56182	-5.84023
85	55	15	3.23865	-4.92	-5.0836
85	55	25	2.95268	-3.97078	-4.29161
85	55	35	3.59186	-4.37825	-5.37822
85	55	45	2.87666	-5.07183	-5.39739
85	55	55	3.37834	-4.66139	-5.40852
85	55	65	2.71876	-4.14253	-4.14846
85	55	75	3.05073	-4.75751	-4.25708
85	55	85	3.55182	-5.66921	-5.06922
85	65	5	3.3902	-5.27413	-5.67574
85	65	15	2.85949	-4.92423	-5.13898
85	65	25	2.65229	-3.95663	-4.01626
85	65	35	3.31266	-4.23087	-4.94925
85	65	45	3.45462	-5.09518	-5.99877
85	65	55	3.70308	-4.94208	-6.05333
85	65	65	2.78682	-4.81005	-4.83781
85	65	75	2.74549	-3.87211	-3.67778
85	65	85	2.86977	-4.81639	-4.74157
85	75	5	2.97574	-5.27412	-5.29025
85	75	15	2.75486	-4.72369	-4.64226
85	75	25	2.73197	-3.59611	-3.41602
85	75	35	2.75185	-3.28478	-3.28399
85	75	45	3.51143	-5.14997	-5.98956
85	75	55	3.4207	-5.10196	-5.9716
85	75	65	2.58485	-5.01565	-4.99905
85	75	75	2.69834	-3.38814	-3.40176
85	75	85	2.73892	-4.5664	-4.5018
85	85	5	2.83192	-5.20037	-5.16032
85	85	15	2.85589	-4.06458	-3.92213
85	85	25	2.67505	-3.01042	-2.84645
85	85	35	2.61224	-2.86757	-2.84595
85	85	45	3.37266	-5.05662	-5.87658
85	85	55	2.71836	-5.10202	-5.26929
85	85	65	2.55585	-4.84166	-4.8464
85	85	75	2.67204	-3.01488	-3.13578
85	85	85	2.63428	-4.03905	-4.04223
