5	5	5	2.6534	-3.5684	-3.58996
5	5	15	2.65149	-2.81985	-2.75947
5	5	25	3.07708	-4.59253	-4.54649
5	5	35	3.74154	-5.47404	-5.78517
5	5	45	3.09334	-5.36333	-4.93903
5	5	55	2.8535	-4.63517	-4.54546
5	5	65	3.02138	-5.10502	-5.27995
5	5	75	3.5395	-5.1794	-5.88214
5	5	85	3.03442	-4.0616	-4.50335
5	15	5	2.59421	-4.23877	-4.2787
5	15	15	2.57509	-2.63765	-2.65444
5	15	25	2.6975	-3.68027	-3.81382
5	15	35	3.20886	-5.03468	-5.62724
5	15	45	2.61741	-4.05459	-4.0099
5	15	55	2.60495	-3.72335	-3.67462
5	15	65	2.75765	-4.6957	-4.77171
5	15	75	3.51589	-5.12234	-6.04392
5	15	85	2.89268	-5.11943	-5.41867
5	25	5	2.61293	-4.28159	-4.34252
5	25	15	2.63248	-2.63457	-2.71482
5	25	25	2.67129	-2.91213	-3.03185
5	25	35	2.77692	-4.33699	-4.51432
5	25	45	2.61562	-3.23908	-3.17617
5	25	55	2.55407	-3.36171	-3.35978
5	25	65	2.59393	-4.3384	-4.37638
5	25	75	3.11273	-5.10069	-5.65981
5	25	85	2.82002	-5.12215	-5.35087
5	35	5	2.81329	-4.46246	-4.68385
5	35	15	2.89224	-2.84074	-3.14033
5	35	25	2.81803	-3.27631	-3.37813
5	35	35	2.95741	-4.40593	-4.04203
5	35	45	3.27683	-3.83011	-3.14673
5	35	55	3.57279	-4.15437	-3.13435
5	35	65	3.47112	-4.96718	-4.12718
5	35	75	3.03185	-5.39758	-5.27677
5	35	85	2.76108	-5.12242	-5.25162
5	45	5	3.51164	-5.00208	-5.20181
5	45	15	3.65472	-3.9617	-4.30046
5	45	25	3.07373	-5.18927	-5.00177
5	45	35	3.75246	-6.01673	-4.8978
5	45	45	4.31634	-5.27574	-3.59293
5	45	55	4.82032	-5.17401	-2.90564
5	45	65	4.66303	-5.63564	-3.60443
5	45	75	4.23428	-6.67062	-5.18899
5	45	85	3.25632	-5.64321	-5.14602
5	55	5	3.74094	-4.34948	-5.20372
5	55	15	3.32737	-4.35429	-4.7548
5	55	25	2.82928	-5.15673	-5.12979
5	55	35	2.83214	-5.23677	-5.07974
5	55	45	2.9085	-4.42237	-4.10828
5	55	55	3.51276	-4.47925	-3.55924
5	55	65	4.18419	-5.00811	-3.57597
5	55	75	3.81409	-6.17441	-5.23951
5	55	85	3.06695	-5.31163	-5.20806
5	65	5	3.20851	-3.11061	-3.70296
5	65	15	2.93015	-3.72329	-3.96375
5	65	25	2.81265	-5.00298	-5.1952
5	65	35	2.66382	-4.969	-4.97963
5	65	45	2.71484	-4.67535	-4.55832
5	65	55	2.99022	-3.85938	-3.50602
5	65	65	3.00524	-3.53245	-3.39944
5	65	75	2.91427	-5.21184	-5.2946
5	65	85	2.98479	-4.62789	-5.00936
5	75	5	2.87982	-3.16602	-3.36846
5	75	15	2.76077	-3.5462	-3.54474
5	75	25	2.69578	-4.46798	-4.52742
5	75	35	2.89857	-4.70746	-4.68649
5	75	45	2.76133	-4.21685	-4.18154
5	75	55	2.68181	-3.00339	-2.9998
5	75	65	2.83578	-4.20355	-4.44178
5	75	75	2.7977	-5.07407	-5.31717
5	75	85	2.92396	-4.30412	-4.63187
5	85	5	2.71701	-3.43023	-3.47184
5	85	15	2.73216	-3.70561	-3.60546
5	85	25	3.07372	-5.08316	-4.72129
5	85	35	3.4253	-5.64945	-5.23443
5	85	45	3.56961	-5.78672	-5.07678
5	85	55	3.36719	-5.62693	-4.9947
5	85	65	3.19365	-5.2284	-5.10775
5	85	75	3.41992	-5.418	-5.63965
5	85	85	3.0141	-4.4222	-4.4843
15	5	5	2.63641	-4.12487	-4.08939
15	5	15	2.6528	-3.08856	-3.02794
15	5	25	3.21467	-4.67331	-4.97293
15	5	35	3.57072	-5.37607	-5.76926
15	5	45	3.77901	-5.4122	-5.37878
15	5	55	3.3775	-4.97539	-4.24799
15	5	65	3.38134	-5.04455	-4.74189
15	5	75	3.94576	-5.36226	-6.22635
15	5	85	2.82299	-4.60396	-4.71178
15	15	5	2.56065	-4.74805	-4.74321
15	15	15	2.57629	-2.97499	-2.9514
15	15	25	3.12271	-4.02484	-4.53642
15	15	35	3.51512	-5.05981	-5.99655
15	15	45	3.08404	-4.53479	-4.64
15	15	55	2.87071	-3.5253	-3.46965
15	15	65	2.9562	-3.91326	-4.06948
15	15	75	3.80312	-5.22237	-6.22802
15	15	85	2.7144	-5.14556	-5.17928
15	25	5	2.5938	-4.64329	-4.64341
15	25	15	2.57406	-2.68697	-2.66555
15	25	25	2.85173	-3.47338	-3.69269
15	25	35	3.22326	-4.96331	-5.37588
15	25	45	2.93837	-3.75731	-3.63011
15	25	55	2.84666	-3.30959	-3.14602
15	25	65	2.75701	-3.73826	-3.85461
15	25	75	3.57592	-5.09504	-6.11508
15	25	85	2.67005	-5.14289	-5.18016
15	35	5	2.65615	-4.92424	-4.90497
15	35	15	2.57333	-2.82792	-2.80563
15	35	25	2.75547	-4.09633	-4.05348
15	35	35	3.3482	-5.47329	-4.76036
15	35	45	3.58824	-4.57537	-3.59435
15	35	55	3.77649	-4.08679	-2.9057
15	35	65	4.01344	-5.02891	-3.60788
15	35	75	3.57417	-5.66693	-5.52966
15	35	85	2.74415	-5.22417	-5.17293
15	45	5	3.059	-5.24914	-4.78212
15	45	15	3.16377	-4.76078	-4.58965
15	45	25	3.00918	-5.43253	-5.09842
15	45	35	3.24173	-5.67389	-5.10457
15	45	45	3.54864	-5.43425	-4.5242
15	45	55	4.34292	-5.37184	-3.58508
15	45	65	4.59526	-5.60629	-3.56328
15	45	75	4.66525	-6.71429	-5.56343
15	45	85	3.59174	-6.03136	-5.17323
15	55	5	2.91961	-4.82817	-4.5821
15	55	15	3.55972	-4.88073	-4.63283
15	55	25	3.08052	-5.53821	-5.13446
15	55	35	3.34931	-5.81203	-5.13963
15	55	45	3.12876	-5.1115	-4.5805
15	55	55	3.59216	-5.23206	-4.23114
15	55	65	4.4061	-5.97228	-4.199
15	55	75	4.43487	-6.7522	-5.27421
15	55	85	3.5718	-6.01403	-5.01028
15	65	5	3.10208	-3.22978	-3.52136
15	65	15	2.99288	-4.14264	-4.26649
15	65	25	2.9334	-5.34351	-5.16552
15	65	35	2.76873	-5.23313	-5.18474
15	65	45	2.80741	-4.85323	-4.68387
15	65	55	2.71723	-4.00215	-3.88752
15	65	65	3.115	-3.4905	-3.33501
15	65	75	3.02339	-5.23267	-5.37872
15	65	85	2.74447	-4.55089	-4.56558
15	75	5	3.06569	-2.95674	-3.422
15	75	15	3.00677	-3.59104	-3.82783
15	75	25	2.66902	-5.00535	-5.05881
15	75	35	2.83515	-5.03378	-5.08908
15	75	45	2.9294	-4.75069	-4.66441
15	75	55	2.79457	-3.10394	-2.921
15	75	65	2.91133	-3.79911	-3.73972
15	75	75	3.01393	-5.1467	-5.44576
15	75	85	2.97829	-4.26251	-4.32762
15	85	5	2.79967	-3.92694	-4.09297
15	85	15	2.67616	-4.00208	-4.08677
15	85	25	2.736	-4.78924	-4.93257
15	85	35	3.10834	-5.19096	-5.26337
15	85	45	3.71633	-5.77579	-4.97044
15	85	55	3.79113	-5.62731	-4.53656
15	85	65	3.6004	-5.56364	-5.00319
15	85	75	3.45401	-5.46931	-5.60089
15	85	85	2.97536	-4.44485	-4.58239
25	5	5	3.04794	-4.94725	-4.96172
25	5	15	3.14038	-4.03932	-3.90546
25	5	25	3.51557	-4.84125	-5.36258
25	5	35	3.89264	-5.55818	-6.05419
25	5	45	3.96406	-5.56186	-5.61192
25	5	55	3.47797	-4.64117	-4.159
25	5	65	3.80031	-4.59418	-5.07359
25	5	75	3.8224	-5.31932	-6.1424
25	5	85	3.07908	-5.08292	-5.28849
25	15	5	2.62398	-5.03445	-5.01938
25	15	15	2.69943	-3.38776	-3.40322
25	15	25	3.48484	-4.55149	-5.26262
25	15	35	3.52005	-5.10484	-6.00384
25	15	45	3.51681	-5.07279	-5.0583
25	15	55	3.60617	-4.2793	-3.60716
25	15	65	3.5021	-3.66439	-3.65467
25	15	75	4.28639	-5.33039	-6.58411
25	15	85	2.92052	-5.22359	-5.34978
25	25	5	2.7022	-4.95082	-4.88358
25	25	15	2.74273	-3.12483	-3.09651
25	25	25	3.18671	-4.1139	-4.51981
25	25	35	3.69919	-5.22245	-6.0055
25	25	45	3.90632	-4.59379	-4.44336
25	25	55	3.04196	-3.36242	-2.94141
25	25	65	3.15878	-2.99075	-3.27051
25	25	75	3.56513	-5.14218	-5.98349
25	25	85	2.68111	-5.11239	-5.22166
25	35	5	3.06257	-5.35308	-4.92254
25	35	15	2.92657	-3.82759	-3.45284
25	35	25	3.26825	-5.17013	-4.6937
25	35	35	3.86134	-5.79533	-5.4923
25	35	45	4.35391	-5.85753	-4.6587
25	35	55	4.30157	-4.88184	-3.24871
25	35	65	4.141	-4.7681	-3.42508
25	35	75	4.63952	-6.25512	-5.98112
25	35	85	3.25079	-5.66917	-5.1143
25	45	5	3.16477	-5.55534	-4.9425
25	45	15	2.95758	-5.1038	-4.77724
25	45	25	3.07218	-5.45119	-5.14219
25	45	35	3.28734	-5.41094	-5.48429
25	45	45	3.42783	-5.68147	-5.02407
25	45	55	4.30418	-6.10991	-4.42589
25	45	65	4.74939	-6.12893	-4.22477
25	45	75	4.80721	-6.78066	-5.61902
25	45	85	3.7435	-6.06779	-5.16816
25	55	5	3.06051	-4.91068	-4.48209
25	55	15	3.13921	-4.9822	-4.59645
25	55	25	3.53593	-6.0376	-5.12206
25	55	35	3.74943	-6.10982	-5.29005
25	55	45	4.33159	-6.67314	-5.14918
25	55	55	4.2253	-6.67337	-5.06013
25	55	65	4.65631	-6.65266	-4.71593
25	55	75	5.10254	-7.0579	-5.67613
25	55	85	3.73299	-6.17955	-5.04568
25	65	5	2.62499	-3.39391	-3.36014
25	65	15	2.92988	-4.20558	-4.11411
25	65	25	3.17198	-5.55886	-5.23219
25	65	35	3.3329	-5.71475	-5.27
25	65	45	3.27707	-5.5221	-4.80701
25	65	55	3.21256	-4.88777	-4.31606
25	65	65	3.35955	-4.20651	-3.69045
25	65	75	3.46898	-5.57544	-5.50884
25	65	85	2.71039	-4.47769	-4.44453
25	75	5	2.84397	-3.0192	-2.9922
25	75	15	2.68623	-3.68743	-3.73178
25	75	25	2.80535	-5.10101	-5.31267
25	75	35	2.76806	-5.16254	-5.27703
25	75	45	2.96341	-4.94484	-5.11155
25	75	55	3.02981	-3.39925	-3.34516
25	75	65	3.28282	-3.34851	-3.53776
25	75	75	3.00039	-5.30838	-5.26622
25	75	85	2.90226	-4.12646	-3.90756
25	85	5	2.9683	-4.16535	-4.37519
25	85	15	2.85908	-4.27991	-4.54504
25	85	25	3.09644	-4.92927	-5.35501
25	85	35	2.71427	-5.10026	-5.30191
25	85	45	3.14862	-4.84119	-5.19359
25	85	55	3.67933	-4.53558	-4.45346
25	85	65	4.44694	-5.20468	-5.40687
25	85	75	3.18514	-5.39639	-5.3813
25	85	85	3.3157	-4.88768	-5.11959
35	5	5	2.97354	-4.87523	-5.13216
35	5	15	3.04055	-4.30205	-4.38995
35	5	25	3.99706	-5.30877	-6.10761
35	5	35	3.87825	-5.64462	-5.83739
35	5	45	4.41517	-5.29086	-5.67487
35	5	55	4.58506	-3.76008	-4.6259
35	5	65	4.21165	-3.48347	-4.77438
35	5	75	3.48681	-5.068	-5.9621
35	5	85	3.27025	-5.00265	-5.63944
35	15	5	3.459	-5.57885	-5.44599
35	15	15	3.1583	-4.49455	-4.18097
35	15	25	3.99207	-5.31415	-5.75401
35	15	35	4.00294	-5.83671	-5.79999
35	15	45	4.8385	-5.50894	-5.54076
35	15	55	5.41174	-4.80046	-4.3746
35	15	65	4.71263	-3.83913	-4.40002
35	15	75	4.09186	-5.16419	-6.30502
35	15	85	3.65572	-5.3219	-5.7866
35	25	5	3.01379	-5.34805	-5.0788
35	25	15	3.22661	-3.91185	-3.48336
35	25	25	4.0095	-5.1841	-5.12723
35	25	35	4.25513	-5.91048	-5.93123
35	25	45	4.46273	-5.47508	-4.71942
35	25	55	4.12913	-3.81484	-3.30651
35	25	65	3.87025	-3.46032	-3.59554
35	25	75	4.26823	-5.08889	-6.15568
35	25	85	3.06066	-4.76419	-5.14903
35	35	5	2.93855	-5.32484	-5.10677
35	35	15	3.2559	-4.68164	-4.0569
35	35	25	4.15945	-6.08832	-5.0407
35	35	35	5.42672	-6.79403	-6.16163
35	35	45	4.87472	-6.23488	-5.41042
35	35	55	4.09433	-4.99208	-3.82487
35	35	65	3.86593	-4.4674	-3.92376
35	35	75	4.09826	-5.51978	-5.94054
35	35	85	3.09505	-5.20674	-4.85952
35	45	5	3.46707	-5.91684	-5.04089
35	45	15	3.02303	-5.06964	-4.63765
35	45	25	3.08185	-5.39745	-5.23148
35	45	35	4.16356	-5.60268	-6.19279
35	45	45	3.94111	-5.47424	-5.9554
35	45	55	3.33833	-5.54042	-5.10116
35	45	65	4.10154	-5.87187	-5.04626
35	45	75	4.22385	-6.01643	-5.58844
35	45	85	3.90822	-6.41388	-5.10708
35	55	5	3.36444	-5.29372	-4.48057
35	55	15	3.54869	-4.27246	-3.8829
35	55	25	3.55117	-5.77315	-5.25648
35	55	35	3.72693	-5.79153	-5.58583
35	55	45	3.94552	-5.76761	-5.83007
35	55	55	3.93472	-6.10674	-5.43353
35	55	65	3.74642	-5.79917	-5.33188
35	55	75	3.96684	-6.19614	-5.38278
35	55	85	4.18765	-6.69526	-5.10424
35	65	5	2.8657	-3.47407	-3.28147
35	65	15	3.78383	-3.78755	-4.02292
35	65	25	3.28834	-5.28134	-5.47579
35	65	35	3.03307	-5.16848	-5.51707
35	65	45	3.14081	-5.10569	-5.56813
35	65	55	2.9072	-4.94249	-5.01452
35	65	65	3.11676	-4.70263	-4.62429
35	65	75	3.31727	-5.61644	-5.25508
35	65	85	2.86157	-5.00955	-4.74386
35	75	5	3.03472	-2.92675	-2.79221
35	75	15	3.07452	-3.53299	-3.70412
35	75	25	3.06255	-5.14275	-5.48759
35	75	35	2.82709	-5.10372	-5.37575
35	75	45	2.83686	-4.94207	-5.14783
35	75	55	3.00273	-3.69605	-3.86772
35	75	65	3.09593	-3.36622	-3.38953
35	75	75	3.02967	-5.19409	-5.00633
35	75	85	2.78609	-3.91174	-3.68666
35	85	5	3.10223	-4.11902	-4.54584
35	85	15	3.26206	-4.15864	-4.74717
35	85	25	3.41959	-5.11366	-5.82139
35	85	35	3.02902	-5.142	-5.53919
35	85	45	3.12884	-4.78243	-5.27943
35	85	55	3.78161	-3.36086	-4.18261
35	85	65	3.9993	-3.73067	-4.64292
35	85	75	3.10621	-5.22848	-5.28979
35	85	85	2.90664	-5.02876	-4.96976
45	5	5	3.04033	-4.87643	-5.36573
45	5	15	2.97957	-4.50196	-4.88886
45	5	25	3.45258	-4.96351	-5.82191
45	5	35	3.43138	-5.13063	-5.97101
45	5	45	4.07552	-4.59726	-5.6897
45	5	55	4.95596	-3.24488	-4.86654
45	5	65	4.12869	-3.20837	-4.45555
45	5	75	2.99745	-4.61006	-5.01487
45	5	85	3.00193	-4.90004	-5.35014
45	15	5	3.10676	-5.01923	-5.33497
45	15	15	2.97317	-4.85626	-4.67759
45	15	25	4.1531	-5.6041	-6.00203
45	15	35	4.17892	-5.98359	-5.84372
45	15	45	5.25097	-5.70548	-6.23796
45	15	55	6.02391	-4.97518	-5.07931
45	15	65	5.45918	-4.8644	-5.45069
45	15	75	4.05184	-4.96639	-5.26638
45	15	85	3.79796	-4.44137	-5.16746
45	25	5	3.17486	-4.98125	-5.04267
45	25	15	2.71366	-4.32117	-4.2038
45	25	25	3.17153	-5.00119	-5.14069
45	25	35	3.9348	-5.49761	-6.07871
45	25	45	4.12595	-4.98437	-5.15426
45	25	55	4.32033	-3.71171	-4.07285
45	25	65	4.35548	-4.446	-4.72475
45	25	75	4.24943	-5.08439	-5.85557
45	25	85	4.09111	-4.3413	-5.55736
45	35	5	3.34842	-5.13405	-4.69144
45	35	15	3.39119	-5.27964	-4.51981
45	35	25	3.27262	-5.4672	-4.9888
45	35	35	3.87225	-5.50853	-5.98976
45	35	45	3.85623	-5.18218	-5.36578
45	35	55	3.63545	-4.40604	-4.04405
45	35	65	3.8147	-5.01911	-4.95464
45	35	75	4.31629	-5.40064	-6.35936
45	35	85	3.90985	-4.95611	-5.27327
45	45	5	3.24557	-5.22642	-4.53857
45	45	15	3.23552	-4.64484	-4.00054
45	45	25	3.31425	-5.50114	-4.90276
45	45	35	3.9523	-6.01562	-5.57607
45	45	45	3.49385	-5.62122	-5.48321
45	45	55	3.1335	-5.21407	-5.19484
45	45	65	3.17348	-5.39519	-5.17234
45	45	75	4.0386	-5.57795	-5.93115
45	45	85	3.51704	-5.64873	-5.15555
45	55	5	2.95776	-4.88772	-4.48228
45	55	15	3.35467	-3.66245	-3.10203
45	55	25	3.55307	-5.44837	-4.57839
45	55	35	3.90429	-5.67299	-5.88224
45	55	45	3.58865	-5.41824	-5.78305
45	55	55	2.85744	-5.184	-5.12321
45	55	65	2.77589	-5.2022	-5.21975
45	55	75	2.91312	-5.19578	-5.35368
45	55	85	2.74364	-5.20951	-5.02174
45	65	5	3.25772	-3.96558	-3.66437
45	65	15	4.59401	-3.78572	-3.91649
45	65	25	3.11556	-4.74086	-4.68684
45	65	35	3.1423	-5.26755	-5.52432
45	65	45	3.41413	-5.1831	-5.84404
45	65	55	2.75568	-4.96386	-5.16486
45	65	65	2.61346	-4.9624	-5.02317
45	65	75	2.71147	-5.0994	-5.19976
45	65	85	2.71794	-5.18174	-5.02844
45	75	5	3.63058	-3.16977	-3.49864
45	75	15	3.95486	-3.23417	-4.41849
45	75	25	3.37958	-4.9883	-5.69182
45	75	35	2.85796	-5.12113	-5.42621
45	75	45	3.27635	-5.10211	-5.78728
45	75	55	2.75628	-4.04126	-4.20568
45	75	65	2.89423	-3.67681	-3.57842
45	75	75	3.07342	-4.68842	-4.40921
45	75	85	2.94944	-4.10787	-3.81306
45	85	5	3.4776	-3.87449	-4.67936
45	85	15	3.10039	-4.01264	-4.28183
45	85	25	3.29429	-5.08816	-5.74976
45	85	35	3.02101	-5.26117	-5.37116
45	85	45	3.49711	-5.22363	-5.44652
45	85	55	4.29989	-3.52165	-4.1833
45	85	65	3.66908	-3.01674	-3.44355
45	85	75	3.04385	-4.64533	-4.65172
45	85	85	2.82232	-4.83944	-5.02589
55	5	5	3.03634	-4.21717	-4.66003
55	5	15	2.67347	-4.55628	-4.67872
55	5	25	3.07175	-4.97778	-5.45778
55	5	35	2.87898	-5.18451	-5.30529
55	5	45	3.00823	-4.97602	-5.04483
55	5	55	3.36946	-3.25406	-3.67886
55	5	65	3.25065	-3.81838	-4.08037
55	5	75	3.0415	-4.0603	-4.45703
55	5	85	2.85824	-4.40885	-4.67445
55	15	5	3.03789	-3.9388	-4.22406
55	15	15	2.61148	-4.75794	-4.69758
55	15	25	3.07107	-4.90964	-5.42966
55	15	35	2.99984	-5.12405	-5.52245
55	15	45	3.28269	-4.66886	-5.26684
55	15	55	3.29853	-3.39387	-3.88889
55	15	65	4.03613	-4.58136	-5.65788
55	15	75	3.21886	-4.54349	-4.92607
55	15	85	3.19677	-4.17231	-4.457
55	25	5	2.67947	-3.78524	-3.83045
55	25	15	2.5523	-4.63883	-4.63843
55	25	25	2.75189	-4.81116	-5.01194
55	25	35	3.37187	-5.10008	-5.92085
55	25	45	2.9767	-4.06206	-4.48761
55	25	55	2.9123	-3.13247	-3.45367
55	25	65	3.7315	-4.94589	-5.80583
55	25	75	3.10028	-5.15773	-5.25967
55	25	85	3.50225	-4.59132	-5.21454
55	35	5	3.1628	-4.06359	-3.71536
55	35	15	3.11149	-4.634	-4.07447
55	35	25	2.89307	-5.12363	-5.02567
55	35	35	3.21146	-5.13521	-5.71566
55	35	45	2.83343	-4.54273	-4.78353
55	35	55	2.63267	-3.68684	-3.74609
55	35	65	3.33263	-4.88175	-5.57896
55	35	75	3.59745	-5.21649	-5.97726
55	35	85	4.04271	-4.87245	-5.64407
55	45	5	3.06924	-4.41831	-3.91732
55	45	15	3.93549	-4.71468	-3.49035
55	45	25	3.71424	-5.31119	-4.27121
55	45	35	3.57224	-5.89814	-5.31776
55	45	45	3.21263	-5.58217	-5.04298
55	45	55	3.37186	-5.45284	-4.63285
55	45	65	2.83104	-5.25366	-5.17367
55	45	75	3.63381	-5.2499	-5.9671
55	45	85	3.52589	-4.76516	-5.52961
55	55	5	2.56149	-3.58406	-3.58317
55	55	15	2.87012	-2.94844	-2.87206
55	55	25	3.39957	-4.44493	-3.68284
55	55	35	3.13557	-5.56053	-5.21683
55	55	45	2.9951	-5.34478	-5.06311
55	55	55	2.60546	-4.87602	-4.82165
55	55	65	2.66222	-5.14946	-5.07827
55	55	75	3.41343	-5.14106	-5.92026
55	55	85	2.72074	-4.68263	-4.84752
55	65	5	2.97252	-3.80119	-3.54108
55	65	15	3.61984	-3.41669	-2.9514
55	65	25	3.10185	-4.00761	-3.58244
55	65	35	2.73826	-5.21625	-5.15149
55	65	45	2.7379	-5.06846	-5.16326
55	65	55	2.61541	-4.96556	-5.02209
55	65	65	2.57201	-5.02099	-5.00001
55	65	75	2.71236	-5.08211	-5.16317
55	65	85	2.62368	-5.00208	-4.99432
55	75	5	3.01631	-3.02168	-3.24447
55	75	15	3.35581	-3.03096	-3.7511
55	75	25	2.7553	-4.4204	-4.61706
55	75	35	2.69448	-5.13087	-5.18985
55	75	45	2.69318	-5.08256	-5.22362
55	75	55	2.71149	-4.60167	-4.60208
55	75	65	2.75143	-4.49965	-4.33924
55	75	75	3.17262	-4.62043	-4.67963
55	75	85	2.84909	-4.30202	-4.27843
55	85	5	3.27528	-3.65566	-4.33905
55	85	15	2.85207	-3.73473	-4.03609
55	85	25	2.88947	-4.96054	-5.22004
55	85	35	2.87348	-5.15857	-5.34088
55	85	45	3.29388	-5.36286	-5.10401
55	85	55	3.47312	-4.26327	-3.58211
55	85	65	3.21302	-3.40242	-2.90042
55	85	75	3.41343	-4.03113	-4.36952
55	85	85	2.80224	-4.54617	-4.71655
65	5	5	2.68761	-3.17656	-3.26027
65	5	15	2.61165	-3.77319	-3.75285
65	5	25	2.69194	-4.7352	-4.83518
65	5	35	2.65192	-5.09927	-5.19853
65	5	45	2.82785	-5.22199	-4.98518
65	5	55	2.89345	-3.99966	-3.65725
65	5	65	2.88345	-4.80167	-4.50923
65	5	75	3.30587	-4.43126	-4.75641
65	5	85	2.87384	-4.187	-4.24658
65	15	5	2.8736	-3.42786	-3.35024
65	15	15	2.65235	-4.12479	-4.06438
65	15	25	2.81358	-4.69321	-4.87161
65	15	35	2.71357	-5.08117	-5.23968
65	15	45	2.63389	-4.84364	-4.92246
65	15	55	2.57453	-3.67887	-3.71605
65	15	65	2.73349	-4.74322	-4.92155
65	15	75	2.89513	-4.9357	-5.23239
65	15	85	2.93839	-4.78323	-4.80468
65	25	5	2.55515	-3.16151	-3.16229
65	25	15	2.55291	-4.41693	-4.41848
65	25	25	2.73184	-4.81414	-4.99458
65	25	35	2.79245	-5.09835	-5.33946
65	25	45	2.61432	-4.26204	-4.32521
65	25	55	2.57192	-3.53211	-3.53287
65	25	65	2.87147	-5.02579	-5.22617
65	25	75	2.95185	-5.20757	-5.32834
65	25	85	2.99546	-4.84925	-5.01123
65	35	5	2.83351	-3.50895	-3.27063
65	35	15	3.07238	-4.05489	-3.61621
65	35	25	2.81166	-4.79276	-4.61339
65	35	35	2.91189	-5.13622	-5.33709
65	35	45	2.65306	-4.122	-4.14404
65	35	55	2.59148	-3.84124	-3.8417
65	35	65	2.85143	-5.00305	-5.26226
65	35	75	2.91223	-5.07572	-5.43692
65	35	85	3.03265	-4.83868	-5.04031
65	45	5	2.69521	-3.55105	-3.45363
65	45	15	2.93711	-3.03567	-2.85376
65	45	25	3.4599	-4.44828	-3.58356
65	45	35	3.89744	-6.32407	-5.13849
65	45	45	3.77985	-4.9283	-3.74434
65	45	55	3.69508	-5.21404	-4.0709
65	45	65	3.45145	-5.63412	-5.09374
65	45	75	3.69385	-5.6368	-5.65963
65	45	85	3.22028	-4.80187	-5.31033
65	55	5	2.56488	-3.12364	-3.11662
65	55	15	2.67215	-2.75835	-2.79913
65	55	25	2.92453	-3.52087	-3.18906
65	55	35	3.01129	-5.26404	-4.92462
65	55	45	2.87239	-3.52211	-3.24316
65	55	55	2.87389	-3.84169	-3.52047
65	55	65	2.74747	-5.00906	-4.81268
65	55	75	3.08346	-5.1507	-5.58469
65	55	85	2.98869	-4.26815	-4.6922
65	65	5	2.60062	-3.11526	-3.14154
65	65	15	2.69478	-2.63385	-2.73305
65	65	25	2.71871	-3.04149	-2.91623
65	65	35	2.84196	-5.04332	-4.87321
65	65	45	2.66456	-4.03385	-3.92354
65	65	55	2.57876	-3.84731	-3.8197
65	65	65	2.59239	-5.03779	-5.07645
65	65	75	2.9367	-5.12165	-5.46637
65	65	85	2.85047	-4.78213	-4.9613
65	75	5	2.56026	-2.94013	-3.00759
65	75	15	2.59187	-2.80854	-2.90832
65	75	25	2.65283	-3.53234	-3.55225
65	75	35	2.61786	-4.97521	-4.99242
65	75	45	2.57903	-4.66698	-4.68464
65	75	55	2.59412	-5.00343	-4.96055
65	75	65	2.69227	-4.80047	-4.77925
65	75	75	3.27343	-4.68001	-5.2024
65	75	85	2.68629	-4.16127	-4.09568
65	85	5	2.74458	-3.62325	-3.73596
65	85	15	2.67209	-3.43564	-3.43745
65	85	25	2.60843	-4.81674	-4.87744
65	85	35	2.27172	-5.06859	-5.12882
65	85	45	2.75435	-5.16308	-5.0038
65	85	55	3.27118	-4.96167	-4.24177
65	85	65	3.41222	-4.45163	-3.63043
65	85	75	4.35422	-4.70759	-4.62838
65	85	85	3.09668	-4.03042	-3.88881
75	5	5	2.87086	-2.78175	-2.80556
75	5	15	2.59879	-2.77653	-2.81456
75	5	25	2.61789	-4.3712	-4.35078
75	5	35	2.75628	-5.16042	-5.15763
75	5	45	2.65108	-4.94178	-4.84742
75	5	55	2.6483	-4.58084	-4.47972
75	5	65	2.81303	-5.18684	-5.12483
75	5	75	3.75585	-4.85583	-5.85341
75	5	85	3.39308	-4.10057	-4.57214
75	15	5	2.62007	-3.34288	-3.28838
75	15	15	2.65735	-3.04686	-2.98547
75	15	25	2.56346	-3.803	-3.79875
75	15	35	2.74104	-4.68378	-4.85482
75	15	45	2.55925	-4.82972	-4.82284
75	15	55	2.55421	-3.90256	-3.89924
75	15	65	2.55463	-4.97682	-4.97315
75	15	75	3.11305	-5.05181	-5.60979
75	15	85	3.06029	-4.80598	-5.31194
75	25	5	2.57398	-3.41212	-3.43485
75	25	15	2.59524	-3.38473	-3.3886
75	25	25	2.57865	-4.18187	-4.20751
75	25	35	2.59339	-4.9331	-4.99531
75	25	45	2.57195	-4.08164	-4.10245
75	25	55	2.55109	-3.41689	-3.43685
75	25	65	2.57104	-4.91352	-4.93353
75	25	75	2.81144	-5.13484	-5.31522
75	25	85	2.67507	-5.07827	-5.20226
75	35	5	2.65709	-3.35416	-3.42023
75	35	15	2.62232	-3.28321	-3.27448
75	35	25	2.81465	-3.66836	-3.53194
75	35	35	3.05288	-5.2763	-5.09811
75	35	45	2.8923	-3.94199	-3.68321
75	35	55	2.89185	-3.88525	-3.58606
75	35	65	2.77104	-4.87105	-4.73105
75	35	75	2.73183	-5.11972	-5.25972
75	35	85	2.67386	-4.92135	-5.04419
75	45	5	2.95831	-4.03437	-3.76086
75	45	15	3.10479	-3.30698	-2.81673
75	45	25	3.6033	-4.32032	-3.35495
75	45	35	4.28595	-6.38466	-4.85318
75	45	45	4.56631	-5.07353	-3.10402
75	45	55	4.55945	-4.98964	-2.98206
75	45	65	3.71424	-5.45923	-4.41683
75	45	75	3.45304	-5.92045	-5.18087
75	45	85	3.11628	-5.34271	-4.98558
75	55	5	2.66235	-3.30126	-3.39893
75	55	15	2.73811	-3.09156	-3.11275
75	55	25	2.68621	-4.22932	-4.13594
75	55	35	2.99627	-4.81484	-4.61287
75	55	45	3.10021	-3.24751	-2.744
75	55	55	3.14841	-3.29056	-2.6957
75	55	65	3.07627	-4.18502	-3.94304
75	55	75	3.06185	-5.16628	-5.5411
75	55	85	2.74433	-4.50554	-4.65084
75	65	5	2.50018	-3.08657	-3.11304
75	65	15	2.51799	-2.92673	-2.92477
75	65	25	2.65895	-3.22105	-3.15561
75	65	35	2.71874	-3.93067	-3.88378
75	65	45	2.83308	-3.13811	-2.93852
75	65	55	2.81135	-3.20307	-2.94613
75	65	65	2.86132	-4.41983	-4.43125
75	65	75	3.15561	-5.15801	-5.63909
75	65	85	2.72248	-4.40258	-4.57293
75	75	5	2.60662	-3.1961	-3.08838
75	75	15	2.45329	-2.72396	-2.76366
75	75	25	2.65358	-3.13437	-3.07346
75	75	35	2.6394	-3.68548	-3.75871
75	75	45	2.56613	-3.28807	-3.27955
75	75	55	2.61696	-4.38368	-4.31914
75	75	65	2.81237	-4.93772	-5.19642
75	75	75	3.57673	-5.0408	-5.94637
75	75	85	3.00802	-4.6221	-4.95895
75	85	5	3.20741	-4.08203	-3.57679
75	85	15	2.97597	-3.42241	-3.20331
75	85	25	2.67669	-4.66224	-4.739
75	85	35	2.37639	-5.0736	-5.19145
75	85	45	2.39759	-5.03993	-5.00466
75	85	55	2.57253	-4.77409	-4.75389
75	85	65	2.79184	-4.68002	-4.67921
75	85	75	3.91463	-5.476	-5.59639
75	85	85	3.7111	-3.77403	-3.44926
85	5	5	2.78024	-2.78344	-2.84704
85	5	15	2.7007	-2.77887	-2.75086
85	5	25	2.82432	-4.2949	-4.18242
85	5	35	3.25111	-5.37004	-5.23556
85	5	45	3.05801	-5.07548	-4.6335
85	5	55	2.93807	-4.90721	-4.5198
85	5	65	2.81754	-5.20154	-5.13512
85	5	75	3.61786	-5.09519	-5.79401
85	5	85	3.43113	-3.95833	-4.63595
85	15	5	2.69761	-3.69992	-3.84328
85	15	15	2.71797	-2.5984	-2.7539
85	15	25	2.62143	-3.64423	-3.69705
85	15	35	2.92309	-4.81622	-5.08895
85	15	45	2.55897	-3.96505	-3.96516
85	15	55	2.55399	-3.79977	-3.79684
85	15	65	2.61387	-4.97245	-5.0296
85	15	75	3.39225	-5.10091	-5.94131
85	15	85	3.14304	-5.05585	-5.64625
85	25	5	2.67449	-3.99616	-4.11948
85	25	15	2.75599	-2.68575	-2.89046
85	25	25	2.57808	-3.03991	-3.06567
85	25	35	2.57582	-4.277	-4.29958
85	25	45	2.55247	-3.67451	-3.67391
85	25	55	2.55275	-3.35775	-3.35686
85	25	65	2.55147	-4.83842	-4.838
85	25	75	2.93225	-5.09989	-5.48026
85	25	85	2.93465	-5.12103	-5.4646
85	35	5	2.81311	-4.02158	-4.16365
85	35	15	2.90263	-2.72825	-3.03984
85	35	25	2.76593	-2.92778	-2.94172
85	35	35	3.03565	-4.02489	-3.62697
85	35	45	3.2119	-3.91871	-3.25949
85	35	55	3.17189	-3.82168	-3.20246
85	35	65	2.97106	-4.80876	-4.42875
85	35	75	2.89223	-5.23867	-5.29908
85	35	85	2.73305	-5.12191	-5.22391
85	45	5	3.31556	-4.51884	-4.88255
85	45	15	3.07311	-3.54834	-3.38712
85	45	25	3.79049	-5.03257	-3.97663
85	45	35	4.32763	-6.04346	-4.39188
85	45	45	4.77268	-5.09914	-2.95997
85	45	55	4.86906	-5.09044	-2.77327
85	45	65	4.37745	-5.57732	-3.79172
85	45	75	3.87384	-6.27463	-5.23583
85	45	85	3.25471	-5.4824	-5.38527
85	55	5	3.16682	-3.72528	-4.28578
85	55	15	2.79062	-3.48098	-3.58638
85	55	25	2.86042	-5.1189	-4.9819
85	55	35	3.03004	-5.08071	-4.89077
85	55	45	2.93763	-3.52041	-3.17626
85	55	55	3.61292	-3.98305	-2.96209
85	55	65	3.54353	-4.51128	-3.64049
85	55	75	3.22626	-5.55915	-5.29034
85	55	85	2.98309	-4.9896	-5.24645
85	65	5	2.76179	-3.03339	-3.23664
85	65	15	2.67938	-3.34894	-3.3112
85	65	25	2.69748	-4.22455	-4.24226
85	65	35	2.77978	-3.78902	-3.84434
85	65	45	2.9931	-4.18864	-3.87309
85	65	55	3.22342	-3.60508	-3.09617
85	65	65	2.95427	-3.87587	-3.75516
85	65	75	3.08245	-5.14222	-5.54126
85	65	85	2.77927	-4.14532	-4.36686
85	75	5	2.79766	-3.36943	-3.37329
85	75	15	2.65379	-3.0844	-3.10578
85	75	25	2.67285	-3.34107	-3.26086
85	75	35	2.83544	-3.3455	-3.1843
85	75	45	2.82354	-3.32439	-3.22106
85	75	55	2.63998	-3.38382	-3.38103
85	75	65	2.73566	-4.76169	-4.86073
85	75	75	3.13676	-5.12593	-5.63063
85	75	85	3.02258	-4.48258	-4.79283
85	85	5	2.86238	-3.23335	-3.02049
85	85	15	2.99311	-3.72514	-3.36553
85	85	25	2.83511	-4.96134	-4.75805
85	85	35	2.89828	-5.18351	-5.16585
85	85	45	2.74738	-5.1349	-4.96857
85	85	55	2.59267	-4.90599	-4.86671
85	85	65	2.89318	-4.8864	-5.1085
85	85	75	3.49793	-5.13918	-5.88518
85	85	85	3.4292	-3.58088	-4.09653
