5	5	5	2.61186	-4.05903	-4.03984
5	5	15	2.63186	-5.03993	-5.1207
5	5	25	2.55443	-3.82104	-3.82422
5	5	35	2.5119	-2.90659	-2.88711
5	5	45	2.81204	-2.82775	-3.08678
5	5	55	3.49674	-5.05585	-6.04142
5	5	65	2.94801	-5.10204	-5.49891
5	5	75	2.62502	-4.84167	-4.91555
5	5	85	2.63201	-3.01482	-3.0958
5	15	5	2.67264	-4.5937	-4.67451
5	15	15	2.67263	-4.98866	-5.13026
5	15	25	2.57668	-4.37627	-4.36193
5	15	35	2.59168	-3.20961	-3.17025
5	15	45	2.87105	-3.50082	-3.4208
5	15	55	3.63304	-5.41387	-5.81585
5	15	65	3.2687	-5.34188	-5.45951
5	15	75	2.98661	-5.20205	-4.99762
5	15	85	2.81396	-3.63245	-3.53537
5	25	5	3.39505	-5.85691	-5.05934
5	25	15	3.11345	-5.54065	-5.18069
5	25	25	2.89707	-5.25436	-4.92041
5	25	35	3.07311	-4.91333	-4.39141
5	25	45	3.65985	-5.0873	-4.17847
5	25	55	5.28542	-6.70493	-6.17293
5	25	65	5.20024	-7.01414	-5.67855
5	25	75	4.77085	-6.95004	-5.15386
5	25	85	3.71673	-5.84005	-4.80014
5	35	5	2.62313	-5.15538	-5.09147
5	35	15	2.75556	-5.12474	-5.28126
5	35	25	2.55833	-5.02771	-5.02135
5	35	35	2.63397	-5.11255	-5.02961
5	35	45	2.66531	-4.74593	-4.63166
5	35	55	3.43463	-5.39485	-5.63125
5	35	65	3.58499	-5.54799	-5.52925
5	35	75	3.1544	-5.03776	-4.44889
5	35	85	2.9571	-4.87885	-4.5177
5	45	5	2.6194	-5.1268	-5.11168
5	45	15	2.59386	-5.12198	-5.14372
5	45	25	2.59323	-4.82288	-4.8224
5	45	35	2.6155	-4.31561	-4.29116
5	45	45	2.65773	-3.63091	-3.56424
5	45	55	2.87873	-5.19047	-5.30356
5	45	65	2.91587	-4.62225	-4.50544
5	45	75	2.71249	-3.49867	-3.26288
5	45	85	2.6245	-4.05986	-3.95446
5	55	5	2.6747	-5.13974	-5.14328
5	55	15	2.77293	-5.16134	-5.2631
5	55	25	2.75353	-4.98366	-4.86325
5	55	35	2.65313	-3.21409	-3.15363
5	55	45	2.69276	-3.17897	-3.11724
5	55	55	2.69901	-5.07019	-5.24302
5	55	65	2.68567	-3.8532	-3.96423
5	55	75	2.38232	-2.63447	-2.6353
5	55	85	2.38363	-3.42492	-3.45488
5	65	5	3.17608	-5.45205	-4.91389
5	65	15	3.39517	-5.76189	-5.12119
5	65	25	3.15393	-5.2592	-4.70048
5	65	35	2.87346	-4.25239	-3.93079
5	65	45	2.63549	-4.38187	-4.41822
5	65	55	2.656	-5.09554	-5.153
5	65	65	2.676	-4.64221	-4.72536
5	65	75	2.63877	-4.08248	-4.12852
5	65	85	2.70359	-4.36025	-4.2712
5	75	5	2.67555	-4.72328	-4.64056
5	75	15	2.8579	-5.24063	-5.17703
5	75	25	2.72148	-4.96581	-4.84023
5	75	35	2.55717	-3.9411	-3.93748
5	75	45	2.7363	-4.25289	-4.35087
5	75	55	3.09787	-5.1992	-5.538
5	75	65	2.90073	-5.10248	-5.09058
5	75	75	2.69672	-4.80723	-4.75053
5	75	85	2.77717	-3.81972	-3.72185
5	85	5	2.57429	-4.44217	-4.46139
5	85	15	2.61309	-5.07147	-5.13023
5	85	25	2.65403	-4.56283	-4.54229
5	85	35	2.63657	-3.49866	-3.41649
5	85	45	2.72024	-3.19231	-3.34482
5	85	55	3.10334	-5.09904	-5.6324
5	85	65	2.73049	-5.1105	-5.27284
5	85	75	2.64217	-4.99377	-5.07826
5	85	85	2.61721	-3.32497	-3.38379
15	5	5	2.57225	-4.42685	-4.44724
15	5	15	2.63266	-5.08884	-5.13041
15	5	25	2.63569	-4.16147	-4.246
15	5	35	2.59423	-2.79015	-2.83312
15	5	45	2.69351	-2.86895	-3.01014
15	5	55	3.09734	-4.76478	-5.3089
15	5	65	2.94295	-4.70282	-5.0927
15	5	75	2.67758	-4.98334	-5.10729
15	5	85	2.61353	-3.36024	-3.42188
15	15	5	2.73182	-4.9007	-4.8007
15	15	15	2.73583	-5.08039	-5.20518
15	15	25	2.64605	-4.70081	-4.67581
15	15	35	2.57221	-3.65642	-3.6376
15	15	45	2.93363	-3.63941	-3.82106
15	15	55	3.83874	-5.3978	-5.80299
15	15	65	3.90798	-5.42117	-5.45803
15	15	75	3.22032	-5.64209	-5.07129
15	15	85	2.99229	-4.41686	-4.05807
15	25	5	3.81224	-6.22986	-5.12946
15	25	15	3.23423	-5.49187	-5.37427
15	25	25	2.78393	-5.22059	-5.05268
15	25	35	2.89289	-5.26878	-4.92734
15	25	45	3.79878	-5.83109	-4.78344
15	25	55	5.14794	-6.68011	-5.84884
15	25	65	5.5103	-7.26189	-5.86034
15	25	75	5.01503	-7.33844	-5.16725
15	25	85	4.41787	-6.42366	-4.67847
15	35	5	3.08466	-5.48677	-5.07636
15	35	15	2.96103	-5.18833	-5.42312
15	35	25	2.5827	-5.12924	-5.10562
15	35	35	2.61814	-5.1454	-5.07831
15	35	45	2.83423	-5.19102	-5.02784
15	35	55	3.72631	-5.41605	-5.92238
15	35	65	3.50761	-5.44681	-5.67264
15	35	75	3.73745	-5.52187	-4.62543
15	35	85	3.6439	-4.51049	-3.74007
15	45	5	2.64362	-5.0761	-5.03631
15	45	15	2.57807	-5.1051	-5.12544
15	45	25	2.5552	-5.04577	-5.04244
15	45	35	2.6345	-4.88347	-4.80084
15	45	45	2.61542	-4.44497	-4.38061
15	45	55	3.01854	-5.13935	-5.43343
15	45	65	3.29224	-5.10024	-5.08463
15	45	75	3.26507	-3.71109	-3.24383
15	45	85	3.01784	-3.61081	-3.55367
15	55	5	2.70597	-5.10073	-5.17463
15	55	15	2.67502	-5.18234	-5.14505
15	55	25	2.67323	-5.02342	-4.90285
15	55	35	2.59255	-3.59672	-3.55686
15	55	45	2.67205	-3.20644	-3.12543
15	55	55	2.93463	-5.03368	-5.05169
15	55	65	2.88097	-3.8696	-3.82368
15	55	75	2.79897	-2.7135	-2.86971
15	55	85	2.92543	-3.39001	-3.6788
15	65	5	2.72324	-5.13292	-5.12424
15	65	15	2.55481	-5.20286	-5.08411
15	65	25	2.83437	-4.92414	-4.70327
15	65	35	2.95232	-3.55729	-3.15688
15	65	45	2.81552	-3.70674	-3.48307
15	65	55	2.87549	-5.144	-5.10356
15	65	65	3.05565	-5.0226	-5.12453
15	65	75	3.1556	-4.09729	-4.62094
15	65	85	2.7915	-4.15622	-4.27663
15	75	5	2.82123	-5.1688	-5.07098
15	75	15	2.7164	-5.17865	-5.18195
15	75	25	2.65027	-4.4832	-4.42162
15	75	35	2.65993	-3.26241	-3.19404
15	75	45	2.80477	-3.4915	-3.35947
15	75	55	3.17192	-5.46484	-5.25037
15	75	65	3.36916	-5.43552	-5.3063
15	75	75	3.56721	-5.22046	-5.38058
15	75	85	2.88998	-4.26771	-4.27373
15	85	5	2.63352	-4.81357	-4.89524
15	85	15	2.67387	-5.0732	-5.19444
15	85	25	2.61509	-4.34272	-4.40437
15	85	35	2.63837	-3.20206	-3.27811
15	85	45	2.70108	-3.04752	-3.18
15	85	55	3.00592	-4.95385	-5.38941
15	85	65	2.77944	-5.00583	-5.2272
15	85	75	2.76101	-5.0614	-5.26545
15	85	85	2.59919	-4.05698	-4.09943
25	5	5	2.63402	-4.76238	-4.86318
25	5	15	2.71446	-5.11641	-5.27955
25	5	25	2.639	-4.30194	-4.38935
25	5	35	2.6151	-3.02742	-3.09043
25	5	45	2.81271	-3.68419	-3.94542
25	5	55	2.82019	-4.62506	-4.86566
25	5	65	2.96512	-4.24144	-4.52883
25	5	75	2.81913	-4.70253	-4.96566
25	5	85	2.65763	-4.18363	-4.28532
25	15	5	2.93225	-5.16801	-4.94761
25	15	15	2.82107	-5.12896	-5.33856
25	15	25	2.72619	-4.64182	-4.77651
25	15	35	2.66381	-3.72404	-3.7952
25	15	45	2.89461	-4.4384	-4.61679
25	15	55	3.48144	-5.38251	-5.54264
25	15	65	3.5182	-5.13987	-4.69786
25	15	75	3.67571	-5.53493	-4.61783
25	15	85	3.47157	-5.35969	-4.52014
25	25	5	4.37348	-6.40278	-5.06035
25	25	15	3.90309	-5.69645	-5.86603
25	25	25	2.99047	-5.46125	-5.13982
25	25	35	3.03989	-5.29529	-5.01921
25	25	45	3.22876	-5.32783	-5.29537
25	25	55	4.55642	-6.17056	-5.85639
25	25	65	4.73766	-6.6432	-5.38171
25	25	75	4.88183	-6.80406	-4.59719
25	25	85	4.64267	-6.05204	-4.00049
25	35	5	3.79003	-5.61134	-4.65237
25	35	15	3.48597	-5.41073	-5.72618
25	35	25	2.72971	-5.24967	-5.09268
25	35	35	2.74154	-5.18833	-5.00301
25	35	45	2.84494	-5.25114	-5.23986
25	35	55	3.71332	-5.31274	-6.03689
25	35	65	3.20726	-5.35511	-5.33977
25	35	75	3.5334	-5.4225	-4.52315
25	35	85	4.1041	-4.51307	-3.00085
25	45	5	2.81127	-4.57182	-4.55158
25	45	15	2.77879	-5.12644	-5.30192
25	45	25	2.58403	-5.11418	-5.08286
25	45	35	2.62091	-5.03136	-4.96259
25	45	45	2.62617	-4.99627	-5.00201
25	45	55	3.16252	-5.11044	-5.61977
25	45	65	2.9403	-5.16165	-5.27169
25	45	75	3.00911	-3.85831	-3.52304
25	45	85	2.9255	-3.08323	-2.87047
25	55	5	2.71722	-4.92876	-5.11139
25	55	15	2.59486	-5.1228	-5.12143
25	55	25	2.63541	-5.14522	-5.10325
25	55	35	2.65751	-4.12644	-4.02172
25	55	45	2.63373	-3.49867	-3.49606
25	55	55	2.87529	-4.49187	-4.48762
25	55	65	2.84306	-3.88386	-3.93109
25	55	75	2.86003	-2.88162	-3.05625
25	55	85	2.89469	-3.24567	-3.54282
25	65	5	3.04225	-5.37057	-5.21455
25	65	15	2.21238	-5.2817	-5.12247
25	65	25	1.97487	-4.92422	-4.90369
25	65	35	2.69213	-3.11869	-2.97851
25	65	45	3.03371	-3.11341	-2.71152
25	65	55	3.29649	-5.06676	-4.52293
25	65	65	3.53934	-5.68048	-4.90028
25	65	75	3.83539	-4.51783	-4.39384
25	65	85	3.67388	-4.27499	-4.59458
25	75	5	2.79993	-5.08478	-5.06797
25	75	15	2.31387	-5.12145	-5.16267
25	75	25	2.42151	-4.40084	-4.38253
25	75	35	2.63833	-2.93367	-2.87413
25	75	45	2.93681	-3.32838	-3.14367
25	75	55	3.1548	-5.00895	-4.73334
25	75	65	3.24011	-5.38253	-5.10582
25	75	75	3.76919	-5.07252	-5.89852
25	75	85	3.28798	-4.62967	-5.06956
25	85	5	2.79959	-5.02367	-5.22895
25	85	15	2.63354	-5.1209	-5.16141
25	85	25	2.56964	-4.56317	-4.58494
25	85	35	2.59335	-3.33164	-3.37093
25	85	45	2.71782	-3.70991	-3.86411
25	85	55	2.78666	-4.3786	-4.58898
25	85	65	3.01377	-4.23607	-4.58896
25	85	75	3.22727	-4.95056	-5.52415
25	85	85	2.90613	-4.62115	-4.86565
35	5	5	2.63919	-4.81355	-4.89685
35	5	15	2.76162	-5.14092	-5.26976
35	5	25	2.7184	-4.10332	-4.22804
35	5	35	2.60516	-3.15346	-3.16315
35	5	45	2.74224	-4.82727	-4.93709
35	5	55	3.04184	-5.0639	-5.33505
35	5	65	3.05408	-4.68419	-4.67351
35	5	75	3.27019	-3.97323	-4.23358
35	5	85	2.94211	-4.6828	-4.98426
35	15	5	3.29578	-5.48383	-5.06818
35	15	15	3.04806	-5.21741	-5.47008
35	15	25	2.7936	-4.54413	-4.6623
35	15	35	2.64842	-3.70833	-3.76113
35	15	45	2.91916	-4.98419	-5.10502
35	15	55	3.82337	-5.82874	-5.61097
35	15	65	3.82109	-5.50074	-4.79256
35	15	75	3.96163	-4.78684	-3.79091
35	15	85	4.09786	-5.51573	-4.17911
35	25	5	4.6852	-5.84213	-4.71123
35	25	15	4.23689	-6.04676	-5.83379
35	25	25	3.6372	-5.46927	-5.58045
35	25	35	2.99251	-5.00436	-4.66198
35	25	45	3.21099	-5.4702	-5.3379
35	25	55	4.31045	-5.69713	-6.19653
35	25	65	3.69475	-5.61378	-4.85024
35	25	75	4.36531	-5.69804	-3.93366
35	25	85	4.61522	-5.45391	-3.43086
35	35	5	4.77316	-5.32052	-4.18083
35	35	15	4.5137	-6.10867	-6.04682
35	35	25	3.17806	-5.28924	-5.30162
35	35	35	3.29137	-5.42992	-4.95366
35	35	45	3.29835	-5.52489	-5.33896
35	35	55	4.41524	-5.8348	-6.26833
35	35	65	3.20395	-5.23459	-4.77877
35	35	75	3.55447	-4.57941	-3.58082
35	35	85	4.38604	-4.58488	-2.75154
35	45	5	2.97419	-3.68277	-3.77962
35	45	15	3.18281	-5.17963	-5.63266
35	45	25	2.81123	-5.15216	-5.15209
35	45	35	2.77607	-5.12064	-5.02769
35	45	45	2.99238	-5.28019	-5.16118
35	45	55	3.70654	-5.17502	-6.06444
35	45	65	2.84004	-5.17475	-5.03882
35	45	75	2.71289	-3.62081	-3.50185
35	45	85	2.91156	-2.98937	-2.63044
35	55	5	2.71415	-4.39772	-4.397
35	55	15	2.77422	-5.26971	-5.13075
35	55	25	2.60342	-5.10671	-5.1097
35	55	35	2.68269	-4.63112	-4.54383
35	55	45	2.60398	-4.35151	-4.33993
35	55	55	3.10837	-4.43363	-4.78217
35	55	65	2.8543	-4.37352	-4.21213
35	55	75	2.80719	-3.13368	-2.96335
35	55	85	2.76088	-3.15908	-2.94924
35	65	5	3.03835	-5.34975	-4.98527
35	65	15	2.73471	-5.24154	-5.15923
35	65	25	2.47651	-4.8833	-4.88619
35	65	35	2.57401	-3.48207	-3.46421
35	65	45	2.57286	-2.84164	-2.82103
35	65	55	3.29516	-4.01158	-4.23081
35	65	65	3.62645	-5.49108	-4.59705
35	65	75	3.73651	-4.80025	-3.65569
35	65	85	3.57634	-4.5408	-3.9567
35	75	5	2.8792	-5.22277	-5.02033
35	75	15	2.67605	-5.16301	-5.20388
35	75	25	2.61483	-4.82206	-4.785
35	75	35	2.64954	-3.13845	-3.07735
35	75	45	2.77394	-3.78158	-3.64047
35	75	55	3.076	-4.35548	-4.23635
35	75	65	3.19081	-5.01972	-4.39776
35	75	75	3.38882	-4.97248	-4.25718
35	75	85	3.49792	-5.12277	-4.93667
35	85	5	2.77644	-5.03285	-5.01182
35	85	15	2.7205	-5.16366	-5.2035
35	85	25	2.60217	-4.60924	-4.64673
35	85	35	2.60245	-3.29166	-3.29421
35	85	45	2.78532	-4.40714	-4.58133
35	85	55	2.8539	-4.37454	-4.69007
35	85	65	2.86919	-4.20588	-4.09546
35	85	75	3.14004	-4.00568	-4.25931
35	85	85	2.97836	-4.82201	-5.00039
45	5	5	2.87042	-4.90035	-5.04695
45	5	15	2.69719	-5.1086	-5.39396
45	5	25	3.00978	-4.35119	-4.59153
45	5	35	2.87457	-3.66205	-3.76559
45	5	45	3.12642	-5.08022	-5.42586
45	5	55	2.9372	-5.2501	-5.27116
45	5	65	3.37005	-5.46008	-4.77378
45	5	75	3.15	-3.61584	-3.3028
45	5	85	2.8248	-4.58076	-4.52654
45	15	5	4.21804	-5.75401	-5.05853
45	15	15	3.4804	-5.68314	-5.35868
45	15	25	3.61766	-4.53304	-4.6576
45	15	35	3.45207	-4.17679	-4.32754
45	15	45	4.19692	-5.57946	-6.0317
45	15	55	3.66722	-5.88241	-5.40526
45	15	65	4.55018	-6.19955	-5.19698
45	15	75	4.55642	-4.94038	-3.56211
45	15	85	4.30432	-5.04138	-3.86167
45	25	5	5.00288	-5.2704	-4.30442
45	25	15	4.61549	-6.10373	-6.07688
45	25	25	3.91927	-4.3352	-4.47686
45	25	35	3.14199	-4.4162	-4.27405
45	25	45	3.83047	-5.32879	-5.7781
45	25	55	3.92973	-5.40868	-6.12443
45	25	65	3.68494	-5.48858	-5.08869
45	25	75	4.52529	-5.14881	-3.68593
45	25	85	4.83004	-4.80294	-2.97942
45	35	5	5.36015	-5.15486	-3.99068
45	35	15	4.64296	-6.00211	-5.77821
45	35	25	3.49771	-3.67099	-3.6796
45	35	35	3.24995	-4.0266	-3.7116
45	35	45	3.97197	-5.76248	-5.28296
45	35	55	5.05465	-6.11057	-6.59603
45	35	65	4.45113	-5.91361	-4.50918
45	35	75	4.22373	-4.75696	-3.14217
45	35	85	4.65396	-4.73917	-2.80011
45	45	5	3.5641	-3.38729	-3.41582
45	45	15	3.63289	-4.88906	-5.7784
45	45	25	3.20733	-3.9758	-4.52436
45	45	35	2.8212	-4.05481	-3.85465
45	45	45	3.4686	-5.51025	-5.48019
45	45	55	4.07205	-5.71449	-6.02888
45	45	65	3.39247	-5.44216	-4.84327
45	45	75	3.20962	-3.77023	-3.19558
45	45	85	3.27461	-3.27386	-2.67286
45	55	5	2.91718	-3.73836	-3.61299
45	55	15	3.33974	-5.23546	-5.43404
45	55	25	3.00302	-4.81178	-4.96463
45	55	35	2.67476	-5.02547	-5.01915
45	55	45	2.69584	-4.74057	-4.84271
45	55	55	3.41955	-4.64128	-5.40725
45	55	65	2.74591	-4.18368	-4.13329
45	55	75	2.81799	-3.30568	-3.09977
45	55	85	2.7827	-3.16088	-2.91001
45	65	5	2.98171	-5.14359	-4.92467
45	65	15	3.20143	-5.31189	-5.47115
45	65	25	2.76365	-5.10591	-5.11228
45	65	35	2.60726	-4.26331	-4.27621
45	65	45	2.75857	-3.67087	-3.75755
45	65	55	3.1991	-3.80719	-4.25367
45	65	65	2.79945	-3.78918	-3.83241
45	65	75	3.11548	-4.14684	-3.5833
45	65	85	3.41868	-4.18566	-3.39841
45	75	5	2.80986	-4.93888	-4.74941
45	75	15	2.90157	-5.25972	-5.3078
45	75	25	2.92055	-5.2232	-5.11028
45	75	35	2.94314	-4.01845	-3.68737
45	75	45	2.85731	-4.71124	-4.57351
45	75	55	3.5999	-4.68042	-4.72128
45	75	65	3.25835	-4.73866	-4.07943
45	75	75	3.29641	-3.85508	-3.19059
45	75	85	3.03718	-4.11764	-3.83393
45	85	5	2.93939	-4.89194	-4.79868
45	85	15	2.84124	-5.2008	-5.24771
45	85	25	2.59972	-4.88563	-4.8475
45	85	35	2.6628	-3.7217	-3.70054
45	85	45	2.80861	-4.8525	-4.8874
45	85	55	3.03175	-4.96704	-5.37767
45	85	65	3.10548	-5.09242	-4.66418
45	85	75	3.45481	-4.11146	-3.24788
45	85	85	3.15513	-4.48434	-4.16761
55	5	5	3.30444	-4.50569	-4.60869
55	5	15	2.86749	-4.99542	-5.22709
55	5	25	3.16243	-4.40759	-4.32698
55	5	35	3.41555	-4.00887	-3.76932
55	5	45	3.5928	-5.67078	-5.19721
55	5	55	3.54815	-5.9365	-5.25027
55	5	65	3.8897	-6.41233	-5.08363
55	5	75	3.77882	-4.45523	-3.59659
55	5	85	3.52074	-3.95656	-3.74227
55	15	5	3.90241	-4.03158	-4.25648
55	15	15	3.43464	-5.3623	-5.43388
55	15	25	3.51123	-3.88476	-4.27937
55	15	35	4.242	-4.24965	-4.61101
55	15	45	5.06012	-6.01906	-5.87212
55	15	55	4.61333	-6.85334	-5.40756
55	15	65	4.27361	-6.49543	-5.06986
55	15	75	4.39529	-4.6894	-3.82316
55	15	85	4.12929	-4.17168	-3.89258
55	25	5	4.72387	-4.36151	-4.43434
55	25	15	4.66382	-6.04426	-5.49146
55	25	25	4.7419	-3.93712	-4.336
55	25	35	4.45655	-3.43324	-4.43477
55	25	45	4.37519	-4.70322	-5.8318
55	25	55	3.97753	-5.6112	-6.01458
55	25	65	3.68348	-5.33598	-5.55951
55	25	75	3.50406	-4.30727	-4.0337
55	25	85	4.02781	-3.97304	-3.07369
55	35	5	4.60607	-5.22963	-5.05549
55	35	15	4.91244	-6.00505	-5.13883
55	35	25	4.58476	-3.53445	-3.94161
55	35	35	4.46368	-3.38805	-3.91349
55	35	45	4.67073	-4.55899	-5.16269
55	35	55	4.58266	-5.78907	-6.43911
55	35	65	4.00172	-5.14755	-5.26624
55	35	75	3.94705	-4.30289	-3.68199
55	35	85	3.52923	-3.83996	-3.15546
55	45	5	3.81563	-3.69817	-3.83517
55	45	15	3.72157	-3.93149	-4.5258
55	45	25	3.40269	-3.15052	-3.49491
55	45	35	3.58543	-3.44276	-3.47974
55	45	45	3.52969	-4.52143	-4.99723
55	45	55	4.00975	-5.16297	-6.48825
55	45	65	3.06273	-4.4661	-4.84967
55	45	75	2.78985	-3.3073	-3.26199
55	45	85	2.99661	-3.32431	-3.12581
55	55	5	3.21422	-3.43503	-3.33263
55	55	15	3.92273	-3.80838	-4.67953
55	55	25	3.58056	-3.55498	-4.02627
55	55	35	2.94564	-4.52502	-4.5065
55	55	45	3.02	-5.01974	-5.32203
55	55	55	3.63663	-4.98234	-6.02473
55	55	65	2.68986	-4.60206	-4.66083
55	55	75	2.73577	-3.33446	-3.25918
55	55	85	2.77189	-3.08387	-2.92314
55	65	5	2.97998	-4.88593	-4.82142
55	65	15	3.82026	-5.27776	-6.17118
55	65	25	3.54883	-5.0408	-5.91422
55	65	35	2.7863	-4.81449	-4.92726
55	65	45	2.9939	-4.63964	-4.92167
55	65	55	3.27384	-4.89479	-5.4168
55	65	65	2.77783	-3.23161	-3.058
55	65	75	2.77508	-3.66523	-3.52127
55	65	85	2.81905	-3.3496	-3.1216
55	75	5	2.81354	-4.32796	-4.54925
55	75	15	3.07695	-5.0972	-5.54149
55	75	25	3.3615	-4.92373	-5.5894
55	75	35	3.10746	-4.68084	-4.83568
55	75	45	3.23869	-5.34844	-5.38889
55	75	55	3.41948	-5.25944	-4.99344
55	75	65	3.32631	-4.66661	-3.93694
55	75	75	3.13884	-3.22142	-2.63386
55	75	85	3.03996	-2.95654	-3.07571
55	85	5	3.21692	-3.99426	-4.26014
55	85	15	3.28634	-4.99429	-5.08961
55	85	25	3.59635	-5.32238	-5.32929
55	85	35	3.22514	-4.35967	-4.11334
55	85	45	3.29532	-5.47374	-5.21683
55	85	55	3.4978	-5.79411	-5.25224
55	85	65	3.70089	-5.93136	-4.82556
55	85	75	4.25537	-4.9244	-3.34214
55	85	85	4.08552	-3.76342	-3.69709
65	5	5	3.76108	-3.46327	-3.7853
65	5	15	3.01904	-4.4379	-4.58189
65	5	25	3.55708	-3.95469	-4.35993
65	5	35	2.87585	-3.51604	-3.56088
65	5	45	2.91309	-5.07726	-4.9596
65	5	55	3.05355	-5.50039	-5.20106
65	5	65	3.30595	-5.80392	-5.153
65	5	75	3.95932	-4.70016	-4.70029
65	5	85	4.60835	-3.44847	-3.9801
65	15	5	3.65795	-3.23097	-3.53054
65	15	15	3.34185	-4.02444	-3.81361
65	15	25	3.81553	-3.85868	-3.84315
65	15	35	4.55589	-3.98083	-4.3861
65	15	45	3.92105	-5.00714	-5.17997
65	15	55	3.22063	-5.51826	-5.34787
65	15	65	3.36029	-5.6623	-5.31077
65	15	75	4.13996	-4.66478	-4.8273
65	15	85	3.62678	-3.37351	-3.11872
65	25	5	3.99863	-4.45246	-4.76486
65	25	15	4.15103	-5.03897	-5.17978
65	25	25	4.55069	-3.60953	-4.2268
65	25	35	5.24952	-3.43644	-4.80614
65	25	45	4.64423	-4.45128	-5.18451
65	25	55	3.89701	-6.01418	-5.51941
65	25	65	3.54196	-5.62242	-5.53249
65	25	75	3.34076	-4.61887	-4.80773
65	25	85	3.38161	-3.62995	-3.614
65	35	5	3.65313	-4.9978	-5.89571
65	35	15	3.48522	-4.99642	-5.55024
65	35	25	4.63352	-3.56032	-4.83065
65	35	35	5.04196	-3.62285	-4.74974
65	35	45	5.23426	-4.51564	-5.32685
65	35	55	4.02302	-5.65912	-5.98712
65	35	65	3.87394	-5.2384	-5.8885
65	35	75	3.19037	-3.90123	-4.13338
65	35	85	2.79681	-3.51754	-3.55602
65	45	5	2.95107	-4.20022	-4.54017
65	45	15	3.73357	-3.92241	-4.78474
65	45	25	4.00738	-4.31138	-4.76023
65	45	35	4.57196	-3.97053	-4.07926
65	45	45	3.92311	-3.94317	-4.6567
65	45	55	3.95308	-5.24327	-6.31081
65	45	65	4.00978	-4.22265	-5.52004
65	45	75	2.89548	-2.99145	-3.33226
65	45	85	2.57449	-3.26672	-3.28852
65	55	5	3.07343	-3.72085	-3.44165
65	55	15	3.79909	-3.4891	-4.04354
65	55	25	3.73117	-3.52821	-3.91768
65	55	35	3.0224	-3.4477	-3.69956
65	55	45	3.21355	-4.7814	-5.31889
65	55	55	3.93436	-5.10674	-6.4674
65	55	65	3.4091	-4.422	-5.23992
65	55	75	2.74883	-3.22846	-3.38543
65	55	85	2.772	-3.24411	-3.08348
65	65	5	2.83585	-4.94126	-4.77886
65	65	15	2.39347	-5.04262	-5.52147
65	65	25	2.77468	-5.01242	-5.35357
65	65	35	2.97314	-5.00601	-5.14714
65	65	45	2.79147	-4.86681	-5.02637
65	65	55	3.67183	-5.21914	-5.97913
65	65	65	3.14864	-3.76082	-3.63563
65	65	75	3.17837	-3.59524	-2.97459
65	65	85	2.95313	-3.7067	-3.34238
65	75	5	2.6382	-4.12278	-4.1684
65	75	15	3.31179	-4.95309	-5.73394
65	75	25	3.23744	-4.6214	-5.32262
65	75	35	2.69022	-4.53997	-4.64201
65	75	45	2.69343	-5.05667	-5.15587
65	75	55	2.90105	-4.94122	-5.23118
65	75	65	2.76948	-4.07193	-3.85831
65	75	75	2.94333	-3.09226	-2.7013
65	75	85	2.83747	-2.85486	-2.81084
65	85	5	3.40751	-4.23586	-3.8915
65	85	15	3.23547	-5.00657	-5.17018
65	85	25	3.43224	-4.08113	-4.72356
65	85	35	3.05396	-4.07763	-3.98006
65	85	45	3.21461	-5.57167	-5.0312
65	85	55	3.57531	-5.98438	-5.2409
65	85	65	3.64136	-6.13778	-5.06025
65	85	75	4.43814	-5.38266	-3.90103
65	85	85	4.79844	-3.75361	-3.67916
75	5	5	3.01596	-3.17551	-3.11314
75	5	15	2.83665	-4.49671	-4.41433
75	5	25	2.71425	-3.19654	-3.29653
75	5	35	2.5123	-3.24006	-3.33966
75	5	45	2.57069	-4.33602	-4.35595
75	5	55	2.85146	-5.09943	-5.41979
75	5	65	2.68753	-5.10207	-5.23965
75	5	75	2.89509	-4.30112	-4.60512
75	5	85	3.51496	-2.79444	-3.43743
75	15	5	3.01425	-3.35694	-3.49372
75	15	15	3.19386	-4.42082	-4.30279
75	15	25	3.27303	-3.60552	-3.36752
75	15	35	3.1707	-3.63227	-3.19276
75	15	45	2.84862	-4.30592	-4.16592
75	15	55	3.19142	-5.13676	-5.71716
75	15	65	2.78182	-5.10239	-5.29279
75	15	75	3.29643	-4.46362	-5.16584
75	15	85	2.87522	-2.84192	-3.12212
75	25	5	3.23383	-5.01696	-5.33417
75	25	15	2.88064	-4.96175	-5.08096
75	25	25	3.32383	-4.05967	-3.81368
75	25	35	4.49704	-4.20877	-3.546
75	25	45	4.13303	-4.66482	-4.04403
75	25	55	3.79539	-5.88896	-5.53177
75	25	65	3.43783	-5.64237	-5.32837
75	25	75	3.89552	-5.44205	-5.14573
75	25	85	2.89347	-3.75923	-3.74168
75	35	5	3.11305	-5.04574	-5.52455
75	35	15	2.95706	-5.02011	-5.44132
75	35	25	3.26153	-4.09187	-4.79101
75	35	35	3.41002	-3.73609	-4.19962
75	35	45	4.63756	-4.28076	-4.75666
75	35	55	3.54036	-5.53955	-5.60063
75	35	65	3.37911	-5.36475	-5.46709
75	35	75	2.95149	-4.21605	-4.5477
75	35	85	2.64227	-4.25757	-4.16642
75	45	5	2.79158	-5.00841	-5.1687
75	45	15	3.41204	-4.95812	-5.73873
75	45	25	3.33704	-4.87693	-4.98174
75	45	35	3.67931	-4.23014	-3.82433
75	45	45	4.03943	-3.72681	-4.23923
75	45	55	3.00262	-5.1976	-5.39719
75	45	65	3.40549	-4.66858	-5.38937
75	45	75	2.66178	-3.10197	-3.20487
75	45	85	2.57245	-3.67494	-3.65439
75	55	5	2.87143	-4.68372	-4.58453
75	55	15	3.39268	-4.74484	-5.14403
75	55	25	2.87387	-4.17649	-4.33685
75	55	35	2.75399	-2.99867	-3.0766
75	55	45	3.31564	-4.2049	-4.9203
75	55	55	3.47686	-5.09452	-5.97588
75	55	65	3.70323	-4.30207	-5.41318
75	55	75	2.64322	-3.10327	-3.15462
75	55	85	2.7099	-3.6386	-3.43866
75	65	5	2.81141	-4.89803	-4.69924
75	65	15	2.39181	-5.02678	-5.22678
75	65	25	2.33266	-4.88328	-4.96405
75	65	35	2.55149	-4.9027	-4.90308
75	65	45	2.69113	-4.88685	-4.94678
75	65	55	3.53112	-5.17448	-5.99438
75	65	65	3.92234	-4.72337	-5.09137
75	65	75	3.36165	-4.17006	-3.37666
75	65	85	3.21029	-4.12256	-3.62103
75	75	5	2.64144	-4.35328	-4.35005
75	75	15	2.69141	-5.05512	-5.15433
75	75	25	2.64467	-4.90086	-4.96083
75	75	35	2.54544	-4.43902	-4.43906
75	75	45	2.59143	-4.97772	-4.97731
75	75	55	3.43544	-5.14015	-5.87733
75	75	65	2.91272	-4.23518	-4.20808
75	75	75	2.75263	-3.72481	-3.53277
75	75	85	2.8512	-2.95824	-2.82078
75	85	5	2.7561	-3.81642	-3.73624
75	85	15	2.81278	-5.20257	-5.06327
75	85	25	2.79265	-4.09986	-4.1399
75	85	35	2.5917	-3.67284	-3.6529
75	85	45	2.55093	-4.6304	-4.63039
75	85	55	2.65543	-5.12391	-5.2219
75	85	65	2.63072	-5.14467	-5.13187
75	85	75	2.75795	-4.38335	-4.29781
75	85	85	3.07708	-2.83831	-2.95578
85	5	5	2.71271	-3.53271	-3.49434
85	5	15	2.75428	-4.97471	-4.8555
85	5	25	2.55553	-3.46172	-3.46287
85	5	35	2.4313	-2.94015	-2.94009
85	5	45	2.61122	-3.69284	-3.75266
85	5	55	3.23359	-5.09278	-5.77501
85	5	65	2.58593	-5.10208	-5.13685
85	5	75	2.65945	-4.64204	-4.71032
85	5	85	2.75337	-2.74478	-2.78705
85	15	5	2.63228	-3.97268	-4.05394
85	15	15	2.77149	-4.85824	-4.7987
85	15	25	2.83345	-3.82666	-3.58828
85	15	35	3.01117	-3.38352	-2.90363
85	15	45	2.78942	-3.80479	-3.60479
85	15	55	3.49302	-5.16673	-5.94873
85	15	65	2.79305	-5.14199	-5.30401
85	15	75	2.74416	-4.88204	-5.03518
85	15	85	2.63606	-2.82642	-2.86986
85	25	5	3.23147	-5.5964	-5.15685
85	25	15	2.7315	-5.12427	-5.14396
85	25	25	2.69543	-4.60161	-4.50442
85	25	35	2.83503	-3.86651	-3.58252
85	25	45	3.45782	-4.44906	-3.58226
85	25	55	4.35702	-6.34776	-5.62176
85	25	65	3.94862	-6.28834	-5.27314
85	25	75	3.80477	-5.90524	-4.87179
85	25	85	3.27157	-5.08925	-4.36899
85	35	5	2.82073	-5.12081	-5.29207
85	35	15	2.71836	-5.08349	-5.23722
85	35	25	2.64231	-4.56757	-4.63798
85	35	35	2.63161	-4.25117	-4.25141
85	35	45	3.08408	-4.51075	-4.33849
85	35	55	3.27127	-5.47112	-5.39167
85	35	65	3.05559	-5.30192	-5.20617
85	35	75	3.01556	-4.8629	-4.64332
85	35	85	2.74789	-4.44885	-4.25289
85	45	5	2.73253	-5.06381	-5.24435
85	45	15	2.85243	-5.16022	-5.34135
85	45	25	2.67592	-4.70201	-4.70359
85	45	35	2.67413	-3.92401	-3.92255
85	45	45	2.93791	-3.25724	-3.39118
85	45	55	3.04235	-5.30004	-5.33031
85	45	65	2.96615	-4.57343	-4.76472
85	45	75	2.52115	-3.14771	-3.12249
85	45	85	2.4533	-3.84499	-3.84455
85	55	5	2.70967	-5.09109	-5.01131
85	55	15	2.89232	-4.99979	-5.20023
85	55	25	2.63394	-4.53925	-4.58039
85	55	35	2.59319	-2.91246	-2.91116
85	55	45	2.83318	-3.59141	-3.86927
85	55	55	2.93705	-5.06959	-5.44598
85	55	65	2.89782	-4.0866	-4.42306
85	55	75	2.51609	-2.89502	-2.81412
85	55	85	2.43039	-3.3604	-3.3209
85	65	5	3.5095	-5.70681	-4.78689
85	65	15	2.97467	-5.23293	-4.97012
85	65	25	2.63468	-4.8721	-4.8329
85	65	35	2.6135	-4.52394	-4.46235
85	65	45	2.7312	-4.75887	-4.93875
85	65	55	3.15409	-5.10384	-5.66644
85	65	65	3.32038	-4.48235	-4.8907
85	65	75	3.27442	-4.60566	-3.88901
85	65	85	3.50831	-4.81926	-4.09895
85	75	5	2.78712	-4.70572	-4.51212
85	75	15	2.74306	-5.18443	-5.11323
85	75	25	2.59867	-4.76657	-4.76134
85	75	35	2.59233	-4.23854	-4.19888
85	75	45	2.57153	-4.49853	-4.47809
85	75	55	3.03466	-5.09735	-5.58015
85	75	65	3.14229	-4.6823	-4.95274
85	75	75	2.89685	-4.38685	-4.08785
85	75	85	2.98441	-3.31899	-3.12912
85	85	5	2.59634	-4.01849	-4.01641
85	85	15	2.7944	-5.22909	-5.10655
85	85	25	2.75273	-4.52078	-4.3223
85	85	35	2.61196	-3.39847	-3.31766
85	85	45	2.63311	-3.83086	-3.82879
85	85	55	2.91984	-5.10276	-5.46435
85	85	65	2.79236	-5.08275	-5.32004
85	85	75	2.6222	-4.74406	-4.80876
85	85	85	2.73457	-2.95263	-3.13204
