5	5	5	4.5697	-1.21023	-3.9631
5	5	15	2.98838	-0.764947	-2.95739
5	5	25	2.71491	-0.547644	-3.03927
5	5	35	1.64081	-0.518065	-3.01454
5	5	45	-0.875051	-1.32804	-2.79125
5	5	55	0.78131	-3.14163	-4.49905
5	5	65	2.45034	-3.77034	-5.02463
5	5	75	2.9061	-1.07889	-3.44259
5	5	85	3.97103	-1.11754	-3.63816
5	15	5	3.3206	-1.15371	-2.70876
5	15	15	2.25516	-0.409558	-2.37119
5	15	25	1.74003	0.629844	-2.12582
5	15	35	0.699913	0.914728	-2.11069
5	15	45	-1.83828	0.251294	-3.42363
5	15	55	-1.12326	-2.58121	-5.03868
5	15	65	0.847945	-2.58051	-4.2912
5	15	75	2.74775	-1.19261	-3.13472
5	15	85	3.59599	-1.09842	-3.21074
5	25	5	1.91494	-2.67866	-2.8561
5	25	15	-0.730288	-3.81442	-4.27242
5	25	25	0.158138	-1.3365	-2.19693
5	25	35	-0.366895	0.957024	-1.94228
5	25	45	-2.47911	-0.42905	-4.11391
5	25	55	-1.70612	-2.47033	-4.69328
5	25	65	0.289403	-2.65653	-3.22271
5	25	75	1.9885	-2.26153	-1.93278
5	25	85	2.74097	-2.43074	-2.26924
5	35	5	0.611807	-3.32526	-3.38286
5	35	15	-2.1573	-4.81032	-4.90674
5	35	25	-0.712077	-3.16495	-3.32289
5	35	35	-1.04726	-0.771686	-2.87764
5	35	45	-2.48672	-1.88634	-3.93764
5	35	55	-2.0585	-3.04653	-4.09107
5	35	65	-0.0216634	-1.9683	-1.69125
5	35	75	1.37397	-1.62392	-1.271
5	35	85	2.22749	-2.37884	-2.18947
5	45	5	1.07575	-3.2772	-3.87815
5	45	15	-1.29218	-4.4689	-5.20004
5	45	25	-1.6214	-3.58014	-3.88528
5	45	35	-1.42526	-1.82003	-2.72272
5	45	45	-1.40099	-1.72896	-2.34658
5	45	55	-2.53188	-2.30545	-2.80851
5	45	65	-0.373495	-1.43533	-0.640564
5	45	75	0.698963	-0.966014	-0.700141
5	45	85	2.60475	-2.53801	-2.45053
5	55	5	3.34833	-4.44875	-4.60905
5	55	15	0.943487	-4.80179	-5.54135
5	55	25	-0.991522	-5.7367	-4.67558
5	55	35	-2.50827	-6.99093	-3.32974
5	55	45	0.151684	-8.2563	-3.01081
5	55	55	2.27386	-7.99434	-3.97796
5	55	65	1.00136	-6.30447	-0.656736
5	55	75	1.41985	-3.87139	0.0249553
5	55	85	2.91342	-4.97302	-3.38708
5	65	5	4.43491	-5.45371	-4.08395
5	65	15	3.55409	-4.94066	-4.01791
5	65	25	2.80266	-4.81466	-4.24632
5	65	35	1.38465	-5.39009	-3.62107
5	65	45	2.5778	-7.40909	-4.05764
5	65	55	3.93048	-8.95612	-4.90295
5	65	65	3.46918	-7.38361	-2.99982
5	65	75	3.08119	-5.66027	-2.3281
5	65	85	3.36191	-5.8313	-4.31864
5	75	5	3.43549	-4.01409	-2.92279
5	75	15	3.57008	-4.18479	-3.16355
5	75	25	2.89475	-4.02646	-3.87577
5	75	35	2.2635	-4.28695	-4.16029
5	75	45	1.18113	-4.62587	-4.43403
5	75	55	1.12917	-4.18484	-3.59744
5	75	65	2.83059	-4.90049	-3.85788
5	75	75	3.26059	-4.91902	-4.46244
5	75	85	3.146	-3.92544	-3.75896
5	85	5	3.24201	-1.76525	-2.85851
5	85	15	3.10081	-2.77321	-2.91569
5	85	25	2.94778	-2.6735	-3.35316
5	85	35	1.78202	-2.97309	-3.47929
5	85	45	-0.450474	-2.74298	-3.44514
5	85	55	1.32336	-3.76897	-3.99684
5	85	65	2.60972	-4.21394	-4.45232
5	85	75	3.30567	-3.20088	-4.19161
5	85	85	3.7779	-2.84431	-3.88278
15	5	5	4.06437	-2.24319	-3.3038
15	5	15	2.27789	-1.26137	-2.09394
15	5	25	1.39391	-0.632607	-1.60457
15	5	35	0.228962	-1.04108	-1.93273
15	5	45	-1.29793	-3.01457	-5.49664
15	5	55	1.4205	-1.78574	-6.68623
15	5	65	3.8606	-2.57231	-6.13646
15	5	75	4.52194	-2.36577	-4.9062
15	5	85	4.23521	-1.65405	-4.21653
15	15	5	4.36831	-1.1921	-3.33161
15	15	15	2.41291	-0.279401	-2.03216
15	15	25	1.38217	0.384473	-1.43499
15	15	35	0.393071	0.678694	-1.87534
15	15	45	0.0114706	0.0819936	-7.56115
15	15	55	3.53601	0.947631	-9.87129
15	15	65	4.51504	-1.84967	-6.75614
15	15	75	3.70606	-2.16951	-4.18552
15	15	85	4.03391	-1.27108	-3.83851
15	25	5	4.446	-2.1353	-3.1416
15	25	15	2.66683	-1.38937	-1.91144
15	25	25	0.972848	-0.207905	-1.40874
15	25	35	0.6216	1.42399	-2.08487
15	25	45	1.62853	-0.961819	-8.37148
15	25	55	4.24516	-2.88544	-9.37871
15	25	65	4.10088	-4.20282	-5.18291
15	25	75	3.58018	-3.33322	-3.15372
15	25	85	3.53547	-2.07398	-2.91969
15	35	5	3.82828	-2.53191	-3.06431
15	35	15	2.55797	-2.34241	-2.56516
15	35	25	1.52315	-1.42805	-2.53552
15	35	35	1.69623	-0.0633324	-3.47257
15	35	45	3.45511	-2.81379	-7.27993
15	35	55	3.98384	-4.63127	-7.51684
15	35	65	3.66619	-2.92182	-4.09313
15	35	75	3.26618	-2.83104	-2.78445
15	35	85	2.95074	-2.76976	-2.58009
15	45	5	3.61373	-2.32497	-3.34278
15	45	15	2.48783	-2.32538	-3.21397
15	45	25	0.522515	-3.01864	-3.8623
15	45	35	1.3451	-2.45499	-4.4558
15	45	45	2.0588	-3.17742	-4.66765
15	45	55	2.82233	-3.84756	-4.80693
15	45	65	1.92477	-1.30832	-1.90738
15	45	75	2.37716	-1.53652	-1.87234
15	45	85	3.24143	-2.64601	-2.87885
15	55	5	3.3524	-5.08359	-4.55657
15	55	15	0.266479	-4.42604	-2.93163
15	55	25	-2.47785	-5.12838	-2.62222
15	55	35	-3.95337	-6.91701	-3.94789
15	55	45	-0.076593	-7.55501	-4.13757
15	55	55	3.84915	-7.89838	-4.15316
15	55	65	3.51006	-7.03257	-2.71132
15	55	75	2.66443	-5.33874	-2.87259
15	55	85	3.76718	-5.52518	-4.48727
15	65	5	3.34894	-6.48094	-5.02244
15	65	15	2.84033	-6.99318	-3.14894
15	65	25	0.521325	-7.00287	-2.8662
15	65	35	-2.62159	-7.69812	-2.4003
15	65	45	-0.332193	-8.91973	-3.68189
15	65	55	3.70664	-8.78084	-5.12308
15	65	65	4.85505	-8.30598	-4.60703
15	65	75	4.31543	-8.24789	-4.18058
15	65	85	3.91875	-7.04558	-4.9112
15	75	5	3.72162	-4.24067	-3.09623
15	75	15	4.10792	-4.81441	-3.00926
15	75	25	3.76934	-4.68437	-3.21327
15	75	35	1.38465	-5.0211	-3.81289
15	75	45	-0.235414	-7.00125	-4.39542
15	75	55	2.04726	-7.39616	-4.96466
15	75	65	3.98255	-7.05637	-5.02638
15	75	75	4.03801	-6.20409	-5.21022
15	75	85	3.33112	-4.6273	-4.13815
15	85	5	3.12475	-2.89144	-2.57478
15	85	15	3.04743	-3.1382	-2.43165
15	85	25	2.30539	-2.40167	-2.10013
15	85	35	0.53477	-2.59864	-2.67953
15	85	45	-0.512694	-4.20429	-4.97483
15	85	55	1.41106	-4.72446	-5.19922
15	85	65	3.03776	-4.56686	-4.75706
15	85	75	3.7506	-3.88249	-4.70777
15	85	85	4.0307	-3.01199	-4.08086
25	5	5	3.89193	-2.83622	-2.77069
25	5	15	3.05268	-2.96033	-2.12374
25	5	25	2.18754	-1.70761	-1.93435
25	5	35	1.52467	-2.09342	-2.51134
25	5	45	0.628379	-5.15455	-7.81518
25	5	55	1.49101	-5.07313	-8.62644
25	5	65	4.13495	-2.04085	-7.32837
25	5	75	4.63568	-2.08926	-5.28404
25	5	85	4.59726	-2.91788	-4.90081
25	15	5	3.96004	-1.56873	-3.04865
25	15	15	3.21594	-0.63432	-2.27768
25	15	25	2.72973	0.225743	-2.41348
25	15	35	1.48002	0.419004	-2.22757
25	15	45	1.32452	-4.82737	-8.61353
25	15	55	2.94743	-4.13902	-9.57248
25	15	65	5.04158	1.49318	-6.92904
25	15	75	5.27463	-1.22632	-5.53205
25	15	85	4.50692	-1.77897	-4.23975
25	25	5	6.00542	-1.06895	-4.27408
25	25	15	5.47875	-0.767881	-2.9685
25	25	25	3.11484	0.496583	-2.38273
25	25	35	2.79402	1.61662	-2.89584
25	25	45	2.69369	-3.47348	-7.87037
25	25	55	3.78776	-3.90621	-8.7778
25	25	65	5.6614	-1.10841	-6.28621
25	25	75	5.98731	-3.14743	-5.07756
25	25	85	5.5584	-1.57453	-4.54493
25	35	5	6.69269	-1.52787	-4.72039
25	35	15	7.40098	-0.934272	-4.27124
25	35	25	5.00915	0.30558	-3.38709
25	35	35	3.88912	1.89764	-3.74989
25	35	45	4.83969	-2.25696	-5.70816
25	35	55	5.91153	-3.45229	-6.18644
25	35	65	6.83436	-4.14428	-6.33696
25	35	75	6.7024	-3.71678	-5.66659
25	35	85	6.02869	-2.20164	-4.64868
25	45	5	5.40512	-2.11661	-4.27378
25	45	15	5.35185	-1.08933	-3.3431
25	45	25	3.5667	-0.425557	-3.30773
25	45	35	4.53286	-0.590925	-4.67929
25	45	45	5.50047	-2.91439	-5.37267
25	45	55	6.64918	-3.45213	-5.48364
25	45	65	6.93344	-3.56444	-4.97232
25	45	75	6.22409	-3.05455	-4.50649
25	45	85	5.33688	-2.93217	-4.76254
25	55	5	2.93363	-3.65028	-3.84876
25	55	15	1.72789	-3.69462	-1.62293
25	55	25	0.679338	-3.597	-0.905913
25	55	35	0.228899	-4.93521	-2.7155
25	55	45	2.78985	-4.00845	-3.31953
25	55	55	5.62727	-5.3355	-4.8489
25	55	65	6.34074	-6.45214	-5.2876
25	55	75	4.93101	-6.43863	-5.45278
25	55	85	3.34305	-4.80735	-5.10975
25	65	5	0.691776	-4.95824	-3.85427
25	65	15	1.059	-5.69123	-2.00012
25	65	25	1.67138	-4.86808	-0.211503
25	65	35	-0.17587	-5.32791	-2.02549
25	65	45	2.24916	-6.28184	-3.54299
25	65	55	3.8081	-7.67216	-5.16791
25	65	65	1.5364	-9.20118	-5.56407
25	65	75	-0.502924	-8.97204	-5.51591
25	65	85	0.0169958	-6.78214	-5.20733
25	75	5	3.44892	-4.55569	-3.51505
25	75	15	3.70899	-4.42511	-2.82054
25	75	25	3.45947	-4.37716	-1.91685
25	75	35	2.0844	-4.10673	-1.64626
25	75	45	1.45127	-6.43791	-4.65543
25	75	55	3.38395	-7.74385	-5.49898
25	75	65	2.90883	-7.3475	-5.27521
25	75	75	1.69926	-6.34987	-4.97595
25	75	85	2.70949	-5.15539	-4.59008
25	85	5	3.08273	-3.51096	-2.96656
25	85	15	3.78136	-4.28414	-2.37376
25	85	25	2.7521	-2.94558	-1.93881
25	85	35	2.23029	-3.52638	-2.81932
25	85	45	1.25136	-5.52358	-6.26782
25	85	55	1.37078	-5.87328	-7.36337
25	85	65	2.2915	-5.51199	-5.76222
25	85	75	3.18676	-4.12281	-5.11165
25	85	85	2.9279	-3.81995	-4.42268
35	5	5	-0.302507	-4.09528	-4.12277
35	5	15	0.458793	-2.57476	-0.529337
35	5	25	1.04895	-1.55818	-0.697407
35	5	35	1.40052	-1.50505	-1.6753
35	5	45	1.61985	-4.87902	-7.82248
35	5	55	0.682794	-5.51193	-9.55831
35	5	65	2.24505	-5.16642	-7.90577
35	5	75	1.92242	-3.23009	-6.34677
35	5	85	-0.201008	-4.43877	-6.95392
35	15	5	2.31289	-1.48786	-2.9907
35	15	15	1.80295	-1.04071	-0.935478
35	15	25	2.05386	-0.0211848	-1.24162
35	15	35	1.62362	-0.0252991	-1.58226
35	15	45	2.75438	-4.23166	-6.50833
35	15	55	2.20016	-5.02513	-8.77679
35	15	65	3.71297	-1.88282	-7.10498
35	15	75	4.4417	1.44675	-6.41769
35	15	85	3.57134	-0.31122	-5.7425
35	25	5	5.90557	0.585131	-4.8705
35	25	15	6.2212	-0.190018	-3.22842
35	25	25	5.91816	0.166822	-2.9829
35	25	35	4.0114	0.650454	-3.16184
35	25	45	3.50499	-3.09128	-4.74996
35	25	55	3.53574	-4.11316	-6.41569
35	25	65	5.1636	-0.0699905	-6.65515
35	25	75	5.44913	1.09603	-6.53884
35	25	85	5.64768	2.21229	-6.21689
35	35	5	7.01981	0.246909	-5.67962
35	35	15	9.08425	0.213897	-5.45868
35	35	25	8.53122	0.866436	-4.16892
35	35	35	6.2861	2.04037	-4.26688
35	35	45	5.88032	-1.75115	-4.78008
35	35	55	5.67515	-3.1798	-5.44904
35	35	65	6.03661	-1.69663	-6.92846
35	35	75	6.23764	-0.679382	-7.34168
35	35	85	6.56344	-0.240206	-6.55263
35	45	5	6.73719	-3.68885	-6.20268
35	45	15	7.1663	-1.17164	-4.65084
35	45	25	6.47686	1.09197	-3.82073
35	45	35	5.84415	0.109168	-4.16775
35	45	45	6.85753	-1.67834	-4.86713
35	45	55	7.34083	-2.34854	-5.45138
35	45	65	6.83451	-3.38179	-5.50291
35	45	75	6.66095	-3.87562	-6.10681
35	45	85	6.44298	-4.51076	-6.68393
35	55	5	3.50116	-3.32219	-5.21269
35	55	15	2.84929	-2.9228	-2.38669
35	55	25	3.47724	-2.24833	-0.658454
35	55	35	3.73233	-2.30439	-1.99524
35	55	45	5.52816	-3.1449	-3.69136
35	55	55	6.38328	-3.72151	-4.8782
35	55	65	5.81025	-4.538	-5.83466
35	55	75	4.87063	-3.43333	-5.23702
35	55	85	4.50442	-3.04924	-5.46615
35	65	5	-0.579618	-3.63466	-3.63718
35	65	15	0.103095	-3.83835	-1.79734
35	65	25	1.47687	-3.00933	0.0305821
35	65	35	2.49446	-3.73205	-0.87443
35	65	45	4.12786	-4.68529	-2.6145
35	65	55	2.54151	-5.46625	-4.53236
35	65	65	-0.548928	-5.6222	-6.61106
35	65	75	-0.561756	-5.02063	-5.97431
35	65	85	-0.34481	-3.71923	-4.96814
35	75	5	-0.252761	-4.6872	-5.31329
35	75	15	2.17749	-5.24294	-3.14286
35	75	25	2.26219	-3.27202	-0.640059
35	75	35	2.61189	-3.20315	-0.405468
35	75	45	3.29029	-4.00363	-3.63059
35	75	55	-0.709512	-3.64403	-6.61155
35	75	65	-0.506152	-6.89515	-5.89018
35	75	75	-0.507511	-5.42414	-5.17768
35	75	85	-0.182357	-4.03592	-4.85942
35	85	5	-0.333922	-4.1696	-4.95731
35	85	15	1.76748	-3.72155	-1.98252
35	85	25	1.87606	-2.16718	-0.710982
35	85	35	2.27463	-2.69222	-1.38786
35	85	45	0.957475	-2.27523	-7.37808
35	85	55	-0.795999	-4.38397	-9.26512
35	85	65	1.32187	-5.78112	-6.74827
35	85	75	0.946826	-4.741	-5.30564
35	85	85	-1.13056	-4.27383	-6.37216
45	5	5	-4.56248	-3.60295	-3.90724
45	5	15	-2.03532	-1.55694	-1.74805
45	5	25	-0.31831	-1.00088	-0.818283
45	5	35	0.553509	-2.12024	-1.86383
45	5	45	3.34813	-4.06363	-5.22997
45	5	55	-0.254931	-5.05769	-7.29282
45	5	65	-0.283261	-4.70024	-6.08199
45	5	75	-2.4294	-3.25319	-4.73062
45	5	85	-4.91134	-4.09867	-5.80221
45	15	5	-3.91278	-6.02379	-4.00716
45	15	15	-1.73815	-3.44553	-2.19777
45	15	25	-0.320119	-2.20474	-1.33605
45	15	35	0.56745	-2.9168	-2.30793
45	15	45	3.71447	-5.02001	-5.69047
45	15	55	2.67115	-5.23213	-6.46238
45	15	65	0.771647	-5.20259	-5.52921
45	15	75	-1.55282	-5.62362	-4.11695
45	15	85	-3.49896	-6.55954	-4.20906
45	25	5	0.975856	-4.25951	-5.76761
45	25	15	1.82093	-3.49972	-2.94707
45	25	25	2.31832	-2.97855	-1.78758
45	25	35	2.9876	-2.05016	-1.17495
45	25	45	4.42194	-3.69673	-2.77568
45	25	55	3.82517	-4.66227	-4.70897
45	25	65	3.32119	-4.85904	-5.68154
45	25	75	2.81963	-3.31204	-5.75371
45	25	85	1.77644	-2.90571	-6.16865
45	35	5	4.11041	-2.33478	-6.67108
45	35	15	4.81752	-3.1724	-5.13194
45	35	25	5.36909	-1.98646	-2.91573
45	35	35	5.34478	-0.771021	-1.59742
45	35	45	6.74667	-2.36737	-2.65826
45	35	55	4.43046	-3.74572	-3.77136
45	35	65	4.56771	-3.87427	-5.55756
45	35	75	4.75454	-2.98416	-6.62351
45	35	85	3.65252	-1.49227	-7.16386
45	45	5	3.30861	-3.14449	-7.09777
45	45	15	5.20821	-3.05733	-5.22214
45	45	25	5.38083	-1.04792	-3.40556
45	45	35	5.46684	0.234506	-2.26247
45	45	45	6.56461	-1.1825	-2.99499
45	45	55	5.82905	-2.35125	-4.0496
45	45	65	5.54194	-3.63899	-5.65485
45	45	75	5.11758	-3.76502	-6.44115
45	45	85	3.65664	-3.17804	-7.02888
45	55	5	1.03672	-2.11745	-4.77559
45	55	15	1.76467	-2.39916	-3.65381
45	55	25	3.00702	-2.05226	-2.24202
45	55	35	4.11403	-2.07706	-1.8123
45	55	45	5.56326	-1.96398	-2.40594
45	55	55	5.74707	-2.61551	-4.23396
45	55	65	5.27297	-2.62499	-5.06503
45	55	75	4.72348	-2.12473	-5.25777
45	55	85	2.2512	-1.29359	-4.61234
45	65	5	-1.6967	-1.53596	-2.23465
45	65	15	-0.977564	-2.48367	-2.6985
45	65	25	1.10591	-2.85858	-2.19846
45	65	35	2.65469	-3.22327	-1.92618
45	65	45	4.61074	-4.30741	-1.80574
45	65	55	3.97492	-2.35418	-2.32559
45	65	65	1.61721	-2.41938	-4.70926
45	65	75	1.53775	-1.68265	-3.5057
45	65	85	-0.333723	-0.61108	-2.58587
45	75	5	-2.83975	-2.01015	-3.95005
45	75	15	-1.32467	-2.99172	-3.14183
45	75	25	0.749997	-1.88794	-1.09048
45	75	35	2.13211	-2.52082	-0.913713
45	75	45	4.08832	-3.60089	-2.06937
45	75	55	0.708037	-1.61643	-5.19658
45	75	65	-1.62273	-4.62695	-5.79692
45	75	75	-0.219703	-2.56292	-3.22276
45	75	85	-2.07634	-0.525778	-3.3427
45	85	5	-3.69547	-1.96115	-4.36676
45	85	15	-1.67792	-1.90423	-2.57572
45	85	25	0.439267	-0.869525	-0.410957
45	85	35	1.37952	-1.60894	-0.760669
45	85	45	4.03716	-2.79635	-4.00715
45	85	55	-0.384132	-4.08211	-8.28864
45	85	65	-0.64478	-4.13304	-6.23511
45	85	75	-0.724445	-2.05072	-2.86118
45	85	85	-3.58077	-0.993645	-5.48795
55	5	5	-1.84351	-5.21508	-6.55308
55	5	15	0.263779	-3.45973	-3.70719
55	5	25	-0.568942	-1.84545	-1.56209
55	5	35	0.879753	-2.55484	-2.31223
55	5	45	3.91655	-3.32817	-4.61223
55	5	55	3.37762	-3.67625	-4.85431
55	5	65	0.725584	-2.42239	-3.24121
55	5	75	-1.34579	-1.93856	-3.42663
55	5	85	-3.86617	-3.49301	-5.13242
55	15	5	-3.81817	-8.13718	-6.31591
55	15	15	1.50489	-7.22453	-4.2759
55	15	25	-1.53227	-5.11374	-3.58463
55	15	35	-1.77026	-4.93292	-4.63762
55	15	45	1.84489	-5.74865	-6.1732
55	15	55	1.30054	-7.01981	-5.35076
55	15	65	-3.60138	-6.87935	-2.81301
55	15	75	-4.22505	-6.64866	-2.7983
55	15	85	-5.30385	-7.52535	-4.22514
55	25	5	-1.5111	-6.6198	-5.55815
55	25	15	2.7379	-6.56783	-4.92904
55	25	25	1.19819	-4.63994	-4.31352
55	25	35	0.799645	-4.10467	-3.47476
55	25	45	3.50005	-6.0085	-3.14113
55	25	55	3.33132	-6.07639	-2.96618
55	25	65	-0.111051	-5.99141	-2.66138
55	25	75	-2.32948	-6.33828	-3.68234
55	25	85	-3.9342	-6.20062	-4.12462
55	35	5	0.855485	-5.13809	-5.5116
55	35	15	1.9622	-4.90715	-4.77282
55	35	25	1.92194	-3.67464	-3.60418
55	35	35	2.29337	-2.0898	-1.89493
55	35	45	4.3979	-2.62363	-1.43574
55	35	55	3.97554	-4.03308	-2.29831
55	35	65	2.5163	-4.13654	-3.12282
55	35	75	0.45731	-3.47907	-3.3818
55	35	85	-1.68073	-3.54505	-3.54248
55	45	5	0.756789	-4.01102	-5.41572
55	45	15	2.1717	-3.58597	-4.90155
55	45	25	2.41187	-1.80438	-2.72525
55	45	35	2.24154	-0.581148	-1.39512
55	45	45	4.00243	-1.06869	-0.787314
55	45	55	3.70361	-2.13124	-1.46071
55	45	65	2.6499	-2.12507	-2.96403
55	45	75	1.55749	-1.4552	-2.88938
55	45	85	-0.960327	-2.65678	-3.41576
55	55	5	-0.0557223	-2.55833	-4.36689
55	55	15	2.21674	-3.06388	-4.31934
55	55	25	2.93226	-2.49321	-3.27416
55	55	35	3.08469	-1.90447	-2.28792
55	55	45	3.85338	-1.68008	-1.7793
55	55	55	3.70135	-0.760356	-1.282
55	55	65	2.58844	-0.360535	-2.57037
55	55	75	1.2409	-0.206304	-1.96477
55	55	85	-0.70575	-1.34249	-2.71237
55	65	5	-0.19958	-2.29318	-3.46605
55	65	15	2.47731	-3.59895	-4.5707
55	65	25	2.27732	-2.91815	-3.31154
55	65	35	2.82355	-2.73035	-2.58852
55	65	45	4.13176	-3.40508	-2.0972
55	65	55	3.68873	-1.61843	-1.41621
55	65	65	2.29528	0.186438	-2.50097
55	65	75	0.99678	-0.604771	-1.99118
55	65	85	-0.820774	-0.844221	-1.86428
55	75	5	-0.69723	-0.617459	-5.60378
55	75	15	1.8471	-4.01636	-5.163
55	75	25	1.49992	-1.94243	-2.18285
55	75	35	2.23838	-2.40073	-1.95157
55	75	45	4.55502	-2.55395	-2.93169
55	75	55	5.29973	-0.977544	-3.86345
55	75	65	2.40671	-1.56115	-3.57711
55	75	75	0.530703	-1.05807	-1.73722
55	75	85	-2.20784	-0.0496814	-3.32547
55	85	5	-1.1959	-2.87093	-6.6747
55	85	15	0.634892	-2.15862	-4.27904
55	85	25	0.599773	-0.790208	-0.992208
55	85	35	1.59815	-1.5414	-1.1578
55	85	45	4.20605	-2.402	-3.81026
55	85	55	4.83674	-2.84127	-4.76927
55	85	65	2.37506	-1.95304	-4.20111
55	85	75	-0.0821201	-0.53247	-2.0829
55	85	85	-2.84237	0.118317	-5.62515
65	5	5	0.915273	-5.01606	-9.07069
65	5	15	3.84902	-3.339	-5.17809
65	5	25	1.80923	-1.65644	-2.65253
65	5	35	2.28082	-1.62469	-2.64172
65	5	45	4.62906	-2.01755	-4.50612
65	5	55	4.35377	-2.01587	-3.4377
65	5	65	2.03415	-1.13049	-2.03384
65	5	75	0.640394	-1.4352	-2.67477
65	5	85	-0.235279	-3.95292	-7.04478
65	15	5	-1.90396	-6.91123	-8.78843
65	15	15	-1.82783	-6.99977	-5.93408
65	15	25	-2.0642	-6.35516	-4.71515
65	15	35	-1.44439	-4.3716	-4.58727
65	15	45	0.535318	-3.69615	-5.05974
65	15	55	-0.294477	-3.55901	-3.43368
65	15	65	-1.4549	-3.69396	-0.673445
65	15	75	-2.35893	-4.735	-2.31772
65	15	85	-3.10243	-5.47572	-5.03352
65	25	5	0.213531	-5.92186	-6.30936
65	25	15	-0.851938	-6.78736	-5.31641
65	25	25	-0.978809	-6.57215	-5.18589
65	25	35	-0.417444	-5.01706	-4.71406
65	25	45	1.05178	-3.57295	-3.56796
65	25	55	1.10569	-4.3973	-1.49414
65	25	65	0.0181265	-4.50577	0.20028
65	25	75	-0.928501	-4.05055	-1.67788
65	25	85	-1.49766	-4.80852	-4.13915
65	35	5	1.23942	-5.296	-5.41423
65	35	15	0.925244	-5.32858	-5.05643
65	35	25	1.90919	-4.60557	-4.71881
65	35	35	1.85658	-3.00395	-3.12749
65	35	45	2.04405	-1.93567	-1.41021
65	35	55	3.22406	-3.69809	-0.35423
65	35	65	1.68227	-3.29889	-1.07578
65	35	75	-0.078591	-2.22153	-1.43948
65	35	85	-0.172805	-3.56992	-3.42541
65	45	5	1.07388	-4.90767	-5.65405
65	45	15	1.41129	-4.21709	-5.03625
65	45	25	2.26041	-3.26911	-4.07366
65	45	35	1.84135	-1.71631	-2.308
65	45	45	1.33219	-1.14252	-0.627521
65	45	55	2.23504	-1.57085	0.0122735
65	45	65	1.30866	-1.33058	-0.426295
65	45	75	0.0990454	-1.04953	-0.959238
65	45	85	-0.192292	-3.51034	-3.74127
65	55	5	1.16447	-3.80234	-6.24075
65	55	15	2.33477	-2.17128	-5.45459
65	55	25	2.96683	-2.40933	-3.33316
65	55	35	1.91004	-1.5843	-2.01965
65	55	45	1.60077	-1.20336	-0.924365
65	55	55	2.16208	-1.06594	-0.0615107
65	55	65	1.29333	-0.76741	-0.607667
65	55	75	0.288675	-0.553462	-0.639475
65	55	85	-0.161202	-2.62561	-3.34696
65	65	5	2.91223	-1.25925	-5.97067
65	65	15	3.93803	-1.76836	-5.4821
65	65	25	3.47448	-2.2776	-3.66223
65	65	35	2.8003	-2.24336	-2.68328
65	65	45	3.28396	-2.57439	-2.07181
65	65	55	4.2558	-2.26985	-1.77908
65	65	65	2.76749	-1.17429	-1.23218
65	65	75	0.720057	-0.812001	-0.826113
65	65	85	0.569928	-1.63044	-2.61727
65	75	5	4.40258	0.495141	-7.52807
65	75	15	4.58781	-2.7419	-6.62627
65	75	25	4.0777	-2.50784	-4.748
65	75	35	3.4112	-2.34641	-3.73863
65	75	45	4.41746	-1.61497	-3.85733
65	75	55	6.43941	-1.49657	-4.43938
65	75	65	5.81756	-1.53879	-3.3819
65	75	75	1.58149	-0.657573	-1.49276
65	75	85	2.25005	-1.44733	-5.30969
65	85	5	3.27655	-4.64073	-8.84004
65	85	15	4.7185	-3.23382	-6.01741
65	85	25	3.34047	-1.59635	-3.5064
65	85	35	3.47139	-1.57115	-3.18649
65	85	45	5.33725	-2.3366	-4.6419
65	85	55	6.62214	-2.87753	-4.53764
65	85	65	4.90426	-0.941471	-3.49199
65	85	75	1.45007	-0.0757744	-1.87119
65	85	85	1.52395	-2.7089	-6.37885
75	5	5	3.36028	-2.71079	-5.19331
75	5	15	5.02786	-2.51014	-5.14887
75	5	25	4.34908	-1.03264	-4.38404
75	5	35	4.27644	-1.4442	-4.33601
75	5	45	4.98213	-1.58302	-4.65245
75	5	55	4.21956	-1.18112	-3.61334
75	5	65	2.35583	-0.322596	-1.59461
75	5	75	1.94366	-0.227818	-2.23859
75	5	85	2.82088	-1.78687	-3.45401
75	15	5	0.0395153	-4.58497	-6.55853
75	15	15	0.539248	-4.26381	-6.1617
75	15	25	0.143878	-2.89657	-4.08235
75	15	35	1.32221	-2.16899	-3.71211
75	15	45	1.79179	-1.28585	-3.40989
75	15	55	0.288196	-1.02037	-1.30924
75	15	65	0.150231	-1.07949	-0.253825
75	15	75	0.106406	-1.61212	-1.2515
75	15	85	-0.234987	-3.59472	-4.08925
75	25	5	0.400598	-5.78269	-6.35221
75	25	15	-2.60354	-6.44802	-5.92257
75	25	25	-2.69172	-5.43344	-5.19485
75	25	35	-0.848345	-3.63061	-4.07202
75	25	45	-0.887998	-1.57563	-2.11245
75	25	55	-1.29403	-1.84592	-0.555427
75	25	65	-0.59341	-1.60647	0.0645495
75	25	75	0.119589	-1.47891	-0.467537
75	25	85	0.742673	-4.09963	-4.11491
75	35	5	1.42269	-5.39703	-5.5798
75	35	15	-0.835365	-5.47444	-5.23841
75	35	25	-0.549338	-4.82171	-4.72862
75	35	35	0.690137	-3.15242	-3.25634
75	35	45	0.125772	-1.73652	-1.78809
75	35	55	0.313671	-2.18132	-0.365689
75	35	65	-0.0172202	-1.97618	0.321875
75	35	75	0.470187	-1.52998	-0.529533
75	35	85	1.36416	-3.7033	-3.6982
75	45	5	0.68743	-5.10869	-6.08106
75	45	15	0.308143	-4.88069	-5.63996
75	45	25	0.630964	-3.77281	-4.20028
75	45	35	0.762381	-2.92577	-3.25282
75	45	45	-0.121318	-2.17361	-1.6087
75	45	55	0.0984575	-1.90904	-0.202582
75	45	65	0.33336	-1.37968	0.103403
75	45	75	0.382093	-0.89834	-0.54736
75	45	85	1.12772	-3.29207	-3.4435
75	55	5	1.50428	-4.94138	-7.03727
75	55	15	2.08339	-4.12053	-6.56638
75	55	25	2.01992	-2.25837	-3.71753
75	55	35	1.38355	-1.69681	-2.4278
75	55	45	0.955601	-1.34008	-1.24953
75	55	55	1.18872	-0.971322	-0.30343
75	55	65	1.32357	-1.16947	-0.242844
75	55	75	0.643896	-0.727157	-0.123354
75	55	85	1.7225	-2.91479	-3.17226
75	65	5	3.49104	-3.88212	-5.58496
75	65	15	4.32192	-1.41395	-5.78175
75	65	25	4.37549	0.825801	-5.06017
75	65	35	3.20249	-1.01199	-3.94867
75	65	45	2.82111	-2.3908	-2.96915
75	65	55	3.4494	-2.76859	-2.08062
75	65	65	3.817	-3.1713	-1.37209
75	65	75	2.24611	-2.30297	-1.12285
75	65	85	2.47494	-2.55812	-2.60859
75	75	5	5.03461	-1.53268	-5.90592
75	75	15	5.39019	-1.3252	-6.47494
75	75	25	5.31495	-0.92324	-6.26418
75	75	35	5.02387	-0.618692	-5.60538
75	75	45	4.836	-1.67454	-4.71514
75	75	55	6.24505	-2.71938	-3.84973
75	75	65	5.02616	-2.39231	-2.81996
75	75	75	3.13078	-1.83524	-2.06649
75	75	85	3.8611	-1.87462	-3.71021
75	85	5	4.23745	-3.01266	-5.66682
75	85	15	5.33152	-2.81943	-5.39345
75	85	25	5.25797	-2.69135	-5.4033
75	85	35	5.2859	-2.25575	-5.34453
75	85	45	5.65331	-1.90174	-5.204
75	85	55	6.8953	-1.96835	-4.6097
75	85	65	5.57394	-0.405288	-2.99434
75	85	75	2.7991	-0.226061	-2.20339
75	85	85	4.16219	-1.35172	-3.91642
85	5	5	3.72768	-1.33715	-3.55548
85	5	15	4.43226	-1.8947	-4.5801
85	5	25	4.77838	-1.70431	-4.80843
85	5	35	4.6364	-1.58618	-4.98323
85	5	45	3.68646	-1.1625	-4.97113
85	5	55	1.61901	-1.11022	-3.9171
85	5	65	0.895767	-0.467086	-2.01769
85	5	75	2.1737	0.144336	-1.69751
85	5	85	3.72197	-1.19751	-3.30279
85	15	5	2.15107	-2.10574	-3.75153
85	15	15	2.23363	-1.86923	-4.23923
85	15	25	2.19376	-0.831592	-3.42121
85	15	35	1.92974	0.398445	-2.77195
85	15	45	-0.422893	-0.520047	-2.86508
85	15	55	-1.11873	-1.4474	-2.31908
85	15	65	-0.297302	-0.42379	-1.20698
85	15	75	1.8054	-1.14433	-2.03205
85	15	85	2.39194	-1.52142	-2.74709
85	25	5	-1.40014	-5.06272	-5.15354
85	25	15	-2.2199	-5.31916	-5.34599
85	25	25	-1.46975	-4.03205	-4.35609
85	25	35	-1.11244	-0.774234	-2.35832
85	25	45	-2.65014	-0.538557	-3.03633
85	25	55	-2.40868	-1.85417	-2.38373
85	25	65	-0.691137	-1.50025	-0.920653
85	25	75	1.09082	-1.77706	-1.01482
85	25	85	2.25635	-2.71244	-2.7349
85	35	5	-1.27057	-5.30469	-5.1934
85	35	15	-2.35283	-5.00286	-4.88493
85	35	25	-1.79146	-3.37436	-3.40518
85	35	35	-1.74866	-1.31123	-2.39527
85	35	45	-2.26639	-1.20681	-2.55903
85	35	55	-2.53759	-1.87745	-2.07716
85	35	65	-0.679638	-1.31467	-0.555181
85	35	75	0.509	-1.21319	-0.216233
85	35	85	1.62271	-2.54956	-2.31352
85	45	5	-0.745196	-5.0154	-5.98455
85	45	15	-1.71855	-4.3654	-4.82195
85	45	25	-1.83055	-3.40997	-3.67535
85	45	35	-1.52484	-1.63942	-2.19309
85	45	45	-1.76343	-1.61221	-1.53107
85	45	55	-2.11464	-1.72952	-1.58683
85	45	65	-0.790669	-1.22767	-0.0853342
85	45	75	0.228499	-0.804592	-0.22839
85	45	85	2.08836	-2.58699	-2.6228
85	55	5	2.28386	-4.94515	-5.44717
85	55	15	1.34191	-5.04357	-5.53359
85	55	25	1.06092	-4.24244	-4.35857
85	55	35	0.283307	-3.43395	-2.97523
85	55	45	0.132134	-4.48051	-2.46956
85	55	55	0.595984	-4.23971	-2.23674
85	55	65	0.633322	-2.71589	0.217951
85	55	75	1.00631	-1.41176	0.315397
85	55	85	2.85601	-3.33762	-2.89041
85	65	5	3.43496	-4.22491	-3.72013
85	65	15	2.71813	-4.31631	-4.47676
85	65	25	3.83682	-3.19844	-5.33938
85	65	35	2.76525	-3.95027	-4.59911
85	65	45	3.04919	-4.87681	-4.92376
85	65	55	2.81602	-4.93506	-3.84472
85	65	65	3.04456	-3.99919	-1.06652
85	65	75	2.97112	-3.3095	-1.31811
85	65	85	2.89158	-3.52825	-2.67103
85	75	5	3.84465	-2.5924	-3.50152
85	75	15	4.16213	-3.24187	-4.62342
85	75	25	4.89558	-2.15969	-5.78201
85	75	35	3.95299	-3.13987	-5.18226
85	75	45	3.35354	-3.41044	-4.43724
85	75	55	3.14878	-3.05967	-3.53222
85	75	65	3.11424	-4.18263	-2.93603
85	75	75	2.6528	-3.28808	-2.92683
85	75	85	3.22316	-2.80254	-2.83514
85	85	5	4.78609	-2.32642	-4.35355
85	85	15	5.01017	-2.7677	-4.98187
85	85	25	5.05824	-2.87632	-5.35883
85	85	35	4.96701	-2.60567	-5.33836
85	85	45	4.59387	-2.54187	-5.58524
85	85	55	3.53853	-2.00677	-3.95133
85	85	65	2.63125	-2.49904	-2.84266
85	85	75	2.26368	-1.31332	-2.24572
85	85	85	3.84774	-1.79072	-3.37553
