5	5	5	2.67	-3.42004	-3.49817
5	5	15	2.57466	-2.99247	-2.97366
5	5	25	2.81392	-3.58635	-3.32473
5	5	35	4.07678	-5.6826	-5.2385
5	5	45	4.66646	-6.16608	-5.95147
5	5	55	3.67525	-5.73727	-5.25167
5	5	65	3.10916	-5.29163	-4.99758
5	5	75	2.97472	-4.96937	-5.10707
5	5	85	3.7212	-5.08003	-6.1676
5	15	5	2.70957	-3.9379	-3.93403
5	15	15	2.75449	-2.88265	-2.72208
5	15	25	2.87429	-3.01248	-2.69083
5	15	35	3.44271	-4.7333	-4.36243
5	15	45	3.86997	-5.72931	-5.49516
5	15	55	3.24759	-5.1879	-4.75187
5	15	65	2.88237	-4.78569	-4.58642
5	15	75	2.79428	-5.11715	-5.19624
5	15	85	3.63392	-4.97162	-5.93365
5	25	5	2.64641	-5.07868	-5.12519
5	25	15	2.62401	-3.72837	-3.74122
5	25	25	2.56472	-2.60636	-2.59268
5	25	35	2.84593	-3.84954	-3.71623
5	25	45	2.76084	-4.93384	-4.80826
5	25	55	2.7036	-4.08561	-3.98922
5	25	65	2.69644	-3.89964	-3.79861
5	25	75	2.63654	-5.03442	-4.99028
5	25	85	2.98119	-5.10773	-5.52344
5	35	5	2.66414	-5.12322	-5.19189
5	35	15	2.6122	-4.03678	-4.01656
5	35	25	2.90166	-2.81546	-2.90643
5	35	35	2.87072	-3.29733	-3.10168
5	35	45	2.84092	-4.5051	-4.33659
5	35	55	2.64002	-3.7383	-3.73767
5	35	65	2.55602	-3.33847	-3.33861
5	35	75	2.59251	-4.87927	-4.839
5	35	85	3.05404	-5.12079	-5.58115
5	45	5	2.58183	-5.10419	-5.09041
5	45	15	2.73593	-4.08522	-4.02283
5	45	25	3.68648	-3.4633	-3.08864
5	45	35	3.62301	-3.83641	-2.89016
5	45	45	3.83724	-4.78689	-3.66655
5	45	55	4.01612	-4.66039	-3.24203
5	45	65	3.15132	-3.76104	-3.20096
5	45	75	2.71411	-4.53212	-4.45084
5	45	85	2.81615	-5.16046	-5.30119
5	55	5	3.04703	-5.47392	-5.18606
5	55	15	3.36848	-4.71456	-4.73975
5	55	25	3.4639	-3.8367	-3.48954
5	55	35	3.60705	-4.8387	-3.98706
5	55	45	4.44501	-6.0987	-4.41403
5	55	55	4.63896	-4.96195	-2.96264
5	55	65	4.21056	-4.40459	-2.79903
5	55	75	3.70471	-4.72112	-3.97597
5	55	85	3.34773	-5.58132	-5.40302
5	65	5	3.40551	-5.51029	-5.14818
5	65	15	3.50762	-4.16427	-4.1876
5	65	25	3.63263	-4.14922	-3.76015
5	65	35	3.19113	-5.45007	-4.98144
5	65	45	3.74176	-5.80726	-4.95595
5	65	55	4.51125	-4.96881	-3.30068
5	65	65	4.26385	-4.62174	-2.97273
5	65	75	3.7138	-4.5919	-3.73015
5	65	85	3.23933	-5.39447	-5.46812
5	75	5	2.99097	-4.30097	-4.42291
5	75	15	3.03854	-3.28981	-3.21697
5	75	25	2.78918	-3.37893	-3.351
5	75	35	2.92845	-4.37305	-4.32473
5	75	45	3.0663	-3.86272	-4.09716
5	75	55	3.09113	-4.16796	-3.9886
5	75	65	2.78928	-3.17758	-3.08952
5	75	75	2.88489	-3.70327	-3.85838
5	75	85	3.19845	-5.20616	-5.59331
5	85	5	2.85039	-4.5114	-4.59182
5	85	15	2.60824	-3.26031	-3.253
5	85	25	2.68601	-3.13732	-3.04348
5	85	35	3.28499	-3.55238	-3.82168
5	85	45	3.50072	-3.33593	-3.85914
5	85	55	3.35955	-3.34391	-3.73275
5	85	65	2.6825	-3.41986	-3.38749
5	85	75	2.99594	-4.89996	-4.98272
5	85	85	3.70514	-5.11011	-6.21482
15	5	5	2.82053	-4.24338	-4.46955
15	5	15	2.64041	-3.42848	-3.39699
15	5	25	2.73336	-3.64496	-3.6261
15	5	35	3.47549	-4.76286	-5.46253
15	5	45	3.84945	-5.57082	-5.94042
15	5	55	3.85593	-5.70972	-5.3601
15	5	65	3.06798	-5.22768	-5.09464
15	5	75	3.28731	-5.11234	-5.31746
15	5	85	4.1497	-5.19851	-6.58892
15	15	5	3.03351	-4.40238	-4.16165
15	15	15	2.815	-3.74999	-3.56996
15	15	25	3.11592	-3.24303	-2.80072
15	15	35	3.7563	-4.99097	-4.82729
15	15	45	4.18159	-5.73932	-5.99957
15	15	55	3.53439	-5.26496	-5.48245
15	15	65	2.80978	-4.66281	-4.47365
15	15	75	3.15603	-5.11855	-5.40107
15	15	85	3.71996	-5.27775	-5.96424
15	25	5	2.68994	-5.1647	-5.17067
15	25	15	2.70289	-4.34847	-4.27765
15	25	25	2.60685	-2.66905	-2.65481
15	25	35	3.16317	-4.16555	-3.7942
15	25	45	3.93837	-5.88574	-5.50569
15	25	55	3.31266	-4.45947	-4.30108
15	25	65	2.85048	-3.91325	-3.73114
15	25	75	2.79615	-4.75206	-4.75389
15	25	85	3.46229	-5.14472	-5.96795
15	35	5	2.80706	-5.21202	-5.24803
15	35	15	2.66636	-4.39597	-4.28154
15	35	25	2.77358	-2.81652	-2.67397
15	35	35	3.40997	-3.66472	-3.01793
15	35	45	3.41186	-4.76872	-4.71754
15	35	55	2.82472	-3.33892	-3.28463
15	35	65	2.67197	-3.44562	-3.39379
15	35	75	2.70853	-4.34594	-4.48263
15	35	85	3.20751	-5.2086	-5.64667
15	45	5	2.95022	-5.45714	-5.10604
15	45	15	3.18829	-5.03885	-4.48246
15	45	25	3.45891	-3.6266	-2.92114
15	45	35	4.08657	-4.69458	-3.22839
15	45	45	4.45219	-5.71264	-4.23011
15	45	55	4.14583	-4.59202	-3.25382
15	45	65	3.76279	-4.31512	-3.16439
15	45	75	3.26262	-4.71404	-4.171
15	45	85	3.56694	-5.56781	-5.64164
15	55	5	2.98069	-5.40853	-5.10507
15	55	15	2.9862	-5.03672	-4.64174
15	55	25	3.02619	-3.91071	-3.72292
15	55	35	3.46527	-5.60127	-4.98131
15	55	45	4.43816	-6.57512	-5.02511
15	55	55	4.60777	-5.60294	-3.55715
15	55	65	4.30525	-4.61329	-2.94969
15	55	75	3.74333	-4.60967	-3.70987
15	55	85	3.59	-5.70149	-5.51388
15	65	5	3.12415	-5.50884	-5.06804
15	65	15	3.64421	-5.13186	-4.32461
15	65	25	3.66989	-5.17546	-4.27615
15	65	35	4.43628	-6.6564	-5.23713
15	65	45	4.41054	-6.66146	-5.23346
15	65	55	4.92157	-6.10719	-4.43574
15	65	65	4.75122	-5.52502	-3.75191
15	65	75	4.16946	-4.63336	-3.93596
15	65	85	3.22367	-5.54447	-5.27904
15	75	5	3.28449	-4.83691	-5.10004
15	75	15	3.3384	-3.55186	-3.3916
15	75	25	3.45114	-4.28727	-3.96075
15	75	35	3.75736	-5.68885	-5.45405
15	75	45	3.4701	-5.53454	-5.22037
15	75	55	3.80891	-5.19802	-5.13132
15	75	65	3.56919	-3.95537	-3.98899
15	75	75	3.69636	-3.33508	-4.28789
15	75	85	2.91442	-5.12546	-5.38112
15	85	5	2.98287	-4.34655	-4.64834
15	85	15	2.80805	-3.10417	-3.33853
15	85	25	2.80005	-3.52147	-3.68794
15	85	35	3.4168	-4.56776	-5.18785
15	85	45	3.83627	-4.78964	-5.54201
15	85	55	3.55725	-4.34572	-4.8494
15	85	65	3.02119	-3.18193	-3.16057
15	85	75	3.72047	-4.48536	-5.04467
15	85	85	3.74822	-5.22225	-6.1195
25	5	5	3.39697	-4.3627	-5.08614
25	5	15	3.019	-3.96605	-4.27319
25	5	25	2.79787	-4.08246	-4.12891
25	5	35	3.67148	-4.95041	-5.71046
25	5	45	2.96263	-5.09291	-5.61649
25	5	55	3.53949	-5.03848	-6.01091
25	5	65	4.017	-4.70883	-5.68094
25	5	75	4.12022	-4.96663	-6.12002
25	5	85	3.95406	-5.1458	-6.42445
25	15	5	3.19908	-4.7227	-4.96913
25	15	15	2.97138	-4.38803	-4.16119
25	15	25	3.2418	-3.57459	-3.13091
25	15	35	3.98348	-5.24255	-5.19167
25	15	45	3.74072	-5.6401	-5.93523
25	15	55	3.22232	-4.92461	-5.35775
25	15	65	3.09595	-4.21849	-4.73294
25	15	75	3.31948	-4.51928	-5.20529
25	15	85	4.02582	-5.17974	-6.48894
25	25	5	3.11026	-5.54116	-5.17954
25	25	15	3.11635	-5.24142	-4.80554
25	25	25	3.33541	-3.69488	-2.99063
25	25	35	3.95926	-5.12262	-4.27519
25	25	45	5.31557	-6.68943	-6.16778
25	25	55	4.09585	-5.12109	-5.0707
25	25	65	2.93603	-3.5176	-3.50565
25	25	75	3.25643	-4.10876	-4.17439
25	25	85	4.09544	-5.61956	-6.14315
25	35	5	3.12866	-5.65406	-5.12801
25	35	15	3.34875	-5.37964	-4.66201
25	35	25	3.41271	-3.50642	-2.68476
25	35	35	4.06713	-4.76637	-3.6151
25	35	45	4.69556	-5.87669	-5.9348
25	35	55	4.07905	-4.05245	-4.39567
25	35	65	3.05014	-3.38519	-3.23401
25	35	75	2.97582	-3.75585	-4.0559
25	35	85	3.53944	-5.45862	-5.71502
25	45	5	3.23824	-5.7668	-5.1248
25	45	15	3.87916	-6.19007	-4.86217
25	45	25	4.60913	-4.55967	-3.10968
25	45	35	4.36684	-5.54676	-4.21442
25	45	45	4.39138	-6.07349	-5.20335
25	45	55	4.20838	-4.49513	-4.29473
25	45	65	3.4695	-3.48674	-3.27874
25	45	75	3.3607	-4.03281	-3.95124
25	45	85	3.13504	-5.3895	-5.40793
25	55	5	3.02505	-5.53394	-5.10397
25	55	15	2.96045	-5.11004	-4.82268
25	55	25	3.79631	-4.88005	-5.10292
25	55	35	3.47137	-5.49087	-5.50228
25	55	45	3.57964	-5.65717	-5.4592
25	55	55	4.26521	-5.66848	-5.00653
25	55	65	3.81514	-4.63253	-3.79662
25	55	75	4.12711	-4.89507	-3.80637
25	55	85	3.64942	-5.9777	-5.28415
25	65	5	3.24963	-5.69538	-5.00676
25	65	15	3.49401	-5.27925	-4.70542
25	65	25	3.59914	-4.94324	-4.60975
25	65	35	3.64523	-5.7376	-5.49978
25	65	45	3.85354	-6.10514	-5.35075
25	65	55	3.64817	-5.38848	-4.82293
25	65	65	3.9781	-5.32562	-4.52352
25	65	75	4.44895	-5.77191	-4.44219
25	65	85	3.51975	-5.88454	-5.22671
25	75	5	3.19825	-4.96023	-4.61002
25	75	15	3.29147	-3.43148	-3.66905
25	75	25	3.26753	-4.03036	-4.61342
25	75	35	3.40285	-5.127	-5.85148
25	75	45	3.17069	-5.24216	-5.57768
25	75	55	3.55047	-4.9624	-5.31776
25	75	65	4.14099	-4.42553	-4.88789
25	75	75	4.01942	-3.41889	-4.31105
25	75	85	3.11292	-5.32315	-5.37777
25	85	5	3.43561	-4.28802	-4.75943
25	85	15	2.9541	-2.97538	-3.23177
25	85	25	2.80175	-3.46357	-3.73028
25	85	35	3.71389	-5.01352	-6.09631
25	85	45	3.47104	-5.05938	-5.69937
25	85	55	4.0667	-4.73916	-5.81324
25	85	65	4.36775	-3.25392	-4.34424
25	85	75	4.27727	-3.83934	-5.06543
25	85	85	3.74509	-5.3439	-5.97972
35	5	5	3.67722	-4.76139	-5.60781
35	5	15	3.02761	-4.10247	-4.49737
35	5	25	2.87198	-4.43746	-4.39918
35	5	35	3.91181	-5.23001	-5.86842
35	5	45	3.81899	-5.60342	-5.76344
35	5	55	4.27226	-5.04321	-6.3548
35	5	65	4.60356	-4.17439	-5.73888
35	5	75	4.34027	-4.39984	-6.10504
35	5	85	3.51228	-5.13304	-5.97179
35	15	5	3.94989	-4.94247	-6.29974
35	15	15	2.91526	-4.72764	-5.04866
35	15	25	2.60369	-3.68775	-3.68035
35	15	35	3.14701	-4.83563	-4.9996
35	15	45	3.96505	-5.44698	-6.07778
35	15	55	3.60786	-4.98301	-5.73019
35	15	65	3.63145	-3.95621	-5.00024
35	15	75	3.59344	-4.20925	-5.25165
35	15	85	3.78582	-5.09518	-6.32997
35	25	5	3.68943	-5.40235	-5.93994
35	25	15	3.33049	-5.59251	-5.16783
35	25	25	3.47508	-4.20518	-3.36146
35	25	35	3.75657	-5.52408	-4.56176
35	25	45	5.13664	-6.75419	-5.97106
35	25	55	4.47636	-5.66199	-5.26546
35	25	65	3.53306	-4.03522	-3.77642
35	25	75	3.41135	-3.44439	-3.78397
35	25	85	4.03302	-5.20956	-6.45156
35	35	5	2.92704	-5.24198	-5.3388
35	35	15	2.79484	-5.08209	-4.84496
35	35	25	2.97245	-3.41615	-3.03491
35	35	35	3.33596	-4.70154	-4.08143
35	35	45	3.75598	-5.74398	-5.54077
35	35	55	3.71588	-4.62338	-4.26333
35	35	65	3.27666	-3.33042	-3.16804
35	35	75	2.91264	-2.98837	-3.02635
35	35	85	3.77263	-5.33698	-5.99618
35	45	5	3.35345	-5.84185	-5.04428
35	45	15	3.15169	-5.48204	-4.88271
35	45	25	3.09224	-3.87244	-3.57365
35	45	35	3.17746	-5.1337	-4.63933
35	45	45	4.05548	-5.71186	-5.7695
35	45	55	3.91712	-5.02154	-5.05789
35	45	65	3.07712	-3.57288	-3.29202
35	45	75	3.17066	-3.79963	-3.42001
35	45	85	3.47103	-5.69388	-5.37386
35	55	5	3.22183	-5.68613	-5.02814
35	55	15	3.43457	-5.62284	-5.14479
35	55	25	4.55831	-5.65765	-5.82412
35	55	35	3.34712	-5.57654	-5.29178
35	55	45	3.27589	-5.3803	-5.50348
35	55	55	3.73591	-5.33722	-5.6764
35	55	65	3.32146	-4.95893	-4.59416
35	55	75	3.34102	-4.80766	-4.13927
35	55	85	3.38258	-5.7629	-5.2121
35	65	5	3.28506	-5.70367	-5.07404
35	65	15	4.19125	-5.37765	-5.14585
35	65	25	4.4171	-5.06724	-5.78931
35	65	35	3.65347	-5.42379	-5.85342
35	65	45	3.04062	-5.28433	-5.40673
35	65	55	3.35992	-5.12453	-5.72613
35	65	65	2.83796	-5.13171	-5.21445
35	65	75	2.86362	-4.82184	-4.75406
35	65	85	3.05871	-5.47735	-5.17286
35	75	5	3.736	-5.33753	-4.6103
35	75	15	3.74603	-3.68932	-4.22576
35	75	25	3.12796	-4.13767	-4.3801
35	75	35	3.35496	-5.18574	-5.7883
35	75	45	2.84285	-5.10326	-5.39144
35	75	55	3.17634	-4.80237	-5.42602
35	75	65	3.79633	-4.31119	-5.47641
35	75	75	3.48397	-3.70433	-4.31705
35	75	85	3.30459	-5.58712	-5.35278
35	85	5	3.11128	-3.95115	-4.29189
35	85	15	3.08284	-2.93175	-3.35853
35	85	25	2.97968	-3.64454	-4.03132
35	85	35	3.4507	-5.09895	-5.95887
35	85	45	3.44184	-5.12169	-5.97167
35	85	55	4.0603	-5.0228	-6.13047
35	85	65	4.96592	-3.53361	-5.1469
35	85	75	4.31066	-3.42405	-4.49006
35	85	85	3.35199	-5.45796	-5.48824
45	5	5	3.01588	-4.8213	-5.28647
45	5	15	2.97717	-4.09692	-4.44289
45	5	25	2.62917	-4.17589	-4.09543
45	5	35	3.56944	-5.53089	-5.54884
45	5	45	3.7758	-5.82275	-5.44515
45	5	55	3.83825	-5.24443	-5.36685
45	5	65	3.45388	-3.41805	-3.7977
45	5	75	3.87225	-3.50267	-4.74387
45	5	85	3.07666	-4.96198	-5.48675
45	15	5	3.33825	-4.96144	-5.74866
45	15	15	2.65825	-4.81283	-4.87926
45	15	25	2.65508	-4.20485	-4.10167
45	15	35	2.94655	-5.17948	-5.1863
45	15	45	3.54858	-5.27413	-5.89812
45	15	55	3.19546	-4.61921	-4.82601
45	15	65	2.95913	-3.22044	-3.53481
45	15	75	3.57265	-3.31984	-4.29902
45	15	85	2.89785	-5.06839	-5.37276
45	25	5	3.74309	-5.06231	-6.13356
45	25	15	2.6828	-5.05844	-5.19022
45	25	25	2.5747	-4.05773	-4.03419
45	25	35	2.73989	-4.8796	-4.93557
45	25	45	3.29769	-5.19863	-5.69282
45	25	55	2.99653	-4.5454	-4.58272
45	25	65	2.7941	-3.27899	-3.2568
45	25	75	3.47156	-3.21924	-3.77873
45	25	85	3.53543	-5.06499	-5.88779
45	35	5	3.42153	-4.70263	-5.57146
45	35	15	2.55971	-4.98211	-4.99066
45	35	25	2.63154	-3.35986	-3.44028
45	35	35	2.59312	-4.42649	-4.48846
45	35	45	2.79149	-5.08884	-5.28923
45	35	55	2.7927	-4.30187	-4.2026
45	35	65	2.6751	-2.95368	-2.71045
45	35	75	2.83464	-3.0515	-2.96751
45	35	85	3.49264	-4.8053	-5.66368
45	45	5	3.27833	-5.32112	-4.92842
45	45	15	2.77581	-5.24204	-5.02683
45	45	25	2.71198	-4.05683	-4.13779
45	45	35	2.61505	-4.7807	-4.80393
45	45	45	2.67305	-5.06197	-5.1608
45	45	55	2.67463	-4.6832	-4.72201
45	45	65	2.65348	-3.75924	-3.61645
45	45	75	2.94906	-3.91656	-3.55613
45	45	85	3.85182	-5.43654	-5.77734
45	55	5	3.88867	-6.38588	-5.11473
45	55	15	3.71332	-6.12244	-5.08153
45	55	25	3.65359	-5.41844	-4.91941
45	55	35	3.21387	-5.64945	-5.1115
45	55	45	3.43268	-5.91188	-5.15271
45	55	55	2.87146	-5.19977	-5.16061
45	55	65	2.79428	-5.10993	-4.98759
45	55	75	2.65623	-4.7886	-4.68339
45	55	85	3.18181	-5.4756	-5.0872
45	65	5	2.886	-5.27917	-5.21867
45	65	15	3.70038	-5.28575	-4.82448
45	65	25	3.79861	-4.04297	-4.3623
45	65	35	3.11517	-5.37762	-5.21602
45	65	45	2.68705	-5.13513	-5.20234
45	65	55	2.78383	-5.19279	-5.2432
45	65	65	2.65306	-5.1199	-5.13873
45	65	75	2.57344	-4.97024	-4.98783
45	65	85	2.8771	-5.08725	-5.44197
45	75	5	3.52887	-5.48848	-4.93223
45	75	15	3.74284	-3.60843	-3.82426
45	75	25	2.93923	-3.43484	-3.61104
45	75	35	2.89786	-5.05675	-5.30991
45	75	45	2.77736	-5.10568	-5.36416
45	75	55	2.81401	-5.063	-5.28402
45	75	65	2.71163	-4.84055	-4.92089
45	75	75	2.67123	-4.4208	-4.46059
45	75	85	3.47222	-5.39344	-5.65303
45	85	5	2.89956	-3.74419	-3.96807
45	85	15	2.99972	-2.61224	-3.09172
45	85	25	2.71451	-3.36824	-3.48845
45	85	35	3.04998	-5.05796	-5.55742
45	85	45	2.85547	-5.18173	-5.32612
45	85	55	3.01344	-5.10204	-5.16524
45	85	65	3.43384	-3.79723	-4.19765
45	85	75	3.23306	-3.30666	-3.58623
45	85	85	3.07587	-4.93213	-5.27449
55	5	5	2.81706	-4.85825	-5.00103
55	5	15	2.67365	-3.81378	-3.93611
55	5	25	2.58691	-3.88839	-3.88861
55	5	35	2.94881	-5.22425	-5.26422
55	5	45	3.39118	-5.82121	-5.26172
55	5	55	3.47307	-5.72324	-4.96288
55	5	65	3.53264	-3.91924	-3.01846
55	5	75	3.07505	-3.01475	-2.85152
55	5	85	2.93305	-4.48373	-4.74251
55	15	5	2.89432	-4.93972	-5.20284
55	15	15	2.57395	-4.8969	-4.87888
55	15	25	2.55236	-4.48155	-4.48206
55	15	35	2.91206	-5.12236	-5.12257
55	15	45	3.11471	-5.42308	-5.34194
55	15	55	2.92548	-4.69246	-4.44367
55	15	65	2.82669	-3.06809	-2.91407
55	15	75	2.94305	-3.17475	-3.30355
55	15	85	2.83826	-4.61569	-4.85005
55	25	5	2.97352	-4.26182	-4.52257
55	25	15	2.61519	-4.94132	-4.92131
55	25	25	2.59557	-4.55946	-4.61679
55	25	35	2.59408	-5.00445	-5.04266
55	25	45	2.83512	-5.10294	-5.38057
55	25	55	2.61513	-4.56362	-4.62358
55	25	65	2.57515	-3.35171	-3.34845
55	25	75	3.01399	-3.88643	-3.98348
55	25	85	3.09233	-4.54607	-4.72718
55	35	5	3.14004	-4.17945	-4.76814
55	35	15	2.5546	-4.70023	-4.70342
55	35	25	2.67207	-4.18132	-4.30206
55	35	35	2.57197	-4.76075	-4.78197
55	35	45	2.65151	-5.11634	-5.17668
55	35	55	2.63349	-4.36149	-4.30388
55	35	65	2.5515	-3.02686	-2.90727
55	35	75	2.87228	-3.82476	-3.86355
55	35	85	3.15553	-4.62245	-5.18361
55	45	5	3.4619	-4.91529	-4.86613
55	45	15	2.79444	-4.73404	-4.53745
55	45	25	2.73278	-4.55964	-4.5814
55	45	35	2.61227	-4.9072	-4.88845
55	45	45	2.63145	-5.10853	-5.14895
55	45	55	2.59303	-4.64218	-4.64258
55	45	65	2.55185	-3.68323	-3.68406
55	45	75	2.69066	-4.4958	-4.35583
55	45	85	3.29464	-5.25776	-5.48058
55	55	5	3.07393	-5.20313	-5.15884
55	55	15	3.48576	-5.42202	-4.58316
55	55	25	3.9985	-5.24644	-4.16192
55	55	35	3.77904	-6.02674	-4.84196
55	55	45	3.75504	-6.23881	-5.15562
55	55	55	3.27304	-5.80122	-5.08242
55	55	65	3.11109	-5.47282	-4.91288
55	55	75	2.67143	-5.05314	-5.01275
55	55	85	3.03702	-5.13157	-5.37597
55	65	5	2.62604	-5.0595	-5.05416
55	65	15	2.99204	-4.83429	-4.56998
55	65	25	3.07358	-3.38026	-3.10313
55	65	35	2.91324	-4.81251	-4.57441
55	65	45	2.8951	-5.44304	-5.16301
55	65	55	2.77027	-5.27825	-5.10466
55	65	65	2.60036	-5.04962	-5.00051
55	65	75	2.61784	-5.10535	-5.15856
55	65	85	3.20386	-5.10411	-5.73607
55	75	5	2.81533	-5.08392	-5.22366
55	75	15	2.79063	-3.5481	-3.59477
55	75	25	2.74538	-2.96014	-2.79345
55	75	35	2.7438	-4.5435	-4.51243
55	75	45	2.67916	-5.14797	-5.18076
55	75	55	2.57401	-5.08337	-5.10404
55	75	65	2.55163	-4.96251	-4.96216
55	75	75	2.63116	-5.0217	-4.98157
55	75	85	3.47468	-5.12102	-5.92136
55	85	5	2.76395	-3.78279	-3.95225
55	85	15	2.56332	-2.71657	-2.82458
55	85	25	2.37358	-2.98523	-2.98055
55	85	35	2.69424	-4.97055	-5.04583
55	85	45	2.73409	-5.18319	-5.20028
55	85	55	2.63547	-5.14287	-5.10565
55	85	65	2.67143	-4.14125	-4.02085
55	85	75	2.65145	-3.53644	-3.47601
55	85	85	3.09191	-4.2885	-4.82761
65	5	5	3.38026	-4.82777	-5.01337
65	5	15	2.58274	-3.65968	-3.6425
65	5	25	2.59725	-3.76045	-3.75916
65	5	35	2.55603	-4.94457	-4.92774
65	5	45	2.1124	-5.11941	-5.27908
65	5	55	2.4923	-4.98281	-4.86248
65	5	65	3.15264	-4.06325	-3.46165
65	5	75	3.29346	-3.56284	-2.82043
65	5	85	3.69183	-4.32993	-4.30912
65	15	5	2.67951	-4.39332	-4.51286
65	15	15	2.6175	-4.23958	-4.21877
65	15	25	2.69949	-4.6607	-4.60031
65	15	35	2.75846	-5.13827	-4.98409
65	15	45	2.69411	-5.20213	-5.12322
65	15	55	2.7207	-4.92363	-4.78289
65	15	65	2.67066	-3.16127	-3.07767
65	15	75	2.75628	-3.7848	-3.61958
65	15	85	2.91944	-4.16144	-4.23382
65	25	5	2.75772	-4.07564	-4.11463
65	25	15	2.60543	-3.84633	-3.88405
65	25	25	2.59179	-4.70702	-4.72881
65	25	35	2.62238	-4.91738	-4.97323
65	25	45	2.71619	-5.10217	-5.26067
65	25	55	2.59554	-4.60569	-4.64366
65	25	65	2.57361	-3.26963	-3.28843
65	25	75	2.59261	-4.37872	-4.41707
65	25	85	2.77321	-4.42264	-4.52127
65	35	5	2.67526	-4.4471	-4.53098
65	35	15	2.5989	-3.74461	-3.79051
65	35	25	2.58286	-4.63806	-4.66975
65	35	35	2.59453	-4.81118	-4.85457
65	35	45	2.6528	-5.1001	-5.22176
65	35	55	2.57312	-4.082	-4.10408
65	35	65	2.57145	-3.15125	-3.11166
65	35	75	2.61146	-4.78659	-4.84697
65	35	85	2.63235	-4.93418	-5.01529
65	45	5	2.76034	-4.55203	-4.68132
65	45	15	2.79553	-3.78361	-3.62809
65	45	25	2.95518	-4.41402	-4.13814
65	45	35	2.87195	-5.20365	-4.92453
65	45	45	2.97267	-5.41523	-5.23686
65	45	55	2.75347	-4.66193	-4.50437
65	45	65	2.57268	-3.68603	-3.66689
65	45	75	2.69266	-4.84014	-4.98177
65	45	85	3.01385	-5.09367	-5.5165
65	55	5	3.24393	-5.18196	-4.83085
65	55	15	3.64766	-4.91753	-3.99652
65	55	25	4.24673	-5.04348	-3.47279
65	55	35	4.56466	-6.20199	-4.23083
65	55	45	4.61944	-7.10534	-5.15776
65	55	55	3.69506	-6.08458	-5.0238
65	55	65	3.37351	-5.45323	-4.63412
65	55	75	3.17308	-5.53486	-5.23453
65	55	85	3.43426	-5.40752	-5.60996
65	65	5	3.0309	-4.76317	-5.07714
65	65	15	2.73924	-3.69266	-3.65232
65	65	25	2.95561	-3.07431	-2.83169
65	65	35	3.0982	-4.16596	-3.66043
65	65	45	3.22795	-5.69253	-5.17721
65	65	55	2.93793	-5.36552	-4.9852
65	65	65	2.61973	-4.88962	-4.82232
65	65	75	2.83505	-5.08226	-5.31828
65	65	85	3.5235	-5.10629	-6.0651
65	75	5	3.01314	-5.00634	-5.37953
65	75	15	2.65329	-3.42708	-3.47596
65	75	25	2.64126	-2.61694	-2.61256
65	75	35	2.89307	-3.76044	-3.62082
65	75	45	2.95126	-5.34888	-5.23186
65	75	55	2.70612	-5.17146	-5.02768
65	75	65	2.59342	-5.00339	-4.96229
65	75	75	2.69158	-5.02056	-5.12001
65	75	85	3.31436	-5.06331	-5.78397
65	85	5	3.28912	-4.22247	-4.798
65	85	15	2.58458	-2.76217	-2.87226
65	85	25	2.4015	-2.81681	-2.85213
65	85	35	2.58606	-4.36761	-4.37902
65	85	45	2.69749	-5.13387	-5.18986
65	85	55	2.55879	-5.08333	-5.08845
65	85	65	2.61117	-4.58171	-4.52172
65	85	75	2.7111	-4.37932	-4.41924
65	85	85	3.83388	-4.54089	-5.46043
75	5	5	3.54308	-4.08804	-4.27839
75	5	15	2.93967	-3.82651	-3.72781
75	5	25	2.8947	-3.54046	-3.51924
75	5	35	2.81398	-5.04113	-4.8814
75	5	45	2.53349	-5.06718	-5.34912
75	5	55	2.27509	-5.04181	-4.9858
75	5	65	2.65149	-4.34209	-4.24166
75	5	75	2.7923	-3.7917	-3.67044
75	5	85	3.65394	-4.0085	-4.58719
75	15	5	3.00387	-4.14383	-4.41898
75	15	15	2.86731	-3.34301	-3.27351
75	15	25	3.17314	-4.14999	-3.93754
75	15	35	3.05191	-5.18922	-4.74114
75	15	45	2.96194	-5.48611	-5.12216
75	15	55	2.70951	-5.14804	-4.982
75	15	65	2.72945	-3.84125	-3.65766
75	15	75	2.65228	-4.59048	-4.48925
75	15	85	3.01463	-4.27922	-4.57721
75	25	5	2.69874	-4.60597	-4.74228
75	25	15	2.7619	-3.23656	-3.42985
75	25	25	2.93229	-4.07358	-4.35552
75	25	35	2.66937	-4.65505	-4.76555
75	25	45	2.59734	-5.08212	-5.1225
75	25	55	2.55469	-4.84448	-4.84244
75	25	65	2.5521	-3.65566	-3.65607
75	25	75	2.57172	-4.74196	-4.76116
75	25	85	2.73344	-4.9336	-5.1328
75	35	5	2.85403	-4.70735	-5.0109
75	35	15	3.11579	-3.16049	-3.72397
75	35	25	2.73257	-4.41787	-4.5972
75	35	35	2.64382	-4.81498	-4.90572
75	35	45	2.61484	-5.0995	-5.16071
75	35	55	2.59229	-4.24241	-4.28362
75	35	65	2.55189	-3.53246	-3.53248
75	35	75	2.59147	-4.98538	-4.98577
75	35	85	2.6931	-5.06761	-5.20955
75	45	5	2.91549	-4.71869	-5.04314
75	45	15	3.23966	-3.34902	-3.83669
75	45	25	3.16479	-4.01614	-3.74737
75	45	35	3.29727	-5.23281	-4.65896
75	45	45	3.25561	-5.67627	-5.18076
75	45	55	2.97228	-4.48203	-4.10324
75	45	65	2.71188	-3.98204	-3.86212
75	45	75	2.65189	-5.02263	-5.04348
75	45	85	2.81425	-5.13574	-5.29894
75	55	5	3.11757	-5.06313	-4.94637
75	55	15	3.90573	-4.57794	-3.63726
75	55	25	4.31042	-4.46576	-2.79698
75	55	35	4.81352	-5.7419	-3.64356
75	55	45	4.99066	-7.37567	-5.18011
75	55	55	4.4199	-5.52792	-3.78477
75	55	65	3.81358	-5.23045	-4.13139
75	55	75	3.0927	-5.31372	-5.05458
75	55	85	3.21667	-5.27722	-5.54203
75	65	5	3.00903	-4.32844	-4.65265
75	65	15	2.89947	-3.33639	-3.23845
75	65	25	2.94758	-3.05266	-2.78025
75	65	35	2.93721	-3.53358	-3.18902
75	65	45	3.63406	-5.88562	-4.9658
75	65	55	3.56727	-4.1336	-3.28655
75	65	65	3.06614	-3.99166	-3.56273
75	65	75	2.78047	-4.90026	-4.95449
75	65	85	3.12389	-5.12912	-5.64669
75	75	5	3.33098	-4.80504	-5.4189
75	75	15	2.66465	-3.23799	-3.22286
75	75	25	2.67898	-2.71828	-2.67281
75	75	35	2.97024	-3.27383	-2.93542
75	75	45	3.30647	-5.40345	-4.97759
75	75	55	2.84802	-4.18391	-3.95694
75	75	65	2.6184	-3.88583	-3.82082
75	75	75	2.8365	-5.03979	-5.31856
75	75	85	3.40123	-5.10492	-5.96762
75	85	5	3.37058	-4.10153	-4.8397
75	85	15	2.79845	-3.16026	-3.20565
75	85	25	2.83466	-3.15202	-2.99004
75	85	35	2.81935	-3.68052	-3.573
75	85	45	2.87969	-4.99626	-5.23319
75	85	55	2.62633	-4.70461	-4.69431
75	85	65	2.59176	-5.00096	-4.96066
75	85	75	2.73172	-4.79988	-4.81928
75	85	85	3.55523	-4.70139	-5.46283
85	5	5	3.01212	-3.17225	-3.35205
85	5	15	3.03486	-3.94351	-3.54276
85	5	25	3.2161	-3.74583	-3.12161
85	5	35	3.5553	-5.50285	-4.7786
85	5	45	3.88043	-5.79405	-5.69506
85	5	55	2.94311	-5.40065	-5.02986
85	5	65	2.85724	-5.05686	-4.75584
85	5	75	2.89284	-4.7597	-4.70053
85	5	85	3.55643	-4.89657	-5.77761
85	15	5	2.8799	-3.99535	-4.16339
85	15	15	2.89769	-2.91899	-2.69516
85	15	25	3.07159	-3.21136	-2.85251
85	15	35	3.15431	-4.79045	-4.42715
85	15	45	2.94872	-5.25248	-5.258
85	15	55	2.70038	-4.96946	-4.82178
85	15	65	2.69443	-4.6225	-4.4802
85	15	75	2.61229	-5.04566	-5.06528
85	15	85	3.15184	-4.75262	-5.27262
85	25	5	2.72429	-4.80757	-4.97356
85	25	15	2.79929	-3.28755	-3.52292
85	25	25	2.90406	-3.01563	-3.30341
85	25	35	2.79097	-3.85019	-3.97907
85	25	45	2.62359	-4.72562	-4.69553
85	25	55	2.63754	-4.86728	-4.82318
85	25	65	2.57353	-3.94127	-3.92053
85	25	75	2.61228	-4.99435	-5.0132
85	25	85	2.75266	-5.05141	-5.2498
85	35	5	2.65568	-5.07924	-5.1827
85	35	15	3.13146	-3.41228	-3.99218
85	35	25	3.29653	-3.38884	-4.08578
85	35	35	2.78198	-4.24383	-4.34809
85	35	45	2.59477	-4.93551	-4.97428
85	35	55	2.59474	-4.04405	-4.08364
85	35	65	2.55278	-3.49813	-3.4973
85	35	75	2.61157	-4.93325	-4.95351
85	35	85	2.65233	-5.09531	-5.19564
85	45	5	2.77802	-4.94216	-5.12794
85	45	15	3.6557	-3.41674	-4.35623
85	45	25	3.5246	-3.62835	-3.83162
85	45	35	3.38126	-4.17292	-3.59399
85	45	45	3.63396	-5.93718	-4.97832
85	45	55	3.45316	-4.48201	-3.62406
85	45	65	2.87272	-3.88566	-3.60573
85	45	75	2.69199	-4.73107	-4.79118
85	45	85	2.73555	-5.11975	-5.26339
85	55	5	3.34111	-5.26399	-5.28913
85	55	15	3.53105	-4.04907	-4.3189
85	55	25	4.021	-3.94515	-3.09477
85	55	35	4.50201	-5.03556	-3.53842
85	55	45	4.88157	-7.00029	-4.79317
85	55	55	4.64522	-5.11273	-3.06532
85	55	65	4.17639	-4.56408	-3.02456
85	55	75	3.3129	-4.95808	-4.51747
85	55	85	3.15448	-5.4801	-5.34266
85	65	5	3.08929	-4.66946	-4.83188
85	65	15	2.96924	-3.44703	-3.56005
85	65	25	2.87424	-3.22768	-3.11275
85	65	35	2.98891	-4.45082	-4.21714
85	65	45	3.63518	-5.3521	-4.55452
85	65	55	4.17117	-4.25381	-2.80866
85	65	65	3.71362	-3.79343	-2.75805
85	65	75	3.12227	-4.11074	-4.06249
85	65	85	2.96375	-5.2661	-5.34316
85	75	5	2.88294	-4.47136	-4.66462
85	75	15	2.68953	-3.17993	-3.24902
85	75	25	2.64261	-3.05335	-3.04276
85	75	35	2.77185	-3.27478	-3.21478
85	75	45	3.17734	-4.09965	-3.9334
85	75	55	2.99937	-3.1905	-3.05161
85	75	65	2.78324	-3.08428	-3.03601
85	75	75	2.83816	-4.29654	-4.53138
85	75	85	3.12846	-5.12842	-5.64153
85	85	5	3.1192	-4.66763	-5.0246
85	85	15	2.65565	-3.2571	-3.27641
85	85	25	2.75533	-3.08773	-2.92352
85	85	35	2.89385	-3.15544	-3.27265
85	85	45	3.36904	-3.68509	-4.36872
85	85	55	2.63329	-3.29952	-3.33526
85	85	65	2.65919	-4.32023	-4.42482
85	85	75	2.89626	-4.959	-5.25903
85	85	85	3.45981	-5.04391	-5.82634
