5	5	5	3.20766	-5.13762	-5.18333
5	5	15	2.99585	-5.26162	-5.32004
5	5	25	3.57509	-5.2037	-5.99971
5	5	35	3.0322	-4.76274	-5.05978
5	5	45	2.80744	-3.54806	-3.38474
5	5	55	2.93696	-3.08864	-2.68294
5	5	65	3.33296	-3.71103	-3.14865
5	5	75	4.16607	-5.36653	-5.27139
5	5	85	3.74331	-5.35341	-5.52706
5	15	5	2.71562	-5.02232	-5.12659
5	15	15	2.59323	-5.06224	-5.20084
5	15	25	2.67184	-5.06281	-5.22237
5	15	35	2.57468	-5.00193	-4.98551
5	15	45	2.69085	-3.3984	-3.2588
5	15	55	3.015	-3.04514	-2.58323
5	15	65	3.78713	-4.23324	-3.11879
5	15	75	3.72109	-5.12978	-5.64099
5	15	85	3.36018	-5.17002	-5.74566
5	25	5	2.75295	-4.74171	-4.92623
5	25	15	2.63224	-4.52046	-4.60205
5	25	25	2.58782	-4.14003	-4.10043
5	25	35	2.87262	-4.21879	-3.79879
5	25	45	3.07738	-3.18163	-2.85715
5	25	55	3.32839	-3.21856	-3.14408
5	25	65	2.78758	-4.20583	-4.05732
5	25	75	2.994	-5.12622	-5.54458
5	25	85	3.36953	-5.08369	-5.98771
5	35	5	2.83689	-4.16163	-4.12862
5	35	15	2.93338	-3.44679	-3.1464
5	35	25	3.01141	-3.65954	-2.87795
5	35	35	1.29498	-2.62417	-2.04298
5	35	45	2.93286	-2.54165	-3.02072
5	35	55	4.11797	-2.83024	-4.41743
5	35	65	2.56952	-4.83832	-5.15552
5	35	75	2.90951	-5.09681	-5.54255
5	35	85	3.16621	-5.022	-5.82175
5	45	5	3.79934	-3.36207	-4.32153
5	45	15	3.45268	-4.2324	-4.3156
5	45	25	2.40865	-3.78185	-3.5759
5	45	35	2.0326	-3.76047	-3.89363
5	45	45	3.32102	-2.51693	-3.98511
5	45	55	3.98228	-2.20428	-4.47519
5	45	65	2.891	-4.73081	-5.66303
5	45	75	2.97709	-5.15834	-5.93661
5	45	85	3.31185	-4.88441	-5.60857
5	55	5	5.9136	-4.53055	-5.77059
5	55	15	5.98877	-6.03869	-6.23144
5	55	25	4.67633	-5.86054	-5.22492
5	55	35	4.16635	-5.08742	-4.49743
5	55	45	4.12133	-3.31176	-3.90381
5	55	55	3.77193	-3.12652	-4.23071
5	55	65	3.84664	-5.25821	-6.14004
5	55	75	3.65318	-5.61781	-6.59821
5	55	85	4.91219	-5.44249	-5.98376
5	65	5	5.62115	-4.77168	-6.41976
5	65	15	5.55161	-5.67038	-6.95966
5	65	25	4.96791	-5.78293	-6.52715
5	65	35	4.65961	-5.53304	-5.48487
5	65	45	3.75235	-3.69042	-3.761
5	65	55	2.47514	-3.89918	-3.9982
5	65	65	3.29484	-4.91733	-6.21898
5	65	75	3.24922	-5.43928	-6.27046
5	65	85	4.8895	-4.72399	-6.22317
5	75	5	4.75739	-4.35924	-5.31928
5	75	15	4.81696	-5.70966	-6.61497
5	75	25	5.21213	-5.83907	-6.9236
5	75	35	4.74268	-5.07316	-6.11446
5	75	45	3.50339	-3.58508	-3.56112
5	75	55	3.01971	-3.70626	-3.15884
5	75	65	3.16263	-4.92862	-5.00464
5	75	75	4.14406	-5.94934	-6.37774
5	75	85	4.27498	-4.78149	-5.83791
5	85	5	3.81956	-5.14319	-5.34888
5	85	15	3.61659	-5.37012	-5.95974
5	85	25	4.71158	-5.48936	-6.81177
5	85	35	4.18303	-5.20282	-5.76745
5	85	45	3.58421	-4.41578	-4.0455
5	85	55	3.37367	-3.76878	-3.02532
5	85	65	3.49085	-4.51751	-4.23756
5	85	75	4.46421	-5.71405	-6.45291
5	85	85	4.42835	-5.76016	-5.94738
15	5	5	3.37267	-3.7381	-3.81807
15	5	15	2.7448	-4.72441	-4.89084
15	5	25	4.02221	-5.19231	-6.56237
15	5	35	3.62545	-4.263	-5.27429
15	5	45	2.56285	-3.17558	-3.18261
15	5	55	2.55679	-2.72018	-2.71455
15	5	65	2.78882	-3.05666	-2.91972
15	5	75	3.63512	-4.04052	-3.5357
15	5	85	3.23534	-3.60362	-3.32242
15	15	5	2.67819	-3.76244	-3.79729
15	15	15	2.25455	-4.93835	-5.05606
15	15	25	3.31199	-5.12214	-6.10157
15	15	35	2.83887	-4.64172	-4.96933
15	15	45	2.53658	-3.09342	-3.03856
15	15	55	2.85158	-2.94755	-2.64734
15	15	65	3.3785	-3.48067	-2.65413
15	15	75	3.27982	-3.56768	-3.10171
15	15	85	2.71903	-3.8938	-3.81019
15	25	5	2.15066	-4.841	-4.88153
15	25	15	2.21024	-4.91926	-4.98007
15	25	25	2.44823	-4.92002	-4.94242
15	25	35	2.41309	-4.42124	-4.32691
15	25	45	2.57278	-3.31966	-3.02097
15	25	55	2.72565	-3.03882	-2.89854
15	25	65	2.63157	-3.43171	-3.36686
15	25	75	2.65603	-4.04572	-4.07994
15	25	85	2.79363	-4.59501	-4.7953
15	35	5	2.81046	-4.94131	-4.84322
15	35	15	2.66501	-4.55646	-4.25447
15	35	25	2.165	-4.1104	-3.5492
15	35	35	2.28062	-2.86439	-2.09965
15	35	45	2.27066	-2.67839	-2.49807
15	35	55	2.6625	-2.80632	-3.02698
15	35	65	1.22898	-4.74874	-4.7943
15	35	75	0.532309	-5.11865	-5.14067
15	35	85	1.86869	-5.12129	-5.26488
15	45	5	2.47368	-4.36485	-4.35951
15	45	15	2.56142	-4.93285	-4.88044
15	45	25	2.3505	-4.44814	-4.47887
15	45	35	2.37892	-2.82675	-2.92594
15	45	45	2.70158	-2.00161	-2.68233
15	45	55	3.03998	-1.85518	-3.12301
15	45	65	2.13248	-4.34763	-4.57849
15	45	75	2.16292	-5.09499	-5.47785
15	45	85	2.38501	-4.92592	-5.30799
15	55	5	3.12167	-3.69901	-4.31662
15	55	15	2.83364	-4.88612	-5.14628
15	55	25	3.19204	-5.44033	-5.33923
15	55	35	3.18911	-5.10881	-4.99267
15	55	45	3.70177	-3.11984	-3.80378
15	55	55	3.50716	-2.32014	-3.15137
15	55	65	3.05955	-4.13644	-4.50488
15	55	75	3.00448	-5.15148	-5.61985
15	55	85	2.70153	-5.02359	-5.17087
15	65	5	4.24959	-3.59129	-5.39619
15	65	15	3.44884	-4.96061	-6.37338
15	65	25	3.11461	-5.1659	-5.67426
15	65	35	3.17504	-4.87002	-5.21241
15	65	45	3.42018	-3.10127	-3.4857
15	65	55	2.79238	-2.53652	-2.45016
15	65	65	2.84003	-3.86715	-4.64477
15	65	75	3.04472	-5.10972	-5.81934
15	65	85	3.13515	-4.04156	-5.09402
15	75	5	3.89462	-3.49363	-5.22093
15	75	15	3.74054	-4.86773	-6.29937
15	75	25	3.51151	-5.09433	-6.18637
15	75	35	3.40056	-4.74032	-5.48794
15	75	45	3.02674	-3.3377	-3.4574
15	75	55	3.07548	-3.2049	-2.59931
15	75	65	3.52972	-4.27486	-3.71168
15	75	75	3.91113	-5.34371	-6.14735
15	75	85	3.49435	-3.45951	-4.83034
15	85	5	4.34102	-4.37643	-5.05813
15	85	15	4.43499	-5.64062	-6.00709
15	85	25	4.00927	-5.25576	-6.48068
15	85	35	3.9826	-4.94207	-5.93135
15	85	45	2.84999	-3.53659	-3.62272
15	85	55	3.02353	-3.13434	-2.64002
15	85	65	4.00499	-4.24186	-3.1119
15	85	75	4.40287	-5.14064	-4.93912
15	85	85	3.95093	-4.2414	-4.08545
25	5	5	2.9928	-2.98936	-2.82969
25	5	15	3.09224	-4.05485	-3.99604
25	5	25	3.16882	-5.27178	-5.84103
25	5	35	3.22661	-4.53079	-5.11042
25	5	45	2.54241	-3.24123	-3.23903
25	5	55	2.56278	-3.01904	-3.00992
25	5	65	2.57253	-4.11296	-4.095
25	5	75	3.00241	-3.92976	-3.71874
25	5	85	2.99288	-3.07544	-2.73848
25	15	5	2.62455	-2.99392	-2.90327
25	15	15	2.33984	-4.19434	-4.2472
25	15	25	2.85602	-5.09514	-5.87906
25	15	35	2.94282	-4.42251	-4.89457
25	15	45	2.23464	-2.92457	-2.92792
25	15	55	2.31286	-2.84431	-2.82366
25	15	65	2.59455	-3.19654	-3.11516
25	15	75	2.87794	-3.02246	-2.81923
25	15	85	2.84236	-3.1548	-2.88631
25	25	5	2.41623	-3.89853	-3.8955
25	25	15	1.51361	-4.87689	-4.95354
25	25	25	2.29306	-5.14032	-5.58828
25	25	35	2.79365	-4.64203	-4.77264
25	25	45	2.11831	-3.15366	-3.0221
25	25	55	2.169	-2.63835	-2.57976
25	25	65	2.64839	-3.17027	-3.12857
25	25	75	2.71357	-3.03559	-3.07391
25	25	85	2.55584	-3.16155	-3.17921
25	35	5	2.15197	-4.97186	-4.83128
25	35	15	2.24745	-5.03682	-4.81684
25	35	25	3.17621	-5.74038	-5.60238
25	35	35	2.58698	-4.14003	-3.56729
25	35	45	2.29671	-3.43087	-2.51817
25	35	55	2.28341	-3.34001	-3.27797
25	35	65	0.825475	-4.6717	-4.67132
25	35	75	0.332764	-5.00717	-5.02823
25	35	85	1.4941	-4.99863	-5.02325
25	45	5	2.12906	-4.60002	-4.51989
25	45	15	2.47866	-5.13446	-4.95085
25	45	25	2.86218	-5.19677	-6.16953
25	45	35	2.57388	-3.74391	-3.74912
25	45	45	2.22946	-2.293	-2.3693
25	45	55	2.18449	-1.89646	-2.35232
25	45	65	1.98989	-4.07599	-4.17754
25	45	75	1.29748	-4.89359	-4.95356
25	45	85	1.84699	-4.72153	-4.76878
25	55	5	1.75569	-3.67964	-3.71894
25	55	15	2.38421	-5.00675	-5.14556
25	55	25	2.80621	-5.09916	-5.93788
25	55	35	2.83916	-5.03242	-5.26011
25	55	45	2.52545	-3.06353	-3.38829
25	55	55	2.60632	-2.08342	-2.44501
25	55	65	2.79977	-3.53903	-3.26179
25	55	75	2.55257	-4.34381	-4.64623
25	55	85	2.38596	-4.62228	-4.65072
25	65	5	1.96853	-2.63766	-2.95942
25	65	15	2.41592	-4.78789	-4.94828
25	65	25	2.64891	-5.09617	-5.63696
25	65	35	2.71215	-5.08049	-5.2872
25	65	45	2.79384	-3.33505	-3.67711
25	65	55	2.42951	-2.35969	-1.93971
25	65	65	2.46426	-2.76383	-2.86265
25	65	75	2.7434	-4.69128	-4.97461
25	65	85	1.67063	-3.32062	-3.46745
25	75	5	2.01419	-2.56924	-2.85062
25	75	15	2.74499	-4.49024	-4.89185
25	75	25	2.54849	-5.09815	-5.40055
25	75	35	2.9134	-4.92137	-5.28699
25	75	45	2.67304	-3.41499	-3.47706
25	75	55	2.41154	-2.51759	-2.13809
25	75	65	3.17679	-3.21625	-2.71768
25	75	75	3.16103	-4.36681	-4.47107
25	75	85	2.31375	-3.09971	-3.23059
25	85	5	3.92705	-3.86921	-2.92409
25	85	15	4.01433	-5.2819	-4.77993
25	85	25	3.60888	-5.81802	-5.69964
25	85	35	3.49576	-5.44196	-5.27039
25	85	45	2.69315	-3.77398	-3.75571
25	85	55	2.67198	-2.92339	-2.80478
25	85	65	2.84326	-3.50718	-3.26146
25	85	75	3.69491	-4.30889	-3.7835
25	85	85	4.01891	-4.22128	-3.20296
35	5	5	3.13853	-3.46618	-2.99996
35	5	15	3.22713	-4.07035	-3.51422
35	5	25	3.09061	-5.48417	-5.62817
35	5	35	2.7015	-4.94957	-4.97246
35	5	45	2.64433	-3.74164	-3.7874
35	5	55	2.57251	-3.4007	-3.42855
35	5	65	2.64236	-4.999	-4.96448
35	5	75	2.78546	-4.7569	-4.76599
35	5	85	2.85711	-3.42926	-3.16859
35	15	5	2.81115	-3.17268	-3.05431
35	15	15	2.99366	-3.65438	-3.61582
35	15	25	3.02168	-5.22333	-5.63831
35	15	35	2.82042	-4.16366	-4.37605
35	15	45	2.35762	-2.90978	-2.97536
35	15	55	2.46097	-3.16643	-3.2537
35	15	65	2.61808	-4.34464	-4.30277
35	15	75	2.71979	-3.92855	-3.96435
35	15	85	2.71837	-3.91687	-3.87282
35	25	5	2.48414	-2.98901	-3.0193
35	25	15	2.51873	-4.48247	-4.6813
35	25	25	2.81716	-5.10423	-5.83096
35	25	35	2.58202	-4.54193	-4.65844
35	25	45	2.15999	-3.02812	-2.97751
35	25	55	2.27602	-3.06535	-3.02664
35	25	65	2.7148	-3.68375	-3.58454
35	25	75	2.63285	-3.66444	-3.62396
35	25	85	2.65901	-3.24188	-3.23558
35	35	5	1.11141	-4.60327	-4.60337
35	35	15	1.48751	-4.65633	-4.99589
35	35	25	3.71706	-5.15948	-6.61073
35	35	35	3.30118	-5.1836	-5.15663
35	35	45	2.86294	-4.83247	-4.06481
35	35	55	2.87326	-4.79148	-4.0909
35	35	65	2.45504	-5.04166	-4.72126
35	35	75	2.17306	-4.96429	-4.94107
35	35	85	2.03447	-4.92081	-4.94115
35	45	5	2.00206	-4.48032	-4.46058
35	45	15	2.21818	-5.0686	-5.32781
35	45	25	3.44096	-5.13075	-6.91875
35	45	35	2.90776	-4.36482	-4.77453
35	45	45	2.41005	-3.63003	-3.52003
35	45	55	2.19505	-2.61703	-2.4708
35	45	65	2.11065	-4.117	-4.16979
35	45	75	2.3675	-5.02005	-5.11956
35	45	85	2.00869	-4.48014	-4.46456
35	55	5	1.98097	-3.53366	-3.53209
35	55	15	2.65924	-4.87242	-5.2124
35	55	25	3.12204	-5.08018	-6.74413
35	55	35	3.13443	-5.08013	-5.76057
35	55	45	2.54266	-3.89716	-4.14971
35	55	55	2.25035	-2.07506	-2.21462
35	55	65	2.225	-3.46891	-3.42603
35	55	75	2.66904	-4.60608	-4.64434
35	55	85	2.57016	-3.82162	-3.78315
35	65	5	1.26887	-2.29168	-2.29176
35	65	15	2.42643	-4.78079	-4.8808
35	65	25	2.62922	-5.10061	-6.22219
35	65	35	3.05323	-5.10114	-5.77398
35	65	45	2.53937	-4.01978	-4.08908
35	65	55	1.84787	-1.80644	-1.92807
35	65	65	2.08323	-2.27795	-2.28265
35	65	75	2.61085	-3.70677	-3.76735
35	65	85	1.86986	-2.68426	-2.68533
35	75	5	2.16098	-2.63237	-2.33328
35	75	15	2.83062	-4.58957	-4.39003
35	75	25	2.68819	-5.256	-5.69841
35	75	35	2.67343	-5.12195	-5.24916
35	75	45	2.57336	-3.9816	-4.06566
35	75	55	1.89385	-1.88909	-1.93353
35	75	65	2.40687	-2.55804	-2.5675
35	75	75	2.86638	-3.43159	-3.15354
35	75	85	2.50906	-2.84828	-2.55278
35	85	5	4.5426	-4.63994	-2.62844
35	85	15	4.63216	-5.78319	-3.83522
35	85	25	3.71164	-6.11284	-5.45205
35	85	35	3.47179	-5.88278	-5.22885
35	85	45	3.07742	-4.73963	-4.3441
35	85	55	2.96273	-3.5487	-3.28042
35	85	65	3.11517	-4.48794	-4.05571
35	85	75	3.69855	-5.13966	-4.35496
35	85	85	4.16299	-4.48699	-2.91786
45	5	5	2.85628	-3.86346	-3.55774
45	5	15	3.55364	-4.33476	-3.39258
45	5	25	3.56267	-6.10608	-5.47684
45	5	35	3.26349	-5.43343	-5.30634
45	5	45	3.24345	-4.26886	-4.78822
45	5	55	3.00632	-4.17322	-4.57323
45	5	65	2.69991	-5.07086	-5.10561
45	5	75	2.83723	-5.28301	-5.12292
45	5	85	2.86714	-4.43674	-4.12473
45	15	5	2.9083	-3.86132	-3.48292
45	15	15	3.18384	-3.63072	-3.13964
45	15	25	2.937	-5.24986	-5.51271
45	15	35	3.02005	-4.58746	-5.0514
45	15	45	3.28808	-3.06059	-3.81105
45	15	55	2.97488	-3.63811	-4.05447
45	15	65	2.72333	-5.15134	-5.11753
45	15	75	2.58043	-5.0831	-5.12415
45	15	85	2.64217	-4.57959	-4.55532
45	25	5	2.66064	-2.80455	-2.77872
45	25	15	2.64022	-3.78739	-3.90074
45	25	25	2.89947	-5.09109	-5.69351
45	25	35	2.75442	-4.12161	-4.38718
45	25	45	2.94218	-3.10348	-3.43371
45	25	55	2.72224	-3.72477	-3.75322
45	25	65	2.59601	-4.788	-4.8116
45	25	75	2.69332	-4.86581	-4.8077
45	25	85	2.75387	-4.27965	-4.1217
45	35	5	2.09574	-4.46478	-4.50609
45	35	15	2.29052	-4.79839	-5.07899
45	35	25	3.05507	-5.14917	-5.73555
45	35	35	2.67197	-4.82251	-5.27425
45	35	45	2.39406	-4.9677	-5.01423
45	35	55	2.59482	-5.12786	-4.95107
45	35	65	2.89514	-5.40934	-4.95095
45	35	75	2.51396	-5.13453	-4.93451
45	35	85	2.43965	-5.01811	-4.95866
45	45	5	2.41179	-4.14639	-3.8815
45	45	15	2.74797	-4.80004	-5.11738
45	45	25	3.18787	-5.17795	-6.24315
45	45	35	3.03832	-4.66318	-5.40858
45	45	45	2.41485	-4.35686	-4.34828
45	45	55	2.08461	-3.27022	-3.30906
45	45	65	2.62942	-4.61544	-4.56901
45	45	75	2.73785	-5.26005	-5.22036
45	45	85	2.58215	-4.78574	-4.63191
45	55	5	2.45514	-3.18022	-3.17183
45	55	15	2.58462	-4.47337	-4.58929
45	55	25	3.63098	-5.102	-6.56595
45	55	35	3.37528	-5.08118	-5.93451
45	55	45	2.53476	-4.52646	-4.71403
45	55	55	1.84606	-2.47526	-2.47653
45	55	65	2.48482	-3.91788	-4.05506
45	55	75	2.70012	-4.97477	-5.22825
45	55	85	2.49332	-3.83507	-3.81166
45	65	5	1.60937	-2.01497	-2.0144
45	65	15	2.63108	-4.19766	-4.35673
45	65	25	2.95044	-5.09666	-6.41946
45	65	35	3.1329	-5.08165	-5.69971
45	65	45	2.51701	-4.40198	-4.52947
45	65	55	1.93094	-2.04189	-2.16272
45	65	65	2.17975	-3.20238	-3.18272
45	65	75	2.54948	-4.27323	-4.51409
45	65	85	2.21206	-2.89211	-2.87496
45	75	5	2.94901	-3.38208	-2.72247
45	75	15	3.12301	-4.53784	-4.01785
45	75	25	3.1914	-5.49607	-5.93969
45	75	35	3.07299	-5.18202	-5.61166
45	75	45	2.59419	-4.64244	-4.6458
45	75	55	2.51425	-2.4204	-2.62483
45	75	65	2.51342	-3.4662	-3.49541
45	75	75	2.50863	-3.99177	-3.91377
45	75	85	2.90586	-3.63177	-3.23131
45	85	5	4.73241	-5.05564	-2.87605
45	85	15	4.88739	-5.83629	-3.57836
45	85	25	4.53823	-6.91209	-5.48809
45	85	35	3.65021	-6.04273	-5.36918
45	85	45	3.17345	-4.96244	-4.82384
45	85	55	3.18381	-3.79883	-4.03285
45	85	65	2.98623	-5.20738	-4.96501
45	85	75	3.74286	-6.02105	-4.91882
45	85	85	4.1822	-5.23225	-3.57821
55	5	5	2.92719	-4.58695	-4.21198
55	5	15	3.53304	-4.95956	-4.1175
55	5	25	4.16885	-6.56541	-5.18838
55	5	35	3.71166	-6.07989	-5.1718
55	5	45	3.49978	-4.78977	-5.16192
55	5	55	3.62082	-4.43941	-5.17366
55	5	65	3.01128	-5.25981	-5.34444
55	5	75	2.72484	-5.23036	-5.13871
55	5	85	2.85013	-4.77695	-4.63792
55	15	5	2.63192	-3.98209	-3.90373
55	15	15	3.02795	-3.32754	-2.97132
55	15	25	2.93153	-5.24268	-5.1119
55	15	35	2.91501	-4.46178	-4.62607
55	15	45	3.94007	-3.18578	-4.56261
55	15	55	3.6744	-4.09578	-5.1549
55	15	65	2.73366	-5.13224	-5.21623
55	15	75	2.56788	-5.13478	-5.22223
55	15	85	2.60377	-4.69185	-4.68328
55	25	5	2.73796	-3.03303	-2.85437
55	25	15	2.79781	-3.1961	-3.27006
55	25	25	2.49735	-4.98328	-5.2454
55	25	35	2.93765	-3.92194	-4.60982
55	25	45	3.57666	-2.81104	-3.79647
55	25	55	2.99688	-3.6835	-4.06427
55	25	65	2.72727	-5.07749	-5.30373
55	25	75	2.67542	-5.04361	-5.14272
55	25	85	2.61661	-4.68462	-4.56293
55	35	5	2.81769	-4.78674	-4.44684
55	35	15	2.91599	-4.91892	-4.89713
55	35	25	2.59601	-5.33525	-5.41933
55	35	35	2.39862	-5.02371	-5.36455
55	35	45	2.17758	-4.88169	-5.29361
55	35	55	1.96592	-4.64259	-4.87602
55	35	65	2.43386	-5.07347	-5.07707
55	35	75	2.71344	-5.39685	-5.21869
55	35	85	2.79878	-4.99916	-4.81928
55	45	5	3.23751	-4.51641	-3.87353
55	45	15	3.17814	-4.64817	-4.49632
55	45	25	2.61675	-5.24443	-5.7052
55	45	35	2.38235	-5.00697	-5.18672
55	45	45	2.07612	-4.65485	-4.81859
55	45	55	2.05508	-4.03693	-4.17791
55	45	65	2.19389	-4.75173	-4.875
55	45	75	2.77502	-5.15935	-5.3094
55	45	85	3.12233	-5.20476	-4.9303
55	55	5	2.69172	-3.07182	-3.14118
55	55	15	2.88131	-3.50941	-3.84146
55	55	25	3.22091	-5.14446	-6.24241
55	55	35	3.03825	-5.12243	-5.71697
55	55	45	2.51783	-4.99326	-5.05592
55	55	55	1.91424	-3.40389	-3.42278
55	55	65	2.62067	-4.35053	-4.64977
55	55	75	3.07908	-5.05579	-5.76339
55	55	85	2.57526	-4.29606	-4.37943
55	65	5	2.23641	-2.60117	-2.56094
55	65	15	2.69278	-3.26565	-3.44516
55	65	25	3.31544	-5.01116	-6.45347
55	65	35	2.92342	-5.10246	-5.56609
55	65	45	2.53144	-4.78125	-4.8436
55	65	55	2.26948	-2.91285	-2.8933
55	65	65	2.38592	-4.09786	-4.27781
55	65	75	2.73339	-4.91983	-5.64522
55	65	85	2.422	-3.48052	-3.49019
55	75	5	3.19335	-3.66529	-2.92162
55	75	15	3.5919	-4.31637	-3.31594
55	75	25	3.80986	-5.74278	-5.64396
55	75	35	3.13866	-5.40232	-5.45719
55	75	45	2.61126	-4.98203	-5.00608
55	75	55	2.4099	-3.10884	-3.16971
55	75	65	2.60702	-4.21286	-4.31245
55	75	75	2.52664	-4.94793	-5.06901
55	75	85	2.86846	-4.17334	-3.83032
55	85	5	4.27418	-5.38869	-3.62503
55	85	15	4.83906	-5.72569	-3.49729
55	85	25	4.82383	-7.12967	-5.69848
55	85	35	4.19387	-6.60437	-5.35156
55	85	45	3.37166	-5.40207	-5.06518
55	85	55	3.31266	-4.75327	-4.81328
55	85	65	3.03545	-5.41486	-5.15602
55	85	75	2.92557	-5.40359	-5.11256
55	85	85	3.72606	-5.67743	-4.54152
65	5	5	3.06606	-5.56422	-5.03229
65	5	15	3.57273	-5.61443	-4.6527
65	5	25	4.48971	-6.70655	-5.31045
65	5	35	4.40643	-6.7824	-5.25728
65	5	45	3.60288	-5.33459	-4.38339
65	5	55	3.03094	-4.76357	-4.63687
65	5	65	3.23799	-5.69642	-5.16866
65	5	75	3.07784	-5.56688	-5.18129
65	5	85	3.32728	-5.75641	-5.06388
65	15	5	2.80401	-4.46366	-4.25167
65	15	15	2.69156	-3.48427	-3.36555
65	15	25	3.0153	-4.84133	-4.94405
65	15	35	2.66787	-4.40332	-4.31227
65	15	45	2.72164	-3.32899	-3.32257
65	15	55	3.28341	-4.08014	-4.59245
65	15	65	2.75352	-5.2436	-5.14992
65	15	75	2.77359	-5.36157	-5.20468
65	15	85	2.74465	-4.9542	-4.84494
65	25	5	2.73037	-3.44436	-3.24145
65	25	15	2.93014	-2.93329	-2.94272
65	25	25	2.68573	-4.38607	-4.46269
65	25	35	2.61664	-3.31923	-3.46622
65	25	45	3.23376	-2.7479	-3.20873
65	25	55	3.13862	-3.64631	-4.30852
65	25	65	2.64637	-5.14952	-5.18878
65	25	75	2.62625	-5.15313	-5.28623
65	25	85	2.68861	-4.9564	-4.9056
65	35	5	3.15404	-4.07654	-3.40931
65	35	15	3.64743	-4.98365	-4.18837
65	35	25	2.93498	-5.62473	-5.54242
65	35	35	2.02192	-5.18045	-5.17316
65	35	45	2.82429	-5.08138	-5.83497
65	35	55	2.40345	-4.61623	-5.12813
65	35	65	1.17531	-5.15003	-5.03747
65	35	75	0.476322	-5.16063	-5.20754
65	35	85	2.09717	-4.70046	-4.64732
65	45	5	3.31836	-3.99358	-3.3116
65	45	15	3.54538	-4.42343	-3.81346
65	45	25	3.1754	-5.54043	-6.05297
65	45	35	2.48612	-5.2435	-5.47775
65	45	45	2.31959	-4.5581	-5.197
65	45	55	2.23628	-4.55729	-4.66788
65	45	65	2.42077	-5.03601	-5.1418
65	45	75	2.55228	-5.14216	-5.39674
65	45	85	2.9095	-4.59439	-4.43959
65	55	5	2.69941	-3.27417	-3.16599
65	55	15	3.02822	-3.033	-3.13751
65	55	25	3.26446	-4.69155	-5.89145
65	55	35	2.62365	-5.22519	-5.68029
65	55	45	2.57691	-5.09563	-5.23963
65	55	55	2.25353	-4.6926	-4.81543
65	55	65	2.96464	-4.8668	-5.44653
65	55	75	3.10954	-5.06045	-5.73647
65	55	85	3.2139	-4.29359	-4.94192
65	65	5	2.89759	-3.04026	-2.93738
65	65	15	3.04253	-2.89239	-3.00177
65	65	25	3.44421	-4.43231	-5.71919
65	65	35	2.62474	-5.00396	-5.23332
65	65	45	2.56734	-5.1225	-5.14967
65	65	55	2.11141	-4.18106	-4.20233
65	65	65	2.98791	-4.68108	-5.361
65	65	75	3.34384	-5.1082	-6.04381
65	65	85	2.93808	-4.32749	-4.64238
65	75	5	3.51156	-4.28724	-3.39882
65	75	15	3.89718	-4.42291	-3.35871
65	75	25	4.71518	-5.66495	-5.28816
65	75	35	3.21838	-5.49984	-5.16354
65	75	45	2.65273	-5.00412	-4.96803
65	75	55	2.51301	-4.45775	-4.45976
65	75	65	2.76831	-4.76198	-5.06108
65	75	75	3.116	-5.16868	-5.67044
65	75	85	3.28966	-5.11185	-4.62769
65	85	5	3.50557	-5.39061	-4.45897
65	85	15	4.30224	-5.85099	-4.08038
65	85	25	5.0752	-6.90635	-5.52767
65	85	35	4.43634	-6.86604	-5.17582
65	85	45	3.14275	-5.81052	-4.98953
65	85	55	2.9979	-5.26534	-4.77967
65	85	65	2.97962	-5.43642	-5.10741
65	85	75	2.96338	-5.47545	-5.18631
65	85	85	3.20448	-5.5677	-4.94666
75	5	5	4.21825	-6.71074	-5.1142
75	5	15	4.30275	-6.59414	-5.09749
75	5	25	5.30009	-7.0038	-5.82927
75	5	35	4.74809	-7.10431	-5.36533
75	5	45	3.80488	-5.47772	-4.26124
75	5	55	3.01136	-3.88357	-3.41525
75	5	65	3.06011	-5.40186	-5.03842
75	5	75	3.76305	-6.03128	-5.50348
75	5	85	3.67051	-6.10962	-5.21694
75	15	5	3.30131	-5.56058	-4.87103
75	15	15	3.13273	-4.89763	-4.38533
75	15	25	3.86016	-5.01415	-4.97912
75	15	35	3.06937	-5.00966	-4.60982
75	15	45	2.62694	-2.93589	-2.86089
75	15	55	2.60429	-3.27988	-3.22725
75	15	65	2.71864	-5.16472	-5.04056
75	15	75	2.88509	-5.5156	-5.30565
75	15	85	3.23286	-5.61573	-5.17136
75	25	5	2.64007	-3.67928	-3.6623
75	25	15	2.86255	-3.35106	-3.22972
75	25	25	3.30755	-3.45818	-3.87134
75	25	35	2.78016	-3.33414	-3.13458
75	25	45	2.83656	-2.82943	-2.70703
75	25	55	2.78506	-3.35357	-3.48812
75	25	65	2.67698	-5.10361	-5.22193
75	25	75	2.58039	-5.12301	-5.29173
75	25	85	2.61346	-4.94333	-4.94969
75	35	5	3.14734	-3.11964	-2.95127
75	35	15	3.71724	-3.68708	-3.16768
75	35	25	3.06158	-5.42083	-4.99808
75	35	35	1.73633	-5.44571	-5.01187
75	35	45	0.839324	-4.08955	-4.00839
75	35	55	1.14906	-3.73468	-3.8661
75	35	65	1.07787	-5.05171	-5.39925
75	35	75	2.43065	-5.06202	-5.42447
75	35	85	2.97883	-4.46283	-4.87789
75	45	5	3.61232	-3.20125	-3.1573
75	45	15	4.56713	-3.89317	-3.999
75	45	25	3.4942	-5.44894	-5.25775
75	45	35	2.83927	-5.46417	-5.78329
75	45	45	2.42235	-4.94191	-5.41742
75	45	55	2.11263	-4.8139	-5.20395
75	45	65	2.62477	-5.19909	-5.62367
75	45	75	2.58397	-5.19977	-5.92601
75	45	85	3.67367	-4.164	-4.76792
75	55	5	3.14014	-3.54636	-3.49417
75	55	15	4.25229	-3.73279	-3.91338
75	55	25	4.34774	-4.01223	-4.93975
75	55	35	3.04998	-4.88144	-5.39779
75	55	45	2.81983	-5.12122	-5.66731
75	55	55	2.54832	-4.91686	-5.52236
75	55	65	3.05529	-4.95754	-6.04389
75	55	75	3.47241	-5.18989	-6.44539
75	55	85	3.52868	-4.25906	-5.16871
75	65	5	3.33882	-3.55819	-3.08219
75	65	15	3.69102	-3.6075	-3.25752
75	65	25	4.13563	-3.40485	-4.59127
75	65	35	2.71613	-4.01317	-4.38233
75	65	45	2.46213	-4.96571	-5.35766
75	65	55	2.59618	-4.84641	-5.13127
75	65	65	3.49773	-5.01938	-6.22077
75	65	75	3.49283	-5.12448	-6.43241
75	65	85	3.2675	-4.25735	-4.76486
75	75	5	4.01666	-5.25701	-3.83915
75	75	15	4.69134	-5.29217	-4.10035
75	75	25	5.08421	-5.99864	-5.48171
75	75	35	3.76165	-5.37751	-4.47304
75	75	45	3.13094	-5.29902	-5.0245
75	75	55	3.03319	-5.16622	-4.84831
75	75	65	3.49364	-5.25513	-5.74919
75	75	75	4.00852	-5.5049	-6.19878
75	75	85	3.71608	-5.14047	-5.14978
75	85	5	3.36045	-5.71995	-5.00802
75	85	15	4.41971	-6.37189	-4.87134
75	85	25	5.25254	-6.83939	-5.35081
75	85	35	4.45076	-6.86931	-5.17247
75	85	45	3.35628	-5.99968	-5.1605
75	85	55	3.17911	-5.12543	-4.51889
75	85	65	3.06708	-5.40617	-5.22874
75	85	75	3.28404	-5.50359	-5.59886
75	85	85	3.20294	-5.33289	-5.36453
85	5	5	3.45035	-5.68637	-5.21605
85	5	15	3.92201	-6.1273	-5.44218
85	5	25	3.90466	-5.92462	-5.61696
85	5	35	3.66882	-6.0291	-4.95888
85	5	45	4.18676	-5.71481	-4.16084
85	5	55	3.34461	-3.71226	-2.89829
85	5	65	3.46496	-4.74362	-4.31035
85	5	75	4.44995	-5.8994	-6.28219
85	5	85	4.19728	-5.77341	-6.0418
85	15	5	2.97269	-5.06651	-5.3801
85	15	15	3.03713	-5.18365	-5.38525
85	15	25	3.29507	-5.20144	-5.32144
85	15	35	3.17561	-5.38423	-4.84244
85	15	45	2.87876	-3.5692	-3.24197
85	15	55	2.9663	-2.95807	-2.82684
85	15	65	3.15609	-4.70585	-4.33479
85	15	75	3.42371	-5.34894	-5.92082
85	15	85	3.36454	-5.14794	-5.85527
85	25	5	2.80715	-4.30048	-4.47593
85	25	15	2.95357	-3.99682	-4.21975
85	25	25	2.89264	-3.20841	-3.30924
85	25	35	2.83503	-3.34703	-2.98664
85	25	45	2.86075	-2.95921	-2.65091
85	25	55	3.30574	-3.10111	-3.42809
85	25	65	2.95098	-5.0723	-5.01629
85	25	75	2.99914	-5.16348	-5.71014
85	25	85	3.09581	-5.10284	-5.61617
85	35	5	3.02603	-3.39845	-3.4528
85	35	15	3.45553	-3.19552	-2.81523
85	35	25	2.88689	-4.83131	-3.71275
85	35	35	-0.73833	-4.50903	-3.52425
85	35	45	2.00229	-2.58839	-2.60265
85	35	55	3.34302	-2.97861	-3.9198
85	35	65	2.89391	-4.96811	-5.4901
85	35	75	2.62639	-5.10078	-5.66852
85	35	85	2.91609	-4.86243	-5.08363
85	45	5	4.56849	-3.71609	-3.99877
85	45	15	4.65189	-3.95078	-4.1204
85	45	25	2.93105	-4.11979	-3.87161
85	45	35	1.80675	-5.01912	-4.96675
85	45	45	2.15424	-4.04745	-4.91646
85	45	55	3.09848	-3.69764	-5.1399
85	45	65	2.8924	-5.14292	-6.25001
85	45	75	2.55799	-5.44182	-6.33927
85	45	85	3.76938	-4.98483	-5.13171
85	55	5	4.97801	-4.12618	-4.89642
85	55	15	6.16588	-5.43799	-5.70117
85	55	25	4.79639	-4.43882	-4.16086
85	55	35	3.65238	-3.82605	-4.20026
85	55	45	2.90785	-4.52362	-5.08365
85	55	55	3.1569	-4.72914	-5.51664
85	55	65	3.88467	-5.1998	-6.68298
85	55	75	3.64015	-5.41774	-7.11396
85	55	85	4.46343	-5.04446	-5.93392
85	65	5	5.0568	-4.53689	-5.05875
85	65	15	5.63063	-5.63051	-5.57574
85	65	25	5.08631	-5.00024	-6.09049
85	65	35	4.0203	-4.09925	-5.08337
85	65	45	2.8277	-4.06075	-4.62611
85	65	55	2.45737	-4.80681	-5.15253
85	65	65	3.67229	-5.12451	-6.13782
85	65	75	3.69294	-5.57719	-6.98
85	65	85	4.73471	-5.10476	-5.81013
85	75	5	4.9068	-5.27982	-4.38338
85	75	15	4.82487	-5.975	-5.21422
85	75	25	5.02649	-6.17809	-6.21258
85	75	35	3.95798	-4.95471	-4.8383
85	75	45	3.13808	-3.84229	-3.68035
85	75	55	2.8378	-4.46411	-4.52568
85	75	65	3.1848	-5.32374	-5.89442
85	75	75	4.5771	-6.11032	-6.36383
85	75	85	4.88519	-6.21603	-5.32876
85	85	5	3.15375	-5.32364	-5.14248
85	85	15	3.57332	-5.59245	-5.38326
85	85	25	4.46755	-6.24401	-5.73794
85	85	35	3.79951	-5.99957	-5.06819
85	85	45	4.01042	-5.51486	-4.23185
85	85	55	3.48001	-4.34526	-3.47533
85	85	65	3.2556	-4.98882	-5.0112
85	85	75	4.12943	-5.43379	-6.42138
85	85	85	3.74819	-5.61699	-5.83618
