5	5	5	3.53967	-4.98206	-5.90844
5	5	15	2.71238	-4.6033	-4.6821
5	5	25	2.71587	-3.33728	-3.23645
5	5	35	2.75876	-3.06991	-2.88477
5	5	45	3.3231	-3.30351	-3.57303
5	5	55	3.80239	-3.66406	-4.38391
5	5	65	3.47893	-3.59972	-3.87748
5	5	75	2.7168	-4.44921	-4.35345
5	5	85	3.03942	-4.98102	-5.38016
5	15	5	3.31871	-4.81482	-5.46164
5	15	15	2.72426	-3.1308	-3.10245
5	15	25	2.69432	-3.58442	-3.52212
5	15	35	3.09504	-3.6452	-3.10159
5	15	45	3.45828	-5.42585	-4.75859
5	15	55	3.37928	-5.41485	-5.57351
5	15	65	3.13901	-5.30337	-5.32102
5	15	75	2.69384	-4.85738	-4.81197
5	15	85	2.69617	-4.58128	-4.68309
5	25	5	3.28031	-4.91421	-5.23948
5	25	15	3.22065	-4.43693	-4.05935
5	25	25	3.21554	-3.29777	-2.63415
5	25	35	3.35599	-3.51622	-2.83206
5	25	45	3.02204	-4.6925	-4.41364
5	25	55	3.16	-5.2409	-5.42156
5	25	65	2.82276	-5.00255	-4.953
5	25	75	2.8268	-4.72046	-4.51384
5	25	85	3.05974	-5.38684	-5.17235
5	35	5	3.22725	-5.16115	-5.61467
5	35	15	2.60893	-4.83939	-4.82718
5	35	25	3.08324	-3.77277	-3.32146
5	35	35	3.45593	-3.8067	-3.00422
5	35	45	3.06572	-4.27427	-3.82894
5	35	55	3.00076	-4.8951	-4.86363
5	35	65	2.79978	-4.92363	-4.93108
5	35	75	2.62553	-3.94404	-3.93059
5	35	85	2.70217	-5.04002	-5.05744
5	45	5	3.15119	-5.20931	-5.58051
5	45	15	2.79588	-5.2612	-5.14094
5	45	25	3.32319	-4.16446	-3.43209
5	45	35	3.19031	-3.78016	-3.50824
5	45	45	2.86217	-4.30409	-4.28763
5	45	55	2.7864	-4.99942	-5.16202
5	45	65	2.5865	-4.09159	-4.06866
5	45	75	2.70546	-3.78605	-3.72221
5	45	85	2.80729	-5.02312	-5.05975
5	55	5	3.37189	-5.69656	-5.32297
5	55	15	3.42386	-5.72802	-4.98793
5	55	25	4.19489	-4.83498	-3.47707
5	55	35	4.35262	-4.89382	-3.31177
5	55	45	4.23011	-4.93402	-3.68173
5	55	55	3.98761	-6.05674	-5.13167
5	55	65	3.52469	-4.22848	-3.99392
5	55	75	3.25561	-4.03508	-3.7576
5	55	85	3.38631	-5.06619	-5.15237
5	65	5	3.29564	-5.51473	-5.44921
5	65	15	3.3808	-5.21301	-5.37981
5	65	25	3.63127	-4.46066	-4.00751
5	65	35	4.5364	-4.50355	-3.05176
5	65	45	5.1085	-5.3824	-3.79727
5	65	55	4.64197	-6.35998	-5.11391
5	65	65	4.21268	-4.0872	-3.65793
5	65	75	3.69141	-3.57414	-3.48795
5	65	85	3.96625	-4.72141	-5.40432
5	75	5	4.54849	-6.04849	-6.14553
5	75	15	3.92694	-5.49064	-4.84837
5	75	25	4.45938	-4.94669	-3.55056
5	75	35	4.44253	-4.65237	-3.25636
5	75	45	5.31497	-6.13563	-4.85755
5	75	55	5.55648	-6.25786	-5.27001
5	75	65	4.46468	-3.87788	-3.47572
5	75	75	3.24488	-3.16347	-2.91925
5	75	85	3.92239	-4.30715	-4.66459
5	85	5	4.55938	-5.57006	-6.63079
5	85	15	3.41218	-5.01535	-4.65067
5	85	25	3.30061	-3.84579	-3.15424
5	85	35	3.24958	-3.63889	-3.1042
5	85	45	4.03578	-3.75666	-3.91683
5	85	55	3.99731	-3.83524	-4.29738
5	85	65	3.12453	-2.99155	-3.37373
5	85	75	2.79686	-2.99791	-3.13601
5	85	85	3.19691	-4.46515	-4.74071
15	5	5	4.00639	-5.16874	-6.47742
15	5	15	3.02347	-4.42354	-4.85276
15	5	25	2.66782	-3.20808	-3.26481
15	5	35	2.77458	-3.10252	-3.08605
15	5	45	3.45262	-3.54125	-4.04125
15	5	55	3.83624	-3.56429	-4.0839
15	5	65	3.39952	-3.37654	-3.72488
15	5	75	3.38583	-3.63662	-3.87401
15	5	85	3.46564	-4.92627	-5.44611
15	15	5	3.61505	-5.11915	-6.04273
15	15	15	2.75143	-3.49922	-3.49922
15	15	25	2.79578	-3.15125	-3.03599
15	15	35	2.7947	-3.5279	-3.36435
15	15	45	3.03982	-4.92687	-4.97886
15	15	55	3.6196	-5.24798	-6.14269
15	15	65	3.38934	-5.19588	-5.73838
15	15	75	2.80166	-4.9277	-5.05395
15	15	85	2.99789	-4.88762	-5.21199
15	25	5	3.49663	-5.25439	-5.5336
15	25	15	3.14344	-4.42271	-3.88068
15	25	25	3.32357	-3.45309	-2.72027
15	25	35	3.15911	-3.2777	-2.70965
15	25	45	2.91873	-4.2869	-4.28484
15	25	55	3.61241	-4.99362	-6.09372
15	25	65	3.46065	-4.68183	-5.57701
15	25	75	2.80544	-4.60316	-4.69439
15	25	85	3.11469	-5.23627	-5.39833
15	35	5	3.35325	-5.6015	-5.42174
15	35	15	3.29776	-5.77857	-5.07705
15	35	25	3.69892	-4.82612	-3.71832
15	35	35	4.47877	-4.21638	-2.87673
15	35	45	3.57236	-4.41585	-3.87635
15	35	55	3.29615	-4.92615	-5.27128
15	35	65	3.5983	-4.28033	-4.68922
15	35	75	3.42572	-4.35724	-4.21249
15	35	85	3.37504	-5.43002	-5.33364
15	45	5	3.43114	-5.83713	-5.24192
15	45	15	3.43553	-5.96267	-5.12382
15	45	25	3.94531	-5.32977	-4.05709
15	45	35	4.32912	-3.73004	-3.4197
15	45	45	3.60847	-3.54927	-3.4247
15	45	55	3.25119	-4.54069	-4.63124
15	45	65	3.11954	-3.73549	-4.21921
15	45	75	3.09105	-3.64204	-3.5302
15	45	85	3.34632	-5.39004	-5.0813
15	55	5	3.95407	-6.40626	-5.2133
15	55	15	4.30967	-6.83556	-5.08689
15	55	25	4.31008	-5.53647	-4.14576
15	55	35	4.26361	-4.04311	-3.08595
15	55	45	3.9294	-3.7554	-3.27598
15	55	55	3.3887	-4.00683	-3.71645
15	55	65	3.24084	-3.62468	-3.46486
15	55	75	3.14671	-3.46442	-3.49373
15	55	85	3.49994	-5.07795	-4.69725
15	65	5	3.20809	-5.44214	-5.40254
15	65	15	3.21114	-5.59359	-5.2309
15	65	25	3.4949	-4.77328	-4.80745
15	65	35	3.8337	-3.81958	-3.87647
15	65	45	4.52685	-5.07172	-4.67179
15	65	55	4.05901	-5.34018	-4.78697
15	65	65	4.56081	-4.25032	-3.59613
15	65	75	4.47359	-3.66844	-3.79901
15	65	85	4.18449	-4.22205	-4.95236
15	75	5	4.22398	-5.84546	-6.00167
15	75	15	3.91942	-5.5928	-5.57958
15	75	25	3.55675	-4.36364	-4.03736
15	75	35	3.88816	-4.44231	-3.72259
15	75	45	4.50524	-5.72708	-6.01853
15	75	55	4.4656	-5.90082	-5.58622
15	75	65	5.51933	-4.76526	-4.50673
15	75	75	4.81784	-3.75413	-4.3944
15	75	85	4.72164	-4.27243	-5.05622
15	85	5	4.12374	-5.30744	-6.41728
15	85	15	3.42324	-4.20869	-4.94746
15	85	25	3.00268	-3.0737	-3.39722
15	85	35	2.83995	-3.40796	-3.41274
15	85	45	3.81352	-4.52221	-5.14062
15	85	55	3.90242	-4.2661	-4.48989
15	85	65	4.07959	-4.09275	-5.04547
15	85	75	4.02451	-3.26804	-4.23426
15	85	85	4.45265	-4.15261	-4.97679
25	5	5	3.84834	-5.1348	-6.34708
25	5	15	3.95123	-4.30286	-5.66079
25	5	25	2.91373	-3.20292	-3.52547
25	5	35	2.57368	-3.52021	-3.54243
25	5	45	3.11182	-4.70612	-4.90532
25	5	55	3.99386	-4.98441	-5.58644
25	5	65	3.89024	-4.44046	-5.08605
25	5	75	4.09199	-3.33182	-4.08132
25	5	85	3.70519	-4.27045	-5.2243
25	15	5	4.13307	-5.13482	-6.63638
25	15	15	3.54863	-4.38172	-5.04011
25	15	25	3.09001	-3.72964	-3.54543
25	15	35	3.2352	-4.18777	-3.58353
25	15	45	3.03579	-5.04401	-4.7608
25	15	55	2.91662	-5.23117	-5.90799
25	15	65	2.49787	-4.96567	-5.72844
25	15	75	2.9339	-4.92377	-5.26415
25	15	85	3.29272	-4.98725	-5.44797
25	25	5	3.59301	-5.05813	-6.05693
25	25	15	2.83825	-4.09038	-4.27839
25	25	25	2.77074	-3.76442	-3.55129
25	25	35	2.96359	-3.1319	-2.75912
25	25	45	2.79815	-4.4916	-4.38838
25	25	55	2.73137	-5.05464	-5.55431
25	25	65	2.59664	-4.80003	-5.22242
25	25	75	2.81425	-4.43976	-4.72098
25	25	85	2.77182	-4.97811	-5.15731
25	35	5	3.39308	-5.70277	-5.38072
25	35	15	3.43772	-5.9817	-5.10145
25	35	25	3.63561	-5.32103	-4.23777
25	35	35	4.37662	-4.31839	-2.77522
25	35	45	3.79921	-4.87474	-3.72104
25	35	55	3.89152	-5.56247	-5.7825
25	35	65	3.48546	-4.23989	-4.70068
25	35	75	2.7867	-3.75283	-3.75604
25	35	85	2.95149	-4.93081	-4.75082
25	45	5	2.91148	-5.33986	-5.23979
25	45	15	2.95475	-5.50293	-5.10482
25	45	25	3.43714	-4.9644	-4.48389
25	45	35	4.34118	-3.35804	-3.68004
25	45	45	3.50953	-3.65391	-3.16671
25	45	55	3.44026	-4.71752	-4.71714
25	45	65	3.55546	-3.37694	-3.93656
25	45	75	3.01488	-3.60042	-3.50205
25	45	85	2.77129	-4.49553	-4.39754
25	55	5	3.31255	-5.71671	-5.2383
25	55	15	3.02103	-5.50199	-5.1324
25	55	25	3.83564	-5.02242	-5.14624
25	55	35	4.58591	-3.54274	-4.09201
25	55	45	3.98314	-3.85815	-3.96139
25	55	55	3.24112	-4.38286	-4.30475
25	55	65	3.79751	-3.66556	-3.83077
25	55	75	3.33506	-3.73307	-3.25831
25	55	85	3.46823	-4.88232	-4.20513
25	65	5	3.48118	-5.76887	-5.35769
25	65	15	3.68029	-5.96236	-5.25084
25	65	25	3.97713	-5.16205	-5.50734
25	65	35	3.34515	-3.87928	-4.07291
25	65	45	3.67556	-5.25585	-5.53741
25	65	55	3.3698	-5.44531	-5.12648
25	65	65	3.90551	-4.31845	-4.21294
25	65	75	4.44708	-3.57437	-4.10845
25	65	85	3.967	-4.22721	-4.31643
25	75	5	3.93262	-6.01137	-5.52099
25	75	15	3.57433	-5.57388	-5.45318
25	75	25	3.37673	-4.51805	-4.67094
25	75	35	3.16195	-4.36998	-4.57369
25	75	45	3.53468	-5.10779	-5.88413
25	75	55	3.50352	-5.11976	-5.88807
25	75	65	4.06969	-4.27599	-5.41426
25	75	75	5.0316	-3.94444	-5.61285
25	75	85	4.66949	-4.15667	-4.91107
25	85	5	3.77991	-5.44085	-5.95118
25	85	15	3.70479	-4.769	-5.58825
25	85	25	3.06745	-3.27873	-3.63378
25	85	35	2.69498	-3.65578	-3.79609
25	85	45	3.55186	-4.96911	-5.96829
25	85	55	3.33547	-4.93796	-5.64231
25	85	65	4.36755	-4.67584	-6.21294
25	85	75	4.90509	-3.96698	-5.31314
25	85	85	5.21714	-4.13492	-4.92884
35	5	5	2.88123	-5.08859	-5.38958
35	5	15	3.36048	-4.10367	-4.86866
35	5	25	2.61841	-2.95259	-3.05887
35	5	35	2.62909	-3.58199	-3.5024
35	5	45	2.98746	-5.21029	-5.18991
35	5	55	3.59184	-5.13977	-5.78019
35	5	65	3.27787	-4.73959	-5.02358
35	5	75	3.15431	-2.99275	-3.39196
35	5	85	3.59396	-3.65179	-4.56967
35	15	5	3.51472	-5.1233	-6.08681
35	15	15	3.76238	-4.40155	-5.4531
35	15	25	3.16326	-4.36609	-3.99741
35	15	35	3.3467	-4.80047	-3.99852
35	15	45	3.30978	-5.40756	-4.88598
35	15	55	3.33221	-5.13167	-5.49088
35	15	65	2.77304	-4.8317	-5.05289
35	15	75	2.75229	-4.48271	-4.66231
35	15	85	3.29067	-4.75836	-5.49833
35	25	5	3.49143	-5.11733	-6.01693
35	25	15	3.5031	-4.62471	-5.39196
35	25	25	2.73328	-4.23803	-4.0731
35	25	35	2.78751	-3.20378	-3.04743
35	25	45	2.83296	-4.71	-4.55359
35	25	55	2.8386	-5.09997	-5.29313
35	25	65	2.61266	-4.82097	-4.88054
35	25	75	2.63069	-4.22011	-4.2589
35	25	85	2.65105	-4.47806	-4.57807
35	35	5	3.41183	-5.09915	-5.97995
35	35	15	2.73953	-5.10394	-5.24603
35	35	25	2.60113	-4.78686	-4.74567
35	35	35	2.75821	-3.05679	-2.99232
35	35	45	2.79898	-4.19908	-4.03844
35	35	55	2.81408	-5.18876	-5.14656
35	35	65	2.85276	-4.52121	-4.34189
35	35	75	2.57063	-3.35641	-3.23563
35	35	85	2.63138	-3.8292	-3.7888
35	45	5	2.67228	-5.09267	-5.29381
35	45	15	2.58392	-5.10207	-5.13526
35	45	25	2.6118	-4.62204	-4.68268
35	45	35	2.91362	-2.66478	-3.00731
35	45	45	2.71432	-3.61275	-3.49551
35	45	55	2.83472	-5.05594	-4.87472
35	45	65	2.87665	-3.62524	-3.58087
35	45	75	2.29349	-2.742	-2.72045
35	45	85	2.54784	-3.68991	-3.68987
35	55	5	2.89142	-5.30672	-5.30712
35	55	15	2.73106	-5.14199	-5.24243
35	55	25	2.85508	-4.90204	-5.1861
35	55	35	3.35448	-2.82642	-3.60828
35	55	45	2.7935	-3.99308	-4.19236
35	55	55	2.73706	-4.84346	-4.86025
35	55	65	3.11227	-3.98589	-3.68587
35	55	75	3.06946	-3.3015	-2.90193
35	55	85	3.12023	-4.13559	-3.59559
35	65	5	4.17295	-6.18328	-5.60208
35	65	15	3.56262	-5.88274	-5.29274
35	65	25	3.77525	-5.36204	-5.38547
35	65	35	3.75524	-5.16926	-4.73264
35	65	45	3.03144	-5.2164	-5.33602
35	65	55	3.01624	-5.22667	-5.32629
35	65	65	2.89781	-4.58476	-4.72195
35	65	75	3.18149	-4.11249	-3.72297
35	65	85	3.9322	-4.86345	-3.63905
35	75	5	3.79951	-5.87618	-5.51487
35	75	15	3.30035	-5.46588	-5.28697
35	75	25	3.59799	-4.88371	-5.20494
35	75	35	2.74788	-4.28684	-4.41488
35	75	45	3.14224	-5.16278	-5.5716
35	75	55	2.81704	-5.1183	-5.3011
35	75	65	2.81665	-4.55995	-4.82074
35	75	75	3.23792	-4.21745	-4.89299
35	75	85	3.22956	-4.3558	-4.63887
35	85	5	3.62423	-5.57749	-5.6347
35	85	15	3.14184	-4.58751	-4.92632
35	85	25	2.96393	-3.18688	-3.48611
35	85	35	2.535	-3.96756	-3.96368
35	85	45	3.07202	-5.08431	-5.58334
35	85	55	2.99477	-5.14022	-5.5237
35	85	65	3.29605	-4.66056	-5.36518
35	85	75	3.71349	-4.20252	-4.68338
35	85	85	4.61969	-3.91782	-4.41238
45	5	5	2.73397	-5.06476	-5.36342
45	5	15	2.83824	-3.8258	-4.1258
45	5	25	2.25863	-2.4744	-2.47167
45	5	35	2.25213	-3.38259	-3.36052
45	5	45	2.83008	-5.17811	-5.2579
45	5	55	2.9123	-5.26128	-5.34254
45	5	65	2.69468	-4.88283	-4.90524
45	5	75	2.63273	-3.1337	-3.19363
45	5	85	2.85317	-3.11897	-3.33765
45	15	5	2.85277	-5.07233	-5.51339
45	15	15	2.91249	-4.64152	-4.9629
45	15	25	2.71358	-4.20253	-4.08372
45	15	35	3.26718	-4.89467	-4.25558
45	15	45	3.40846	-5.68687	-4.90671
45	15	55	3.79309	-5.96068	-5.28035
45	15	65	2.95509	-5.00162	-4.70082
45	15	75	2.63309	-4.01198	-3.95081
45	15	85	2.89306	-4.41985	-4.63782
45	25	5	3.07433	-5.11565	-5.75801
45	25	15	3.14029	-4.92208	-5.51052
45	25	25	2.71478	-4.86685	-4.7098
45	25	35	2.91432	-3.96012	-3.71859
45	25	45	2.86393	-4.91172	-4.64137
45	25	55	2.82629	-5.27026	-5.13583
45	25	65	2.70467	-4.90943	-4.79985
45	25	75	2.57751	-3.96187	-3.93588
45	25	85	2.77113	-4.24972	-4.38926
45	35	5	3.05633	-5.09166	-5.55278
45	35	15	2.98671	-5.10517	-5.536
45	35	25	2.55725	-4.99326	-4.99385
45	35	35	2.67521	-3.34492	-3.48185
45	35	45	2.57394	-4.46222	-4.481
45	35	55	2.63515	-5.09352	-5.13024
45	35	65	2.69479	-4.62402	-4.52226
45	35	75	2.67194	-3.65648	-3.37721
45	35	85	2.63153	-3.26444	-3.184
45	45	5	2.77642	-5.05557	-5.44058
45	45	15	2.7925	-5.10215	-5.3465
45	45	25	2.61899	-4.84168	-4.90952
45	45	35	2.67417	-2.9549	-3.1579
45	45	45	2.59268	-4.07906	-4.06064
45	45	55	2.73147	-5.15993	-5.10031
45	45	65	2.69387	-4.06176	-3.82214
45	45	75	2.15277	-2.6873	-2.64569
45	45	85	2.5916	-2.82728	-2.86673
45	55	5	3.41342	-5.27386	-5.83626
45	55	15	2.66626	-5.12185	-5.07709
45	55	25	2.71937	-4.92204	-5.01039
45	55	35	2.73253	-3.47244	-3.61395
45	55	45	2.63348	-4.5937	-4.63495
45	55	55	2.61184	-5.02905	-5.05067
45	55	65	2.71385	-4.49667	-4.3795
45	55	75	2.67074	-3.3492	-3.10891
45	55	85	3.08745	-3.77882	-3.35881
45	65	5	4.4198	-5.95846	-6.13366
45	65	15	4.00024	-6.26773	-5.22496
45	65	25	3.89016	-6.14804	-5.07518
45	65	35	3.75846	-5.88164	-4.80188
45	65	45	3.35228	-5.75692	-5.11736
45	65	55	3.15188	-5.63944	-5.1203
45	65	65	2.65345	-4.99559	-4.93721
45	65	75	2.67195	-4.5521	-4.43143
45	65	85	2.85382	-4.36086	-4.09686
45	75	5	3.44368	-5.42389	-5.65122
45	75	15	3.14247	-5.42148	-5.21324
45	75	25	3.04133	-4.7418	-4.63179
45	75	35	2.89402	-4.83729	-4.49618
45	75	45	2.86869	-5.28339	-5.20823
45	75	55	2.68033	-5.14994	-5.2008
45	75	65	2.58144	-5.02769	-5.04449
45	75	75	2.56148	-5.04004	-5.02962
45	75	85	2.6112	-4.67223	-4.65205
45	85	5	2.87789	-5.18963	-5.34356
45	85	15	2.98596	-4.61195	-4.58663
45	85	25	2.66542	-3.31196	-3.32252
45	85	35	2.39955	-3.89809	-3.87127
45	85	45	2.77286	-5.08641	-5.30553
45	85	55	2.71203	-5.12191	-5.26196
45	85	65	2.6316	-4.82167	-4.86238
45	85	75	2.6731	-4.35281	-4.31157
45	85	85	2.83369	-3.66651	-3.74464
55	5	5	2.85315	-4.89302	-5.03168
55	5	15	2.68102	-3.68925	-3.80728
55	5	25	2.36567	-2.55944	-2.59047
55	5	35	2.3803	-3.27164	-3.25044
55	5	45	2.57898	-5.06153	-5.08684
55	5	55	2.61338	-5.16177	-5.14399
55	5	65	2.63197	-4.9621	-4.9229
55	5	75	2.7127	-3.69769	-3.57605
55	5	85	2.65233	-3.18671	-3.12545
55	15	5	2.73509	-4.98521	-5.18155
55	15	15	2.69481	-4.8446	-4.94449
55	15	25	2.618	-4.07734	-4.10249
55	15	35	2.62276	-4.11544	-4.14587
55	15	45	2.71544	-5.15486	-5.09766
55	15	55	3.25448	-5.64321	-5.22344
55	15	65	3.3339	-5.40445	-4.70328
55	15	75	3.15266	-3.69725	-3.13726
55	15	85	2.91344	-3.78507	-3.50266
55	25	5	2.61589	-5.01081	-5.10837
55	25	15	2.75991	-5.06625	-5.06549
55	25	25	2.75949	-4.95403	-4.83931
55	25	35	2.72398	-4.24244	-4.133
55	25	45	2.77609	-5.166	-5.02785
55	25	55	2.75596	-5.18103	-5.17913
55	25	65	2.75795	-4.54523	-4.38248
55	25	75	2.69945	-3.32119	-3.17361
55	25	85	2.61631	-3.30349	-3.35902
55	35	5	3.0022	-4.83214	-5.26661
55	35	15	2.72781	-5.01179	-5.17201
55	35	25	2.60405	-5.06699	-5.10298
55	35	35	2.61848	-4.07745	-4.13827
55	35	45	2.57561	-4.81683	-4.83406
55	35	55	2.65469	-5.07443	-5.17404
55	35	65	2.57551	-4.32276	-4.34395
55	35	75	2.61403	-3.23733	-3.17681
55	35	85	2.77691	-3.12297	-3.18034
55	45	5	3.15485	-4.66467	-5.30652
55	45	15	2.7208	-4.70147	-4.8727
55	45	25	2.57892	-5.0221	-5.04988
55	45	35	2.55358	-3.35987	-3.40231
55	45	45	2.55187	-4.40723	-4.42847
55	45	55	2.65145	-5.10922	-5.12962
55	45	65	2.55228	-4.10143	-4.14263
55	45	75	2.37285	-2.71014	-2.71174
55	45	85	2.73206	-2.8901	-3.03079
55	55	5	3.77669	-5.15656	-6.04218
55	55	15	3.28557	-5.10073	-5.15884
55	55	25	3.00498	-5.32207	-5.17597
55	55	35	2.93201	-4.33684	-4.11782
55	55	45	2.75145	-4.9403	-4.78112
55	55	55	2.65223	-5.06198	-5.12239
55	55	65	2.55472	-4.6208	-4.62449
55	55	75	2.51172	-3.59761	-3.57831
55	55	85	2.85066	-3.57893	-3.79894
55	65	5	4.22185	-5.91486	-5.76803
55	65	15	4.60108	-6.71388	-5.49913
55	65	25	4.61897	-7.01324	-5.09638
55	65	35	4.66195	-6.62564	-4.72057
55	65	45	3.73505	-6.15186	-5.13027
55	65	55	3.51343	-5.91227	-5.23307
55	65	65	3.01788	-5.48139	-5.02584
55	65	75	2.89208	-5.26753	-4.92779
55	65	85	3.19303	-5.2066	-4.8046
55	75	5	3.80571	-5.19504	-6.22275
55	75	15	3.53145	-5.40505	-5.73905
55	75	25	3.26919	-5.00679	-4.67227
55	75	35	3.18964	-4.17496	-3.62134
55	75	45	2.97786	-5.39838	-5.05799
55	75	55	2.72026	-5.16874	-5.20196
55	75	65	2.58148	-5.1256	-5.10804
55	75	75	2.55793	-5.08514	-5.07838
55	75	85	2.73397	-5.05158	-5.06863
55	85	5	3.21772	-5.13934	-5.71264
55	85	15	3.16515	-4.82874	-5.22984
55	85	25	2.6987	-3.26086	-3.06771
55	85	35	2.75252	-3.46747	-3.2717
55	85	45	2.70456	-5.15935	-5.014
55	85	55	2.7733	-5.14349	-5.28227
55	85	65	2.55245	-5.04257	-5.04289
55	85	75	2.59237	-4.84176	-4.80043
55	85	85	2.5955	-4.42506	-4.3806
65	5	5	2.97244	-4.30823	-4.66841
65	5	15	3.11661	-3.96425	-4.12425
65	5	25	2.86229	-2.92236	-2.87784
65	5	35	2.80171	-3.22907	-3.38804
65	5	45	2.62023	-4.94938	-4.93298
65	5	55	2.63523	-5.14072	-5.14389
65	5	65	2.63209	-5.16268	-5.08366
65	5	75	2.67283	-4.16223	-4.04126
65	5	85	2.57173	-3.4967	-3.45603
65	15	5	2.99591	-4.48619	-4.44292
65	15	15	2.87509	-4.97828	-4.93984
65	15	25	2.99445	-4.05498	-4.01571
65	15	35	2.96309	-3.95582	-4.20696
65	15	45	2.66548	-5.08856	-5.14295
65	15	55	1.81524	-5.18166	-5.20497
65	15	65	2.27311	-5.0033	-4.82286
65	15	75	2.81433	-3.24015	-2.97925
65	15	85	2.97188	-3.07197	-2.69113
65	25	5	2.84592	-4.60215	-4.57126
65	25	15	3.27159	-5.29692	-5.18291
65	25	25	3.60919	-5.37049	-5.4406
65	25	35	3.15949	-4.90916	-4.66157
65	25	45	2.80926	-5.10797	-5.03407
65	25	55	2.75594	-5.26468	-5.1432
65	25	65	2.67591	-4.40248	-4.36287
65	25	75	2.62348	-2.93565	-2.85329
65	25	85	2.66028	-3.13117	-3.06275
65	35	5	2.76303	-4.15477	-4.34919
65	35	15	2.94435	-4.22941	-4.5242
65	35	25	3.14306	-4.90314	-5.48739
65	35	35	2.6869	-4.53883	-4.70875
65	35	45	2.63967	-5.00487	-5.08782
65	35	55	2.67598	-5.1001	-5.24423
65	35	65	2.57263	-4.56236	-4.58358
65	35	75	2.57274	-3.30881	-3.32766
65	35	85	2.61737	-3.70917	-3.76432
65	45	5	2.9369	-4.58143	-5.046
65	45	15	2.77702	-4.17718	-4.40177
65	45	25	2.75901	-4.70106	-4.90712
65	45	35	2.59764	-4.24247	-4.28648
65	45	45	2.61314	-4.80192	-4.88357
65	45	55	2.69349	-5.09669	-5.25831
65	45	65	2.63352	-4.24148	-4.28391
65	45	75	2.61279	-2.98649	-3.06815
65	45	85	2.69241	-3.70364	-3.84478
65	55	5	3.17673	-5.09788	-5.52262
65	55	15	3.38239	-4.85414	-4.80658
65	55	25	3.31632	-5.17407	-4.6393
65	55	35	3.23315	-5.12049	-4.56252
65	55	45	2.97186	-5.26802	-4.88881
65	55	55	2.73262	-5.22856	-5.16976
65	55	65	2.67683	-4.66139	-4.70718
65	55	75	2.65414	-3.76284	-3.74593
65	55	85	2.71286	-4.37701	-4.49884
65	65	5	4.44518	-6.19849	-6.03724
65	65	15	4.92242	-6.59402	-5.61684
65	65	25	4.78111	-6.73602	-4.5845
65	65	35	4.90946	-6.29804	-4.02168
65	65	45	4.39744	-6.62675	-4.86114
65	65	55	3.91663	-6.27602	-5.28001
65	65	65	2.98644	-5.48124	-5.11585
65	65	75	2.75261	-5.11283	-4.91359
65	65	85	3.1748	-5.314	-5.25449
65	75	5	3.63744	-5.31729	-6.01652
65	75	15	3.66317	-5.353	-5.81779
65	75	25	3.06279	-4.84699	-4.62804
65	75	35	3.63328	-4.00185	-3.04125
65	75	45	3.56307	-5.444	-4.59276
65	75	55	3.30585	-5.57301	-5.38378
65	75	65	2.67153	-5.16944	-5.11473
65	75	75	2.57889	-5.02805	-5.00062
65	75	85	2.71817	-5.16564	-5.19859
65	85	5	3.37621	-5.12375	-5.96018
65	85	15	3.22814	-5.10794	-5.61444
65	85	25	3.05518	-3.84084	-3.58664
65	85	35	3.3029	-3.38026	-2.95084
65	85	45	2.87462	-4.67356	-4.47319
65	85	55	2.93962	-5.16649	-5.4227
65	85	65	2.55841	-5.08537	-5.08605
65	85	75	2.5548	-4.96579	-4.96207
65	85	85	2.69408	-5.06462	-5.04158
75	5	5	3.1341	-4.32229	-4.88005
75	5	15	3.00414	-4.34464	-4.38965
75	5	25	2.73525	-3.00323	-2.94188
75	5	35	2.69907	-2.93643	-2.95009
75	5	45	2.67429	-4.27906	-4.37579
75	5	55	2.73443	-5.09002	-5.28986
75	5	65	2.57407	-5.10461	-5.08325
75	5	75	2.61475	-4.56482	-4.50219
75	5	85	2.69707	-4.42484	-4.35969
75	15	5	3.13332	-3.99181	-3.68953
75	15	15	3.3637	-5.1476	-4.67259
75	15	25	3.6767	-4.51949	-3.87666
75	15	35	3.57523	-4.43889	-4.0555
75	15	45	3.05708	-5.3253	-5.10808
75	15	55	2.41547	-5.34135	-5.05896
75	15	65	2.59231	-5.08248	-4.90322
75	15	75	2.61409	-3.54383	-3.48252
75	15	85	2.73172	-2.96146	-2.86087
75	25	5	2.9571	-4.23868	-4.07424
75	25	15	3.09478	-4.82454	-4.4889
75	25	25	3.61451	-4.67922	-4.77613
75	25	35	3.46795	-4.75198	-5.2775
75	25	45	2.88833	-5.10641	-5.14591
75	25	55	2.67273	-5.24301	-5.1818
75	25	65	2.60268	-4.78204	-4.80208
75	25	75	2.5891	-3.09726	-3.05732
75	25	85	2.67144	-3.67958	-3.63956
75	35	5	2.72153	-4.26728	-4.42492
75	35	15	2.78982	-4.0204	-4.19517
75	35	25	3.62823	-3.89271	-4.85967
75	35	35	3.21078	-4.80887	-5.38596
75	35	45	2.74199	-4.97494	-5.03568
75	35	55	2.57471	-5.12048	-5.22088
75	35	65	2.59387	-4.62282	-4.6237
75	35	75	2.57334	-3.30764	-3.32689
75	35	85	2.65475	-4.3803	-4.4776
75	45	5	2.7343	-4.89433	-5.07708
75	45	15	2.98255	-4.44723	-4.83014
75	45	25	3.25929	-3.80695	-4.38861
75	45	35	2.82331	-4.64047	-4.92778
75	45	45	2.76041	-4.83318	-5.05764
75	45	55	2.61402	-5.10134	-5.20175
75	45	65	2.59376	-4.14214	-4.14539
75	45	75	2.59447	-3.15171	-3.19421
75	45	85	2.71227	-4.78675	-4.94679
75	55	5	2.89851	-5.15667	-5.33896
75	55	15	3.2849	-4.89715	-4.86556
75	55	25	3.52122	-4.26811	-3.80915
75	55	35	3.69606	-5.0949	-4.15815
75	55	45	3.51277	-5.78487	-5.02693
75	55	55	2.91435	-5.37685	-5.29974
75	55	65	2.67774	-4.50235	-4.54822
75	55	75	2.63507	-3.74487	-3.78804
75	55	85	2.83334	-4.88094	-5.12163
75	65	5	3.4514	-5.40224	-5.63242
75	65	15	3.99339	-5.83973	-4.92334
75	65	25	4.37888	-5.63231	-4.01211
75	65	35	4.87994	-5.69911	-3.45079
75	65	45	4.70304	-6.28162	-4.31042
75	65	55	4.28347	-6.67979	-5.52738
75	65	65	3.30739	-5.58301	-5.13689
75	65	75	3.02346	-4.99287	-4.70442
75	65	85	3.19448	-5.45653	-5.33505
75	75	5	3.54923	-5.25205	-5.94506
75	75	15	3.23267	-4.90009	-5.14599
75	75	25	2.94834	-3.91418	-3.64083
75	75	35	3.53154	-3.71118	-2.77075
75	75	45	4.32367	-5.15225	-3.85963
75	75	55	4.40084	-6.19541	-5.84724
75	75	65	2.91938	-5.29165	-5.04051
75	75	75	2.82525	-4.98946	-4.92801
75	75	85	3.06158	-5.24617	-5.38089
75	85	5	3.54895	-5.07668	-6.02519
75	85	15	2.90096	-4.99296	-5.28432
75	85	25	2.75212	-3.63999	-3.52186
75	85	35	2.96815	-3.02632	-2.65005
75	85	45	2.98425	-3.79283	-3.63962
75	85	55	3.31647	-5.23049	-5.73545
75	85	65	2.58802	-5.04817	-5.03287
75	85	75	2.58579	-4.9938	-4.96425
75	85	85	2.76167	-5.06934	-5.14133
85	5	5	3.56576	-4.53227	-5.52247
85	5	15	2.73958	-4.19525	-4.15498
85	5	25	2.80479	-3.31157	-3.10073
85	5	35	2.76508	-3.16285	-2.95042
85	5	45	3.00087	-3.68244	-3.7526
85	5	55	3.17535	-4.95192	-5.4124
85	5	65	2.86177	-4.84288	-4.79188
85	5	75	2.64096	-5.00434	-5.0465
85	5	85	2.82167	-4.82871	-4.88041
85	15	5	3.01479	-3.68721	-4.10933
85	15	15	2.88402	-3.94805	-3.75694
85	15	25	3.57887	-4.56773	-3.62573
85	15	35	3.71565	-4.54223	-3.37722
85	15	45	3.43554	-5.6407	-4.91659
85	15	55	2.99964	-5.49202	-5.10764
85	15	65	2.68093	-5.06438	-4.96986
85	15	75	2.59411	-4.28253	-4.26388
85	15	85	2.59254	-3.63086	-3.63072
85	25	5	3.15472	-4.37843	-4.6581
85	25	15	2.92437	-4.37225	-4.12149
85	25	25	3.20235	-3.80093	-3.17051
85	25	35	3.52717	-4.46885	-3.93351
85	25	45	3.17914	-5.28159	-4.77592
85	25	55	2.83743	-5.36419	-5.19917
85	25	65	2.67529	-5.08324	-5.04654
85	25	75	2.61401	-3.71767	-3.6598
85	25	85	2.63244	-4.57044	-4.48984
85	35	5	2.78442	-4.96246	-5.13491
85	35	15	2.57402	-4.61235	-4.60878
85	35	25	2.82716	-3.44299	-3.28894
85	35	35	3.11832	-4.17162	-4.40432
85	35	45	2.73916	-4.77561	-4.7148
85	35	55	2.6572	-5.18238	-5.1221
85	35	65	2.63882	-4.90684	-4.8666
85	35	75	2.57837	-3.66246	-3.67538
85	35	85	2.61596	-4.76517	-4.78203
85	45	5	2.92093	-5.10824	-5.39675
85	45	15	2.78533	-4.83465	-4.80929
85	45	25	3.20918	-3.35663	-3.5211
85	45	35	3.06388	-4.64676	-4.71961
85	45	45	2.67802	-4.83996	-4.89734
85	45	55	2.61733	-5.10063	-5.24287
85	45	65	2.63421	-4.24286	-4.2491
85	45	75	2.59975	-3.61337	-3.61943
85	45	85	2.77752	-4.98835	-5.17039
85	55	5	3.03565	-5.19937	-5.4367
85	55	15	3.55266	-5.45293	-4.94447
85	55	25	4.0301	-4.23757	-3.73843
85	55	35	4.09936	-4.75774	-3.90114
85	55	45	4.07728	-6.01409	-4.6589
85	55	55	3.18135	-5.65722	-5.32635
85	55	65	2.81885	-4.16419	-4.19485
85	55	75	2.64554	-3.82464	-3.79476
85	55	85	2.72385	-5.00531	-5.13357
85	65	5	3.48444	-5.47334	-5.61449
85	65	15	3.46198	-5.3515	-5.00243
85	65	25	3.71219	-4.38406	-3.63758
85	65	35	4.42546	-4.52019	-2.85599
85	65	45	4.73957	-5.58429	-3.72564
85	65	55	4.37799	-6.63022	-5.49295
85	65	65	3.68122	-4.67134	-3.9019
85	65	75	3.11363	-4.49673	-4.08435
85	65	85	3.18746	-5.30643	-5.15898
85	75	5	4.16706	-5.56811	-6.2509
85	75	15	3.47704	-4.99628	-4.45163
85	75	25	3.13035	-3.66757	-3.13818
85	75	35	3.55303	-3.69959	-2.73875
85	75	45	4.88763	-4.98318	-3.64984
85	75	55	4.96838	-6.44511	-5.54065
85	75	65	4.16237	-4.21421	-3.80182
85	75	75	2.9079	-3.80696	-3.54919
85	75	85	3.42316	-5.42055	-5.07609
85	85	5	3.96008	-5.38135	-6.23004
85	85	15	2.78302	-4.85503	-4.82134
85	85	25	2.7663	-3.3865	-3.17602
85	85	35	2.69228	-2.752	-2.61242
85	85	45	3.45198	-3.27475	-3.45624
85	85	55	3.62499	-4.91595	-5.72281
85	85	65	2.96011	-4.01131	-4.24164
85	85	75	2.81322	-3.94978	-3.95169
85	85	85	2.99073	-5.19544	-5.31713
