5	5	5	2.88415	-5.06275	-5.50367
5	5	15	3.27992	-5.16523	-5.8664
5	5	25	2.8315	-4.84407	-4.83999
5	5	35	2.96064	-3.41525	-3.1812
5	5	45	3.19615	-3.23096	-2.66769
5	5	55	3.21874	-3.00177	-3.01366
5	5	65	4.04666	-3.27422	-4.30297
5	5	75	3.76332	-4.34733	-4.58543
5	5	85	2.97487	-3.96707	-3.93054
5	15	5	2.79431	-4.98045	-5.32253
5	15	15	2.89186	-4.78124	-5.26402
5	15	25	2.61344	-4.40126	-4.34445
5	15	35	2.71149	-3.26004	-3.07971
5	15	45	2.81382	-3.14797	-2.76518
5	15	55	3.0603	-3.6609	-3.57166
5	15	65	3.93574	-4.30466	-5.16238
5	15	75	3.73442	-4.8626	-5.57282
5	15	85	2.8072	-5.0034	-5.15491
5	25	5	2.95506	-4.35483	-4.71852
5	25	15	3.01264	-3.73041	-3.95204
5	25	25	1.99176	-2.3628	-1.68201
5	25	35	2.11745	-2.54438	-2.19598
5	25	45	2.66155	-2.88363	-2.77714
5	25	55	2.62657	-4.96437	-4.90288
5	25	65	3.41575	-5.26412	-5.82115
5	25	75	3.17988	-5.14252	-5.83089
5	25	85	2.88739	-4.72167	-5.09975
5	35	5	3.35674	-5.32323	-5.08257
5	35	15	3.31867	-5.10894	-4.42293
5	35	25	2.64023	-3.85319	-2.97756
5	35	35	2.7659	-2.81248	-2.38086
5	35	45	3.09866	-2.41083	-2.98041
5	35	55	2.32236	-4.4766	-4.66835
5	35	65	3.13139	-5.23677	-5.64311
5	35	75	3.33819	-5.30194	-5.59085
5	35	85	3.10332	-4.64044	-4.55643
5	45	5	3.37599	-5.30724	-5.08643
5	45	15	3.56905	-5.88465	-5.18631
5	45	25	4.20817	-6.39564	-4.69152
5	45	35	3.80065	-4.17521	-3.09787
5	45	45	3.76642	-2.85034	-3.4597
5	45	55	3.15965	-4.40409	-4.5895
5	45	65	3.05782	-5.31462	-5.41326
5	45	75	3.11954	-5.18317	-5.15873
5	45	85	3.16624	-4.07769	-4.01217
5	55	5	4.43827	-5.77061	-6.09541
5	55	15	3.87978	-6.10077	-5.38463
5	55	25	4.27353	-6.29721	-4.9045
5	55	35	3.88333	-3.64175	-3.44995
5	55	45	3.66243	-3.10624	-3.93808
5	55	55	3.19544	-4.34253	-5.36461
5	55	65	2.89693	-5.18516	-5.6828
5	55	75	3.55306	-4.59236	-4.91196
5	55	85	4.23824	-4.22885	-4.89968
5	65	5	6.13242	-6.59543	-6.8484
5	65	15	5.17103	-6.73341	-6.07919
5	65	25	4.85936	-6.21566	-5.49054
5	65	35	4.19319	-4.39066	-3.5497
5	65	45	3.61505	-3.49381	-3.25522
5	65	55	3.9095	-4.15798	-5.07996
5	65	65	3.7059	-5.17835	-6.22438
5	65	75	4.32498	-4.30879	-5.24541
5	65	85	5.23779	-4.89448	-5.36446
5	75	5	4.55515	-5.38718	-6.52639
5	75	15	4.75634	-5.49419	-6.8723
5	75	25	4.42424	-5.33678	-5.97847
5	75	35	4.21485	-4.64146	-3.88229
5	75	45	3.85007	-3.7317	-2.87122
5	75	55	5.02039	-4.53413	-4.26318
5	75	65	4.58325	-5.19857	-5.62009
5	75	75	4.44288	-4.03899	-5.06755
5	75	85	4.4055	-4.21563	-5.37676
5	85	5	3.95639	-5.44286	-5.56698
5	85	15	4.47233	-5.7874	-6.37919
5	85	25	4.21423	-5.26979	-4.87624
5	85	35	3.56366	-4.00406	-3.35535
5	85	45	3.89168	-3.82832	-2.92091
5	85	55	4.94747	-4.55538	-3.74051
5	85	65	4.52982	-4.19035	-4.60475
5	85	75	4.06928	-3.83428	-4.00906
5	85	85	4.08857	-4.2152	-4.17895
15	5	5	3.30745	-4.31476	-5.01636
15	5	15	4.1549	-5.15449	-7.01782
15	5	25	3.66044	-4.42385	-5.51125
15	5	35	2.87251	-3.18526	-3.52549
15	5	45	2.59126	-3.08351	-3.08365
15	5	55	3.01114	-3.2544	-3.43429
15	5	65	4.27578	-3.24113	-3.99839
15	5	75	4.6527	-3.92081	-3.79071
15	5	85	3.66471	-3.33207	-3.66645
15	15	5	2.55356	-4.93525	-5.21595
15	15	15	3.04509	-4.99877	-6.12112
15	15	25	2.70624	-4.52244	-4.86203
15	15	35	2.65678	-3.57283	-3.45939
15	15	45	2.95073	-3.38187	-2.96077
15	15	55	2.99703	-3.47895	-3.17295
15	15	65	3.72757	-3.42961	-3.67308
15	15	75	3.4256	-3.43135	-3.84203
15	15	85	2.75438	-4.09788	-4.3962
15	25	5	2.50301	-4.75682	-4.99763
15	25	15	2.0842	-4.91839	-5.0796
15	25	25	2.04896	-3.1984	-2.45885
15	25	35	2.90826	-3.56842	-2.70654
15	25	45	2.79146	-3.68639	-3.40042
15	25	55	1.55451	-4.84078	-4.81797
15	25	65	1.31263	-5.10863	-5.92734
15	25	75	2.41312	-5.04091	-5.7816
15	25	85	2.69587	-4.8919	-5.01591
15	35	5	2.59621	-5.03883	-5.05686
15	35	15	2.1133	-4.85113	-4.88509
15	35	25	2.6233	-3.80221	-3.29098
15	35	35	2.68561	-2.69729	-2.50199
15	35	45	2.60541	-2.27357	-2.72996
15	35	55	2.21325	-4.13613	-4.26054
15	35	65	2.36458	-4.97497	-5.39589
15	35	75	2.97065	-4.68237	-5.52281
15	35	85	2.67737	-4.72243	-4.8853
15	45	5	3.48947	-5.9473	-5.06719
15	45	15	3.67123	-6.21866	-5.39761
15	45	25	4.16701	-6.58896	-5.02958
15	45	35	4.52758	-4.57654	-3.87852
15	45	45	5.31403	-3.24003	-4.17365
15	45	55	3.1408	-3.7171	-3.62246
15	45	65	3.14265	-4.70695	-4.83157
15	45	75	3.64326	-5.1819	-5.58956
15	45	85	3.1877	-4.59852	-4.20616
15	55	5	3.38243	-5.31398	-5.36633
15	55	15	3.05667	-5.79772	-5.52293
15	55	25	3.68384	-6.02881	-5.30678
15	55	35	4.46378	-4.26218	-4.51985
15	55	45	5.03404	-3.3024	-4.01608
15	55	55	3.67014	-3.3064	-3.84303
15	55	65	3.34119	-4.98273	-5.3101
15	55	75	3.42009	-4.32303	-4.7724
15	55	85	4.01403	-3.60047	-4.30342
15	65	5	4.72499	-5.13183	-6.54792
15	65	15	3.86898	-5.73921	-6.06747
15	65	25	3.84229	-5.70332	-5.43349
15	65	35	4.3835	-4.1574	-4.40425
15	65	45	4.0284	-3.12203	-3.48971
15	65	55	4.13585	-3.27073	-3.949
15	65	65	4.0368	-4.85734	-5.4329
15	65	75	4.62089	-4.16219	-4.93639
15	65	85	5.5227	-3.96083	-5.42188
15	75	5	5.53789	-5.16987	-6.44442
15	75	15	4.65481	-5.67735	-6.84599
15	75	25	3.89023	-5.18189	-5.92373
15	75	35	3.64801	-4.11481	-4.36976
15	75	45	3.34053	-3.32675	-3.04915
15	75	55	4.48151	-3.9041	-4.45199
15	75	65	4.21059	-4.4455	-4.69423
15	75	75	5.11822	-3.62687	-4.88295
15	75	85	5.56989	-3.48919	-5.15661
15	85	5	4.64682	-4.30753	-5.38116
15	85	15	4.7087	-5.41281	-7.24014
15	85	25	4.38019	-4.68512	-6.10961
15	85	35	3.13965	-3.35884	-3.73863
15	85	45	2.717	-3.09073	-3.07245
15	85	55	3.44047	-4.26269	-4.7328
15	85	65	4.1401	-4.06484	-4.86224
15	85	75	4.64806	-3.38281	-4.11878
15	85	85	5.05902	-3.62483	-4.26171
25	5	5	3.45986	-3.47979	-4.47659
25	5	15	3.60184	-5.1411	-6.57992
25	5	25	3.66338	-4.10544	-5.33682
25	5	35	2.68453	-3.11062	-3.28221
25	5	45	2.57085	-3.36482	-3.34478
25	5	55	2.69126	-4.28038	-4.4002
25	5	65	3.63145	-4.18226	-4.6019
25	5	75	3.96005	-4.5986	-4.43437
25	5	85	4.39986	-3.60151	-4.21477
25	15	5	1.77249	-4.49988	-4.65807
25	15	15	3.2268	-5.08389	-6.70494
25	15	25	3.45712	-4.4419	-5.47758
25	15	35	2.57886	-3.40845	-3.15789
25	15	45	2.60469	-3.35849	-3.21856
25	15	55	2.88626	-3.75689	-3.53647
25	15	65	2.99189	-3.76393	-3.8423
25	15	75	2.79756	-3.22045	-3.31638
25	15	85	2.71685	-2.9231	-3.25773
25	25	5	2.08832	-4.87797	-4.79791
25	25	15	3.31027	-5.33754	-6.03907
25	25	25	2.32586	-4.72281	-4.55177
25	25	35	2.37587	-3.99284	-3.33545
25	25	45	3.06237	-4.84307	-3.84044
25	25	55	1.08338	-4.95277	-4.6516
25	25	65	0.412968	-4.82341	-4.94257
25	25	75	1.55427	-4.94071	-5.02148
25	25	85	2.17112	-4.92323	-4.98358
25	35	5	2.42304	-5.07944	-5.09663
25	35	15	2.54495	-5.14074	-5.45634
25	35	25	2.14352	-4.09481	-4.05205
25	35	35	2.13174	-3.1228	-2.91135
25	35	45	2.14593	-2.40862	-2.33036
25	35	55	1.90567	-4.0468	-4.06556
25	35	65	1.37651	-4.95343	-5.07343
25	35	75	1.98666	-4.52014	-4.76056
25	35	85	2.08988	-4.41997	-4.44047
25	45	5	2.48258	-5.012	-4.9704
25	45	15	2.46957	-5.18269	-5.31902
25	45	25	2.83724	-5.22394	-5.24339
25	45	35	2.87148	-4.17488	-3.87498
25	45	45	2.98459	-2.52586	-2.58739
25	45	55	2.62369	-3.77793	-3.54705
25	45	65	2.8198	-4.76152	-4.60355
25	45	75	2.92595	-4.09787	-3.93907
25	45	85	2.33694	-3.81443	-3.83538
25	55	5	2.37511	-4.79359	-4.87438
25	55	15	2.40768	-5.10014	-5.88291
25	55	25	2.71612	-5.10198	-5.31876
25	55	35	3.19678	-4.02065	-4.6252
25	55	45	3.39051	-2.08127	-3.28777
25	55	55	2.67213	-2.56167	-2.5689
25	55	65	3.296	-4.21078	-4.02524
25	55	75	2.63105	-3.30688	-3.53292
25	55	85	2.48772	-3.37245	-3.39301
25	65	5	2.85937	-4.45275	-4.79919
25	65	15	2.48832	-5.11576	-5.83897
25	65	25	2.83298	-5.08192	-5.41274
25	65	35	3.43424	-3.94161	-4.88574
25	65	45	3.25588	-2.3467	-3.23354
25	65	55	3.16859	-2.64719	-3.07879
25	65	65	3.66929	-3.89528	-3.57725
25	65	75	3.57487	-3.77383	-3.03949
25	65	85	3.51341	-3.24641	-3.62935
25	75	5	4.58028	-4.51138	-5.01701
25	75	15	3.2349	-5.6698	-6.11784
25	75	25	3.85097	-5.90196	-5.56801
25	75	35	3.35827	-4.47843	-4.92574
25	75	45	2.93346	-3.4083	-3.36954
25	75	55	3.34823	-4.05035	-4.66276
25	75	65	3.58354	-4.66432	-4.73435
25	75	75	4.84322	-4.24734	-3.86942
25	75	85	5.38628	-3.68199	-4.36461
25	85	5	4.35854	-3.95738	-4.81848
25	85	15	3.64029	-5.46564	-6.2556
25	85	25	3.37218	-4.91636	-5.69399
25	85	35	2.94992	-3.80884	-4.02541
25	85	45	2.69386	-3.45548	-3.51511
25	85	55	2.79344	-4.93847	-5.2361
25	85	65	3.53687	-4.63014	-5.62523
25	85	75	3.7739	-3.34618	-4.17567
25	85	85	4.86038	-3.74443	-4.44406
35	5	5	3.26277	-3.34932	-3.58
35	5	15	2.90454	-5.12141	-5.45028
35	5	25	2.94181	-4.60968	-5.03256
35	5	35	2.29403	-2.75899	-2.81945
35	5	45	2.23289	-3.37483	-3.37575
35	5	55	2.55145	-5.02801	-5.06857
35	5	65	2.89285	-5.05998	-5.29929
35	5	75	2.83571	-4.59514	-4.75532
35	5	85	3.07714	-3.78859	-3.74337
35	15	5	2.49622	-3.76345	-3.96109
35	15	15	2.69987	-5.07309	-5.79232
35	15	25	3.04043	-4.12447	-4.75277
35	15	35	2.09641	-2.82327	-2.74752
35	15	45	2.20715	-3.3982	-3.31951
35	15	55	2.56922	-4.80333	-4.72507
35	15	65	2.69236	-4.76689	-4.84606
35	15	75	2.6544	-4.13857	-4.11929
35	15	85	2.69437	-2.81834	-2.89746
35	25	5	1.38968	-4.57978	-4.60039
35	25	15	3.03037	-5.22965	-5.81363
35	25	25	3.21634	-5.20208	-5.35662
35	25	35	2.51164	-5.21084	-4.51317
35	25	45	2.8032	-5.24056	-4.55955
35	25	55	2.72552	-5.46131	-4.76053
35	25	65	2.2743	-5.01367	-4.91169
35	25	75	2.05266	-4.85329	-4.87248
35	25	85	1.47318	-4.56484	-4.52471
35	35	5	2.14223	-4.77207	-4.87207
35	35	15	2.68975	-5.17313	-5.53992
35	35	25	2.81434	-4.76319	-4.79221
35	35	35	2.04602	-4.00367	-3.84313
35	35	45	1.89726	-2.97665	-2.7413
35	35	55	2.29747	-4.61583	-4.44182
35	35	65	2.2691	-5.10083	-5.13443
35	35	75	2.24346	-4.61929	-4.65882
35	35	85	2.08069	-3.97842	-3.99882
35	45	5	2.56004	-4.50961	-4.68921
35	45	15	2.80436	-5.10137	-5.52656
35	45	25	2.58882	-5.12262	-5.11837
35	45	35	2.15816	-4.2473	-4.31549
35	45	45	2.1682	-2.3126	-2.5104
35	45	55	2.2839	-3.73234	-3.70942
35	45	65	2.76221	-5.16234	-5.0434
35	45	75	2.84735	-4.1404	-3.80239
35	45	85	1.82017	-2.9696	-2.92929
35	55	5	2.43962	-4.17067	-4.33064
35	55	15	3.15318	-5.09745	-6.08425
35	55	25	2.72244	-5.0816	-5.39488
35	55	35	2.56269	-4.2816	-4.57521
35	55	45	2.27085	-1.89794	-2.44299
35	55	55	2.42501	-3.1815	-3.06429
35	55	65	2.9445	-4.70938	-4.32852
35	55	75	1.97338	-2.61212	-2.45289
35	55	85	1.7714	-2.37643	-2.33566
35	65	5	2.54538	-3.92583	-4.08584
35	65	15	2.94853	-5.13562	-6.07762
35	65	25	2.81258	-5.12201	-5.38444
35	65	35	2.78106	-4.56202	-4.89548
35	65	45	2.45079	-2.2004	-2.58178
35	65	55	2.39696	-3.17613	-3.27856
35	65	65	2.94166	-4.32556	-4.00565
35	65	75	2.91222	-3.59414	-2.87535
35	65	85	2.1574	-2.65369	-2.35371
35	75	5	3.88322	-4.75265	-3.64667
35	75	15	3.71661	-6.29179	-6.0478
35	75	25	3.79376	-6.10512	-5.33397
35	75	35	3.61347	-5.30244	-4.92498
35	75	45	3.13147	-4.15963	-3.62131
35	75	55	2.81788	-4.93778	-5.11867
35	75	65	2.80814	-5.01116	-5.03135
35	75	75	2.89733	-3.86863	-3.64307
35	75	85	3.61018	-3.73697	-3.07106
35	85	5	3.29085	-3.7528	-3.73257
35	85	15	2.79264	-5.37566	-5.5167
35	85	25	3.21423	-5.32226	-5.38904
35	85	35	2.82944	-4.33766	-4.30458
35	85	45	2.60155	-4.19479	-4.14688
35	85	55	2.75925	-5.01097	-5.20561
35	85	65	2.8223	-5.06976	-5.32111
35	85	75	2.71397	-4.12279	-4.2271
35	85	85	3.08326	-3.90974	-3.73836
45	5	5	2.71713	-3.05727	-3.05115
45	5	15	2.95107	-5.0867	-5.34785
45	5	25	2.91125	-4.62212	-4.54954
45	5	35	2.52527	-3.12867	-3.04613
45	5	45	2.44487	-3.90538	-3.91576
45	5	55	2.60013	-5.06346	-5.15146
45	5	65	2.574	-5.12142	-5.26211
45	5	75	2.63674	-4.70566	-4.68246
45	5	85	2.59734	-3.92873	-3.86249
45	15	5	2.57817	-3.13723	-3.12966
45	15	15	2.60368	-4.97261	-5.42279
45	15	25	2.51874	-4.105	-4.21025
45	15	35	2.3204	-2.51175	-2.60103
45	15	45	2.24576	-3.32121	-3.29622
45	15	55	2.5395	-5.07276	-5.02109
45	15	65	2.67447	-5.04303	-5.06235
45	15	75	2.77161	-4.78166	-4.58248
45	15	85	2.59284	-2.87159	-2.85111
45	25	5	2.07321	-4.55609	-4.73557
45	25	15	2.7928	-5.07575	-5.65801
45	25	25	2.41799	-4.76182	-4.97387
45	25	35	2.17509	-4.98243	-4.92774
45	25	45	2.59884	-5.00207	-4.80867
45	25	55	3.23444	-5.7545	-4.99506
45	25	65	3.05192	-5.63576	-5.11623
45	25	75	2.67387	-4.95732	-4.65615
45	25	85	1.93508	-4.14559	-4.10243
45	35	5	2.54191	-4.2693	-4.43012
45	35	15	2.88581	-5.07597	-5.70158
45	35	25	2.5411	-4.86298	-4.99471
45	35	35	2.25344	-4.73645	-4.66549
45	35	45	1.88788	-3.77935	-3.78028
45	35	55	2.6119	-4.86256	-4.75902
45	35	65	2.6179	-5.18819	-5.07902
45	35	75	2.31028	-4.58269	-4.61869
45	35	85	2.26879	-3.70036	-3.67917
45	45	5	2.78824	-3.60293	-3.83763
45	45	15	3.91496	-5.096	-6.54235
45	45	25	2.94376	-5.10356	-5.54486
45	45	35	2.34077	-4.95326	-5.02817
45	45	45	1.9883	-3.22714	-3.26697
45	45	55	2.12169	-4.1054	-4.12618
45	45	65	2.47259	-5.05231	-5.11138
45	45	75	2.49476	-4.2852	-4.24441
45	45	85	2.25164	-2.81571	-2.75264
45	55	5	2.6291	-3.3436	-3.46344
45	55	15	3.81169	-5.06947	-6.61179
45	55	25	2.93262	-5.10204	-5.55132
45	55	35	2.58751	-4.76162	-4.89869
45	55	45	1.7707	-2.25053	-2.43428
45	55	55	1.93692	-3.64951	-3.74953
45	55	65	2.4697	-4.85836	-5.0211
45	55	75	1.954	-3.0795	-3.04457
45	55	85	1.34987	-1.7167	-1.69623
45	65	5	3.01219	-3.6203	-3.44029
45	65	15	3.89262	-5.20395	-6.24713
45	65	25	3.41901	-5.36193	-5.72839
45	65	35	2.88266	-5.10163	-5.15399
45	65	45	1.97034	-2.52804	-2.65059
45	65	55	2.41862	-4.10084	-4.16325
45	65	65	2.5836	-4.80405	-4.90365
45	65	75	2.21099	-3.58546	-3.57028
45	65	85	2.12424	-2.75784	-2.4575
45	75	5	4.15898	-5.08764	-3.55445
45	75	15	4.92246	-7.03076	-6.04036
45	75	25	5.14383	-7.10992	-5.69879
45	75	35	3.64146	-5.86364	-4.91223
45	75	45	3.41188	-5.19285	-4.45292
45	75	55	3.03029	-5.48841	-5.0525
45	75	65	2.95027	-5.38932	-5.10991
45	75	75	3.03017	-4.99984	-4.47828
45	75	85	3.55812	-4.65264	-3.64463
45	85	5	2.87465	-4.32111	-4.13752
45	85	15	3.29775	-5.51673	-5.61157
45	85	25	3.27076	-5.59824	-5.20976
45	85	35	3.013	-4.90085	-4.56738
45	85	45	2.68347	-4.31925	-4.33648
45	85	55	2.58368	-5.09598	-5.10066
45	85	65	2.59972	-5.08415	-5.1193
45	85	75	2.59486	-4.62042	-4.57838
45	85	85	2.70364	-4.34464	-4.23156
55	5	5	2.63854	-3.43174	-3.38424
55	5	15	3.03066	-5.05919	-5.16235
55	5	25	3.32338	-4.83131	-4.50377
55	5	35	3.03423	-3.5216	-3.54344
55	5	45	3.03	-4.0158	-4.40324
55	5	55	2.61242	-5.08879	-5.18347
55	5	65	2.50023	-5.1052	-5.18689
55	5	75	2.6745	-4.92461	-4.80277
55	5	85	2.597	-4.31554	-4.23276
55	15	5	2.75264	-2.97964	-2.77807
55	15	15	2.50056	-4.50655	-4.63943
55	15	25	2.73863	-3.38485	-3.68224
55	15	35	3.1583	-2.64924	-3.19252
55	15	45	2.9388	-3.70372	-4.09125
55	15	55	2.63349	-5.14192	-5.1831
55	15	65	2.65467	-5.22264	-5.20432
55	15	75	2.57136	-4.9027	-4.86444
55	15	85	2.57208	-3.27384	-3.15367
55	25	5	2.51476	-4.14066	-4.03709
55	25	15	2.65596	-5.16392	-5.4454
55	25	25	2.36995	-4.97967	-5.40491
55	25	35	2.73875	-4.75844	-5.4322
55	25	45	2.31153	-4.61622	-4.93593
55	25	55	2.41994	-5.11367	-5.10129
55	25	65	2.53455	-5.38155	-5.22607
55	25	75	2.87351	-5.28087	-4.68285
55	25	85	2.45233	-3.57369	-3.33126
55	35	5	2.87635	-3.79573	-3.74894
55	35	15	3.05832	-5.27838	-5.49794
55	35	25	2.53192	-5.04671	-5.26839
55	35	35	2.66797	-4.88047	-5.08729
55	35	45	2.00355	-4.47763	-4.60587
55	35	55	2.29932	-5.07285	-5.03752
55	35	65	2.52868	-5.12147	-5.16154
55	35	75	2.65427	-4.38794	-4.32437
55	35	85	2.69598	-3.41998	-3.33639
55	45	5	2.76475	-2.89033	-3.01747
55	45	15	3.14356	-4.75296	-5.48993
55	45	25	2.93233	-5.08489	-5.6141
55	45	35	2.62765	-5.04014	-5.28373
55	45	45	1.68152	-4.1731	-4.31637
55	45	55	2.3811	-4.80074	-4.84356
55	45	65	2.44388	-5.05503	-5.1975
55	45	75	2.5555	-4.28319	-4.36619
55	45	85	2.58245	-3.0841	-3.17861
55	55	5	2.83383	-2.70144	-3.00282
55	55	15	3.37763	-4.61019	-5.69683
55	55	25	3.24442	-5.06289	-5.82485
55	55	35	2.46076	-5.06245	-5.23434
55	55	45	1.89036	-3.59987	-3.68112
55	55	55	2.09828	-4.44808	-4.58846
55	55	65	2.15241	-5.06701	-5.293
55	55	75	2.28158	-4.02112	-4.03527
55	55	85	1.63151	-2.04592	-2.02759
55	65	5	3.04473	-3.61202	-3.29122
55	65	15	4.33386	-5.28531	-6.0689
55	65	25	3.98631	-5.60022	-5.84907
55	65	35	3.11847	-5.30205	-5.13132
55	65	45	2.21063	-4.13562	-4.05687
55	65	55	2.58539	-4.67826	-4.83787
55	65	65	2.56772	-5.10196	-5.44556
55	65	75	2.55467	-4.4584	-4.4729
55	65	85	2.36844	-3.16961	-3.0698
55	75	5	4.32387	-5.77331	-4.17843
55	75	15	5.35184	-7.06633	-5.84632
55	75	25	5.4962	-7.33486	-5.67288
55	75	35	4.46277	-6.70805	-5.00914
55	75	45	3.63223	-5.77964	-4.84012
55	75	55	2.9282	-5.44218	-5.10339
55	75	65	2.95214	-5.28426	-5.40625
55	75	75	2.89053	-5.25896	-4.92138
55	75	85	3.69737	-5.60347	-4.45661
55	85	5	2.88548	-4.94777	-4.6125
55	85	15	3.17678	-5.25451	-5.58995
55	85	25	3.97648	-5.98259	-5.53397
55	85	35	3.58388	-5.39209	-4.42703
55	85	45	3.26743	-4.90804	-4.7213
55	85	55	2.64625	-5.17507	-5.21627
55	85	65	2.58071	-5.1283	-5.20312
55	85	75	2.61851	-5.08807	-5.02225
55	85	85	2.79452	-5.25355	-5.05083
65	5	5	2.60132	-4.39128	-4.40065
65	5	15	2.87145	-4.49229	-4.89305
65	5	25	3.00979	-4.91413	-4.82621
65	5	35	3.16813	-3.23565	-3.14515
65	5	45	3.13206	-3.38669	-3.64767
65	5	55	2.66062	-5.01527	-5.15274
65	5	65	2.56476	-5.13393	-5.22337
65	5	75	2.64156	-5.09134	-5.04363
65	5	85	2.56655	-4.85513	-4.82128
65	15	5	2.69608	-3.20927	-3.12503
65	15	15	2.65383	-3.60969	-3.54731
65	15	25	2.60031	-3.17683	-3.25888
65	15	35	3.17336	-2.60807	-3.28625
65	15	45	3.41443	-3.36658	-4.26645
65	15	55	2.80567	-5.1216	-5.35185
65	15	65	2.59507	-5.18487	-5.163
65	15	75	2.67547	-4.96723	-4.98409
65	15	85	2.51489	-3.59908	-3.5169
65	25	5	2.97461	-3.20889	-2.92483
65	25	15	2.8786	-5.15867	-4.95885
65	25	25	2.41371	-5.34772	-5.18925
65	25	35	3.43233	-4.76638	-5.70932
65	25	45	3.06468	-4.27496	-5.18417
65	25	55	1.32277	-5.27293	-5.18617
65	25	65	0.692927	-5.10299	-5.28378
65	25	75	1.81253	-4.46306	-4.32572
65	25	85	2.95377	-3.17913	-2.73811
65	35	5	3.20308	-3.44153	-3.08819
65	35	15	3.31295	-5.39967	-5.00377
65	35	25	3.0187	-5.59249	-5.63085
65	35	35	3.22044	-4.82361	-5.68346
65	35	45	2.59649	-4.94163	-5.2167
65	35	55	2.54807	-5.03232	-5.28256
65	35	65	2.46351	-5.103	-5.32075
65	35	75	2.50953	-3.94321	-3.90415
65	35	85	2.68194	-2.79401	-2.69295
65	45	5	2.82637	-2.99987	-3.22623
65	45	15	2.55091	-3.82847	-4.01627
65	45	25	2.72351	-4.89081	-5.36106
65	45	35	2.92972	-5.08487	-5.62956
65	45	45	2.18639	-4.77116	-4.96394
65	45	55	2.50473	-4.99115	-5.17336
65	45	65	2.68842	-5.10072	-5.38284
65	45	75	2.65105	-4.22284	-4.32793
65	45	85	2.57819	-3.19189	-3.24879
65	55	5	2.81399	-2.86548	-3.12332
65	55	15	2.94056	-3.42066	-3.84275
65	55	25	2.84529	-4.31383	-4.71783
65	55	35	2.63247	-5.0245	-5.35361
65	55	45	2.09154	-4.70191	-4.82479
65	55	55	2.24507	-4.97385	-5.27631
65	55	65	2.37929	-5.05734	-5.72893
65	55	75	2.62219	-4.06121	-4.25473
65	55	85	2.30428	-2.62587	-2.71884
65	65	5	3.25795	-4.02081	-3.95875
65	65	15	3.98085	-5.15785	-5.18004
65	65	25	4.12888	-5.42865	-4.99438
65	65	35	3.43249	-5.74008	-5.02467
65	65	45	2.63135	-5.04245	-4.80299
65	65	55	2.70223	-5.00362	-5.40405
65	65	65	3.03976	-5.09362	-5.92722
65	65	75	2.58688	-4.52216	-4.56088
65	65	85	2.69876	-3.86655	-3.89285
65	75	5	3.87023	-5.82574	-4.84798
65	75	15	5.19794	-6.46846	-5.72717
65	75	25	5.1943	-7.2733	-5.44576
65	75	35	4.66437	-7.09	-5.12327
65	75	45	3.99305	-6.28008	-4.53936
65	75	55	3.23026	-5.62916	-5.2492
65	75	65	3.47537	-5.47524	-5.92122
65	75	75	2.92232	-5.40337	-5.05341
65	75	85	2.90579	-5.28224	-4.93255
65	85	5	2.79011	-5.18781	-4.98918
65	85	15	3.36604	-5.41702	-5.60161
65	85	25	3.7615	-5.99813	-5.55055
65	85	35	4.16873	-5.89732	-4.38352
65	85	45	3.74285	-4.51621	-3.51979
65	85	55	2.89996	-5.20531	-5.05559
65	85	65	2.85959	-5.26873	-5.32215
65	85	75	2.73927	-5.28951	-5.12373
65	85	85	2.68409	-5.23135	-5.07893
75	5	5	2.66437	-5.13421	-4.98228
75	5	15	3.12605	-5.05188	-5.22195
75	5	25	2.766	-4.98008	-4.97659
75	5	35	2.89496	-3.62209	-3.38731
75	5	45	2.7361	-2.84955	-2.70522
75	5	55	2.64023	-4.31767	-4.26831
75	5	65	2.6612	-5.22804	-5.16077
75	5	75	2.73526	-5.24063	-5.11007
75	5	85	2.83341	-5.26219	-5.02434
75	15	5	2.54603	-3.95121	-3.85742
75	15	15	2.86265	-3.31795	-3.24771
75	15	25	2.6972	-3.22028	-3.15958
75	15	35	2.78139	-2.86019	-2.7122
75	15	45	2.75254	-2.95872	-3.05722
75	15	55	2.69209	-4.9456	-4.94455
75	15	65	2.55437	-5.10329	-5.26081
75	15	75	2.6577	-5.15031	-5.12611
75	15	85	2.54466	-4.29231	-4.24343
75	25	5	2.6928	-2.71359	-2.59325
75	25	15	3.31725	-4.42702	-3.90459
75	25	25	2.66615	-5.50916	-4.55743
75	25	35	1.7556	-4.28668	-3.36269
75	25	45	2.45673	-3.63659	-3.75414
75	25	55	1.2357	-5.18707	-4.94976
75	25	65	2.29354	-5.14207	-5.14444
75	25	75	2.59161	-4.78246	-4.82583
75	25	85	2.53227	-3.15887	-3.13899
75	35	5	3.02295	-3.28239	-3.17903
75	35	15	3.09434	-4.45374	-3.94335
75	35	25	2.76123	-5.58842	-5.01996
75	35	35	3.09473	-5.10891	-5.10024
75	35	45	2.81679	-4.56179	-4.78017
75	35	55	2.48298	-5.07469	-5.07732
75	35	65	2.52156	-5.16103	-5.34798
75	35	75	2.66861	-4.52124	-4.52849
75	35	85	2.59958	-2.86926	-2.81756
75	45	5	2.73225	-3.78402	-3.96315
75	45	15	3.07134	-3.27786	-3.47998
75	45	25	2.78988	-3.72898	-3.84516
75	45	35	3.39679	-4.76928	-5.55567
75	45	45	2.88845	-4.83884	-5.28835
75	45	55	2.58225	-5.03628	-5.16408
75	45	65	2.4925	-5.10398	-5.51247
75	45	75	2.77168	-4.544	-4.75852
75	45	85	2.57347	-3.30328	-3.31536
75	55	5	2.8828	-4.13093	-4.32988
75	55	15	3.46505	-4.37466	-4.95827
75	55	25	3.12695	-4.08024	-4.37879
75	55	35	2.981	-4.29763	-4.90796
75	55	45	2.4164	-4.82242	-5.17335
75	55	55	2.61097	-4.95834	-5.31045
75	55	65	2.40111	-5.11915	-5.84088
75	55	75	2.68945	-4.3038	-4.46891
75	55	85	2.69057	-3.58518	-3.64337
75	65	5	3.52678	-5.13116	-4.66164
75	65	15	4.45382	-5.89215	-5.96515
75	65	25	3.98271	-5.3881	-4.47183
75	65	35	4.03432	-5.12026	-3.84765
75	65	45	3.12924	-5.03931	-4.76715
75	65	55	3.13192	-5.07693	-5.64263
75	65	65	2.92995	-5.12039	-6.16442
75	65	75	3.22986	-4.54249	-5.18865
75	65	85	2.70535	-3.76515	-3.6953
75	75	5	3.50033	-5.60514	-5.29678
75	75	15	4.41383	-5.98584	-5.98201
75	75	25	4.44168	-6.67997	-5.06963
75	75	35	4.57523	-6.30755	-4.26946
75	75	45	4.20262	-5.22598	-3.58049
75	75	55	4.00066	-5.60332	-5.43697
75	75	65	3.48987	-5.5851	-6.55498
75	75	75	3.30017	-5.4701	-5.46398
75	75	85	3.05432	-5.30281	-5.043
75	85	5	3.42721	-5.8344	-5.24016
75	85	15	3.86839	-5.60744	-5.89743
75	85	25	3.62505	-5.91679	-5.02702
75	85	35	4.36902	-5.95739	-4.32345
75	85	45	4.36713	-4.71999	-2.94321
75	85	55	3.74358	-5.06251	-4.45038
75	85	65	3.36134	-5.40812	-5.82457
75	85	75	3.30568	-5.69007	-5.27198
75	85	85	3.08406	-5.46666	-5.06729
85	5	5	3.26901	-5.63373	-5.22432
85	5	15	3.89844	-5.78255	-5.68884
85	5	25	3.23809	-5.55849	-5.07234
85	5	35	3.29338	-3.92058	-3.31918
85	5	45	3.06374	-3.0943	-2.60322
85	5	55	2.80689	-3.13425	-3.25797
85	5	65	3.0493	-4.81487	-5.24621
85	5	75	3.029	-5.17799	-5.38564
85	5	85	3.00395	-5.37547	-5.04084
85	15	5	2.65945	-4.48133	-4.5676
85	15	15	3.30074	-4.06367	-4.7877
85	15	25	2.9459	-4.10403	-3.94643
85	15	35	2.78351	-3.00768	-2.73685
85	15	45	2.65758	-2.95138	-2.70484
85	15	55	2.89933	-4.23916	-4.09654
85	15	65	2.96312	-5.19412	-5.4867
85	15	75	2.70847	-5.12698	-5.19842
85	15	85	2.54729	-4.70296	-4.71711
85	25	5	2.63614	-3.12601	-3.18952
85	25	15	3.47907	-3.39994	-3.6044
85	25	25	1.37785	-4.42417	-3.48618
85	25	35	1.4367	-3.18694	-1.65973
85	25	45	2.21721	-2.73918	-2.29302
85	25	55	2.66611	-5.04202	-4.86856
85	25	65	2.67902	-5.16145	-5.22033
85	25	75	2.67998	-5.02327	-5.1342
85	25	85	2.56192	-3.96206	-3.97232
85	35	5	2.98052	-4.08797	-3.92906
85	35	15	3.50911	-4.26391	-4.2963
85	35	25	2.71774	-5.13663	-4.07425
85	35	35	2.74523	-3.75018	-3.03049
85	35	45	2.82005	-3.19177	-3.07205
85	35	55	2.16686	-4.93957	-4.9384
85	35	65	2.43788	-5.21936	-5.1898
85	35	75	2.83253	-5.10202	-4.87337
85	35	85	2.63832	-3.29725	-3.20167
85	45	5	2.99137	-4.47432	-4.83998
85	45	15	3.05304	-4.77902	-4.68241
85	45	25	3.35862	-4.7424	-4.03743
85	45	35	3.07614	-3.54038	-3.17933
85	45	45	2.76308	-3.54095	-3.55833
85	45	55	2.70197	-4.97395	-5.1628
85	45	65	2.71785	-5.14286	-5.405
85	45	75	2.99116	-4.56884	-4.94679
85	45	85	2.81539	-3.5797	-3.66263
85	55	5	3.71956	-4.88252	-5.81793
85	55	15	3.88332	-5.54876	-5.63402
85	55	25	3.83593	-5.14878	-5.04322
85	55	35	3.09305	-3.35652	-3.70401
85	55	45	2.73816	-4.01047	-4.36167
85	55	55	2.72314	-4.81458	-5.33033
85	55	65	2.67769	-5.164	-5.89366
85	55	75	3.4728	-4.38835	-5.18228
85	55	85	3.22927	-4.20089	-4.69868
85	65	5	4.22114	-5.69074	-5.90118
85	65	15	5.31261	-6.47261	-6.41151
85	65	25	4.76173	-6.18	-5.04181
85	65	35	4.48041	-4.70199	-3.58167
85	65	45	3.93655	-4.66121	-3.99252
85	65	55	3.58915	-5.35614	-5.80305
85	65	65	3.59345	-5.54249	-7.08276
85	65	75	3.85386	-4.73154	-5.3396
85	65	85	3.33469	-4.2821	-3.9962
85	75	5	3.29814	-5.4056	-5.50767
85	75	15	4.7165	-5.8395	-6.48428
85	75	25	4.48053	-6.34356	-4.90425
85	75	35	4.83916	-5.81909	-3.91677
85	75	45	4.40276	-4.77685	-3.07361
85	75	55	4.59676	-5.00928	-5.07051
85	75	65	4.0037	-5.70647	-6.67789
85	75	75	3.51154	-5.26221	-5.50728
85	75	85	3.0977	-5.00432	-4.74658
85	85	5	4.04307	-6.06647	-5.60285
85	85	15	5.19147	-6.71185	-6.14767
85	85	25	4.30935	-6.30488	-4.79476
85	85	35	4.59599	-5.33999	-3.38136
85	85	45	4.64021	-4.7503	-2.72464
85	85	55	4.4096	-4.40691	-3.88951
85	85	65	4.02511	-5.03978	-5.70022
85	85	75	3.66259	-5.40868	-5.52843
85	85	85	3.51496	-5.75234	-4.85672
