5	5	5	-0.08	-0.28	0.02
5	5	15	-0.12	0.18	1.22
5	5	25	0.2	-0.02	0.78
5	5	35	0.06	-0.14	-1.46
5	5	45	0	0.26	-0.8
5	5	55	0.14	0.28	0.7
5	5	65	-0.14	-0.14	1.26
5	5	75	-0.04	-0.14	-0.52
5	5	85	0.08	0.16	-1.42
5	15	5	0.22	-7.8096	-0.26
5	15	15	-0.08	-5.5592	1.7
5	15	25	-0.04	-0.9424	-0.04
5	15	35	-0.14	1.4656	-0.88
5	15	45	0.34	3.9416	-1.12
5	15	55	-0.04	3.8616	0.42
5	15	65	0.04	1.8456	1.1
5	15	75	-0.06	-1.0224	0
5	15	85	-0.1	-5.2792	-1.72
5	25	5	0.02	-8.1384	-0.14
5	25	15	0	-6.312	1.48
5	25	25	-0.14	-1.0552	0.2
5	25	35	0.24	3.2192	-1.18
5	25	45	-0.38	7.4256	-0.5
5	25	55	-0.08	7.0856	0.72
5	25	65	0	3.2792	1.36
5	25	75	0.02	-0.6152	0.06
5	25	85	-0.02	-6.192	-1.7
5	35	5	-0.26	-5.9144	0.22
5	35	15	-0.2	-4.3528	1.38
5	35	25	-0.08	-0.7504	0.74
5	35	35	0.12	3.548	-1.72
5	35	45	0.08	7.8832	-1.12
5	35	55	-0.28	7.8632	0.88
5	35	65	-0.22	3.548	1.62
5	35	75	-0.24	-0.2304	0.04
5	35	85	-0.18	-4.1528	-1.38
5	45	5	-0.06	-3.0088	-0.16
5	45	15	-0.16	-1.7528	1.96
5	45	25	0	0.3272	0.06
5	45	35	0.26	2.2552	-1.74
5	45	45	0.24	4.9656	-1.08
5	45	55	-0.26	4.5656	0.78
5	45	65	-0.02	2.3152	1.34
5	45	75	0	0.1472	-0.52
5	45	85	0.14	-1.5328	-1.44
5	55	5	-0.28	3.0088	-0.64
5	55	15	0	1.8128	2.08
5	55	25	-0.02	-0.1272	0.22
5	55	35	0.16	-1.8552	-1.4
5	55	45	0.2	-4.8056	-1.04
5	55	55	0.02	-4.7256	0.5
5	55	65	-0.14	-2.2752	1.44
5	55	75	0.08	-0.0872	-0.92
5	55	85	0.22	1.7928	-1.04
5	65	5	-0.14	6.1144	0.22
5	65	15	0.18	4.3328	1.44
5	65	25	-0.04	0.8504	0.7
5	65	35	0.22	-3.648	-1.62
5	65	45	0.08	-7.5632	-1.04
5	65	55	0.04	-7.8432	1.26
5	65	65	-0.48	-3.628	1.52
5	65	75	0.18	0.2304	0.04
5	65	85	-0.3	4.5928	-2.04
5	75	5	-0.06	8.2784	0.4
5	75	15	-0.1	6.072	1.7
5	75	25	-0.06	1.0752	-0.02
5	75	35	-0.34	-3.2392	-1.42
5	75	45	-0.34	-7.2656	-0.54
5	75	55	0.12	-7.1856	0.76
5	75	65	-0.12	-3.6192	1.46
5	75	75	-0.14	1.1352	-0.58
5	75	85	0.14	6.612	-1.8
5	85	5	0.1	7.8896	0.04
5	85	15	-0.08	5.4192	1.48
5	85	25	0.1	1.0424	0.12
5	85	35	0.36	-1.6456	-1.32
5	85	45	-0.18	-3.5616	-0.48
5	85	55	-0.5	-4.2016	1.04
5	85	65	0.24	-2.1656	1.42
5	85	75	0.2	1.2024	0.06
5	85	85	0.08	5.3792	-1.68
15	5	5	4.1896	0.02	0.06
15	5	15	4.0192	0.04	1.76
15	5	25	0.0024	0	0.46
15	5	35	-2.8056	-0.16	-1
15	5	45	-7.1016	-0.1	-0.7
15	5	55	-7.1616	0.08	0.96
15	5	65	-3.1856	0.06	1.2
15	5	75	0.1224	0.32	-0.36
15	5	85	3.4392	0.1	-1.1
15	15	5	2.7792	-5.3592	-0.12
15	15	15	2.3568	-3.9768	1
15	15	25	-0.4224	-0.8976	0.1
15	15	35	-2.0296	0.9296	-1.14
15	15	45	-4.6928	2.2928	-0.3
15	15	55	-4.5328	2.6528	0.68
15	15	65	-2.0296	0.7696	0.84
15	15	75	-0.0624	-1.1376	-0.22
15	15	85	1.9568	-3.9968	-1.34
15	25	5	-0.7776	-6.252	0.06
15	25	15	-0.4224	-4.3768	1.36
15	25	25	-0.4152	-0.8272	0.18
15	25	35	-1.4512	2.1768	-0.96
15	25	45	-2.6024	5.7424	-0.96
15	25	55	-2.3224	5.2824	0.76
15	25	65	-1.2912	2.4168	1.2
15	25	75	-0.7552	-0.7072	-0.24
15	25	85	-0.1624	-4.7968	-1.7
15	35	5	-3.9256	-4.5928	0.36
15	35	15	-2.7096	-3.2424	1.42
15	35	25	-0.7712	-0.524	0.34
15	35	35	0.5536	2.3872	-0.96
15	35	45	1.5608	5.4048	-0.74
15	35	55	1.5608	5.5848	0.58
15	35	65	0.6336	2.2872	1
15	35	75	-0.9312	-0.264	-0.32
15	35	85	-2.5696	-3.3224	-1.46
15	45	5	-6.9816	-1.6528	-0.04
15	45	15	-4.9328	-1.1616	1.68
15	45	25	-1.4224	0.0104	0.36
15	45	35	1.2008	1.5672	-0.74
15	45	45	3.5336	3.5096	-0.96
15	45	55	3.7936	3.3496	0.62
15	45	65	1.4008	1.7272	1.46
15	45	75	-1.4224	-0.1496	-0.54
15	45	85	-4.7528	-0.6616	-1.52
15	55	5	-7.0416	1.5328	-0.24
15	55	15	-4.7728	0.9216	1.74
15	55	25	-1.3224	-0.0104	0.08
15	55	35	1.4408	-1.6272	-1.06
15	55	45	3.9736	-3.5096	-0.96
15	55	55	3.9336	-3.1896	0.88
15	55	65	1.3608	-1.7672	1.46
15	55	75	-1.3024	-0.2704	-0.36
15	55	85	-4.9728	0.9816	-1.44
15	65	5	-3.5056	4.0928	0.28
15	65	15	-2.8696	3.4624	1.24
15	65	25	-0.9312	0.424	0.42
15	65	35	0.4936	-2.3672	-1.14
15	65	45	1.4208	-5.4648	-0.86
15	65	55	1.3208	-5.4648	0.48
15	65	65	0.7936	-2.4472	1.08
15	65	75	-1.0312	0.464	-0.32
15	65	85	-2.8496	3.2624	-1.72
15	75	5	-0.5776	6.152	0.24
15	75	15	-0.4424	4.4768	1.4
15	75	25	-0.6752	0.5472	0.04
15	75	35	-1.1712	-2.0168	-1.16
15	75	45	-2.5424	-5.4624	-0.94
15	75	55	-2.5424	-5.8224	0.72
15	75	65	-1.1112	-2.1368	0.98
15	75	75	-0.4352	0.7072	-0.26
15	75	85	-0.1424	4.4768	-1.4
15	85	5	2.7992	5.3392	-0.14
15	85	15	2.0968	3.5368	0.98
15	85	25	-0.4224	0.8376	0.12
15	85	35	-2.4096	-1.0296	-0.78
15	85	45	-4.9928	-2.4528	-0.64
15	85	55	-4.7528	-2.3128	0.42
15	85	65	-2.0896	-0.7896	1.12
15	85	75	-0.1824	1.1776	-0.12
15	85	85	2.0368	3.8768	-0.94
25	5	5	6.8784	0.16	-0.36
25	5	15	5.272	0.02	1.76
25	5	25	0.4352	0.1	0.3
25	5	35	-3.4392	-0.12	-1.34
25	5	45	-7.4656	0.18	-0.72
25	5	55	-7.8256	0.24	0.6
25	5	65	-3.7592	0.08	1.72
25	5	75	1.3752	0.02	-0.44
25	5	85	4.852	0.08	-2.12
25	15	5	6.072	-2.3824	0.08
25	15	15	4.5368	-2.1176	1.42
25	15	25	0.4072	-0.4448	0
25	15	35	-2.6368	-0.5088	-1.4
25	15	45	-6.1424	-0.4376	-0.86
25	15	55	-5.8624	-0.7576	1.04
25	15	65	-2.6168	-0.3088	0.98
25	15	75	0.7872	-1.0448	-0.24
25	15	85	4.2968	-1.5376	-1.72
25	25	5	0.9552	-2.2152	-0.26
25	25	15	0.7072	-1.4272	0.84
25	25	25	0.0464	-0.0864	0.14
25	25	35	-0.7776	0.1776	-0.52
25	25	45	-1.6136	0.9336	-0.4
25	25	55	-1.7936	0.5936	0.52
25	25	65	-0.7776	0.1976	0.78
25	25	75	0.1264	-0.4864	-0.46
25	25	85	1.0472	-1.4872	-0.78
25	35	5	-4.6992	0.0896	0.02
25	35	15	-3.1168	0.176	1.14
25	35	25	-0.6776	0.1536	0.5
25	35	35	1.8496	1.236	-1.18
25	35	45	3.6528	1.8888	-0.48
25	35	55	3.8328	2.2088	0.94
25	35	65	1.7496	1.276	1.38
25	35	75	-0.3976	0.4136	0.22
25	35	85	-3.5568	-0.164	-1.58
25	45	5	-7.6656	0.6472	0.02
25	45	15	-5.6224	0.0904	1.92
25	45	25	-1.1536	0.3768	0.62
25	45	35	3.1328	0.4864	-1.9
25	45	45	6.4144	1.5112	-0.64
25	45	55	6.5944	1.4712	0.88
25	45	65	3.1128	0.7264	1.14
25	45	75	-1.1536	0.5968	-0.4
25	45	85	-5.8224	0.3304	-1.82
25	55	5	-7.5856	-0.6472	0.04
25	55	15	-5.2624	-0.1504	1.72
25	55	25	-1.1936	-0.3768	0.58
25	55	35	3.0928	-0.7064	-1.68
25	55	45	6.7544	-1.4712	-0.76
25	55	55	6.5944	-1.5712	0.68
25	55	65	3.3528	-0.5664	1.18
25	55	75	-1.1136	-0.3168	-0.46
25	55	85	-5.7224	-0.5504	-2.24
25	65	5	-4.4192	0.4904	-0.22
25	65	15	-3.0568	0.244	1.44
25	65	25	-0.8376	-0.1936	0.5
25	65	35	1.6496	-0.676	-0.96
25	65	45	3.4528	-2.2088	-0.5
25	65	55	3.6528	-2.0688	0.56
25	65	65	1.8896	-0.996	1.42
25	65	75	-0.9176	-0.5536	-0.44
25	65	85	-3.1168	-0.216	-1.36
25	75	5	0.8352	1.6752	-0.36
25	75	15	0.9472	1.5072	0.86
25	75	25	0.1064	0.3064	0.26
25	75	35	-0.6176	-0.1976	-0.86
25	75	45	-1.6336	-0.6336	-0.2
25	75	55	-1.6136	-0.7336	0.52
25	75	65	-0.8776	-0.1576	1.08
25	75	75	0.1264	0.4264	-0.18
25	75	85	1.1472	1.5072	-0.86
25	85	5	5.932	2.4024	-0.2
25	85	15	4.2968	1.7776	1.16
25	85	25	0.7672	0.9848	0.52
25	85	35	-2.5768	0.2888	-1.28
25	85	45	-5.8224	0.6376	-0.86
25	85	55	-5.6824	0.6376	0.94
25	85	65	-2.8568	0.3488	1.46
25	85	75	0.9672	0.8048	-0.32
25	85	85	4.0368	1.9376	-1.72
35	5	5	8.3344	0.1	-0.24
35	5	15	5.8528	-0.12	1.8
35	5	25	1.2504	0.2	0.46
35	5	35	-2.828	-0.08	-1.28
35	5	45	-5.9832	-0.14	-0.78
35	5	55	-6.0232	-0.26	0.94
35	5	65	-2.608	0.06	1.2
35	5	75	1.3304	-0.26	-0.36
35	5	85	5.8728	-0.06	-1.92
35	15	5	5.7328	1.4256	-0.16
35	15	15	4.2824	1.3696	1.78
35	15	25	1.004	-0.0488	0.44
35	15	35	-1.9872	-1.9336	-1
35	15	45	-4.1648	-3.4808	-0.56
35	15	55	-4.3248	-3.3208	0.36
35	15	65	-2.0272	-1.9536	1.44
35	15	75	1.104	-0.1288	-0.44
35	15	85	4.4824	0.9296	-1.7
35	25	5	2.2504	3.9992	0.06
35	25	15	1.804	2.4368	1.18
35	25	25	0.5064	0.5176	0.3
35	25	35	-0.116	-2.3496	-1.68
35	25	45	-0.9288	-4.1728	-0.38
35	25	55	-0.2688	-4.0528	0.68
35	25	65	-0.096	-1.8896	0.94
35	25	75	0.4864	0.3176	-0.12
35	25	85	1.324	2.5568	-1.32
35	35	5	-2.788	3.988	0.1
35	35	15	-2.0072	2.9672	1.32
35	35	25	-0.196	0.836	0.48
35	35	35	1.8448	-0.7448	-1.28
35	35	45	3.7416	-2.0216	-0.42
35	35	55	3.5616	-2.0416	0.82
35	35	65	2.0048	-1.0448	1.04
35	35	75	-0.396	0.656	-0.34
35	35	85	-2.0072	3.1272	-1.02
35	45	5	-5.5632	2.1752	0.08
35	45	15	-4.3248	1.9072	1.76
35	45	25	-0.2888	0.5864	0.14
35	45	35	3.2616	-0.3376	-1.66
35	45	45	7.1336	-0.6136	-1.28
35	45	55	7.4136	-0.7936	0.66
35	45	65	3.2816	-0.0576	1.5
35	45	75	-0.7688	0.8064	-0.18
35	45	85	-3.9648	1.9872	-1.6
35	55	5	-6.0432	-2.6752	0.14
35	55	15	-4.2448	-1.9272	1.8
35	55	25	-0.3488	-0.4064	0.14
35	55	35	3.3816	0.0176	-1.66
35	55	45	7.0736	0.9336	-1.44
35	55	55	6.8136	0.5536	0.98
35	55	65	3.5016	-0.1824	1.84
35	55	75	-0.2688	-0.7064	-0.04
35	55	85	-4.3448	-2.1072	-1.96
35	65	5	-2.808	-3.988	0.1
35	65	15	-2.0072	-3.1672	1.56
35	65	25	-0.196	-0.796	0.46
35	65	35	1.9848	0.9848	-1.1
35	65	45	3.5816	2.2616	-1.02
35	65	55	3.7616	2.3616	0.38
35	65	65	1.8448	1.0648	0.98
35	65	75	-0.296	-0.596	-0.24
35	65	85	-1.8472	-2.9872	-0.88
35	75	5	2.2104	-4.0192	-0.12
35	75	15	1.624	-3.2368	1.26
35	75	25	0.7464	-0.0176	-0.26
35	75	35	-0.396	2.0896	-1.46
35	75	45	-0.2688	4.1328	-0.68
35	75	55	-0.4088	4.1928	0.92
35	75	65	-0.016	2.0496	1.18
35	75	75	0.6064	-0.2776	-0.12
35	75	85	1.844	-2.7768	-0.96
35	85	5	6.1728	-1.6056	0.18
35	85	15	4.2024	-1.6096	1.5
35	85	25	0.844	0.0288	0.4
35	85	35	-2.0872	1.8936	-1.44
35	85	45	-4.0048	3.3608	-0.5
35	85	55	-4.0448	3.3208	0.38
35	85	65	-1.9672	1.7936	1.28
35	85	75	1.044	0.1888	-0.44
35	85	85	4.5224	-0.8296	-1.5
45	5	5	5.0888	-0.24	0.34
45	5	15	4.3128	0.2	1.56
45	5	25	0.8128	0.18	0.48
45	5	35	-0.4752	0.16	-1.34
45	5	45	-2.7256	0.22	-0.48
45	5	55	-2.3856	-0.06	0.66
45	5	65	-0.8752	0.28	0.68
45	5	75	1.3728	0.02	-0.64
45	5	85	4.1328	-0.34	-2.08
45	15	5	3.4728	4.0016	0.68
45	15	15	2.4616	2.2928	1.22
45	15	25	0.9896	0.1024	0.76
45	15	35	-0.3872	-2.6208	-1.12
45	15	45	-1.8296	-6.3536	-0.78
45	15	55	-1.6096	-6.4536	0.98
45	15	65	-0.9472	-2.8808	1.24
45	15	75	1.2096	0.0824	-0.32
45	15	85	2.5216	2.4328	-1.72
45	25	5	1.8928	7.0456	-0.24
45	25	15	1.0296	5.3824	1.58
45	25	25	0.4032	0.8936	0.3
45	25	35	0.3336	-3.2728	-1.3
45	25	45	0.2288	-6.9744	-0.7
45	25	55	0.3688	-6.4344	0.94
45	25	65	0.3936	-3.3928	1.76
45	25	75	0.1032	0.7336	-0.14
45	25	85	1.0896	5.2024	-1.4
45	35	5	-0.5552	7.6832	-0.24
45	35	15	-0.6672	5.8448	1.88
45	35	25	0.4936	1.4088	0.7
45	35	35	1.4176	-2.4216	-0.82
45	35	45	2.7936	-5.6536	-1.14
45	35	55	2.5336	-5.7736	0.78
45	35	65	1.2976	-2.3016	1.36
45	35	75	0.7136	1.0688	-0.3
45	35	85	-0.9072	5.5848	-1.54
45	45	5	-2.3456	4.2656	0.06
45	45	15	-1.9496	3.4096	1.68
45	45	25	0.1888	1.0112	0.1
45	45	35	2.0136	-0.3736	-1.48
45	45	45	4.7208	-2.0208	-0.62
45	45	55	4.6408	-2.3208	0.92
45	45	65	2.3336	-0.7336	1.56
45	45	75	0.2488	0.7712	-0.34
45	45	85	-1.5496	3.1096	-1.32
45	55	5	-2.5856	-4.5456	-0.08
45	55	15	-1.5896	-3.5696	1.54
45	55	25	0.2088	-0.9112	0.48
45	55	35	2.5336	0.5336	-1.62
45	55	45	4.4208	1.8208	-0.86
45	55	55	4.2008	1.7608	0.88
45	55	65	2.4536	0.7136	1.62
45	55	75	0.2688	-1.1512	0.04
45	55	85	-1.6696	-3.0696	-1.46
45	65	5	-0.5952	-7.5632	-0.06
45	65	15	-0.6472	-5.7848	2.1
45	65	25	0.4536	-0.9688	0
45	65	35	1.4576	2.2616	-1.4
45	65	45	2.1136	5.3936	-0.9
45	65	55	2.5936	5.6336	0.78
45	65	65	1.4176	2.8416	1.36
45	65	75	0.1936	-1.3888	-0.66
45	65	85	-0.9272	-5.6248	-1.54
45	75	5	1.7728	-7.1056	-0.34
45	75	15	0.8696	-5.3424	1.96
45	75	25	0.7032	-1.3136	0.54
45	75	35	0.2936	3.1528	-1.12
45	75	45	0.4488	7.2744	-0.68
45	75	55	0.0688	6.8344	1.02
45	75	65	0.3536	2.7928	1.48
45	75	75	0.3432	-0.5136	0.06
45	75	85	1.0696	-5.2024	-1.34
45	85	5	3.3128	-4.3216	0.44
45	85	15	2.5016	-2.3128	1.42
45	85	25	0.9696	0.0976	0.64
45	85	35	-0.2072	2.7808	-1.18
45	85	45	-1.4496	6.0536	-0.86
45	85	55	-1.5096	6.5736	1.08
45	85	65	-0.4072	2.9208	1.46
45	85	75	0.9496	-0.2224	-0.32
45	85	85	2.9016	-2.3728	-1.62
55	5	5	-5.3088	0.1	0.22
55	5	15	-4.2328	-0.26	1.52
55	5	25	-1.2128	0.12	0.64
55	5	35	0.9752	-0.2	-1.1
55	5	45	2.5856	0.1	-0.8
55	5	55	2.5656	-0.04	0.88
55	5	65	1.0352	-0.1	1.56
55	5	75	-1.4728	-0.08	-0.42
55	5	85	-3.8728	-0.32	-1.94
55	15	5	-3.2328	3.7016	0.36
55	15	15	-2.0416	2.7728	1.48
55	15	25	-0.8296	0.2224	0.46
55	15	35	0.5472	-2.8208	-1.32
55	15	45	1.2096	-6.1936	-0.94
55	15	55	1.2296	-6.1936	0.78
55	15	65	0.7672	-2.8808	1.38
55	15	75	-1.0296	-0.1176	-0.48
55	15	85	-2.4616	2.7728	-1.84
55	25	5	-1.9728	7.0856	-0.06
55	25	15	-0.9496	5.7824	1.64
55	25	25	-0.2432	0.5336	0.2
55	25	35	0.1264	-3.3128	-1.66
55	25	45	0.0512	-6.7944	-0.94
55	25	55	-0.0888	-7.0944	0.64
55	25	65	-0.1536	-3.2528	1.08
55	25	75	-0.6032	1.4736	-0.82
55	25	85	-1.3096	5.2424	-1.94
55	35	5	0.8152	7.6432	0
55	35	15	0.2872	5.6048	1.72
55	35	25	-0.4736	1.2488	0.24
55	35	35	-0.9976	-2.1216	-0.92
55	35	45	-2.7536	-5.4736	-0.92
55	35	55	-2.3336	-5.4736	0.6
55	35	65	-1.2376	-2.0816	1.26
55	35	75	-0.3536	1.2288	-0.48
55	35	85	0.7072	5.5648	-1.38
55	45	5	2.1056	4.5856	-0.32
55	45	15	1.4496	3.2496	1.58
55	45	25	-0.1688	1.1712	0.22
55	45	35	-2.3136	-0.8536	-1.64
55	45	45	-5.0608	-1.8608	-0.92
55	45	55	-4.5608	-2.3208	0.72
55	45	65	-2.4736	-0.8336	1.28
55	45	75	-0.5288	0.8912	-0.68
55	45	85	1.5296	3.5296	-1.52
55	55	5	2.2656	-4.4656	-0.18
55	55	15	1.5696	-3.5096	1.68
55	55	25	-0.1688	-0.8312	0.32
55	55	35	-2.3336	0.6536	-1.52
55	55	45	-4.7008	1.9608	-0.86
55	55	55	-4.7208	1.9008	0.74
55	55	65	-2.0136	0.5136	1.66
55	55	75	-0.4288	-1.1312	-0.1
55	55	85	2.1896	-2.9696	-1.98
55	65	5	0.4552	-8.0232	-0.42
55	65	15	0.5472	-5.6648	1.6
55	65	25	-0.3736	-0.8088	0.1
55	65	35	-1.3176	2.3216	-1.6
55	65	45	-2.4136	5.2536	-0.82
55	65	55	-2.4736	5.4536	0.62
55	65	65	-1.3176	2.6216	1.26
55	65	75	-0.4336	-1.3288	-0.74
55	65	85	0.8472	-5.4648	-1.48
55	75	5	-2.1928	-7.1656	-0.42
55	75	15	-1.2296	-5.3824	1.48
55	75	25	-0.2632	-0.9136	0.38
55	75	35	0.0464	2.6528	-1.12
55	75	45	-0.1288	6.6744	-0.86
55	75	55	-0.5488	6.9344	0.62
55	75	65	-0.2136	3.4528	1.4
55	75	75	-0.4832	-0.8136	-0.36
55	75	85	-1.3696	-5.1024	-2.22
55	85	5	-3.2928	-4.0616	0.38
55	85	15	-2.0416	-2.6728	1.1
55	85	25	-0.8296	0.0776	0.52
55	85	35	0.5472	3.1408	-1.52
55	85	45	1.6096	6.0936	-0.94
55	85	55	1.5096	6.1736	0.92
55	85	65	0.7472	3.1808	1.56
55	85	75	-1.0496	0.0376	-0.56
55	85	85	-2.3816	-2.5528	-1.74
65	5	5	-8.6544	0.02	-0.1
65	5	15	-5.7528	-0.1	1.82
65	5	25	-1.2504	0.16	0.66
65	5	35	2.908	-0.04	-1.34
65	5	45	6.1232	0	-0.96
65	5	55	5.7232	-0.02	0.68
65	5	65	2.468	-0.08	1.1
65	5	75	-1.4104	0.24	-0.32
65	5	85	-5.6928	-0.18	-1.8
65	15	5	-5.9928	1.5056	-0.22
65	15	15	-4.2824	1.3096	1.48
65	15	25	-0.464	-0.2088	0.02
65	15	35	1.6272	-1.5536	-1
65	15	45	4.0048	-3.6808	-0.76
65	15	55	4.4448	-3.6008	1
65	15	65	1.9072	-1.6336	1.18
65	15	75	-1.124	-0.1288	-0.5
65	15	85	-4.3824	1.2296	-1.5
65	25	5	-2.4304	3.7592	0.28
65	25	15	-1.464	2.9368	1.28
65	25	25	-0.8664	0.3176	0.42
65	25	35	0.136	-2.1896	-1.18
65	25	45	0.4888	-4.0928	-0.88
65	25	55	0.9888	-4.1728	0.66
65	25	65	0.336	-2.0296	1.36
65	25	75	-0.4264	-0.1824	0.16
65	25	85	-1.764	2.5968	-1.1
65	35	5	2.468	4.488	0.06
65	35	15	1.7872	2.9072	1.22
65	35	25	0.216	0.876	0.48
65	35	35	-2.1248	-1.2048	-1.12
65	35	45	-3.5616	-1.9016	-0.84
65	35	55	-3.7816	-1.8216	0.68
65	35	65	-1.8848	-0.9648	0.98
65	35	75	0.116	0.716	-0.24
65	35	85	2.3072	3.0872	-1.04
65	45	5	5.5632	2.4352	0.06
65	45	15	4.0248	2.2672	1.66
65	45	25	0.3888	0.7864	0.2
65	45	35	-3.4616	-0.1576	-1.34
65	45	45	-7.3336	-0.3736	-0.86
65	45	55	-7.3736	-0.4736	1.22
65	45	65	-3.5216	-0.0176	1.82
65	45	75	0.5088	0.6464	0.02
65	45	85	3.6848	1.9672	-1.18
65	55	5	6.3232	-2.6152	0.04
65	55	15	4.6248	-1.8672	1.76
65	55	25	0.6888	-0.4664	0.38
65	55	35	-3.4216	0.2376	-1.42
65	55	45	-7.2936	0.7536	-1.08
65	55	55	-7.2536	0.3736	0.62
65	55	65	-3.1416	-0.2424	1.62
65	55	75	0.5088	-0.6264	0.08
65	55	85	4.3848	-1.7672	-2
65	65	5	2.648	-4.148	-0.08
65	65	15	1.8472	-2.8472	1.38
65	65	25	0.316	-0.556	0.34
65	65	35	-1.5848	0.8648	-0.8
65	65	45	-3.6616	2.2016	-0.86
65	65	55	-3.8616	2.2216	0.42
65	65	65	-1.6448	1.1048	1.16
65	65	75	0.156	-0.776	-0.3
65	65	85	1.9072	-3.0872	-1.2
65	75	5	-2.3304	-3.4992	0.08
65	75	15	-1.664	-2.7568	1.16
65	75	25	-0.4664	-0.2576	0.2
65	75	35	0.136	2.3096	-1.12
65	75	45	0.6488	4.2928	-1.28
65	75	55	0.1888	4.0128	0.76
65	75	65	-0.064	1.8296	1.2
65	75	75	-0.5664	-0.0576	-0.02
65	75	85	-1.564	-2.5968	-0.84
65	85	5	-6.2528	-1.1056	0.32
65	85	15	-4.7624	-1.2296	1.78
65	85	25	-1.044	0.1688	0.66
65	85	35	1.8072	1.6136	-0.98
65	85	45	3.8448	3.4608	-0.76
65	85	55	4.3048	3.5408	0.9
65	85	65	2.2072	1.7336	1.32
65	85	75	-1.104	0.1888	-0.44
65	85	85	-4.5824	-1.0496	-1.64
75	5	5	-7.2384	-0.2	-0.18
75	5	15	-5.212	-0.08	1.92
75	5	25	-0.7152	0.1	0.46
75	5	35	3.4392	0.14	-1.56
75	5	45	7.1656	-0.18	-0.5
75	5	55	7.7056	0.26	0.68
75	5	65	3.5792	0.3	1.78
75	5	75	-0.8752	-0.32	-0.22
75	5	85	-4.852	0.1	-1.68
75	15	5	-6.032	-2.9424	0
75	15	15	-4.2168	-1.7976	1.56
75	15	25	-0.5472	-0.8648	0.26
75	15	35	2.9968	-0.3288	-1.48
75	15	45	5.8424	-0.1776	-0.74
75	15	55	5.7224	-0.2776	0.84
75	15	65	3.1968	-0.6088	1.14
75	15	75	-0.9472	-0.9448	-0.26
75	15	85	-4.1568	-1.6576	-1.56
75	25	5	-0.7552	-1.6752	-0.12
75	25	15	-1.0672	-1.5872	1.26
75	25	25	-0.0864	-0.1464	0.14
75	25	35	0.8376	0.0176	-0.6
75	25	45	1.8936	0.7336	-0.52
75	25	55	1.6136	0.8936	0.64
75	25	65	0.4776	-0.0624	0.56
75	25	75	0.1536	-0.1664	-0.26
75	25	85	-0.9072	-1.5072	-1.12
75	35	5	3.9792	-0.3104	0.3
75	35	15	3.1768	-0.444	1.22
75	35	25	0.8176	0.2736	0.42
75	35	35	-1.7696	1.016	-1.06
75	35	45	-3.6528	2.0288	-0.82
75	35	55	-3.9128	1.9288	0.78
75	35	65	-1.7296	1.116	1.38
75	35	75	0.5976	0.4136	-0.4
75	35	85	3.6768	-0.204	-1.9
75	45	5	7.5856	-0.0528	0.14
75	45	15	5.5424	0.5904	2.12
75	45	25	0.8336	0.1768	0.2
75	45	35	-3.3728	0.6064	-1.76
75	45	45	-6.6344	1.0312	-1.06
75	45	55	-6.1344	1.7312	0.9
75	45	65	-3.2328	0.5264	1.44
75	45	75	1.0736	0.3768	-0.5
75	45	85	5.4024	0.2504	-1.98
75	55	5	7.6056	-0.4472	-0.12
75	55	15	5.7624	-0.2104	1.96
75	55	25	1.2936	-0.2368	0.66
75	55	35	-3.3528	-0.6664	-1.6
75	55	45	-6.6144	-1.5512	-0.88
75	55	55	-6.3344	-1.1712	0.98
75	55	65	-3.4928	-0.5664	1.32
75	55	75	1.1336	-0.1568	-0.42
75	55	85	5.5824	-0.3504	-1.82
75	65	5	4.2792	-0.0096	-0.3
75	65	15	3.1568	-0.216	1.3
75	65	25	0.5976	-0.4136	0.06
75	65	35	-1.7896	-0.896	-1.08
75	65	45	-3.7528	-2.1288	-1.06
75	65	55	-3.1928	-2.0688	0.72
75	65	65	-1.7896	-0.976	1.02
75	65	75	0.9176	-0.1336	-0.64
75	65	85	3.4168	0.164	-1.6
75	75	5	-1.0952	1.6552	0.02
75	75	15	-0.7272	1.5472	0.98
75	75	25	0.0736	-0.0136	-0.3
75	75	35	0.7176	-0.3176	-0.84
75	75	45	1.6136	-0.6936	-0.7
75	75	55	1.8736	-1.0536	0.26
75	75	65	0.8376	-0.3176	0.7
75	75	75	-0.3064	0.3864	-0.1
75	75	85	-0.8472	1.1072	-0.56
75	85	5	-6.172	2.6824	0.14
75	85	15	-4.5168	1.6776	1.56
75	85	25	-0.4072	0.5848	0.22
75	85	35	2.6168	0.4888	-1.08
75	85	45	5.6624	0.2776	-0.84
75	85	55	6.1624	0.1376	0.58
75	85	65	2.4768	0.3288	1.06
75	85	75	-0.9472	0.7848	-0.44
75	85	85	-3.9568	1.7376	-1.36
85	5	5	-4.7096	-0.12	-0.3
85	5	15	-3.3392	0.12	1.22
85	5	25	-0.1024	-0.02	0.3
85	5	35	3.0056	-0.14	-1.12
85	5	45	7.3616	-0.06	-0.78
85	5	55	7.2816	0.14	0.78
85	5	65	3.1056	0.14	1.26
85	5	75	-0.0824	-0.22	-0.24
85	5	85	-3.2192	-0.08	-1.36
85	15	5	-2.4992	-4.8592	-0.16
85	15	15	-2.0768	-3.8368	1.54
85	15	25	0.1624	-1.0376	0.14
85	15	35	1.9296	0.9096	-1.06
85	15	45	4.8728	2.3328	-0.44
85	15	55	4.6928	2.2528	0.62
85	15	65	2.0496	0.8496	0.8
85	15	75	0.2424	-1.2176	-0.18
85	15	85	-1.8368	-3.9368	-1.16
85	25	5	0.4776	-6.492	-0.02
85	25	15	0.2624	-4.6168	1.4
85	25	25	0.6552	-0.8872	0.38
85	25	35	1.1312	2.1368	-0.86
85	25	45	2.7024	5.5824	-1.04
85	25	55	2.6824	5.7624	0.46
85	25	65	1.3112	2.1568	1.28
85	25	75	0.7152	-0.7072	-0.16
85	25	85	0.1424	-4.6768	-0.92
85	35	5	3.9256	-4.7728	0.14
85	35	15	2.9896	-3.4424	1.34
85	35	25	0.9112	-0.624	0.62
85	35	35	-0.8336	2.4672	-1.14
85	35	45	-1.5208	5.3448	-0.7
85	35	55	-1.3608	5.5048	0.84
85	35	65	-0.6536	2.4672	1.16
85	35	75	1.0112	-0.584	-0.7
85	35	85	2.8096	-3.1224	-1.24
85	45	5	6.9016	-1.7528	0.1
85	45	15	4.9528	-1.0616	1.52
85	45	25	1.3224	0.3704	0.24
85	45	35	-1.1808	1.3472	-0.98
85	45	45	-3.3136	3.4296	-0.8
85	45	55	-3.7136	3.4096	1.02
85	45	65	-1.2208	1.6872	1.24
85	45	75	1.5024	0.0704	-0.52
85	45	85	4.7728	-0.7816	-1.56
85	55	5	7.1216	1.6528	0.18
85	55	15	4.9728	0.9416	2.04
85	55	25	1.2024	-0.1904	0.14
85	55	35	-1.1808	-1.5072	-0.88
85	55	45	-3.5336	-3.5496	-1.06
85	55	55	-3.9936	-3.3096	0.62
85	55	65	-1.2008	-1.8672	1.38
85	55	75	1.3424	-0.1504	-0.48
85	55	85	4.9528	0.9816	-1.42
85	65	5	3.7656	4.3928	0.5
85	65	15	2.9296	3.7224	1.26
85	65	25	1.1112	0.504	0.6
85	65	35	-0.6936	-2.2872	-1.14
85	65	45	-1.8008	-5.4648	-0.48
85	65	55	-1.8608	-5.6648	0.58
85	65	65	-0.7536	-2.4272	1.44
85	65	75	0.8712	0.104	-0.26
85	65	85	2.6496	3.1824	-1.46
85	75	5	0.7376	6.192	-0.3
85	75	15	0.5824	4.6768	1.5
85	75	25	0.7352	0.8472	0.3
85	75	35	1.0712	-2.2568	-0.96
85	75	45	2.4024	-5.6424	-1.02
85	75	55	2.7824	-5.8024	0.22
85	75	65	0.9312	-2.1768	1.24
85	75	75	0.3952	0.7672	-0.34
85	75	85	0.2024	4.8968	-1.4
85	85	5	-2.5992	4.7192	0.2
85	85	15	-2.1768	3.9968	1.48
85	85	25	0.2424	1.2176	0.46
85	85	35	2.3696	-1.0696	-1.18
85	85	45	4.7328	-2.3328	-0.62
85	85	55	5.0128	-2.3528	0.84
85	85	65	1.9096	-0.8096	1
85	85	75	0.0824	1.1576	-0.08
85	85	85	-1.9568	3.9568	-1.18
