5	5	5	2.59186	-4.07904	-4.05984
5	5	15	2.63186	-5.03993	-5.1207
5	5	25	2.51403	-3.88104	-3.88382
5	5	35	2.4519	-2.88579	-2.86631
5	5	45	2.81204	-2.82734	-3.08637
5	5	55	3.55674	-5.05585	-6.10142
5	5	65	2.94801	-5.10204	-5.49931
5	5	75	2.68502	-4.84167	-4.97555
5	5	85	2.65201	-3.03482	-3.1358
5	15	5	2.65264	-4.5937	-4.65451
5	15	15	2.73223	-5.00945	-5.19106
5	15	25	2.57668	-4.37627	-4.36193
5	15	35	2.59168	-3.22921	-3.18985
5	15	45	2.87065	-3.49922	-3.4192
5	15	55	3.61304	-5.41388	-5.81586
5	15	65	3.2687	-5.34188	-5.45951
5	15	75	2.96661	-5.20205	-4.97763
5	15	85	2.81396	-3.63245	-3.53537
5	25	5	3.41505	-5.85731	-5.07974
5	25	15	3.11345	-5.54065	-5.18069
5	25	25	2.89787	-5.25557	-4.92162
5	25	35	3.07311	-4.93332	-4.41139
5	25	45	3.65985	-5.08609	-4.17726
5	25	55	5.28542	-6.70494	-6.17294
5	25	65	5.20024	-7.01414	-5.67855
5	25	75	4.73085	-6.95004	-5.11386
5	25	85	3.71673	-5.84045	-4.80054
5	35	5	2.62313	-5.15498	-5.09107
5	35	15	2.75556	-5.12473	-5.28125
5	35	25	2.55873	-5.02771	-5.02175
5	35	35	2.63398	-5.11255	-5.02961
5	35	45	2.66451	-4.74553	-4.63166
5	35	55	3.41463	-5.39485	-5.61125
5	35	65	3.58499	-5.54799	-5.52925
5	35	75	3.1944	-5.03776	-4.48889
5	35	85	2.9771	-4.87885	-4.5377
5	45	5	2.6194	-5.1268	-5.11168
5	45	15	2.57386	-5.10198	-5.14372
5	45	25	2.61323	-4.84288	-4.8224
5	45	35	2.61551	-4.31561	-4.29116
5	45	45	2.65772	-3.65091	-3.58423
5	45	55	2.85873	-5.19047	-5.32356
5	45	65	2.91507	-4.62185	-4.50584
5	45	75	2.7125	-3.43867	-3.22288
5	45	85	2.6045	-4.03986	-3.91446
5	55	5	2.6547	-5.13974	-5.14328
5	55	15	2.75293	-5.14134	-5.2631
5	55	25	2.77353	-5.00366	-4.86325
5	55	35	2.65313	-3.21409	-3.15363
5	55	45	2.69276	-3.17897	-3.11724
5	55	55	2.71901	-5.0702	-5.26302
5	55	65	2.68527	-3.8532	-3.96383
5	55	75	2.40232	-2.57447	-2.5753
5	55	85	2.38363	-3.40412	-3.45408
5	65	5	3.17608	-5.45209	-4.91393
5	65	15	3.39477	-5.74189	-5.10119
5	65	25	3.15393	-5.2796	-4.72088
5	65	35	2.87346	-4.25238	-3.93078
5	65	45	2.63549	-4.38187	-4.41822
5	65	55	2.636	-5.09554	-5.173
5	65	65	2.696	-4.6622	-4.72535
5	65	75	2.63875	-4.08248	-4.1285
5	65	85	2.70359	-4.36065	-4.2716
5	75	5	2.67555	-4.7233	-4.64058
5	75	15	2.8579	-5.24064	-5.17704
5	75	25	2.72187	-4.94543	-4.82025
5	75	35	2.55716	-3.94071	-3.93708
5	75	45	2.7163	-4.23289	-4.35087
5	75	55	3.09787	-5.1992	-5.538
5	75	65	2.88033	-5.08287	-5.09137
5	75	75	2.71673	-4.84723	-4.73053
5	75	85	2.79717	-3.83972	-3.72185
5	85	5	2.57429	-4.44217	-4.46139
5	85	15	2.61309	-5.07147	-5.13023
5	85	25	2.65363	-4.56283	-4.54189
5	85	35	2.63698	-3.51945	-3.43689
5	85	45	2.72024	-3.19233	-3.34484
5	85	55	3.14374	-5.09944	-5.6924
5	85	65	2.72969	-5.1105	-5.27284
5	85	75	2.60217	-4.99377	-5.03826
5	85	85	2.59721	-3.36497	-3.40379
15	5	5	2.57225	-4.42765	-4.44804
15	5	15	2.61266	-5.08884	-5.11041
15	5	25	2.63609	-4.14146	-4.2264
15	5	35	2.57422	-2.83015	-2.87313
15	5	45	2.69349	-2.86936	-3.01054
15	5	55	3.03734	-4.72478	-5.2889
15	5	65	2.94295	-4.70282	-5.0931
15	5	75	2.67759	-5.00335	-5.1273
15	5	85	2.61353	-3.36024	-3.42189
15	15	5	2.73182	-4.9011	-4.8011
15	15	15	2.73583	-5.08079	-5.18558
15	15	25	2.64605	-4.70081	-4.67621
15	15	35	2.57221	-3.65802	-3.6392
15	15	45	2.93363	-3.6398	-3.82144
15	15	55	3.79874	-5.37779	-5.84298
15	15	65	3.90798	-5.42117	-5.45803
15	15	75	3.22032	-5.64209	-5.07129
15	15	85	2.99229	-4.41686	-4.05807
15	25	5	3.81223	-6.22985	-5.12945
15	25	15	3.23423	-5.49187	-5.39427
15	25	25	2.78394	-5.22061	-5.05269
15	25	35	2.89289	-5.26878	-4.92734
15	25	45	3.79878	-5.83149	-4.78384
15	25	55	5.14794	-6.68008	-5.84882
15	25	65	5.5107	-7.2619	-5.86074
15	25	75	5.01502	-7.33844	-5.16724
15	25	85	4.41787	-6.42366	-4.67847
15	35	5	3.08466	-5.48678	-5.07637
15	35	15	2.96103	-5.18834	-5.42313
15	35	25	2.5827	-5.12924	-5.10562
15	35	35	2.61814	-5.14541	-5.07832
15	35	45	2.83423	-5.19182	-5.02824
15	35	55	3.72631	-5.41603	-5.96235
15	35	65	3.50721	-5.44681	-5.67304
15	35	75	3.71742	-5.50187	-4.62542
15	35	85	3.6439	-4.51049	-3.74007
15	45	5	2.64362	-5.0761	-5.03631
15	45	15	2.59807	-5.1051	-5.14543
15	45	25	2.5552	-5.04577	-5.04244
15	45	35	2.6345	-4.88347	-4.80084
15	45	45	2.61542	-4.44497	-4.38061
15	45	55	3.01854	-5.11935	-5.41343
15	45	65	3.29224	-5.10064	-5.08503
15	45	75	3.26505	-3.73109	-3.26381
15	45	85	3.01783	-3.61081	-3.55366
15	55	5	2.70597	-5.10073	-5.17463
15	55	15	2.67502	-5.18234	-5.14506
15	55	25	2.67323	-5.02342	-4.90285
15	55	35	2.59252	-3.59672	-3.55684
15	55	45	2.67205	-3.20644	-3.12543
15	55	55	2.87463	-5.01409	-5.07209
15	55	65	2.88097	-3.8696	-3.82448
15	55	75	2.79897	-2.75349	-2.90972
15	55	85	2.92543	-3.50881	-3.7976
15	65	5	2.72324	-5.13291	-5.12422
15	65	15	2.45481	-5.24286	-5.12411
15	65	25	2.73437	-4.88414	-4.66327
15	65	35	2.95232	-3.53729	-3.13688
15	65	45	2.81552	-3.70674	-3.48307
15	65	55	2.83549	-5.144	-5.10356
15	65	65	3.05524	-5.02259	-5.12493
15	65	75	3.1756	-4.11729	-4.62098
15	65	85	2.7915	-4.15542	-4.27583
15	75	5	2.82123	-5.16881	-5.07099
15	75	15	2.6764	-5.17865	-5.18195
15	75	25	2.60827	-4.4828	-4.42122
15	75	35	2.65793	-3.26282	-3.19444
15	75	45	2.82477	-3.5115	-3.35947
15	75	55	3.15192	-5.46484	-5.29037
15	75	65	3.38875	-5.45551	-5.3051
15	75	75	3.56717	-5.22046	-5.38059
15	75	85	2.88999	-4.26771	-4.27373
15	85	5	2.63352	-4.81357	-4.89524
15	85	15	2.69387	-5.0732	-5.21444
15	85	25	2.61389	-4.34272	-4.40397
15	85	35	2.63713	-3.24165	-3.31769
15	85	45	2.70104	-3.04751	-3.17999
15	85	55	2.98592	-4.91385	-5.36941
15	85	65	2.77944	-5.00583	-5.228
15	85	75	2.761	-5.0614	-5.26545
15	85	85	2.59918	-4.05697	-4.09943
25	5	5	2.65442	-4.76238	-4.86318
25	5	15	2.69446	-5.11641	-5.25955
25	5	25	2.6386	-4.26194	-4.34855
25	5	35	2.61509	-2.94743	-3.01043
25	5	45	2.81267	-3.68498	-3.94623
25	5	55	2.8402	-4.60507	-4.84566
25	5	65	2.96432	-4.24064	-4.52963
25	5	75	2.79912	-4.70253	-4.96566
25	5	85	2.65763	-4.20363	-4.30532
25	15	5	2.93225	-5.16801	-4.94761
25	15	15	2.84148	-5.12897	-5.33858
25	15	25	2.72659	-4.64182	-4.77651
25	15	35	2.66381	-3.70364	-3.7752
25	15	45	2.89461	-4.4396	-4.61799
25	15	55	3.48144	-5.38252	-5.58265
25	15	65	3.5182	-5.13867	-4.69706
25	15	75	3.67573	-5.53493	-4.61825
25	15	85	3.47117	-5.36009	-4.52054
25	25	5	4.37348	-6.40278	-5.06035
25	25	15	3.90309	-5.69646	-5.84604
25	25	25	2.99047	-5.46126	-5.13982
25	25	35	3.03989	-5.29489	-5.01881
25	25	45	3.22876	-5.32785	-5.2954
25	25	55	4.55642	-6.17057	-5.8564
25	25	65	4.73766	-6.6428	-5.38211
25	25	75	4.88182	-6.80405	-4.59721
25	25	85	4.64268	-6.05205	-4.00049
25	35	5	3.79003	-5.61135	-4.65237
25	35	15	3.48597	-5.41073	-5.72618
25	35	25	2.72971	-5.24967	-5.09268
25	35	35	2.74154	-5.18833	-5.00301
25	35	45	2.84494	-5.25114	-5.23986
25	35	55	3.71332	-5.31275	-6.0769
25	35	65	3.20726	-5.35511	-5.34017
25	35	75	3.55337	-5.4425	-4.52314
25	35	85	4.10409	-4.51306	-3.00085
25	45	5	2.81127	-4.57182	-4.55158
25	45	15	2.77879	-5.12644	-5.30192
25	45	25	2.58403	-5.11418	-5.08286
25	45	35	2.62091	-5.03136	-4.96259
25	45	45	2.60617	-4.99627	-5.00201
25	45	55	3.14252	-5.11046	-5.63979
25	45	65	2.9395	-5.16165	-5.27169
25	45	75	3.00911	-3.87832	-3.54305
25	45	85	2.9251	-3.08283	-2.87047
25	55	5	2.73722	-4.90876	-5.09139
25	55	15	2.59485	-5.1228	-5.12142
25	55	25	2.63541	-5.14521	-5.10325
25	55	35	2.65751	-4.12644	-4.02172
25	55	45	2.63373	-3.49867	-3.49606
25	55	55	2.87489	-4.47147	-4.42722
25	55	65	2.84186	-3.88346	-3.93029
25	55	75	2.85965	-2.92163	-3.09585
25	55	85	2.89469	-3.16607	-3.46322
25	65	5	3.02265	-5.37294	-5.21733
25	65	15	2.09277	-5.30168	-5.14248
25	65	25	1.89367	-4.90422	-4.88249
25	65	35	2.69214	-3.11869	-2.97852
25	65	45	3.03371	-3.11341	-2.71152
25	65	55	3.29649	-5.00676	-4.52293
25	65	65	3.53894	-5.68049	-4.90068
25	65	75	3.83539	-4.51783	-4.39384
25	65	85	3.67388	-4.27579	-4.59538
25	75	5	2.79952	-5.08435	-5.06796
25	75	15	2.27345	-5.10143	-5.14266
25	75	25	2.33952	-4.38165	-4.36332
25	75	35	2.63595	-2.93207	-2.87254
25	75	45	2.93682	-3.32798	-3.14328
25	75	55	3.1548	-4.94895	-4.67334
25	75	65	3.23971	-5.38253	-5.10782
25	75	75	3.7692	-5.07253	-5.89854
25	75	85	3.28798	-4.62967	-5.06956
25	85	5	2.79959	-5.02367	-5.22895
25	85	15	2.63354	-5.1209	-5.16141
25	85	25	2.56843	-4.56317	-4.58454
25	85	35	2.59134	-3.31124	-3.35136
25	85	45	2.71776	-3.7099	-3.8641
25	85	55	2.74706	-4.279	-4.44898
25	85	65	3.01296	-4.23487	-4.58896
25	85	75	3.22727	-4.95056	-5.52418
25	85	85	2.92613	-4.62116	-4.86565
35	5	5	2.61919	-4.83355	-4.93725
35	5	15	2.66162	-5.14092	-5.32976
35	5	25	2.7204	-4.12332	-4.25004
35	5	35	2.60557	-3.21346	-3.22355
35	5	45	2.74221	-4.82685	-4.93669
35	5	55	3.06184	-5.0039	-5.27505
35	5	65	3.05409	-4.68139	-4.67111
35	5	75	3.27059	-3.9732	-4.23356
35	5	85	2.9421	-4.6828	-4.98426
35	15	5	3.29618	-5.48463	-5.06858
35	15	15	3.00806	-5.19741	-5.45008
35	15	25	2.7936	-4.52413	-4.6423
35	15	35	2.64843	-3.72753	-3.78034
35	15	45	2.91916	-4.98258	-5.10342
35	15	55	3.84336	-5.82874	-5.61098
35	15	65	3.82108	-5.50073	-4.79256
35	15	75	3.96163	-4.78682	-3.79088
35	15	85	4.09746	-5.51533	-4.17912
35	25	5	4.6848	-5.84175	-4.71125
35	25	15	4.25729	-6.04716	-5.85379
35	25	25	3.63719	-5.46927	-5.58045
35	25	35	2.99252	-5.00437	-4.66198
35	25	45	3.21099	-5.46979	-5.3375
35	25	55	4.31045	-5.67716	-6.17655
35	25	65	3.69475	-5.61378	-4.85064
35	25	75	4.3653	-5.6976	-3.93325
35	25	85	4.61522	-5.4539	-3.43086
35	35	5	4.75316	-5.30052	-4.18083
35	35	15	4.5137	-6.10867	-6.04682
35	35	25	3.17806	-5.28923	-5.30162
35	35	35	3.29138	-5.42992	-4.95367
35	35	45	3.29835	-5.52488	-5.33895
35	35	55	4.41523	-5.8348	-6.22833
35	35	65	3.20395	-5.23459	-4.77877
35	35	75	3.55444	-4.5794	-3.58082
35	35	85	4.38643	-4.58527	-2.75155
35	45	5	2.95419	-3.64277	-3.73962
35	45	15	3.18281	-5.17963	-5.63266
35	45	25	2.81123	-5.15216	-5.15209
35	45	35	2.77607	-5.12064	-5.02768
35	45	45	2.99238	-5.28019	-5.16118
35	45	55	3.70654	-5.17502	-6.06444
35	45	65	2.83844	-5.17475	-5.03722
35	45	75	2.71289	-3.6008	-3.48187
35	45	85	2.91196	-2.98977	-2.63044
35	55	5	2.69415	-4.35772	-4.357
35	55	15	2.77382	-5.26931	-5.13035
35	55	25	2.60302	-5.10631	-5.1097
35	55	35	2.68271	-4.63112	-4.54386
35	55	45	2.60398	-4.35151	-4.33993
35	55	55	3.10837	-4.41403	-4.76257
35	55	65	2.8335	-4.37352	-4.21333
35	55	75	2.80718	-3.09368	-2.92336
35	55	85	2.76087	-3.11948	-2.90964
35	65	5	3.03755	-5.32816	-4.96328
35	65	15	2.65393	-5.20076	-5.15883
35	65	25	2.53609	-4.8829	-4.88619
35	65	35	2.5744	-3.48247	-3.4642
35	65	45	2.57286	-2.84164	-2.82103
35	65	55	3.29516	-3.97158	-4.23081
35	65	65	3.60645	-5.49028	-4.57665
35	65	75	3.73606	-4.79984	-3.6557
35	65	85	3.57674	-4.542	-3.9575
35	75	5	2.88001	-5.22319	-5.02075
35	75	15	2.63605	-5.18306	-5.18393
35	75	25	2.53403	-4.80246	-4.7658
35	75	35	2.65114	-3.13845	-3.07735
35	75	45	2.75394	-3.76158	-3.64047
35	75	55	3.056	-4.35548	-4.21635
35	75	65	3.19121	-5.01772	-4.39656
35	75	75	3.3684	-4.95208	-4.25719
35	75	85	3.51792	-5.12277	-4.95667
35	85	5	2.77644	-5.03285	-5.01182
35	85	15	2.7201	-5.16366	-5.20311
35	85	25	2.60297	-4.60885	-4.64713
35	85	35	2.60083	-3.29046	-3.29302
35	85	45	2.78575	-4.40753	-4.58133
35	85	55	2.8935	-4.35413	-4.71007
35	85	65	2.86959	-4.20508	-4.09426
35	85	75	3.13963	-4.00528	-4.25893
35	85	85	2.97836	-4.82201	-5.00039
45	5	5	2.85042	-4.88035	-5.04695
45	5	15	2.77719	-5.1286	-5.41396
45	5	25	3.00858	-4.35119	-4.59273
45	5	35	2.87458	-3.66205	-3.76558
45	5	45	3.12643	-5.08021	-5.42584
45	5	55	2.93721	-5.2501	-5.27117
45	5	65	3.36967	-5.45889	-4.77259
45	5	75	3.15	-3.5758	-3.26277
45	5	85	2.8248	-4.60075	-4.54653
45	15	5	4.21764	-5.75361	-5.05853
45	15	15	3.4004	-5.68354	-5.63908
45	15	25	3.65806	-4.53304	-4.658
45	15	35	3.45167	-4.17679	-4.32794
45	15	45	4.19732	-5.58106	-6.0329
45	15	55	3.66683	-5.8824	-5.38526
45	15	65	4.55019	-6.19835	-5.19617
45	15	75	4.55639	-4.94031	-3.56203
45	15	85	4.30391	-5.04097	-3.86167
45	25	5	5.02247	-5.28959	-4.30402
45	25	15	4.61549	-6.08374	-6.05689
45	25	25	3.92007	-4.3348	-4.47726
45	25	35	3.14159	-4.3754	-4.23365
45	25	45	3.83049	-5.32919	-5.77849
45	25	55	3.92976	-5.40866	-6.14443
45	25	65	3.68493	-5.48857	-5.08829
45	25	75	4.52531	-5.14882	-3.68593
45	25	85	4.83005	-4.80295	-2.97942
45	35	5	5.38015	-5.15486	-3.97068
45	35	15	4.62294	-5.94211	-5.71821
45	35	25	3.49772	-3.67099	-3.6796
45	35	35	3.24996	-4.0066	-3.6916
45	35	45	3.97197	-5.76248	-5.28297
45	35	55	5.07465	-6.11056	-6.63601
45	35	65	4.45112	-5.91321	-4.50878
45	35	75	4.22377	-4.75696	-3.14218
45	35	85	4.65396	-4.73917	-2.8001
45	45	5	3.5641	-3.40729	-3.43582
45	45	15	3.63289	-4.88906	-5.7784
45	45	25	3.20733	-3.9758	-4.52476
45	45	35	2.8012	-4.03481	-3.85465
45	45	45	3.46861	-5.51025	-5.4802
45	45	55	4.05205	-5.71449	-6.02888
45	45	65	3.39167	-5.44216	-4.84247
45	45	75	3.20963	-3.81023	-3.23562
45	45	85	3.27461	-3.29386	-2.69286
45	55	5	2.91718	-3.73836	-3.61299
45	55	15	3.35975	-5.21506	-5.39365
45	55	25	2.98341	-4.79218	-4.96462
45	55	35	2.65475	-5.00547	-5.01915
45	55	45	2.71584	-4.76057	-4.84271
45	55	55	3.35955	-4.58128	-5.26725
45	55	65	2.74551	-4.20368	-4.15329
45	55	75	2.81797	-3.24568	-3.03974
45	55	85	2.7427	-3.14048	-2.88961
45	65	5	2.9817	-5.16279	-4.94387
45	65	15	3.18182	-5.31149	-5.45034
45	65	25	2.74447	-5.08591	-5.09387
45	65	35	2.60726	-4.26331	-4.27622
45	65	45	2.75857	-3.67087	-3.75755
45	65	55	3.1591	-3.76719	-4.17367
45	65	65	2.79985	-3.78879	-3.83202
45	65	75	3.11548	-4.14684	-3.5833
45	65	85	3.41868	-4.18486	-3.43761
45	75	5	2.80986	-4.9389	-4.74942
45	75	15	2.90158	-5.25931	-5.34738
45	75	25	2.90015	-5.24239	-5.12907
45	75	35	2.94314	-4.01885	-3.68777
45	75	45	2.85731	-4.71124	-4.57352
45	75	55	3.59949	-4.72001	-4.74128
45	75	65	3.23754	-4.71785	-4.07703
45	75	75	3.31644	-3.87508	-3.17056
45	75	85	3.01718	-4.09764	-3.79393
45	85	5	2.93938	-4.89193	-4.79868
45	85	15	2.82127	-5.18081	-5.28855
45	85	25	2.59852	-4.88604	-4.8491
45	85	35	2.66279	-3.76171	-3.74054
45	85	45	2.80861	-4.85249	-4.88739
45	85	55	3.05176	-4.96705	-5.39767
45	85	65	3.10508	-5.09242	-4.66377
45	85	75	3.43479	-4.09142	-3.24785
45	85	85	3.19512	-4.50434	-4.1876
55	5	5	3.28449	-4.50529	-4.60994
55	5	15	2.86749	-4.97542	-5.20709
55	5	25	3.15963	-4.38719	-4.30898
55	5	35	3.41555	-4.04888	-3.80933
55	5	45	3.57279	-5.65157	-5.19801
55	5	55	3.54777	-5.9565	-5.2299
55	5	65	3.8897	-6.41273	-5.08363
55	5	75	3.77922	-4.45561	-3.59617
55	5	85	3.50034	-3.93616	-3.72227
55	15	5	3.90161	-4.03238	-4.25648
55	15	15	3.43381	-5.3419	-5.41387
55	15	25	3.51163	-3.88516	-4.27937
55	15	35	4.242	-4.22965	-4.59101
55	15	45	5.06052	-6.01906	-5.87252
55	15	55	4.61339	-6.85296	-5.42763
55	15	65	4.27401	-6.49583	-5.06986
55	15	75	4.3949	-4.68899	-3.82316
55	15	85	4.13009	-4.17168	-3.89218
55	25	5	4.72388	-4.36191	-4.43434
55	25	15	4.68379	-5.98425	-5.45145
55	25	25	4.7419	-3.93753	-4.33642
55	25	35	4.45696	-3.43324	-4.43438
55	25	45	4.3756	-4.70322	-5.83262
55	25	55	3.95754	-5.61121	-6.0146
55	25	65	3.68305	-5.33595	-5.55991
55	25	75	3.50406	-4.30727	-4.03369
55	25	85	4.02782	-3.97305	-3.07368
55	35	5	4.60607	-5.22963	-5.05549
55	35	15	4.95244	-5.94505	-5.11882
55	35	25	4.58476	-3.53405	-3.94121
55	35	35	4.46408	-3.38805	-3.91388
55	35	45	4.67193	-4.55859	-5.16269
55	35	55	4.58268	-5.78908	-6.45915
55	35	65	4.00172	-5.14755	-5.26664
55	35	75	3.94705	-4.30287	-3.68202
55	35	85	3.52924	-3.83997	-3.15546
55	45	5	3.81563	-3.65817	-3.79517
55	45	15	3.72157	-3.77109	-4.3654
55	45	25	3.40309	-3.14932	-3.49411
55	45	35	3.60583	-3.46276	-3.48014
55	45	45	3.52969	-4.52143	-4.99723
55	45	55	4.00975	-5.16297	-6.48825
55	45	65	3.06433	-4.4661	-4.85127
55	45	75	2.78985	-3.26729	-3.22198
55	45	85	2.99661	-3.32431	-3.12581
55	55	5	3.21422	-3.43543	-3.33303
55	55	15	3.92273	-3.76838	-4.65993
55	55	25	3.59976	-3.57458	-4.02667
55	55	35	2.92643	-4.52542	-4.50691
55	55	45	3.01999	-5.01974	-5.32202
55	55	55	3.57663	-4.96234	-5.96473
55	55	65	2.69106	-4.60206	-4.66203
55	55	75	2.73579	-3.37446	-3.29919
55	55	85	2.77189	-3.08467	-2.92394
55	65	5	2.98078	-4.88592	-4.8218
55	65	15	3.83986	-5.27776	-6.19077
55	65	25	3.54762	-5.02	-5.89421
55	65	35	2.7863	-4.81449	-4.92726
55	65	45	2.99351	-4.63964	-4.92167
55	65	55	3.27384	-4.87479	-5.3968
55	65	65	2.75583	-3.21041	-3.0556
55	65	75	2.75469	-3.66523	-3.50167
55	65	85	2.81944	-3.34879	-3.1204
55	75	5	2.81317	-4.32838	-4.54886
55	75	15	3.09657	-5.09718	-5.58188
55	75	25	3.36111	-4.92372	-5.57061
55	75	35	3.10742	-4.68044	-4.83531
55	75	45	3.23868	-5.34843	-5.38889
55	75	55	3.41948	-5.25943	-4.99343
55	75	65	3.32712	-4.66622	-3.93694
55	75	75	3.15878	-3.2214	-2.65381
55	75	85	3.03996	-2.95655	-3.07571
55	85	5	3.21688	-3.99426	-4.2601
55	85	15	3.28636	-4.99429	-5.08964
55	85	25	3.59635	-5.32238	-5.32928
55	85	35	3.22552	-4.34046	-4.09417
55	85	45	3.29572	-5.47414	-5.21684
55	85	55	3.43779	-5.79411	-5.19223
55	85	65	3.7013	-5.93178	-4.82636
55	85	75	4.25533	-4.92436	-3.34212
55	85	85	4.08552	-3.74342	-3.67709
65	5	5	3.76231	-3.42287	-3.74614
65	5	15	3.05904	-4.4379	-4.54189
65	5	25	3.53708	-3.95469	-4.37953
65	5	35	2.89584	-3.57604	-3.60088
65	5	45	2.91229	-5.07646	-4.95841
65	5	55	3.03354	-5.50038	-5.22106
65	5	65	3.28475	-5.78391	-5.1526
65	5	75	3.97931	-4.72016	-4.70028
65	5	85	4.56675	-3.36887	-3.9381
65	15	5	3.65797	-3.23019	-3.52934
65	15	15	3.32144	-3.94403	-3.7132
65	15	25	3.81553	-3.85868	-3.84315
65	15	35	4.55589	-3.96042	-4.36569
65	15	45	3.90025	-5.00754	-5.16116
65	15	55	3.22058	-5.51822	-5.38783
65	15	65	3.35949	-5.6623	-5.31077
65	15	75	4.15876	-4.68358	-4.8473
65	15	85	3.64997	-3.3739	-3.14152
65	25	5	3.99943	-4.45286	-4.76445
65	25	15	4.15141	-5.03936	-5.17976
65	25	25	4.55068	-3.60913	-4.2264
65	25	35	5.26872	-3.43604	-4.82574
65	25	45	4.66662	-4.45086	-5.2065
65	25	55	3.89692	-6.01411	-5.51933
65	25	65	3.54273	-5.62239	-5.53329
65	25	75	3.34077	-4.61889	-4.80773
65	25	85	3.38041	-3.62875	-3.614
65	35	5	3.65313	-4.9978	-5.8957
65	35	15	3.48562	-4.99642	-5.55064
65	35	25	4.63392	-3.55912	-4.82985
65	35	35	5.08316	-3.62286	-4.79097
65	35	45	5.23586	-4.51523	-5.32804
65	35	55	4.00296	-5.65904	-5.96704
65	35	65	3.87394	-5.2384	-5.8889
65	35	75	3.19037	-3.90124	-4.13337
65	35	85	2.79681	-3.51754	-3.55602
65	45	5	2.97107	-4.24022	-4.58017
65	45	15	3.71357	-3.88241	-4.76473
65	45	25	4.02738	-4.30978	-4.77983
65	45	35	4.61235	-3.95052	-4.13966
65	45	45	3.94431	-3.96317	-4.6579
65	45	55	3.97308	-5.24326	-6.3508
65	45	65	4.01098	-4.22265	-5.52124
65	45	75	2.89548	-3.01145	-3.35226
65	45	85	2.57449	-3.24672	-3.26852
65	55	5	3.09263	-3.74005	-3.44085
65	55	15	3.79908	-3.4887	-4.06314
65	55	25	3.75197	-3.525	-3.93367
65	55	35	3.02239	-3.44767	-3.69956
65	55	45	3.21355	-4.7814	-5.31889
65	55	55	3.99436	-5.10674	-6.5474
65	55	65	3.4091	-4.422	-5.23992
65	55	75	2.72883	-3.18846	-3.36543
65	55	85	2.7716	-3.20291	-3.06228
65	65	5	2.81704	-4.94247	-4.77966
65	65	15	2.27387	-5.04302	-5.52187
65	65	25	2.59468	-5.05122	-5.43277
65	65	35	2.97272	-5.00601	-5.14677
65	65	45	2.79147	-4.86681	-5.02637
65	65	55	3.71143	-5.21874	-6.03913
65	65	65	3.14944	-3.76042	-3.63643
65	65	75	3.19915	-3.61605	-2.97456
65	65	85	2.95432	-3.7083	-3.34439
65	75	5	2.61816	-4.1227	-4.14834
65	75	15	3.29057	-4.95307	-5.75312
65	75	25	3.23625	-4.6414	-5.34262
65	75	35	2.68701	-4.53996	-4.6424
65	75	45	2.69343	-5.05667	-5.15587
65	75	55	2.86104	-4.9612	-5.1712
65	75	65	2.76988	-4.07153	-3.85831
65	75	75	2.94415	-3.09307	-2.70129
65	75	85	2.85746	-2.85486	-2.83085
65	85	5	3.38791	-4.21587	-3.89189
65	85	15	3.23587	-4.98657	-5.15057
65	85	25	3.45223	-4.08113	-4.74317
65	85	35	3.05388	-4.09723	-3.9997
65	85	45	3.21452	-5.57165	-5.03119
65	85	55	3.61489	-5.98398	-5.2809
65	85	65	3.63936	-6.13778	-5.05825
65	85	75	4.43818	-5.38265	-3.90106
65	85	85	4.79804	-3.75361	-3.65876
75	5	5	3.03555	-3.17511	-3.11272
75	5	15	2.85705	-4.49711	-4.39433
75	5	25	2.67385	-3.17613	-3.27614
75	5	35	2.31229	-3.16005	-3.23965
75	5	45	2.56868	-4.3348	-4.35474
75	5	55	2.77148	-5.09945	-5.31979
75	5	65	2.68953	-5.10208	-5.24045
75	5	75	2.8751	-4.30113	-4.58513
75	5	85	3.45416	-2.73444	-3.45663
75	15	5	2.95426	-3.29694	-3.49333
75	15	15	3.23347	-4.43961	-4.28159
75	15	25	3.27303	-3.60472	-3.34672
75	15	35	3.1099	-3.61267	-3.17314
75	15	45	2.84462	-4.30312	-4.16312
75	15	55	3.13142	-5.13676	-5.63716
75	15	65	2.78222	-5.10239	-5.29279
75	15	75	3.19524	-4.46242	-5.06584
75	15	85	2.93802	-2.82312	-3.16372
75	25	5	3.23384	-5.01696	-5.33418
75	25	15	2.88064	-4.96174	-5.08094
75	25	25	3.30342	-4.05846	-3.79207
75	25	35	4.51704	-4.18837	-3.56559
75	25	45	4.13021	-4.66241	-4.04162
75	25	55	3.79536	-5.889	-5.53181
75	25	65	3.43783	-5.64237	-5.32837
75	25	75	4.03552	-5.44205	-5.28573
75	25	85	2.89347	-3.75923	-3.74128
75	35	5	3.11265	-5.04574	-5.52415
75	35	15	2.97706	-5.0201	-5.44131
75	35	25	3.26153	-4.09187	-4.79101
75	35	35	3.53001	-3.73609	-4.31963
75	35	45	4.63796	-4.28077	-4.75707
75	35	55	3.58036	-5.53955	-5.64063
75	35	65	3.37911	-5.36475	-5.46709
75	35	75	2.9515	-4.21605	-4.54771
75	35	85	2.64227	-4.25757	-4.16642
75	45	5	2.81158	-5.00841	-5.1887
75	45	15	3.43204	-4.93812	-5.73873
75	45	25	3.39744	-4.87693	-5.04174
75	45	35	3.79931	-4.27011	-3.90432
75	45	45	4.03943	-3.70681	-4.21923
75	45	55	3.00262	-5.19759	-5.39718
75	45	65	3.40509	-4.66858	-5.38897
75	45	75	2.64178	-3.10197	-3.20487
75	45	85	2.53245	-3.67494	-3.65439
75	55	5	2.87024	-4.72292	-4.64374
75	55	15	3.39268	-4.78524	-5.18443
75	55	25	2.91387	-4.19609	-4.35645
75	55	35	2.814	-2.99865	-3.13657
75	55	45	3.29564	-4.1849	-4.9003
75	55	55	3.51686	-5.09452	-6.03588
75	55	65	3.68323	-4.28207	-5.41318
75	55	75	2.72282	-3.20287	-3.25462
75	55	85	2.7895	-3.7186	-3.47826
75	65	5	2.80859	-4.89561	-4.69641
75	65	15	2.31181	-5.04678	-5.24678
75	65	25	2.45306	-4.92407	-5.00445
75	65	35	2.55147	-4.9026	-4.90298
75	65	45	2.69113	-4.88685	-4.94678
75	65	55	3.53072	-5.17448	-5.99438
75	65	65	3.92074	-4.72217	-5.09137
75	65	75	3.36168	-4.17006	-3.37668
75	65	85	3.24909	-4.16136	-3.61863
75	75	5	2.64185	-4.35327	-4.35047
75	75	15	2.69141	-5.05551	-5.15431
75	75	25	2.62267	-4.88086	-4.92083
75	75	35	2.54745	-4.44018	-4.44022
75	75	45	2.59143	-4.97771	-4.97731
75	75	55	3.51504	-5.13975	-5.93733
75	75	65	2.89112	-4.21478	-4.20688
75	75	75	2.75265	-3.7448	-3.55279
75	75	85	2.8512	-2.95824	-2.82078
75	85	5	2.73689	-3.83642	-3.69703
75	85	15	2.81278	-5.20257	-5.06327
75	85	25	2.81263	-4.09987	-4.15989
75	85	35	2.53169	-3.63323	-3.61331
75	85	45	2.55136	-4.63041	-4.63079
75	85	55	2.71543	-5.12391	-5.2419
75	85	65	2.63112	-5.14427	-5.13227
75	85	75	2.75754	-4.38294	-4.2978
75	85	85	3.07708	-2.83831	-2.95578
85	5	5	2.75271	-3.61271	-3.51434
85	5	15	2.77388	-4.99471	-4.8551
85	5	25	2.55634	-3.42173	-3.42367
85	5	35	2.3513	-2.76016	-2.7601
85	5	45	2.61123	-3.69325	-3.75307
85	5	55	3.25359	-5.09278	-5.83501
85	5	65	2.58553	-5.10208	-5.13645
85	5	75	2.65945	-4.64204	-4.71032
85	5	85	2.71297	-2.66478	-2.80665
85	15	5	2.65228	-3.99268	-4.05394
85	15	15	2.73189	-4.87824	-4.7991
85	15	25	2.83345	-3.82586	-3.58748
85	15	35	2.93037	-3.26231	-2.78242
85	15	45	2.78822	-3.80399	-3.60399
85	15	55	3.55302	-5.16674	-6.00873
85	15	65	2.79305	-5.14199	-5.30401
85	15	75	2.70416	-4.88204	-5.01518
85	15	85	2.63526	-2.84642	-2.88906
85	25	5	3.23187	-5.596	-5.15685
85	25	15	2.7315	-5.12427	-5.14396
85	25	25	2.69542	-4.60078	-4.50359
85	25	35	2.83504	-3.86649	-3.58251
85	25	45	3.45782	-4.44908	-3.58228
85	25	55	4.35701	-6.34773	-5.62173
85	25	65	3.94822	-6.28834	-5.27274
85	25	75	3.86477	-5.90524	-4.93179
85	25	85	3.27237	-5.06925	-4.34979
85	35	5	2.82073	-5.12081	-5.29207
85	35	15	2.71836	-5.08349	-5.23722
85	35	25	2.64231	-4.56757	-4.63798
85	35	35	2.63161	-4.25115	-4.25139
85	35	45	3.08408	-4.51074	-4.33848
85	35	55	3.27127	-5.47112	-5.39167
85	35	65	3.05559	-5.30193	-5.20617
85	35	75	3.01556	-4.8629	-4.64332
85	35	85	2.74829	-4.44885	-4.25329
85	45	5	2.73253	-5.06381	-5.24435
85	45	15	2.81243	-5.14022	-5.34135
85	45	25	2.67592	-4.70201	-4.70359
85	45	35	2.71412	-3.94399	-3.94256
85	45	45	2.93791	-3.25724	-3.39118
85	45	55	3.04235	-5.30004	-5.33031
85	45	65	2.96655	-4.57343	-4.76512
85	45	75	2.48114	-3.12771	-3.10249
85	45	85	2.4133	-3.84499	-3.82455
85	55	5	2.70927	-5.09109	-5.01171
85	55	15	2.89272	-5.02019	-5.22023
85	55	25	2.63354	-4.53885	-4.58039
85	55	35	2.6132	-2.93246	-2.91116
85	55	45	2.83317	-3.59141	-3.86927
85	55	55	2.87704	-5.06918	-5.44558
85	55	65	2.89782	-4.0866	-4.42306
85	55	75	2.31609	-2.75502	-2.75412
85	55	85	2.38999	-3.362	-3.2421
85	65	5	3.5087	-5.70641	-4.78689
85	65	15	2.95467	-5.19374	-4.93092
85	65	25	2.61508	-4.87291	-4.81331
85	65	35	2.59351	-4.52393	-4.46236
85	65	45	2.7312	-4.75887	-4.93875
85	65	55	3.15409	-5.10344	-5.66604
85	65	65	3.29998	-4.46235	-4.8907
85	65	75	3.25442	-4.58566	-3.88901
85	65	85	3.50831	-4.82006	-4.09975
85	75	5	2.78672	-4.70572	-4.51173
85	75	15	2.72306	-5.18443	-5.11323
85	75	25	2.59867	-4.78657	-4.78134
85	75	35	2.59152	-4.23895	-4.19929
85	75	45	2.57113	-4.49853	-4.47809
85	75	55	3.03506	-5.09775	-5.58015
85	75	65	3.14349	-4.6823	-4.95394
85	75	75	2.87684	-4.36685	-4.08784
85	75	85	2.92361	-3.29899	-3.08832
85	85	5	2.59674	-4.01849	-4.01681
85	85	15	2.7944	-5.22909	-5.10655
85	85	25	2.77233	-4.50078	-4.2823
85	85	35	2.57155	-3.33767	-3.25726
85	85	45	2.63311	-3.83088	-3.82881
85	85	55	2.83944	-5.10237	-5.44435
85	85	65	2.79476	-5.08355	-5.32164
85	85	75	2.6226	-4.74446	-4.80875
85	85	85	2.73577	-2.93303	-3.13364
