5	5	5	6.0535	0.42803	-2.91764
5	5	15	7.53217	-0.42097	-3.73377
5	5	25	7.4706	0.188417	-4.22419
5	5	35	2.73876	-2.1442	-3.14245
5	5	45	-0.668449	-4.25892	-4.47752
5	5	55	2.48319	-2.2409	-4.34183
5	5	65	5.12521	-1.12441	-4.62376
5	5	75	6.54353	-0.45634	-3.75966
5	5	85	7.11173	-0.326594	-3.76637
5	15	5	7.1954	0.651892	-3.1012
5	15	15	9.4169	1.6156	-2.68203
5	15	25	9.28333	1.96991	-4.09483
5	15	35	4.45103	0.431606	-3.34883
5	15	45	0.327724	-2.29307	-4.78473
5	15	55	2.85826	-0.892493	-4.2172
5	15	65	4.68066	1.75753	-3.89369
5	15	75	6.50034	1.30259	-2.61729
5	15	85	7.5716	1.05812	-3.78984
5	25	5	5.65033	-1.14303	-3.81752
5	25	15	7.91951	-0.0395166	-3.41802
5	25	25	7.32955	1.8776	-3.14309
5	25	35	2.7685	2.01764	-2.258
5	25	45	0.664419	0.602327	-3.24019
5	25	55	1.30736	0.546811	-2.56192
5	25	65	2.19475	1.35908	-1.54905
5	25	75	3.79573	1.10411	-1.73508
5	25	85	6.07499	-1.20774	-4.10649
5	35	5	4.1286	-1.99262	-3.90063
5	35	15	3.26782	-1.11248	-2.57885
5	35	25	2.31497	0.225448	-1.48567
5	35	35	0.510213	0.418618	-1.19272
5	35	45	-0.24329	0.0650171	-1.11248
5	35	55	0.199932	0.417461	-0.827747
5	35	65	0.438977	0.247912	-0.585935
5	35	75	1.14656	-0.629414	-1.01073
5	35	85	3.1151	-2.32962	-2.668
5	45	5	3.56387	-2.8283	-2.39956
5	45	15	2.27679	-2.34206	-1.85623
5	45	25	0.509442	-1.93515	-1.81639
5	45	35	-1.29998	-2.02121	-2.11902
5	45	45	-1.1719	-1.0451	-1.49729
5	45	55	-0.423417	-0.854124	-1.10005
5	45	65	-0.0229425	-1.12124	-1.06195
5	45	75	0.223537	-1.34696	-0.529583
5	45	85	3.4527	-2.90547	-2.82892
5	55	5	5.43032	-4.85408	-4.91961
5	55	15	4.33048	-4.36973	-3.83063
5	55	25	2.76308	-5.61698	-2.80334
5	55	35	-1.51398	-6.2725	-3.35877
5	55	45	-4.63793	-6.93958	-4.56081
5	55	55	-3.41854	-5.16021	-4.16857
5	55	65	-2.27682	-5.16483	-2.95559
5	55	75	-2.21751	-5.44017	-1.57168
5	55	85	3.14999	-5.82359	-4.83197
5	65	5	6.12937	-4.35002	-4.70231
5	65	15	5.24077	-3.79429	-4.02541
5	65	25	3.95538	-4.40901	-2.195
5	65	35	-0.521891	-5.46434	-3.44948
5	65	45	-4.90478	-6.95168	-5.6898
5	65	55	-3.31333	-5.37573	-4.67852
5	65	65	-0.756956	-4.09179	-3.2473
5	65	75	0.734488	-4.57499	-1.35145
5	65	85	4.42647	-4.94902	-4.39268
5	75	5	6.65932	-2.9721	-3.96752
5	75	15	5.93025	-3.1621	-3.89416
5	75	25	4.15436	-3.91885	-2.92436
5	75	35	-0.186293	-5.33245	-4.37608
5	75	45	-4.46446	-6.41385	-5.90414
5	75	55	-2.85303	-5.45007	-4.93427
5	75	65	0.233016	-3.92004	-3.17459
5	75	75	2.59433	-3.91485	-1.74351
5	75	85	4.34331	-3.22808	-1.7598
5	85	5	5.44082	-1.16032	-3.63745
5	85	15	6.01424	-1.90289	-3.79317
5	85	25	4.85874	-3.50295	-3.38152
5	85	35	0.171929	-4.52635	-3.36843
5	85	45	-3.10086	-5.53645	-5.00875
5	85	55	-0.418169	-4.99227	-4.2283
5	85	65	2.56005	-3.53593	-3.06658
5	85	75	3.85074	-3.33998	-2.8536
5	85	85	4.42692	-2.63562	-1.94513
15	5	5	2.68187	-2.64206	-2.89885
15	5	15	3.22472	-2.54731	-0.969414
15	5	25	2.15442	-2.5588	0.632292
15	5	35	0.0216237	-3.11877	1.30483
15	5	45	-2.90761	-3.83449	-0.748272
15	5	55	-0.496919	-3.25123	-2.83862
15	5	65	0.825777	-3.22007	-3.30341
15	5	75	1.46452	-3.89437	-4.39751
15	5	85	2.46497	-3.87248	-3.96149
15	15	5	3.70319	-1.51728	-4.1944
15	15	15	6.65511	-0.541974	-1.36135
15	15	25	5.76768	-1.03477	0.360075
15	15	35	1.32253	-1.38202	0.938249
15	15	45	-0.880667	-1.76996	-1.70939
15	15	55	0.69618	-2.63229	-3.0632
15	15	65	1.28822	-1.88359	-2.83938
15	15	75	2.75529	-2.62978	-4.27776
15	15	85	3.62944	-2.52875	-4.57445
15	25	5	4.54837	-1.3638	-4.6776
15	25	15	5.93896	0.251523	-3.44451
15	25	25	5.75019	0.772677	-1.05319
15	25	35	2.17808	0.225534	-0.231794
15	25	45	0.574415	0.0456699	-1.46536
15	25	55	0.851341	-0.246531	-1.48146
15	25	65	1.34237	0.0477473	-1.53887
15	25	75	2.97869	-0.714208	-2.98202
15	25	85	4.32547	-2.11784	-4.62548
15	35	5	4.10906	-1.93984	-4.00523
15	35	15	2.94404	0.0738327	-2.30436
15	35	25	2.74841	0.617615	-0.0990316
15	35	35	1.25688	0.431367	-0.0395078
15	35	45	0.628715	0.106162	-0.845873
15	35	55	0.447335	0.0200681	-0.748568
15	35	65	0.335478	0.0582129	-0.441158
15	35	75	1.40043	-1.35749	-1.97877
15	35	85	3.87068	-2.76743	-4.4326
15	45	5	3.4312	-2.27808	-2.97392
15	45	15	2.51548	-1.96472	-1.43915
15	45	25	1.87311	-1.69654	-1.15367
15	45	35	0.535877	-1.18195	-1.04456
15	45	45	0.820102	-0.445918	-0.757826
15	45	55	0.403272	-0.362777	-0.730198
15	45	65	0.549115	-0.622242	-0.737089
15	45	75	1.19317	-1.44387	-1.47204
15	45	85	3.56949	-3.94016	-4.41213
15	55	5	4.33963	-3.20223	-4.17224
15	55	15	4.0793	-3.4904	-3.25672
15	55	25	4.30432	-4.41376	-1.97685
15	55	35	0.487671	-4.47705	-1.77797
15	55	45	-1.27081	-4.3761	-3.22042
15	55	55	-1.20569	-4.0461	-4.50851
15	55	65	0.543771	-2.37951	-2.23097
15	55	75	1.20721	-2.3786	-1.7369
15	55	85	4.42609	-3.18451	-4.65474
15	65	5	4.5921	-3.47501	-4.90324
15	65	15	4.81304	-3.58797	-3.80598
15	65	25	3.23772	-3.47366	-0.107588
15	65	35	0.985549	-4.15822	0.222523
15	65	45	-3.91252	-7.08571	-4.82028
15	65	55	-2.21117	-4.4924	-4.64152
15	65	65	-0.590872	-2.31147	-2.44898
15	65	75	0.562869	-1.86359	-1.98458
15	65	85	3.3043	-2.28483	-3.83933
15	75	5	4.06748	-2.57348	-3.99076
15	75	15	4.0303	-2.80111	-2.76355
15	75	25	2.70158	-2.52958	-0.0947741
15	75	35	0.330741	-2.83033	-0.0713041
15	75	45	-3.93915	-5.95637	-4.23555
15	75	55	-1.8955	-3.31798	-3.19057
15	75	65	-0.560565	-1.69224	-1.79942
15	75	75	-0.0420719	-1.76943	-2.17818
15	75	85	2.27359	-2.48474	-3.30943
15	85	5	2.43269	-2.62451	-3.06277
15	85	15	2.54886	-2.45068	-1.44872
15	85	25	1.0884	-2.64431	0.759312
15	85	35	-1.05049	-2.66241	0.686393
15	85	45	-3.31125	-4.79153	-2.33991
15	85	55	-1.01842	-2.42591	-2.10428
15	85	65	-0.628474	-2.69447	-2.51157
15	85	75	-0.64628	-2.98062	-3.13613
15	85	85	0.460919	-3.08185	-3.18439
25	5	5	-0.651082	-4.61099	-5.17237
25	5	15	-1.14875	-5.3258	-2.08258
25	5	25	-1.61177	-4.9123	2.66603
25	5	35	-2.20416	-5.41669	4.13628
25	5	45	-1.2282	-5.18206	0.541328
25	5	55	-0.314075	-3.46725	-3.21541
25	5	65	0.0763974	-4.07901	-4.29603
25	5	75	-1.82398	-4.20444	-5.65907
25	5	85	-1.58652	-4.62752	-6.53957
25	15	5	0.942966	-5.18117	-7.04205
25	15	15	0.757948	-5.41094	-4.65096
25	15	25	0.79091	-4.96119	1.47712
25	15	35	-0.42873	-3.75837	4.37535
25	15	45	0.741871	-3.38689	-0.00845656
25	15	55	0.97465	-3.38638	-3.97765
25	15	65	0.950198	-3.68353	-4.3777
25	15	75	0.443932	-4.47656	-5.96765
25	15	85	0.374061	-4.69284	-6.60105
25	25	5	1.59639	-4.20641	-7.70012
25	25	15	2.43162	-2.65401	-4.41701
25	25	25	1.91169	-1.74672	0.163136
25	25	35	1.5966	-1.26386	1.69894
25	25	45	2.52451	-1.09364	-1.09452
25	25	55	1.86466	-1.29758	-2.22928
25	25	65	1.10564	-1.58785	-2.43037
25	25	75	1.11559	-3.23284	-4.79927
25	25	85	1.7581	-4.5276	-6.69341
25	35	5	2.81422	-2.90925	-5.80765
25	35	15	2.22973	-0.8483	-2.17831
25	35	25	1.3405	-0.687591	-0.0609154
25	35	35	1.90979	-0.999747	0.0516373
25	35	45	2.82341	-0.842706	-2.26927
25	35	55	1.51691	-0.0912345	-1.35544
25	35	65	0.467819	-0.367288	-0.769852
25	35	75	1.15613	-1.85647	-2.44824
25	35	85	2.77847	-3.74399	-5.21244
25	45	5	3.53683	-2.09844	-4.27823
25	45	15	2.19412	-1.1044	-1.77985
25	45	25	2.04631	-1.51072	-0.871437
25	45	35	2.92283	-1.2689	-1.35219
25	45	45	3.02138	-0.438395	-2.59993
25	45	55	0.972104	0.0507833	-1.04465
25	45	65	0.749202	-0.451434	-0.983858
25	45	75	0.905622	-2.10549	-2.95807
25	45	85	3.24734	-3.66482	-5.90592
25	55	5	5.35168	-2.24764	-6.14052
25	55	15	3.93005	-2.36798	-3.59537
25	55	25	3.22086	-2.61863	-0.789378
25	55	35	3.59907	-2.68714	-1.11949
25	55	45	3.47032	-0.98894	-2.77677
25	55	55	2.34022	-0.750495	-3.29147
25	55	65	1.54461	-0.946695	-2.02916
25	55	75	2.21291	-1.56619	-4.431
25	55	85	4.71978	-3.11401	-7.57275
25	65	5	4.61235	-3.15857	-6.6955
25	65	15	3.6576	-2.55774	-3.58472
25	65	25	3.27132	-3.38555	1.33218
25	65	35	3.40627	-4.70111	2.00261
25	65	45	0.800405	-6.0205	-4.58855
25	65	55	1.77462	-3.31856	-4.93924
25	65	65	1.68688	-1.72868	-3.19136
25	65	75	1.87118	-1.01258	-3.71474
25	65	85	3.764	-1.27848	-6.13876
25	75	5	0.52705	-1.11336	-4.01385
25	75	15	0.824518	-0.969197	-1.25611
25	75	25	0.900377	-1.39951	1.22301
25	75	35	1.57877	-3.77532	1.98488
25	75	45	1.0883	-4.59638	-4.1796
25	75	55	1.0575	-3.19798	-4.26203
25	75	65	0.515744	-2.09169	-2.79164
25	75	75	-0.0999361	-0.93613	-2.70133
25	75	85	0.0434559	-0.370907	-4.17221
25	85	5	-0.485502	-1.14655	-2.4913
25	85	15	-0.329456	-1.23665	-0.515234
25	85	25	-0.367438	-1.34998	1.05315
25	85	35	-0.534945	-2.67083	1.27706
25	85	45	0.0526394	-4.15221	-1.66738
25	85	55	-0.0752066	-2.76612	-2.65407
25	85	65	-1.10287	-3.15744	-3.34054
25	85	75	-1.97909	-1.45196	-3.57806
25	85	85	-1.73517	-1.48421	-3.79234
35	5	5	-5.09874	-6.0183	-4.89986
35	5	15	-4.60166	-5.61923	-2.17238
35	5	25	-2.70071	-3.92609	1.55208
35	5	35	-2.2796	-5.05966	2.74786
35	5	45	2.58059	-6.5181	-2.5506
35	5	55	2.32164	-5.03165	-4.35074
35	5	65	1.02519	-4.45539	-4.57218
35	5	75	-1.49493	-4.85817	-5.11653
35	5	85	-5.2994	-5.67299	-5.70486
35	15	5	-5.0931	-6.54196	-5.52742
35	15	15	-4.68683	-8.22675	-5.13328
35	15	25	-2.20254	-7.21077	0.137525
35	15	35	-0.575636	-5.36153	2.46679
35	15	45	3.52314	-5.04955	-2.81293
35	15	55	2.54819	-4.82751	-4.81233
35	15	65	1.61827	-4.56597	-4.53256
35	15	75	-1.02266	-5.79316	-5.165
35	15	85	-2.99315	-6.10724	-5.83039
35	25	5	-2.21785	-5.25588	-6.76865
35	25	15	-2.0165	-5.73565	-6.28534
35	25	25	-0.255491	-5.51062	0.538901
35	25	35	1.50088	-4.55007	1.6145
35	25	45	3.2459	-3.05959	-2.24687
35	25	55	2.65309	-2.2972	-2.981
35	25	65	1.72451	-2.80024	-3.4175
35	25	75	0.609844	-4.26705	-5.26444
35	25	85	-1.34289	-5.43361	-6.38162
35	35	5	0.0508563	-4.62091	-7.45026
35	35	15	2.18784	-3.22017	-3.78853
35	35	25	1.19421	-2.55009	0.443696
35	35	35	2.98185	-3.02219	-0.0822672
35	35	45	3.38516	-1.37704	-2.61294
35	35	55	2.84591	-0.628424	-2.7061
35	35	65	1.4581	-1.16907	-1.75935
35	35	75	1.08222	-3.22255	-3.72028
35	35	85	-0.140889	-4.79722	-6.10792
35	45	5	3.22764	-1.99045	-6.16274
35	45	15	2.86031	-1.33281	-2.97872
35	45	25	1.86361	-1.03599	-0.0642807
35	45	35	4.19364	-1.75387	-1.69148
35	45	45	4.83735	-0.248535	-3.83861
35	45	55	3.63144	0.97128	-3.4233
35	45	65	1.90581	0.529238	-2.03704
35	45	75	2.21474	-1.45539	-3.71545
35	45	85	2.18252	-3.36173	-6.4518
35	55	5	4.2834	3.09782	-7.5929
35	55	15	4.22033	1.03562	-4.1533
35	55	25	4.07568	-0.875927	-0.531023
35	55	35	6.19794	-0.640599	-1.08206
35	55	45	5.854	-0.694293	-3.76674
35	55	55	5.03268	1.00999	-4.41974
35	55	65	3.80704	0.896371	-3.75111
35	55	75	3.75295	0.33582	-4.59387
35	55	85	3.52278	1.81942	-8.23674
35	65	5	3.80258	2.88375	-7.06706
35	65	15	3.98296	0.133603	-4.31996
35	65	25	4.51791	0.34732	0.355212
35	65	35	6.65226	-2.24281	0.670167
35	65	45	6.08266	-3.0064	-4.30632
35	65	55	4.50326	-1.09169	-4.67929
35	65	65	4.16894	-0.0309348	-4.52429
35	65	75	3.95876	1.91015	-4.53592
35	65	85	2.74904	4.13003	-7.20252
35	75	5	0.9014	2.68287	-4.88591
35	75	15	0.77772	0.608215	-1.40963
35	75	25	1.37994	0.296669	0.332029
35	75	35	3.68538	-1.57546	0.380342
35	75	45	4.74953	-3.37227	-3.58305
35	75	55	3.20661	-2.61789	-3.77846
35	75	65	1.71842	-0.601959	-2.51767
35	75	75	1.58748	2.32625	-3.68634
35	75	85	1.00895	3.81604	-5.56284
35	85	5	-1.51617	0.658926	-1.96226
35	85	15	-0.52737	-0.18213	-0.260971
35	85	25	-0.417679	-0.330175	0.205764
35	85	35	0.616381	-1.67899	0.185675
35	85	45	2.789	-4.04972	-2.33374
35	85	55	1.19643	-2.96587	-2.62574
35	85	65	-0.0310534	-2.79332	-3.48094
35	85	75	-1.0708	0.848586	-3.65136
35	85	85	-1.78307	1.5567	-3.72565
45	5	5	-4.22735	-5.57547	-2.84285
45	5	15	-3.57455	-4.72872	-1.3541
45	5	25	-2.0595	-3.00779	0.646677
45	5	35	0.00272348	-3.84037	0.0226905
45	5	45	3.97242	-6.4832	-3.75621
45	5	55	3.77271	-5.78059	-4.64155
45	5	65	3.01823	-6.12462	-4.52317
45	5	75	1.67075	-8.88312	-4.31944
45	5	85	-4.55588	-7.75083	-3.32856
45	15	5	-4.51824	-6.31324	-4.30153
45	15	15	-4.78655	-6.57171	-4.10625
45	15	25	-0.685745	-4.40392	-0.936525
45	15	35	1.61358	-3.72187	-1.37097
45	15	45	4.33261	-4.45319	-3.86449
45	15	55	3.59141	-4.57555	-4.30866
45	15	65	3.15324	-5.15743	-3.92073
45	15	75	0.600092	-6.1023	-3.47405
45	15	85	-3.83741	-6.22302	-4.0263
45	25	5	-3.67339	-4.82068	-5.72564
45	25	15	-3.24888	-3.66765	-4.01104
45	25	25	-1.30228	-3.46799	-0.969497
45	25	35	2.10712	-3.80929	-1.52044
45	25	45	3.9338	-3.60776	-3.05515
45	25	55	3.2704	-2.75294	-3.42495
45	25	65	2.23266	-2.4819	-2.54804
45	25	75	1.28836	-3.56805	-3.29514
45	25	85	-2.0266	-4.93428	-5.27525
45	35	5	-3.23387	-4.82726	-5.61943
45	35	15	-1.14402	-2.51606	-2.25725
45	35	25	0.222287	-1.92737	-0.291395
45	35	35	2.36442	-2.4049	-0.598795
45	35	45	3.18298	-2.39799	-2.46516
45	35	55	2.98738	-1.85974	-2.78892
45	35	65	1.94881	-1.76699	-2.02261
45	35	75	1.05506	-2.8966	-3.00292
45	35	85	-2.2462	-5.04132	-5.19762
45	45	5	-1.48704	-3.62045	-4.8797
45	45	15	0.878212	-0.840001	-1.68558
45	45	25	1.04325	-0.663504	-0.153948
45	45	35	3.79524	-1.0572	-2.28994
45	45	45	4.95208	-0.940982	-3.68431
45	45	55	4.28304	-0.273839	-3.97774
45	45	65	3.44235	0.729035	-3.28828
45	45	75	2.98574	-2.20327	-3.73196
45	45	85	-2.34076	-4.86463	-5.65478
45	55	5	-0.322241	0.912843	-5.00881
45	55	15	1.90869	0.440746	-2.54667
45	55	25	2.52152	-0.0784289	-0.214856
45	55	35	5.43311	0.194424	-2.61777
45	55	45	5.96394	0.186733	-3.94314
45	55	55	4.67129	0.291389	-4.04138
45	55	65	4.48332	1.2849	-3.94937
45	55	75	3.43386	0.0989237	-3.9226
45	55	85	-2.53659	-1.61514	-6.8751
45	65	5	0.0618239	2.59944	-4.33655
45	65	15	1.60214	0.955931	-2.54871
45	65	25	3.05185	1.41562	-0.792146
45	65	35	5.42364	0.584079	-2.68298
45	65	45	6.25179	-0.339024	-4.07083
45	65	55	5.16899	-0.119043	-4.20297
45	65	65	4.63506	0.899038	-3.92365
45	65	75	2.65241	1.81263	-2.4623
45	65	85	-0.371879	2.70665	-4.04365
45	75	5	-0.309992	2.86461	-3.40317
45	75	15	1.05374	1.61324	-1.68885
45	75	25	1.4063	1.19804	-1.03779
45	75	35	4.12883	0.379987	-2.60575
45	75	45	3.96158	-0.910605	-2.7433
45	75	55	3.28586	-0.29024	-2.7579
45	75	65	2.11815	0.855311	-1.95444
45	75	75	2.04943	2.5623	-2.39319
45	75	85	-0.213126	3.47736	-4.02282
45	85	5	-0.526799	0.583115	-0.875366
45	85	15	-0.0847434	0.0827043	-0.276701
45	85	25	0.439067	0.11464	-0.444094
45	85	35	1.44916	-1.35045	-1.32944
45	85	45	2.36792	-2.71052	-2.00546
45	85	55	1.89923	-2.40244	-2.17574
45	85	65	0.790196	-1.62771	-2.79853
45	85	75	0.541721	0.621084	-3.38253
45	85	85	-1.2637	1.13837	-2.7881
55	5	5	-1.53917	-4.13468	-1.5096
55	5	15	-1.0351	-3.88859	-1.15833
55	5	25	1.08513	-3.6271	-1.07828
55	5	35	2.175	-4.80385	-2.00568
55	5	45	4.26032	-5.70195	-2.9035
55	5	55	3.99036	-5.18687	-3.97113
55	5	65	3.85289	-6.83482	-4.24241
55	5	75	1.7302	-8.62109	-3.67411
55	5	85	-1.64415	-6.99048	-2.16919
55	15	5	-2.35866	-4.66887	-3.08787
55	15	15	-1.19645	-5.49911	-4.40434
55	15	25	2.3138	-5.35431	-3.94024
55	15	35	2.88928	-4.85065	-3.59504
55	15	45	3.71801	-4.1137	-3.84081
55	15	55	3.37191	-3.78057	-3.56352
55	15	65	3.75706	-4.68721	-2.52883
55	15	75	2.69958	-4.69585	-1.11395
55	15	85	-0.754177	-3.65333	-1.67445
55	25	5	-3.50731	-3.83738	-4.18951
55	25	15	-1.49591	-2.81459	-3.88134
55	25	25	0.0221776	-2.49459	-2.29256
55	25	35	1.98758	-4.2595	-3.99298
55	25	45	3.25524	-3.62175	-3.87865
55	25	55	3.09777	-2.97738	-2.91447
55	25	65	2.34584	-2.53345	-1.55103
55	25	75	1.60995	-2.48274	-0.759027
55	25	85	-0.747181	-2.42351	-2.30265
55	35	5	-2.39741	-2.65286	-3.00963
55	35	15	-0.933373	-1.5732	-1.86183
55	35	25	-0.479744	-1.71359	-1.31197
55	35	35	1.35978	-2.71228	-2.3403
55	35	45	1.87686	-2.18481	-2.10277
55	35	55	1.47308	-1.74914	-1.5984
55	35	65	1.38983	-1.86929	-1.24959
55	35	75	0.526666	-1.50051	-0.789917
55	35	85	-1.42415	-2.74501	-2.17555
55	45	5	-2.33472	-2.1281	-2.09619
55	45	15	-0.393275	-0.924808	-0.928081
55	45	25	0.146864	-1.07043	-1.22345
55	45	35	2.00734	-1.39846	-2.20119
55	45	45	1.53506	-0.90825	-1.67664
55	45	55	1.2337	-0.890668	-1.41658
55	45	65	1.24166	-1.02505	-1.33331
55	45	75	0.350894	-0.814025	-0.466051
55	45	85	-3.05448	-2.38072	-3.61564
55	55	5	-1.28712	-0.355711	-1.54646
55	55	15	-0.095371	-1.09745	-1.89071
55	55	25	0.720674	-1.26559	-1.7907
55	55	35	3.60102	0.21797	-3.68752
55	55	45	3.79445	0.652161	-3.46719
55	55	55	2.40822	-0.00718924	-2.30375
55	55	65	1.98426	0.282634	-1.59302
55	55	75	0.634939	-0.160633	-0.451705
55	55	85	-2.43265	-0.126452	-2.14953
55	65	5	-1.02043	0.31008	-2.26786
55	65	15	0.468311	-0.239984	-2.50031
55	65	25	1.39643	-0.504797	-2.33878
55	65	35	4.39893	1.25203	-5.87623
55	65	45	4.70602	1.59492	-4.69702
55	65	55	3.98094	0.867632	-3.11861
55	65	65	2.75224	0.827426	-2.0798
55	65	75	1.08695	0.85122	-0.461238
55	65	85	-1.12586	0.285359	-1.21302
55	75	5	-0.60119	1.00193	-1.98119
55	75	15	0.482857	0.521756	-1.86582
55	75	25	1.50666	0.862556	-2.13561
55	75	35	3.78325	0.00949368	-4.6243
55	75	45	3.22817	0.535098	-2.86188
55	75	55	2.84696	0.586523	-1.90786
55	75	65	2.25859	1.53292	-1.61055
55	75	75	1.48668	1.47359	-0.783656
55	75	85	-0.520197	1.04982	-1.25504
55	85	5	-0.0223785	0.355643	-0.85468
55	85	15	0.277328	0.0166188	-0.560749
55	85	25	0.625854	-0.0462394	-0.827501
55	85	35	2.17358	-1.57406	-2.11052
55	85	45	2.75795	-2.74863	-1.93054
55	85	55	3.12092	-2.28762	-2.07539
55	85	65	2.45611	-0.706303	-1.87272
55	85	75	1.55598	-0.0802473	-1.37794
55	85	85	0.244124	0.590945	-1.35736
65	5	5	2.12981	-1.98528	-0.949068
65	5	15	1.88203	-2.3006	-1.7507
65	5	25	2.97838	-3.61551	-1.9372
65	5	35	3.84423	-6.01842	-3.73196
65	5	45	4.81007	-6.00883	-4.25144
65	5	55	4.76056	-5.26073	-3.16723
65	5	65	4.72413	-4.6122	-2.80464
65	5	75	3.47549	-3.27652	-1.70469
65	5	85	3.14929	-2.53346	-1.49495
65	15	5	1.83294	-3.80997	-3.44279
65	15	15	2.83614	-5.31156	-4.96702
65	15	25	4.31042	-6.63805	-4.74075
65	15	35	4.74002	-7.02904	-5.18509
65	15	45	5.0321	-7.02321	-5.03919
65	15	55	3.9932	-5.35383	-3.99614
65	15	65	4.76163	-6.71994	-3.27559
65	15	75	3.65976	-5.25454	-0.592186
65	15	85	2.4474	-2.70908	-0.709323
65	25	5	-0.050727	-3.77617	-5.30425
65	25	15	2.49711	-3.96073	-6.54403
65	25	25	3.07891	-4.74631	-5.90966
65	25	35	3.68511	-6.16258	-5.81427
65	25	45	3.68998	-5.79655	-5.95004
65	25	55	2.87641	-3.28686	-4.15775
65	25	65	2.65624	-2.74525	-1.5332
65	25	75	1.41321	-2.4697	0.657939
65	25	85	0.717	-1.73728	-0.330551
65	35	5	0.130016	-3.55247	-4.29848
65	35	15	0.678366	-2.6214	-3.18172
65	35	25	-0.347911	-2.33539	-2.46212
65	35	35	-0.0172858	-4.27021	-4.5836
65	35	45	0.703929	-3.14347	-3.40866
65	35	55	0.657186	-1.24851	-1.38696
65	35	65	0.41693	-1.2603	-0.272587
65	35	75	0.0863467	-1.22329	0.0567573
65	35	85	-0.461516	-1.70018	-0.604983
65	45	5	-0.425643	-2.58666	-2.64185
65	45	15	-0.717636	-1.95694	-1.98408
65	45	25	-1.18244	-2.70266	-2.69548
65	45	35	-1.35149	-3.40573	-3.82255
65	45	45	-0.816961	-2.941	-3.09532
65	45	55	-1.34996	-2.25755	-1.45283
65	45	65	-1.094	-2.03322	0.0871358
65	45	75	-1.35174	-1.81262	0.828332
65	45	85	-2.262	-1.86396	-1.63684
65	55	5	-1.00144	-0.841804	-1.73213
65	55	15	0.299802	-2.11549	-2.89153
65	55	25	0.335228	-3.74754	-4.55153
65	55	35	-0.0178648	-3.09473	-5.90941
65	55	45	-1.10447	-2.72639	-4.91191
65	55	55	-1.95658	-3.08135	-2.98051
65	55	65	-0.765777	-1.59644	0.137694
65	55	75	-1.38044	-1.534	1.63297
65	55	85	-1.70696	-1.27223	0.0432098
65	65	5	-0.696721	-0.238249	-3.27257
65	65	15	1.0825	-1.77991	-4.84654
65	65	25	1.24684	-2.39084	-6.74648
65	65	35	2.83557	-0.537954	-9.28865
65	65	45	3.02675	-0.281854	-8.56251
65	65	55	1.09268	-1.11332	-3.85091
65	65	65	0.953396	-0.626722	-0.379906
65	65	75	0.296113	-0.0388873	1.20909
65	65	85	-0.581521	-0.377577	0.0415835
65	75	5	0.5318	1.01058	-3.32454
65	75	15	0.708124	-0.283037	-3.78444
65	75	25	1.37766	-0.456102	-5.69266
65	75	35	3.16929	-1.60436	-8.52857
65	75	45	3.80122	-1.63882	-7.26389
65	75	55	2.08626	0.265338	-2.67686
65	75	65	2.05322	0.803726	-0.316462
65	75	75	1.00137	0.713429	0.531947
65	75	85	0.351257	0.724546	-0.316502
65	85	5	0.391127	0.365866	-0.938194
65	85	15	0.20693	-0.228343	-0.916938
65	85	25	0.434939	-1.02519	-2.3835
65	85	35	2.41312	-3.79977	-5.89865
65	85	45	3.52001	-3.35354	-4.31682
65	85	55	2.79492	-2.17573	-2.08938
65	85	65	2.65906	-1.52698	-1.50377
65	85	75	1.80629	-0.217434	-0.43591
65	85	85	0.82237	0.218825	-0.416604
75	5	5	3.31491	-0.32721	-2.64443
75	5	15	2.62096	0.142014	-2.2875
75	5	25	3.22595	-1.21659	-2.45107
75	5	35	4.94816	-4.61671	-6.69615
75	5	45	5.90063	-3.173	-7.74747
75	5	55	5.52643	-3.20102	-5.76243
75	5	65	5.17837	-3.29125	-3.72063
75	5	75	4.63529	-2.40807	-2.23796
75	5	85	4.12885	-1.06006	-2.78212
75	15	5	5.77316	-2.52159	-3.73417
75	15	15	6.0741	-3.98886	-4.67161
75	15	25	5.85333	-3.41539	-4.04454
75	15	35	6.10697	-5.02378	-6.912
75	15	45	6.64952	-6.857	-8.22341
75	15	55	6.00148	-5.99575	-6.44322
75	15	65	6.64562	-5.33318	-3.97495
75	15	75	5.92382	-4.1999	-1.75214
75	15	85	6.04995	-2.40447	-2.75061
75	25	5	4.91615	-3.27772	-4.67697
75	25	15	5.39134	-3.30554	-5.91593
75	25	25	5.59311	-3.80757	-6.24348
75	25	35	4.46731	-5.65142	-8.4549
75	25	45	4.39484	-6.76607	-9.15366
75	25	55	4.43197	-5.67142	-6.90952
75	25	65	4.79918	-4.84616	-2.75936
75	25	75	3.04324	-3.29787	0.846529
75	25	85	3.22347	-2.53415	-0.0141358
75	35	5	2.79527	-2.83405	-3.66945
75	35	15	3.07572	-2.97763	-4.0434
75	35	25	2.44131	-3.09247	-3.51828
75	35	35	0.603075	-4.25756	-6.19712
75	35	45	-0.0371359	-3.66762	-6.69909
75	35	55	1.16003	-2.13304	-3.25439
75	35	65	1.54358	-1.91959	-0.396347
75	35	75	0.860872	-1.72762	0.62577
75	35	85	1.47024	-2.22332	-1.00318
75	45	5	1.92412	-2.4863	-2.35491
75	45	15	0.30118	-3.34425	-3.37309
75	45	25	-1.13513	-3.5134	-3.95143
75	45	35	-2.63859	-3.08438	-5.00588
75	45	45	-2.32752	-2.93525	-3.84266
75	45	55	-1.78774	-3.16058	-2.44998
75	45	65	-1.76866	-2.952	-0.00548
75	45	75	-1.64699	-3.39342	0.86921
75	45	85	1.62051	-3.4551	-2.10827
75	55	5	0.728784	-2.00412	-2.96614
75	55	15	-0.131052	-3.00405	-3.88138
75	55	25	-1.5668	-4.10218	-5.39658
75	55	35	-4.64524	-1.39839	-7.8518
75	55	45	-5.79889	-4.99428	-7.04737
75	55	55	-5.64737	-6.81982	-4.89171
75	55	65	-3.45839	-5.37945	-0.229757
75	55	75	-1.86855	-3.97826	3.14068
75	55	85	-0.12347	-2.81942	-0.335103
75	65	5	1.49183	-2.11786	-5.17778
75	65	15	1.08181	-2.27278	-7.17117
75	65	25	0.0916736	-3.57349	-7.66007
75	65	35	-1.3089	-5.25977	-9.4547
75	65	45	-3.63602	-5.70348	-8.93296
75	65	55	-2.93927	-6.40262	-6.56384
75	65	65	0.0687116	-4.50273	-1.10883
75	65	75	1.03715	-3.01056	2.83127
75	65	85	0.920211	-1.68108	-0.479853
75	75	5	2.59308	0.378299	-4.23441
75	75	15	3.46791	-0.202186	-5.54912
75	75	25	2.76642	-2.30706	-6.75898
75	75	35	1.17995	-4.09901	-8.89944
75	75	45	0.979124	-2.92749	-9.77893
75	75	55	2.79435	-2.32973	-7.44209
75	75	65	3.37806	-1.3386	-1.83298
75	75	75	2.72882	-1.10582	1.02734
75	75	85	2.139	-0.135076	-0.558531
75	85	5	1.66307	0.652348	-1.74333
75	85	15	1.41184	0.213253	-2.07772
75	85	25	1.65038	-0.818897	-3.04136
75	85	35	2.391	-2.53972	-7.65972
75	85	45	3.61517	-1.45782	-7.77861
75	85	55	3.90363	-2.09248	-4.54232
75	85	65	3.60979	-1.64074	-2.23111
75	85	75	2.54426	-1.30765	-0.161368
75	85	85	1.90364	0.211582	-0.588831
85	5	5	5.68785	1.58081	-3.97273
85	5	15	4.84884	1.40738	-3.81113
85	5	25	6.28448	0.535656	-4.11572
85	5	35	5.42741	-1.86355	-7.15772
85	5	45	4.93639	-2.02066	-7.63573
85	5	55	6.02233	0.106676	-6.16115
85	5	65	7.31891	1.31704	-4.98391
85	5	75	8.8722	1.3399	-4.08687
85	5	85	8.15198	0.814587	-4.46339
85	15	5	7.17071	-0.0540749	-2.86054
85	15	15	8.36329	-0.246899	-3.4993
85	15	25	9.50007	1.77811	-3.60245
85	15	35	6.769	1.62338	-6.76647
85	15	45	3.63215	0.181127	-7.99882
85	15	55	5.0449	0.744277	-6.49003
85	15	65	6.80527	0.247822	-4.37488
85	15	75	8.14774	0.854111	-3.05117
85	15	85	7.7797	0.944717	-3.27338
85	25	5	6.16772	-2.16075	-3.79535
85	25	15	7.55058	-2.48676	-5.06156
85	25	25	7.02302	-1.20005	-5.20403
85	25	35	4.65457	1.36882	-7.25105
85	25	45	1.70487	0.517544	-7.87963
85	25	55	2.3114	1.26287	-5.1842
85	25	65	3.9253	-0.310285	-2.44321
85	25	75	4.32734	-0.653959	0.193836
85	25	85	5.49029	-2.05005	-1.41627
85	35	5	3.38025	-2.44283	-2.79662
85	35	15	3.72758	-2.40625	-3.73657
85	35	25	2.64515	-1.83669	-3.22405
85	35	35	-0.689444	-1.21484	-3.77444
85	35	45	-0.955511	-1.40787	-3.97392
85	35	55	0.607256	-0.101473	-1.88432
85	35	65	0.813907	-0.57353	-0.26815
85	35	75	1.46642	-1.43632	-0.145482
85	35	85	2.54805	-2.49192	-1.43815
85	45	5	3.15107	-3.3029	-2.38869
85	45	15	1.05655	-3.02728	-3.12639
85	45	25	-1.04875	-3.4851	-3.53893
85	45	35	-3.48183	-2.56815	-3.71218
85	45	45	-2.93177	-2.26349	-2.83699
85	45	55	-1.76101	-2.14694	-1.60074
85	45	65	-1.32465	-2.55896	-0.956601
85	45	75	-1.21242	-3.1462	-0.504508
85	45	85	2.20145	-4.20466	-3.05486
85	55	5	4.15544	-4.67301	-4.85787
85	55	15	1.60725	-4.41814	-4.85357
85	55	25	-1.45573	-4.95967	-5.05669
85	55	35	-6.00776	-6.14126	-6.89276
85	55	45	-6.19345	-7.0255	-6.42865
85	55	55	-4.90326	-6.69679	-4.41219
85	55	65	-3.05348	-7.18501	-1.60086
85	55	75	-2.98073	-7.31844	-0.738041
85	55	85	2.62937	-6.94851	-3.79966
85	65	5	4.92064	-3.45564	-5.15213
85	65	15	3.4819	-3.78968	-5.45567
85	65	25	1.62394	-4.4386	-5.34261
85	65	35	-3.08291	-6.08593	-7.61202
85	65	45	-6.33697	-7.50288	-7.49048
85	65	55	-4.11441	-7.1808	-5.90236
85	65	65	0.730254	-7.34276	-3.62169
85	65	75	1.96725	-8.22246	-0.0573852
85	65	85	3.95511	-6.03318	-2.35642
85	75	5	4.9439	-1.37657	-3.61462
85	75	15	4.01532	-0.426655	-4.07884
85	75	25	3.31386	-2.55684	-4.27436
85	75	35	-0.740517	-5.88254	-6.98656
85	75	45	-4.48597	-6.77484	-7.97174
85	75	55	0.894095	-6.11763	-6.02335
85	75	65	3.90026	-6.24411	-3.91753
85	75	75	4.30608	-5.40765	-1.0933
85	75	85	4.92824	-3.4567	-1.91011
85	85	5	4.30442	0.983216	-3.44121
85	85	15	4.76411	1.2652	-4.49645
85	85	25	4.97566	-1.04808	-4.7823
85	85	35	2.28629	-4.72221	-7.32285
85	85	45	0.639011	-4.25005	-7.18811
85	85	55	4.60913	-2.76884	-6.05948
85	85	65	5.98928	-1.81292	-4.47658
85	85	75	6.13036	-2.08218	-2.71705
85	85	85	4.89904	-1.29978	-2.22528
