5	5	5	2.6534	-3.5684	-3.58996
5	5	15	2.65149	-2.81985	-2.75947
5	5	25	3.07628	-4.59173	-4.54649
5	5	35	3.74154	-5.47365	-5.78477
5	5	45	3.09333	-5.36332	-4.93903
5	5	55	2.8535	-4.63475	-4.54503
5	5	65	3.02218	-5.10583	-5.27995
5	5	75	3.53949	-5.17939	-5.88214
5	5	85	3.03442	-4.0616	-4.50335
5	15	5	2.59419	-4.23876	-4.27868
5	15	15	2.57509	-2.63765	-2.65444
5	15	25	2.69749	-3.68025	-3.81382
5	15	35	3.20885	-5.03467	-5.62725
5	15	45	2.6174	-4.05459	-4.0099
5	15	55	2.60495	-3.72376	-3.67504
5	15	65	2.75765	-4.69571	-4.77173
5	15	75	3.51589	-5.12234	-6.04392
5	15	85	2.89268	-5.11943	-5.41867
5	25	5	2.61293	-4.28157	-4.3425
5	25	15	2.63248	-2.63457	-2.71482
5	25	25	2.67129	-2.91213	-3.03185
5	25	35	2.77692	-4.33699	-4.51432
5	25	45	2.61522	-3.23868	-3.17617
5	25	55	2.55407	-3.36171	-3.35978
5	25	65	2.59393	-4.33799	-4.37597
5	25	75	3.11273	-5.10069	-5.65981
5	25	85	2.81962	-5.12215	-5.35047
5	35	5	2.81328	-4.46246	-4.68384
5	35	15	2.89224	-2.84074	-3.14033
5	35	25	2.81803	-3.27631	-3.37813
5	35	35	2.95741	-4.40595	-4.04203
5	35	45	3.27682	-3.8301	-3.14673
5	35	55	3.5728	-4.15477	-3.13475
5	35	65	3.47112	-4.96677	-4.12677
5	35	75	3.05185	-5.39759	-5.29678
5	35	85	2.76108	-5.12242	-5.25162
5	45	5	3.51164	-5.00208	-5.20181
5	45	15	3.65472	-3.9617	-4.30046
5	45	25	3.07373	-5.18927	-5.00177
5	45	35	3.75246	-6.01673	-4.8978
5	45	45	4.31674	-5.27574	-3.59333
5	45	55	4.82032	-5.17321	-2.90484
5	45	65	4.66303	-5.63522	-3.60402
5	45	75	4.23428	-6.67064	-5.18902
5	45	85	3.25632	-5.64321	-5.14602
5	55	5	3.74094	-4.34948	-5.20372
5	55	15	3.32737	-4.35429	-4.7548
5	55	25	2.82928	-5.15673	-5.12979
5	55	35	2.83214	-5.23677	-5.07974
5	55	45	2.9089	-4.42197	-4.10828
5	55	55	3.51278	-4.47924	-3.55925
5	55	65	4.18421	-5.00809	-3.57598
5	55	75	3.81409	-6.17442	-5.23952
5	55	85	3.06695	-5.31163	-5.20806
5	65	5	3.20811	-3.11021	-3.70296
5	65	15	2.93015	-3.74329	-3.98375
5	65	25	2.81265	-5.00298	-5.1952
5	65	35	2.66382	-4.969	-4.97963
5	65	45	2.71484	-4.67615	-4.55912
5	65	55	2.99022	-3.85938	-3.50601
5	65	65	3.00528	-3.53243	-3.39945
5	65	75	2.91428	-5.21184	-5.2946
5	65	85	2.98479	-4.62789	-5.00936
5	75	5	2.87982	-3.16602	-3.36846
5	75	15	2.76077	-3.6058	-3.60434
5	75	25	2.67578	-4.46758	-4.52702
5	75	35	2.87857	-4.70746	-4.66649
5	75	45	2.76133	-4.21725	-4.18194
5	75	55	2.68182	-3.00336	-2.99977
5	75	65	2.83579	-4.20355	-4.44179
5	75	75	2.7977	-5.07407	-5.31717
5	75	85	2.92397	-4.30412	-4.63187
5	85	5	2.71701	-3.43023	-3.47184
5	85	15	2.73216	-3.68521	-3.58506
5	85	25	3.07372	-5.08275	-4.72087
5	85	35	3.4257	-5.65105	-5.23643
5	85	45	3.57001	-5.74672	-5.03718
5	85	55	3.36719	-5.62688	-4.99465
5	85	65	3.19365	-5.2284	-5.10775
5	85	75	3.39992	-5.398	-5.63965
5	85	85	3.0141	-4.4222	-4.4843
15	5	5	2.63641	-4.12487	-4.08939
15	5	15	2.65281	-3.08857	-3.02794
15	5	25	3.23467	-4.6729	-4.99252
15	5	35	3.56951	-5.37526	-5.78925
15	5	45	3.77699	-5.39142	-5.35881
15	5	55	3.37712	-4.97419	-4.2472
15	5	65	3.38136	-5.04455	-4.74189
15	5	75	3.94575	-5.36225	-6.22635
15	5	85	2.82299	-4.60397	-4.71178
15	15	5	2.56067	-4.74805	-4.74323
15	15	15	2.5763	-2.975	-2.9514
15	15	25	3.12232	-4.02486	-4.53601
15	15	35	3.51513	-5.05982	-5.99655
15	15	45	3.08363	-4.53479	-4.63999
15	15	55	2.85069	-3.4853	-3.44965
15	15	65	2.9562	-3.91326	-4.06947
15	15	75	3.80312	-5.22237	-6.22802
15	15	85	2.7144	-5.14556	-5.17928
15	25	5	2.5938	-4.64329	-4.64341
15	25	15	2.57406	-2.68697	-2.66555
15	25	25	2.85214	-3.47338	-3.6931
15	25	35	3.22326	-4.96331	-5.37588
15	25	45	2.93877	-3.71771	-3.59011
15	25	55	2.84625	-3.28919	-3.12602
15	25	65	2.75701	-3.73827	-3.85462
15	25	75	3.57592	-5.09504	-6.11508
15	25	85	2.66925	-5.14289	-5.17936
15	35	5	2.65614	-4.92424	-4.90496
15	35	15	2.57333	-2.82792	-2.80563
15	35	25	2.75547	-4.09633	-4.05348
15	35	35	3.3482	-5.47329	-4.76036
15	35	45	3.58824	-4.57537	-3.59435
15	35	55	3.77649	-4.12678	-2.94569
15	35	65	4.01344	-5.02891	-3.60788
15	35	75	3.55417	-5.66692	-5.50965
15	35	85	2.74415	-5.22417	-5.17293
15	45	5	3.059	-5.24914	-4.78212
15	45	15	3.16377	-4.76078	-4.58965
15	45	25	3.00918	-5.43253	-5.09842
15	45	35	3.24173	-5.67389	-5.10457
15	45	45	3.54904	-5.43425	-4.5246
15	45	55	4.34292	-5.37184	-3.58508
15	45	65	4.59526	-5.6063	-3.56329
15	45	75	4.66525	-6.71428	-5.56342
15	45	85	3.59134	-6.03136	-5.17283
15	55	5	2.91961	-4.82817	-4.5821
15	55	15	3.53972	-4.86073	-4.63283
15	55	25	3.08052	-5.53821	-5.13446
15	55	35	3.36931	-5.81203	-5.15963
15	55	45	3.12876	-5.1115	-4.5805
15	55	55	3.59216	-5.23206	-4.23114
15	55	65	4.4061	-5.97227	-4.19899
15	55	75	4.41487	-6.75219	-5.2942
15	55	85	3.5718	-6.01403	-5.01028
15	65	5	3.10248	-3.31018	-3.60136
15	65	15	2.99288	-4.12264	-4.24649
15	65	25	2.9334	-5.34351	-5.16552
15	65	35	2.78873	-5.23313	-5.20474
15	65	45	2.80821	-4.85323	-4.68467
15	65	55	2.71843	-4.00214	-3.88871
15	65	65	3.11502	-3.4905	-3.33504
15	65	75	3.02339	-5.23267	-5.37872
15	65	85	2.74447	-4.55089	-4.56558
15	75	5	3.06569	-2.93674	-3.402
15	75	15	3.00677	-3.57104	-3.80783
15	75	25	2.66902	-5.00575	-5.05921
15	75	35	2.83515	-5.03378	-5.08908
15	75	45	2.9294	-4.75069	-4.66441
15	75	55	2.79618	-3.10396	-2.92263
15	75	65	2.91138	-3.79911	-3.73978
15	75	75	3.01393	-5.1467	-5.44576
15	75	85	2.97829	-4.26251	-4.32762
15	85	5	2.79966	-3.92693	-4.09297
15	85	15	2.67616	-4.00208	-4.08677
15	85	25	2.716	-4.79043	-4.93376
15	85	35	2.98834	-5.15136	-5.26376
15	85	45	3.71673	-5.79579	-4.99084
15	85	55	3.79114	-5.62691	-4.53699
15	85	65	3.60042	-5.56364	-5.00321
15	85	75	3.49441	-5.50971	-5.60089
15	85	85	2.97496	-4.44445	-4.58239
25	5	5	3.04794	-4.94725	-4.96172
25	5	15	3.14038	-4.01932	-3.88546
25	5	25	3.49596	-4.84165	-5.36258
25	5	35	3.79343	-5.55901	-6.09421
25	5	45	3.85925	-5.52186	-5.59233
25	5	55	3.47079	-4.64077	-4.16022
25	5	65	3.80034	-4.59418	-5.07362
25	5	75	3.8224	-5.31933	-6.1424
25	5	85	3.07908	-5.08292	-5.28849
25	15	5	2.62398	-5.03445	-5.01938
25	15	15	2.69943	-3.38776	-3.40322
25	15	25	3.48484	-4.55149	-5.26262
25	15	35	3.51967	-5.10485	-6.00383
25	15	45	3.51481	-5.0128	-5.0387
25	15	55	3.62445	-4.29849	-3.60716
25	15	65	3.48192	-3.64437	-3.65466
25	15	75	4.28639	-5.33039	-6.58411
25	15	85	2.92052	-5.22359	-5.34978
25	25	5	2.70221	-4.95082	-4.88359
25	25	15	2.72233	-3.12483	-3.07611
25	25	25	3.18671	-4.1139	-4.51981
25	25	35	3.69919	-5.22245	-6.0055
25	25	45	3.90631	-4.61379	-4.46336
25	25	55	3.04192	-3.34242	-2.92141
25	25	65	3.15872	-2.99035	-3.27011
25	25	75	3.56513	-5.14218	-5.98349
25	25	85	2.68191	-5.11239	-5.22286
25	35	5	3.06257	-5.35308	-4.92256
25	35	15	2.94697	-3.82759	-3.47324
25	35	25	3.26825	-5.17013	-4.6937
25	35	35	3.86134	-5.79533	-5.4923
25	35	45	4.35391	-5.85753	-4.6587
25	35	55	4.30158	-4.86105	-3.22791
25	35	65	4.141	-4.7677	-3.42468
25	35	75	4.59952	-6.25512	-5.94112
25	35	85	3.25079	-5.66917	-5.1143
25	45	5	3.16476	-5.55534	-4.9425
25	45	15	2.95758	-5.1038	-4.77724
25	45	25	3.07218	-5.45119	-5.14219
25	45	35	3.28734	-5.41094	-5.48429
25	45	45	3.42783	-5.68147	-5.02407
25	45	55	4.30417	-6.1099	-4.42589
25	45	65	4.74939	-6.12973	-4.22557
25	45	75	4.80721	-6.78066	-5.61902
25	45	85	3.7427	-6.06779	-5.16816
25	55	5	3.0605	-4.91068	-4.48208
25	55	15	3.15921	-5.0022	-4.59645
25	55	25	3.53593	-6.0376	-5.12206
25	55	35	3.76943	-6.10982	-5.31005
25	55	45	4.33159	-6.67314	-5.14918
25	55	55	4.2253	-6.67337	-5.06013
25	55	65	4.6563	-6.65265	-4.71593
25	55	75	5.08254	-7.0579	-5.61613
25	55	85	3.73299	-6.17955	-5.04568
25	65	5	2.62499	-3.41391	-3.38014
25	65	15	2.92988	-4.20558	-4.11411
25	65	25	3.17198	-5.55886	-5.23219
25	65	35	3.3329	-5.71475	-5.27
25	65	45	3.27707	-5.5221	-4.80701
25	65	55	3.21296	-4.88777	-4.31646
25	65	65	3.35956	-4.20651	-3.69047
25	65	75	3.46898	-5.57544	-5.50884
25	65	85	2.71039	-4.47769	-4.44453
25	75	5	2.82397	-3.0192	-3.0122
25	75	15	2.66583	-3.66863	-3.71338
25	75	25	2.82535	-5.12061	-5.31227
25	75	35	2.80806	-5.14254	-5.31703
25	75	45	3.02341	-4.94484	-5.17155
25	75	55	3.03101	-3.39925	-3.34636
25	75	65	3.26282	-3.32851	-3.53776
25	75	75	3.00039	-5.30838	-5.26622
25	75	85	2.92226	-4.14646	-3.90756
25	85	5	2.96871	-4.16576	-4.37519
25	85	15	2.85908	-4.27951	-4.54464
25	85	25	3.09603	-4.92927	-5.35461
25	85	35	2.43428	-5.10027	-5.30193
25	85	45	2.80942	-4.78119	-5.23399
25	85	55	3.64133	-4.49478	-4.45626
25	85	65	4.42736	-5.18508	-5.40688
25	85	75	3.18555	-5.39679	-5.38131
25	85	85	3.3149	-4.88688	-5.11959
35	5	5	2.97354	-4.87523	-5.13216
35	5	15	3.04055	-4.30205	-4.38995
35	5	25	3.99744	-5.30875	-6.10798
35	5	35	3.89824	-5.6446	-5.85737
35	5	45	4.55638	-5.15207	-5.67527
35	5	55	4.58545	-3.76086	-4.6271
35	5	65	4.21207	-3.48349	-4.77478
35	5	75	3.48681	-5.068	-5.9621
35	5	85	3.27025	-5.00266	-5.63944
35	15	5	3.459	-5.57885	-5.44599
35	15	15	3.15831	-4.49455	-4.18097
35	15	25	3.99207	-5.31375	-5.75361
35	15	35	4.02294	-5.81671	-5.79999
35	15	45	4.8593	-5.46894	-5.52156
35	15	55	5.41216	-4.79966	-4.3746
35	15	65	4.71263	-3.83912	-4.4
35	15	75	4.09187	-5.16418	-6.30503
35	15	85	3.65572	-5.3219	-5.7866
35	25	5	3.01379	-5.34805	-5.0788
35	25	15	3.22661	-3.91185	-3.48336
35	25	25	4.0095	-5.1841	-5.12723
35	25	35	4.27513	-5.91048	-5.95124
35	25	45	4.48273	-5.47508	-4.73942
35	25	55	4.12953	-3.83324	-3.32531
35	25	65	3.87066	-3.4607	-3.59553
35	25	75	4.26823	-5.08889	-6.15568
35	25	85	3.06066	-4.76419	-5.14903
35	35	5	2.91854	-5.32484	-5.08678
35	35	15	3.2559	-4.68164	-4.0569
35	35	25	4.15945	-6.08832	-5.0407
35	35	35	5.42672	-6.79403	-6.16163
35	35	45	4.87512	-6.21488	-5.39082
35	35	55	4.09432	-4.99247	-3.82527
35	35	65	3.86553	-4.46661	-3.92336
35	35	75	4.13825	-5.51977	-6.02053
35	35	85	3.09545	-5.20674	-4.85992
35	45	5	3.48707	-5.91684	-5.06089
35	45	15	3.02303	-5.06964	-4.63765
35	45	25	3.08184	-5.39745	-5.23147
35	45	35	4.16355	-5.60267	-6.19279
35	45	45	3.94111	-5.47424	-5.95539
35	45	55	3.33834	-5.54043	-5.10116
35	45	65	4.10154	-5.87146	-5.04584
35	45	75	4.22341	-6.01599	-5.5884
35	45	85	3.90942	-6.41388	-5.10748
35	55	5	3.36444	-5.29372	-4.48056
35	55	15	3.54869	-4.27246	-3.8829
35	55	25	3.55117	-5.77315	-5.25648
35	55	35	3.72694	-5.79153	-5.58584
35	55	45	3.94552	-5.76761	-5.83007
35	55	55	3.93472	-6.10674	-5.43353
35	55	65	3.74643	-5.79918	-5.33188
35	55	75	3.96682	-6.19615	-5.38279
35	55	85	4.18765	-6.69526	-5.10424
35	65	5	2.8657	-3.37407	-3.18148
35	65	15	3.78383	-3.80755	-4.04292
35	65	25	3.26834	-5.26134	-5.47579
35	65	35	3.03307	-5.16848	-5.51707
35	65	45	3.14081	-5.10569	-5.56813
35	65	55	2.9072	-4.94249	-5.01452
35	65	65	3.11676	-4.70263	-4.62429
35	65	75	3.31727	-5.61644	-5.25508
35	65	85	2.86117	-5.00955	-4.74346
35	75	5	2.97472	-2.88675	-2.79221
35	75	15	3.07492	-3.53379	-3.68452
35	75	25	3.06256	-5.14275	-5.4876
35	75	35	2.8471	-5.12371	-5.37577
35	75	45	2.85686	-4.94207	-5.16783
35	75	55	3.00353	-3.69605	-3.86852
35	75	65	3.05593	-3.32622	-3.38953
35	75	75	3.04968	-5.21409	-5.00634
35	75	85	2.80609	-3.93174	-3.68706
35	85	5	3.10223	-4.11902	-4.54584
35	85	15	3.26166	-4.15864	-4.74717
35	85	25	3.41959	-5.11289	-5.82063
35	85	35	3.08901	-5.12198	-5.49918
35	85	45	3.08884	-4.84243	-5.35943
35	85	55	3.80121	-3.38046	-4.18261
35	85	65	3.99932	-3.73067	-4.64294
35	85	75	3.10621	-5.20848	-5.2898
35	85	85	2.90704	-5.02916	-4.96976
45	5	5	3.04032	-4.87643	-5.36573
45	5	15	2.97954	-4.50194	-4.88886
45	5	25	3.45258	-4.96352	-5.82191
45	5	35	3.43139	-5.13062	-5.97098
45	5	45	4.07552	-4.59646	-5.6889
45	5	55	4.95677	-3.24489	-4.86734
45	5	65	4.12908	-3.20836	-4.45595
45	5	75	2.99745	-4.61005	-5.01488
45	5	85	3.00153	-4.89924	-5.34974
45	15	5	3.10676	-5.01923	-5.33497
45	15	15	2.99316	-4.85626	-4.69759
45	15	25	4.1531	-5.6041	-6.00203
45	15	35	4.17893	-5.98359	-5.84373
45	15	45	5.31097	-5.64548	-6.23796
45	15	55	6.04391	-5.03238	-5.15652
45	15	65	5.45918	-4.86441	-5.4507
45	15	75	4.07145	-4.9664	-5.24598
45	15	85	3.79796	-4.44137	-5.16746
45	25	5	3.17486	-4.98125	-5.04267
45	25	15	2.71366	-4.32117	-4.2038
45	25	25	3.15149	-5.00115	-5.14068
45	25	35	3.9748	-5.49759	-6.11871
45	25	45	4.16595	-4.96397	-5.17386
45	25	55	4.31993	-3.71091	-4.07165
45	25	65	4.35588	-4.44558	-4.72514
45	25	75	4.24943	-5.06438	-5.83557
45	25	85	4.09071	-4.3413	-5.55776
45	35	5	3.34843	-5.13405	-4.69143
45	35	15	3.39119	-5.27964	-4.51981
45	35	25	3.27263	-5.4672	-4.98881
45	35	35	3.85186	-5.50853	-5.98977
45	35	45	3.87583	-5.18178	-5.38578
45	35	55	3.63585	-4.42604	-4.06405
45	35	65	3.8135	-5.01907	-4.95421
45	35	75	4.29669	-5.40103	-6.37935
45	35	85	3.88985	-4.93611	-5.27327
45	45	5	3.24557	-5.22642	-4.53857
45	45	15	3.23552	-4.64484	-4.00054
45	45	25	3.31424	-5.50114	-4.90276
45	45	35	3.9723	-6.01561	-5.59608
45	45	45	3.49346	-5.62124	-5.48322
45	45	55	3.13349	-5.21366	-5.19444
45	45	65	3.17307	-5.39518	-5.17233
45	45	75	4.05898	-5.57833	-5.95112
45	45	85	3.51704	-5.64873	-5.15555
45	55	5	2.95777	-4.88772	-4.48229
45	55	15	3.35427	-3.66245	-3.10163
45	55	25	3.55307	-5.44837	-4.57839
45	55	35	3.90428	-5.67299	-5.88223
45	55	45	3.58865	-5.41824	-5.78305
45	55	55	2.85743	-5.184	-5.12321
45	55	65	2.77589	-5.2022	-5.21975
45	55	75	2.95312	-5.19577	-5.39367
45	55	85	2.74364	-5.20951	-5.02174
45	65	5	3.25772	-3.96558	-3.66437
45	65	15	4.59401	-3.80572	-3.93649
45	65	25	3.13597	-4.76086	-4.68725
45	65	35	3.1023	-5.26755	-5.52432
45	65	45	3.41374	-5.1827	-5.84405
45	65	55	2.75568	-4.96386	-5.16486
45	65	65	2.61306	-4.9624	-5.02277
45	65	75	2.71147	-5.0994	-5.19976
45	65	85	2.71754	-5.18174	-5.02884
45	75	5	3.65058	-3.20977	-3.51864
45	75	15	3.95486	-3.25217	-4.43649
45	75	25	3.37878	-4.9887	-5.69222
45	75	35	2.85796	-5.12113	-5.4262
45	75	45	3.27555	-5.10211	-5.78728
45	75	55	2.75628	-4.04126	-4.20568
45	75	65	2.87423	-3.65681	-3.57842
45	75	75	3.03342	-4.68842	-4.40921
45	75	85	2.94944	-4.10787	-3.81306
45	85	5	3.47799	-3.87488	-4.67936
45	85	15	3.09999	-4.01224	-4.28183
45	85	25	3.29429	-5.08736	-5.74977
45	85	35	3.021	-5.28116	-5.39115
45	85	45	3.51711	-5.22363	-5.48652
45	85	55	4.34027	-3.56204	-4.1833
45	85	65	3.68868	-3.03594	-3.44395
45	85	75	3.04466	-4.66613	-4.67172
45	85	85	2.82152	-4.83864	-5.02549
55	5	5	3.03634	-4.21717	-4.66002
55	5	15	2.71347	-4.55628	-4.71872
55	5	25	3.07174	-4.97777	-5.45777
55	5	35	2.87898	-5.18448	-5.30528
55	5	45	3.00782	-4.95642	-5.02523
55	5	55	3.38946	-3.25446	-3.69926
55	5	65	3.25065	-3.81838	-4.08037
55	5	75	3.0415	-4.0603	-4.45703
55	5	85	2.85866	-4.40967	-4.67485
55	15	5	3.03789	-3.93879	-4.22406
55	15	15	2.59148	-4.75794	-4.69758
55	15	25	3.07105	-4.90963	-5.42964
55	15	35	2.99824	-5.12245	-5.52245
55	15	45	3.32229	-4.66846	-5.30684
55	15	55	3.31851	-3.39385	-3.90887
55	15	65	4.03653	-4.58136	-5.65828
55	15	75	3.21886	-4.50349	-4.88607
55	15	85	3.19677	-4.17231	-4.457
55	25	5	2.67947	-3.78524	-3.83045
55	25	15	2.5523	-4.63883	-4.63843
55	25	25	2.75191	-4.81119	-5.01234
55	25	35	3.37188	-5.10009	-5.92085
55	25	45	2.9567	-4.10206	-4.52761
55	25	55	2.8523	-3.09127	-3.43247
55	25	65	3.7315	-4.94703	-5.78697
55	25	75	3.10028	-5.15773	-5.25967
55	25	85	3.52185	-4.61092	-5.21454
55	35	5	3.1628	-4.06359	-3.71536
55	35	15	3.11109	-4.634	-4.07407
55	35	25	2.89344	-5.12363	-5.02604
55	35	35	3.21144	-5.13521	-5.71564
55	35	45	2.81303	-4.50233	-4.72353
55	35	55	2.61267	-3.64723	-3.70608
55	35	65	3.33103	-4.88054	-5.57815
55	35	75	3.59745	-5.2165	-5.97727
55	35	85	4.06311	-4.89245	-5.64367
55	45	5	3.06924	-4.41831	-3.91732
55	45	15	3.93589	-4.71468	-3.49075
55	45	25	3.71466	-5.31119	-4.27163
55	45	35	3.57225	-5.89814	-5.31777
55	45	45	3.23263	-5.58217	-5.06298
55	45	55	3.37186	-5.45284	-4.63285
55	45	65	2.83104	-5.25366	-5.17368
55	45	75	3.63381	-5.24992	-5.96712
55	45	85	3.52589	-4.76516	-5.52961
55	55	5	2.56148	-3.58406	-3.58318
55	55	15	2.86972	-2.94844	-2.87166
55	55	25	3.39997	-4.44493	-3.68324
55	55	35	3.11558	-5.56053	-5.23684
55	55	45	2.9951	-5.34478	-5.06311
55	55	55	2.60546	-4.87602	-4.82165
55	55	65	2.66222	-5.14946	-5.07826
55	55	75	3.41343	-5.14106	-5.92026
55	55	85	2.72074	-4.68263	-4.84752
55	65	5	2.95252	-3.82119	-3.54108
55	65	15	3.61984	-3.39669	-2.9514
55	65	25	3.10147	-4.00761	-3.58206
55	65	35	2.73826	-5.21625	-5.15149
55	65	45	2.7379	-5.06886	-5.16326
55	65	55	2.61541	-4.96556	-5.02209
55	65	65	2.57201	-5.02099	-5.00001
55	65	75	2.71236	-5.08211	-5.16317
55	65	85	2.62408	-5.00208	-4.99472
55	75	5	2.95631	-2.98168	-3.22447
55	75	15	3.29581	-2.99096	-3.6919
55	75	25	2.73491	-4.3592	-4.55587
55	75	35	2.69488	-5.13087	-5.19025
55	75	45	2.69358	-5.08296	-5.22362
55	75	55	2.69148	-4.60167	-4.58208
55	75	65	2.77103	-4.51925	-4.33924
55	75	75	3.11262	-4.58043	-4.67963
55	75	85	2.88949	-4.34242	-4.27843
55	85	5	3.27528	-3.63566	-4.35905
55	85	15	2.85127	-3.73433	-4.03649
55	85	25	2.88747	-4.9597	-5.21961
55	85	35	2.87388	-5.17941	-5.36092
55	85	45	3.29468	-5.36366	-5.10401
55	85	55	3.47271	-4.26286	-3.58211
55	85	65	3.21343	-3.40283	-2.90042
55	85	75	3.41303	-4.01073	-4.34952
55	85	85	2.80184	-4.54577	-4.71655
65	5	5	2.68761	-3.17656	-3.26027
65	5	15	2.59165	-3.77319	-3.73285
65	5	25	2.69194	-4.73521	-4.83518
65	5	35	2.65112	-5.09889	-5.19855
65	5	45	2.74225	-5.16239	-5.00558
65	5	55	2.88985	-3.99966	-3.65725
65	5	65	2.88305	-4.80127	-4.50923
65	5	75	3.30587	-4.41126	-4.73641
65	5	85	2.87384	-4.1866	-4.24618
65	15	5	2.87359	-3.42787	-3.35026
65	15	15	2.65235	-4.10479	-4.04438
65	15	25	2.81399	-4.69321	-4.87201
65	15	35	2.71517	-5.08277	-5.23968
65	15	45	2.63388	-4.84404	-4.92246
65	15	55	2.57441	-3.63847	-3.67566
65	15	65	2.73341	-4.74323	-4.92155
65	15	75	2.89513	-4.9557	-5.25239
65	15	85	2.93839	-4.78323	-4.80468
65	25	5	2.57515	-3.18151	-3.16229
65	25	15	2.55211	-4.41693	-4.41768
65	25	25	2.73184	-4.81414	-4.99458
65	25	35	2.79245	-5.09835	-5.33946
65	25	45	2.59432	-4.22204	-4.28521
65	25	55	2.51191	-3.45211	-3.49287
65	25	65	2.89147	-5.04539	-5.22577
65	25	75	2.93185	-5.18757	-5.32834
65	25	85	2.99546	-4.84845	-5.01043
65	35	5	2.83351	-3.50894	-3.27062
65	35	15	3.09198	-4.05489	-3.63581
65	35	25	2.81166	-4.79276	-4.61339
65	35	35	2.91189	-5.13622	-5.33709
65	35	45	2.65306	-4.122	-4.14444
65	35	55	2.59146	-3.86164	-3.86208
65	35	65	2.85143	-5.00302	-5.26223
65	35	75	2.91223	-5.07573	-5.43694
65	35	85	3.03265	-4.83868	-5.04031
65	45	5	2.67521	-3.55104	-3.43363
65	45	15	2.95591	-3.03567	-2.87256
65	45	25	3.4591	-4.44828	-3.58276
65	45	35	3.89744	-6.32407	-5.15849
65	45	45	3.77945	-4.9283	-3.74474
65	45	55	3.69507	-5.19324	-4.05009
65	45	65	3.45145	-5.63372	-5.09334
65	45	75	3.69385	-5.6368	-5.65964
65	45	85	3.22028	-4.80187	-5.31033
65	55	5	2.58488	-3.12364	-3.13662
65	55	15	2.69295	-2.75835	-2.81993
65	55	25	2.92493	-3.52087	-3.18946
65	55	35	2.99129	-5.24404	-4.92462
65	55	45	2.87239	-3.50211	-3.22316
65	55	55	2.8739	-3.84169	-3.52048
65	55	65	2.74747	-5.00906	-4.81268
65	55	75	3.08346	-5.1507	-5.58469
65	55	85	2.98869	-4.26815	-4.6922
65	65	5	2.60062	-3.15526	-3.14154
65	65	15	2.69478	-2.59385	-2.71305
65	65	25	2.69911	-3.02149	-2.91663
65	65	35	2.84196	-5.04332	-4.87321
65	65	45	2.66456	-4.03385	-3.92354
65	65	55	2.59876	-3.86731	-3.8197
65	65	65	2.59239	-5.03779	-5.07645
65	65	75	2.9167	-5.10165	-5.46637
65	65	85	2.85047	-4.78213	-4.9613
65	75	5	2.54026	-2.92013	-3.00759
65	75	15	2.53307	-2.80854	-2.90952
65	75	25	2.61283	-3.49234	-3.55225
65	75	35	2.57786	-4.95521	-5.01242
65	75	45	2.61903	-4.70698	-4.68464
65	75	55	2.63412	-5.04343	-4.96055
65	75	65	2.67187	-4.78007	-4.77925
65	75	75	3.31383	-4.70041	-5.2224
65	75	85	2.66629	-4.14127	-4.09568
65	85	5	2.78578	-3.64445	-3.75596
65	85	15	2.67169	-3.41524	-3.41745
65	85	25	2.60803	-4.81634	-4.89704
65	85	35	2.03172	-5.06735	-5.12758
65	85	45	2.57395	-5.18268	-5.0238
65	85	55	3.27118	-4.96167	-4.24177
65	85	65	3.41222	-4.45163	-3.63043
65	85	75	4.35422	-4.70759	-4.62838
65	85	85	3.09668	-4.03082	-3.88921
75	5	5	2.87086	-2.78176	-2.80557
75	5	15	2.59879	-2.77653	-2.81456
75	5	25	2.61789	-4.35081	-4.33038
75	5	35	2.75628	-5.16082	-5.15763
75	5	45	2.73067	-5.00134	-4.82698
75	5	55	2.6455	-4.58084	-4.47972
75	5	65	2.81303	-5.18684	-5.12483
75	5	75	3.75585	-4.81583	-5.81341
75	5	85	3.39308	-4.10017	-4.57174
75	15	5	2.62008	-3.34288	-3.28838
75	15	15	2.65735	-3.06686	-3.00547
75	15	25	2.56346	-3.803	-3.79875
75	15	35	2.74104	-4.68378	-4.85482
75	15	45	2.55924	-4.80972	-4.80244
75	15	55	2.55419	-3.92296	-3.91964
75	15	65	2.55459	-4.97682	-4.97315
75	15	75	3.09305	-5.05181	-5.60979
75	15	85	3.06029	-4.80558	-5.31154
75	25	5	2.57397	-3.41212	-3.43485
75	25	15	2.61524	-3.38473	-3.4086
75	25	25	2.57865	-4.18147	-4.20711
75	25	35	2.59339	-4.9331	-4.97531
75	25	45	2.57195	-4.04164	-4.06245
75	25	55	2.55109	-3.47689	-3.49685
75	25	65	2.57104	-4.91311	-4.93312
75	25	75	2.81143	-5.13484	-5.31522
75	25	85	2.67467	-5.07867	-5.20266
75	35	5	2.61708	-3.35415	-3.38022
75	35	15	2.62232	-3.28321	-3.27448
75	35	25	2.81465	-3.66836	-3.53194
75	35	35	3.05288	-5.2563	-5.07811
75	35	45	2.8923	-3.90199	-3.64321
75	35	55	2.89185	-3.90485	-3.60567
75	35	65	2.77104	-4.87065	-4.73065
75	35	75	2.73183	-5.11971	-5.25972
75	35	85	2.67386	-4.92135	-5.04419
75	45	5	2.93831	-4.03437	-3.74086
75	45	15	3.10479	-3.30698	-2.81673
75	45	25	3.6033	-4.32032	-3.35495
75	45	35	4.28595	-6.36466	-4.83318
75	45	45	4.56511	-5.03353	-3.06362
75	45	55	4.55945	-4.98964	-2.98206
75	45	65	3.71424	-5.45964	-4.41724
75	45	75	3.45304	-5.92045	-5.18087
75	45	85	3.11628	-5.34271	-4.98598
75	55	5	2.60235	-3.30126	-3.33893
75	55	15	2.69811	-3.09156	-3.07275
75	55	25	2.68621	-4.22932	-4.13594
75	55	35	2.99627	-4.73484	-4.53287
75	55	45	3.09981	-3.24751	-2.7436
75	55	55	3.1484	-3.29056	-2.6957
75	55	65	3.07627	-4.18461	-3.94263
75	55	75	3.06185	-5.16627	-5.56109
75	55	85	2.74433	-4.50554	-4.65084
75	65	5	2.56018	-3.06657	-3.15305
75	65	15	2.53799	-2.92673	-2.94477
75	65	25	2.65895	-3.22105	-3.15561
75	65	35	2.71874	-3.81067	-3.76378
75	65	45	2.83268	-3.13771	-2.93932
75	65	55	2.81135	-3.20267	-2.94573
75	65	65	2.86132	-4.41983	-4.43125
75	65	75	3.13561	-5.13801	-5.63909
75	65	85	2.74248	-4.42258	-4.57293
75	75	5	2.60662	-3.1961	-3.10838
75	75	15	2.49329	-2.78476	-2.78446
75	75	25	2.65358	-3.13437	-3.07346
75	75	35	2.6194	-3.62548	-3.71871
75	75	45	2.56613	-3.28807	-3.27955
75	75	55	2.59696	-4.36368	-4.31914
75	75	65	2.81237	-4.93772	-5.19642
75	75	75	3.57673	-5.0408	-5.94637
75	75	85	3.00802	-4.6221	-4.95935
75	85	5	3.24741	-4.08203	-3.61679
75	85	15	2.97597	-3.42321	-3.20411
75	85	25	2.65669	-4.66304	-4.7398
75	85	35	2.33639	-5.07361	-5.19146
75	85	45	2.23759	-5.01993	-5.00466
75	85	55	2.57253	-4.77409	-4.75389
75	85	65	2.79184	-4.68002	-4.67921
75	85	75	3.89463	-5.436	-5.57639
75	85	85	3.7111	-3.77403	-3.44926
85	5	5	2.78024	-2.78344	-2.84704
85	5	15	2.7007	-2.77887	-2.75086
85	5	25	2.82432	-4.29492	-4.18243
85	5	35	3.25111	-5.37006	-5.23557
85	5	45	3.05761	-5.09588	-4.6539
85	5	55	2.93886	-4.90801	-4.5206
85	5	65	2.81714	-5.20114	-5.13512
85	5	75	3.61786	-5.09519	-5.79401
85	5	85	3.43113	-3.95793	-4.63555
85	15	5	2.6976	-3.69991	-3.84327
85	15	15	2.71795	-2.59838	-2.7539
85	15	25	2.62143	-3.64423	-3.69705
85	15	35	2.92309	-4.81581	-5.08854
85	15	45	2.55897	-3.96505	-3.96516
85	15	55	2.55401	-3.77939	-3.77644
85	15	65	2.61389	-4.97245	-5.0296
85	15	75	3.39225	-5.10091	-5.94131
85	15	85	3.14304	-5.05505	-5.64545
85	25	5	2.67449	-3.99615	-4.11947
85	25	15	2.75599	-2.68575	-2.89046
85	25	25	2.57808	-3.04031	-3.06607
85	25	35	2.57582	-4.277	-4.29958
85	25	45	2.55247	-3.69451	-3.69391
85	25	55	2.55275	-3.33735	-3.33646
85	25	65	2.55147	-4.83883	-4.83841
85	25	75	2.93225	-5.09989	-5.48026
85	25	85	2.93505	-5.12103	-5.465
85	35	5	2.81311	-4.02158	-4.16365
85	35	15	2.90263	-2.72825	-3.03984
85	35	25	2.76593	-2.92778	-2.94172
85	35	35	3.03564	-4.02488	-3.62696
85	35	45	3.2119	-3.87871	-3.21949
85	35	55	3.17189	-3.80088	-3.18167
85	35	65	2.97106	-4.80996	-4.42995
85	35	75	2.89223	-5.23866	-5.29907
85	35	85	2.73305	-5.12191	-5.22391
85	45	5	3.31556	-4.51884	-4.88256
85	45	15	3.07311	-3.54833	-3.38712
85	45	25	3.79049	-5.03257	-3.97663
85	45	35	4.32763	-6.02346	-4.37188
85	45	45	4.77268	-5.09874	-2.95957
85	45	55	4.86906	-5.08964	-2.77248
85	45	65	4.37745	-5.57771	-3.79211
85	45	75	3.87384	-6.27462	-5.23582
85	45	85	3.25471	-5.4824	-5.38527
85	55	5	3.16682	-3.72528	-4.28578
85	55	15	2.79062	-3.48098	-3.58638
85	55	25	2.86042	-5.1189	-4.9819
85	55	35	2.99004	-5.12071	-4.89077
85	55	45	2.93763	-3.52001	-3.17586
85	55	55	3.6129	-3.98225	-2.96131
85	55	65	3.54353	-4.51128	-3.64049
85	55	75	3.22626	-5.55916	-5.29035
85	55	85	2.98309	-4.9896	-5.24685
85	65	5	2.76179	-3.01339	-3.21664
85	65	15	2.67938	-3.32894	-3.2912
85	65	25	2.69748	-4.22455	-4.24226
85	65	35	2.75978	-3.80902	-3.84434
85	65	45	2.9927	-4.18704	-3.87109
85	65	55	3.22342	-3.60508	-3.09617
85	65	65	2.95427	-3.87587	-3.75516
85	65	75	3.08245	-5.14221	-5.56125
85	65	85	2.77927	-4.14532	-4.36686
85	75	5	2.79766	-3.34943	-3.35329
85	75	15	2.65379	-3.0636	-3.08498
85	75	25	2.67285	-3.42107	-3.34086
85	75	35	2.85544	-3.3455	-3.2043
85	75	45	2.82355	-3.32199	-3.21867
85	75	55	2.63999	-3.38381	-3.38103
85	75	65	2.73566	-4.76169	-4.86072
85	75	75	3.13676	-5.12593	-5.63063
85	75	85	3.02257	-4.48257	-4.79283
85	85	5	2.86238	-3.23335	-3.02049
85	85	15	2.99311	-3.72514	-3.36553
85	85	25	2.83511	-4.94175	-4.73847
85	85	35	2.89788	-5.18311	-5.16545
85	85	45	2.80738	-5.1537	-4.96737
85	85	55	2.59267	-4.90599	-4.86671
85	85	65	2.89318	-4.8864	-5.1085
85	85	75	3.49793	-5.13918	-5.88518
85	85	85	3.4292	-3.58088	-4.09653
