5	5	5	3.50007	-5.00206	-5.90844
5	5	15	2.73317	-4.6233	-4.6829
5	5	25	2.69584	-3.31728	-3.23642
5	5	35	2.83876	-3.12991	-2.92477
5	5	45	3.3231	-3.30391	-3.57343
5	5	55	3.76239	-3.86366	-4.58351
5	5	65	3.45813	-3.58133	-3.87909
5	5	75	2.736	-4.46841	-4.35344
5	5	85	3.05981	-5.00142	-5.38015
5	15	5	3.47871	-4.89482	-5.70163
5	15	15	2.72427	-3.1324	-3.10405
5	15	25	2.71435	-3.62402	-3.54174
5	15	35	3.13544	-3.6648	-3.12159
5	15	45	3.49828	-5.46545	-4.75818
5	15	55	3.37967	-5.39485	-5.5935
5	15	65	3.11863	-5.28459	-5.32103
5	15	75	2.71385	-4.85737	-4.81196
5	15	85	2.69617	-4.58088	-4.68269
5	25	5	3.32031	-4.93422	-5.25949
5	25	15	3.20065	-4.41854	-4.06095
5	25	25	3.23595	-3.31822	-2.63421
5	25	35	3.29638	-3.47702	-2.81166
5	25	45	3.04204	-4.6921	-4.41324
5	25	55	3.18001	-5.28055	-5.46123
5	25	65	2.82197	-4.98218	-4.93064
5	25	75	2.82682	-4.72086	-4.51421
5	25	85	3.05973	-5.38644	-5.17194
5	35	5	3.20724	-5.16113	-5.59466
5	35	15	2.6101	-4.83896	-4.82798
5	35	25	3.08321	-3.77285	-3.32154
5	35	35	3.53594	-3.8667	-3.08422
5	35	45	3.04612	-4.25507	-3.82934
5	35	55	3.00116	-4.91512	-4.88361
5	35	65	2.80098	-4.92363	-4.93028
5	35	75	2.62556	-3.96365	-3.95015
5	35	85	2.70177	-5.03962	-5.05743
5	45	5	3.09159	-5.20971	-5.52051
5	45	15	2.79669	-5.2612	-5.14175
5	45	25	3.32399	-4.16488	-3.43211
5	45	35	3.15072	-3.82056	-3.50825
5	45	45	2.86217	-4.34448	-4.32762
5	45	55	2.80598	-5.01942	-5.10159
5	45	65	2.56611	-4.05199	-4.04786
5	45	75	2.70555	-3.60604	-3.54215
5	45	85	2.80728	-5.02312	-5.05935
5	55	5	3.35147	-5.69614	-5.30292
5	55	15	3.42386	-5.72802	-4.98752
5	55	25	4.19486	-4.83501	-3.47711
5	55	35	4.35265	-4.93504	-3.35298
5	55	45	4.25052	-4.93484	-3.70133
5	55	55	3.94803	-6.09753	-5.13204
5	55	65	3.52789	-4.22928	-3.95152
5	55	75	3.23561	-4.05588	-3.79839
5	55	85	3.3867	-5.06579	-5.15116
5	65	5	3.27563	-5.51473	-5.40918
5	65	15	3.3808	-5.2134	-5.37981
5	65	25	3.63169	-4.46108	-4.00753
5	65	35	4.55639	-4.50355	-3.07177
5	65	45	5.08806	-5.36276	-3.79727
5	65	55	4.56239	-6.44037	-5.03391
5	65	65	4.19228	-4.08678	-3.63672
5	65	75	3.68981	-3.59494	-3.50754
5	65	85	3.96665	-4.72339	-5.4059
5	75	5	4.54847	-6.0485	-6.14549
5	75	15	3.92692	-5.49062	-4.84835
5	75	25	4.45898	-4.9467	-3.55012
5	75	35	4.42253	-4.65237	-3.23636
5	75	45	5.31496	-6.13603	-4.85797
5	75	55	5.55649	-6.39789	-5.43004
5	75	65	4.46389	-3.87908	-3.47611
5	75	75	3.24446	-3.16348	-2.91885
5	75	85	3.92237	-4.30796	-4.66537
5	85	5	4.51938	-5.57006	-6.5908
5	85	15	3.41218	-5.01535	-4.64987
5	85	25	3.30053	-3.8658	-3.17417
5	85	35	3.24958	-3.61889	-3.0842
5	85	45	4.03578	-3.79666	-3.95683
5	85	55	3.97731	-4.19564	-4.63738
5	85	65	3.12493	-2.99315	-3.37453
5	85	75	2.79685	-2.99791	-3.136
5	85	85	3.25689	-4.50556	-4.7411
15	5	5	4.02637	-5.16875	-6.47741
15	5	15	3.02027	-4.42394	-4.84956
15	5	25	2.66782	-3.24808	-3.3048
15	5	35	2.77458	-3.14292	-3.12645
15	5	45	3.47262	-3.54085	-4.02085
15	5	55	3.79665	-3.48589	-4.00512
15	5	65	3.39912	-3.38415	-3.73209
15	5	75	3.36542	-3.61706	-3.87323
15	5	85	3.48484	-4.92547	-5.44611
15	15	5	3.67544	-5.11915	-6.08273
15	15	15	2.75023	-3.49962	-3.49802
15	15	25	2.79616	-3.15165	-3.03597
15	15	35	2.8151	-3.5483	-3.36436
15	15	45	3.07944	-4.96609	-4.97847
15	15	55	3.71958	-5.24798	-6.12268
15	15	65	3.48894	-5.14026	-5.68238
15	15	75	2.80126	-4.92772	-5.05357
15	15	85	2.9979	-4.88762	-5.212
15	25	5	3.49704	-5.23478	-5.5336
15	25	15	3.14425	-4.42352	-3.88269
15	25	25	3.34275	-3.45231	-2.74068
15	25	35	3.15832	-3.27731	-2.71004
15	25	45	2.91831	-4.2869	-4.28443
15	25	55	3.63277	-4.97359	-6.05408
15	25	65	3.52387	-4.66262	-5.55702
15	25	75	2.80745	-4.60318	-4.6944
15	25	85	3.11429	-5.23588	-5.39752
15	35	5	3.35285	-5.6011	-5.40173
15	35	15	3.31815	-5.79856	-5.07705
15	35	25	3.67898	-4.82613	-3.69843
15	35	35	4.49838	-4.23598	-2.89673
15	35	45	3.59317	-4.43585	-3.87717
15	35	55	3.23613	-4.94614	-5.23126
15	35	65	3.59869	-4.28113	-4.68961
15	35	75	3.42658	-4.29683	-4.13168
15	35	85	3.3755	-5.43002	-5.33365
15	45	5	3.51115	-5.85714	-5.30191
15	45	15	3.41473	-5.94267	-5.12303
15	45	25	3.94575	-5.32976	-4.05711
15	45	35	4.32832	-3.72884	-3.41971
15	45	45	3.60931	-3.63207	-3.50554
15	45	55	3.29155	-4.6011	-4.69121
15	45	65	3.13954	-3.75589	-4.21961
15	45	75	3.13112	-3.70205	-3.55014
15	45	85	3.34676	-5.39043	-5.08209
15	55	5	4.0345	-6.42627	-5.25371
15	55	15	4.31006	-6.83595	-5.08689
15	55	25	4.30968	-5.53565	-4.14615
15	55	35	4.26358	-4.06349	-3.06555
15	55	45	3.90809	-3.75617	-3.25548
15	55	55	3.38833	-4.14685	-3.85767
15	55	65	3.26244	-3.66428	-3.48446
15	55	75	3.16631	-3.48363	-3.49332
15	55	85	3.49993	-5.07475	-4.69404
15	65	5	3.20764	-5.44219	-5.40205
15	65	15	3.21074	-5.59319	-5.2305
15	65	25	3.4945	-4.7729	-4.80744
15	65	35	3.8141	-3.81998	-3.85647
15	65	45	4.52725	-5.07294	-4.67302
15	65	55	4.07864	-5.35938	-4.78697
15	65	65	4.56083	-4.25113	-3.59573
15	65	75	4.47319	-3.66804	-3.79821
15	65	85	4.18329	-4.22329	-4.95197
15	75	5	4.22436	-5.84552	-6.00206
15	75	15	3.91983	-5.5928	-5.57999
15	75	25	3.55677	-4.36365	-4.03736
15	75	35	3.86819	-4.44234	-3.70259
15	75	45	4.50521	-5.72705	-6.01853
15	75	55	4.44561	-5.90082	-5.56623
15	75	65	5.45972	-4.76845	-4.44951
15	75	75	4.81783	-3.75411	-4.39435
15	75	85	4.72081	-4.27324	-5.0558
15	85	5	4.14331	-5.32746	-6.41687
15	85	15	3.40244	-4.20869	-4.92666
15	85	25	3.00225	-3.0733	-3.3972
15	85	35	2.83995	-3.38796	-3.39274
15	85	45	3.81352	-4.48221	-5.10062
15	85	55	3.86242	-4.2861	-4.4699
15	85	65	4.05959	-4.09635	-5.02867
15	85	75	4.02371	-3.26806	-4.23347
15	85	85	4.41104	-4.11261	-4.97519
25	5	5	3.84834	-5.1348	-6.30708
25	5	15	3.95003	-4.30246	-5.65959
25	5	25	2.89373	-3.12292	-3.44547
25	5	35	2.57408	-3.52061	-3.52283
25	5	45	3.13142	-4.64532	-4.82452
25	5	55	3.97427	-4.92401	-5.54565
25	5	65	3.85024	-4.44126	-5.04685
25	5	75	4.01119	-3.33151	-4.001
25	5	85	3.70319	-4.29005	-5.2227
25	15	5	3.95387	-5.13522	-6.45638
25	15	15	3.56904	-4.40173	-5.05971
25	15	25	3.09001	-3.72964	-3.54543
25	15	35	3.17399	-4.12736	-3.58353
25	15	45	3.03623	-5.00487	-4.76165
25	15	55	3.11625	-5.23038	-5.8876
25	15	65	2.79745	-4.92448	-5.64686
25	15	75	2.9739	-4.96393	-5.26431
25	15	85	3.29112	-4.98685	-5.44677
25	25	5	3.51303	-5.05814	-5.97693
25	25	15	2.81747	-4.07081	-4.27719
25	25	25	2.7704	-3.74402	-3.53133
25	25	35	2.96276	-3.13107	-2.75952
25	25	45	2.77862	-4.47167	-4.38886
25	25	55	2.79262	-5.0547	-5.53477
25	25	65	2.80144	-4.88003	-5.28243
25	25	75	2.82145	-4.43785	-4.71947
25	25	85	2.77182	-4.97811	-5.15731
25	35	5	3.43309	-5.70277	-5.4007
25	35	15	3.43733	-5.98211	-5.10065
25	35	25	3.63562	-5.32106	-4.23779
25	35	35	4.35661	-4.31839	-2.75523
25	35	45	3.77799	-4.83473	-3.73983
25	35	55	3.95229	-5.62246	-5.78329
25	35	65	3.50707	-4.25948	-4.70028
25	35	75	2.7908	-3.79243	-3.79524
25	35	85	2.97201	-4.9308	-4.7512
25	45	5	2.91189	-5.33986	-5.23979
25	45	15	2.95796	-5.50334	-5.10842
25	45	25	3.45629	-4.9836	-4.48383
25	45	35	4.34199	-3.33805	-3.72085
25	45	45	3.56914	-3.67431	-3.16752
25	45	55	3.41906	-4.75672	-4.73673
25	45	65	3.47506	-3.33694	-3.93696
25	45	75	3.03495	-3.64043	-3.56206
25	45	85	2.75217	-4.47513	-4.39674
25	55	5	3.25261	-5.69676	-5.19836
25	55	15	3.02263	-5.50199	-5.134
25	55	25	3.81562	-5.00242	-5.14624
25	55	35	4.56871	-3.54353	-4.114
25	55	45	3.98194	-3.85859	-3.95976
25	55	55	3.2603	-4.42407	-4.32639
25	55	65	3.7571	-3.62635	-3.83117
25	55	75	3.35548	-3.75349	-3.31832
25	55	85	3.47103	-4.88512	-4.20753
25	65	5	3.4814	-5.76894	-5.33776
25	65	15	3.7003	-5.96237	-5.27084
25	65	25	3.95717	-5.16207	-5.48737
25	65	35	3.26155	-3.88008	-3.98891
25	65	45	3.67713	-5.25702	-5.53741
25	65	55	3.40864	-5.42415	-5.14655
25	65	65	3.9051	-4.28087	-4.17576
25	65	75	4.44748	-3.59557	-4.10964
25	65	85	3.98744	-4.22722	-4.33565
25	75	5	3.91266	-6.01145	-5.50106
25	75	15	3.57353	-5.57388	-5.45238
25	75	25	3.37673	-4.51805	-4.67094
25	75	35	3.14234	-4.34997	-4.57409
25	75	45	3.53468	-5.10779	-5.88413
25	75	55	3.52352	-5.1198	-5.8881
25	75	65	4.04968	-4.27638	-5.39466
25	75	75	4.9712	-3.94445	-5.55246
25	75	85	4.64588	-4.15747	-4.88827
25	85	5	3.78031	-5.40088	-5.9716
25	85	15	3.70479	-4.769	-5.58825
25	85	25	3.08745	-3.17873	-3.51378
25	85	35	2.69458	-3.67578	-3.81569
25	85	45	3.55186	-4.96911	-5.96829
25	85	55	3.33509	-4.95796	-5.66193
25	85	65	4.38755	-4.69584	-6.21214
25	85	75	4.86349	-3.96705	-5.2716
25	85	85	5.25435	-4.19492	-4.98604
35	5	5	2.86123	-5.06939	-5.39038
35	5	15	3.38048	-4.12367	-4.86866
35	5	25	2.59881	-2.87299	-2.95887
35	5	35	2.59029	-3.50039	-3.4208
35	5	45	2.94946	-5.17109	-5.17191
35	5	55	3.61304	-5.16057	-5.74018
35	5	65	3.17787	-4.71959	-4.94398
35	5	75	3.01351	-2.99196	-3.25196
35	5	85	3.61396	-3.65179	-4.58967
35	15	5	3.49472	-5.1237	-5.98721
35	15	15	3.76278	-4.38195	-5.4331
35	15	25	3.18446	-4.38729	-4.01741
35	15	35	3.3503	-4.78167	-3.98012
35	15	45	3.2526	-5.34876	-4.88917
35	15	55	3.39301	-5.15047	-5.50928
35	15	65	2.57265	-4.81048	-5.01207
35	15	75	2.6719	-4.46232	-4.58234
35	15	85	3.29107	-4.75877	-5.49873
35	25	5	3.47143	-5.11734	-5.99694
35	25	15	3.5243	-4.62551	-5.39155
35	25	25	2.75403	-4.25883	-4.07305
35	25	35	2.82831	-3.20418	-3.08783
35	25	45	2.83178	-4.70961	-4.55282
35	25	55	2.81824	-5.09962	-5.27317
35	25	65	2.65306	-4.76096	-4.82094
35	25	75	2.56748	-4.21928	-4.19847
35	25	85	2.65104	-4.47806	-4.57807
35	35	5	3.35183	-5.09915	-5.93995
35	35	15	2.74193	-5.10434	-5.24803
35	35	25	2.62225	-4.80726	-4.7456
35	35	35	2.79822	-3.0768	-3.07152
35	35	45	2.79895	-4.19909	-4.03842
35	35	55	2.79409	-5.16876	-5.16656
35	35	65	2.83276	-4.52121	-4.40189
35	35	75	2.63185	-3.41841	-3.31763
35	35	85	2.63134	-3.84918	-3.80877
35	45	5	2.67229	-5.09268	-5.21381
35	45	15	2.58432	-5.10206	-5.13526
35	45	25	2.61178	-4.62203	-4.68266
35	45	35	2.87283	-2.68478	-2.96651
35	45	45	2.77395	-3.59315	-3.47513
35	45	55	2.85592	-5.07714	-4.89472
35	45	65	2.85586	-3.64404	-3.60088
35	45	75	2.53309	-2.9816	-3.00044
35	45	85	2.55146	-3.69389	-3.69305
35	55	5	3.09142	-5.30671	-5.40711
35	55	15	2.72826	-5.14199	-5.23963
35	55	25	2.91546	-4.88244	-5.20608
35	55	35	3.35608	-2.82722	-3.58908
35	55	45	2.7947	-4.01508	-4.17396
35	55	55	2.79545	-4.86105	-4.81985
35	55	65	3.07306	-3.94669	-3.70786
35	55	75	3.05106	-3.3831	-2.96354
35	55	85	3.12903	-4.14479	-3.60479
35	65	5	4.253	-6.18333	-5.70213
35	65	15	3.56262	-5.88274	-5.29274
35	65	25	3.85524	-5.36204	-5.46546
35	65	35	3.67364	-5.18926	-4.67104
35	65	45	3.03102	-5.2164	-5.3364
35	65	55	2.99623	-5.22667	-5.30628
35	65	65	2.89823	-4.58562	-4.72241
35	65	75	3.18109	-4.09211	-3.70298
35	65	85	3.93542	-4.86747	-3.64307
35	75	5	3.79995	-5.87659	-5.51488
35	75	15	3.30156	-5.46589	-5.28817
35	75	25	3.39798	-4.88371	-5.00493
35	75	35	2.74788	-4.28684	-4.41488
35	75	45	3.14263	-5.16278	-5.57199
35	75	55	2.81705	-5.11829	-5.3011
35	75	65	2.81665	-4.55955	-4.82034
35	75	75	3.19832	-4.2167	-4.85263
35	75	85	3.22956	-4.35582	-4.6389
35	85	5	3.56423	-5.55751	-5.59472
35	85	15	3.14224	-4.58751	-4.92672
35	85	25	2.98393	-3.22688	-3.5661
35	85	35	2.535	-3.94756	-3.94368
35	85	45	3.09202	-5.08431	-5.58334
35	85	55	3.01477	-5.14022	-5.5237
35	85	65	3.29605	-4.68056	-5.34518
35	85	75	3.53309	-4.20253	-4.50299
35	85	85	4.59929	-3.89782	-4.41198
45	5	5	2.79397	-5.06476	-5.32342
45	5	15	2.85865	-3.84621	-4.1446
45	5	25	2.45865	-2.7944	-2.77169
45	5	35	2.47213	-3.54459	-3.44212
45	5	45	2.79008	-5.13771	-5.2575
45	5	55	2.9127	-5.22168	-5.34254
45	5	65	2.69388	-4.90243	-4.88524
45	5	75	2.61273	-3.1337	-3.19363
45	5	85	2.83317	-3.09897	-3.33765
45	15	5	2.91238	-5.07194	-5.43299
45	15	15	2.91248	-4.64153	-4.96292
45	15	25	2.754	-4.24253	-4.08371
45	15	35	3.32758	-4.97387	-4.31518
45	15	45	3.42886	-5.70644	-4.90587
45	15	55	3.77309	-5.96066	-5.30033
45	15	65	2.95669	-5.02202	-4.74042
45	15	75	2.63267	-3.99199	-3.95081
45	15	85	2.89266	-4.41945	-4.63782
45	25	5	3.15433	-5.11565	-5.67801
45	25	15	3.1399	-4.92209	-5.51093
45	25	25	2.73482	-4.88645	-4.70942
45	25	35	2.99433	-3.98013	-3.7786
45	25	45	2.88434	-4.93168	-4.64093
45	25	55	2.82629	-5.27024	-5.13581
45	25	65	2.70507	-4.94939	-4.84021
45	25	75	2.5779	-3.96225	-3.93626
45	25	85	2.77153	-4.24973	-4.38926
45	35	5	3.07633	-5.13165	-5.57278
45	35	15	2.98549	-5.10555	-5.5328
45	35	25	2.57686	-4.99286	-5.01386
45	35	35	2.65601	-3.32452	-3.42305
45	35	45	2.57434	-4.44222	-4.4614
45	35	55	2.63515	-5.09352	-5.13024
45	35	65	2.75479	-4.68402	-4.52226
45	35	75	2.73195	-3.57489	-3.37563
45	35	85	2.63193	-3.26483	-3.18399
45	45	5	2.91641	-5.05597	-5.42098
45	45	15	2.79049	-5.10214	-5.3413
45	45	25	2.59903	-4.84168	-4.88956
45	45	35	2.75257	-3.03489	-3.1963
45	45	45	2.65228	-4.09865	-4.04023
45	45	55	2.73147	-5.15993	-5.10031
45	45	65	2.67387	-3.96216	-3.82254
45	45	75	2.45276	-2.82809	-2.80648
45	45	85	2.5912	-2.82692	-2.86677
45	55	5	3.43342	-5.29387	-5.73627
45	55	15	2.66586	-5.12185	-5.07669
45	55	25	2.67937	-4.92204	-4.97039
45	55	35	2.69373	-3.47244	-3.57515
45	55	45	2.63388	-4.5941	-4.63535
45	55	55	2.57305	-4.98865	-5.03068
45	55	65	2.71385	-4.49667	-4.3795
45	55	75	2.81154	-3.43	-3.16971
45	55	85	3.09025	-3.78002	-3.36001
45	65	5	4.29982	-5.95853	-5.93373
45	65	15	4.01904	-6.28773	-5.22376
45	65	25	3.93056	-6.14844	-5.11518
45	65	35	3.75846	-5.88084	-4.80108
45	65	45	3.35229	-5.75652	-5.11697
45	65	55	3.19148	-5.63945	-5.15992
45	65	65	2.65305	-4.99476	-4.93639
45	65	75	2.67195	-4.51213	-4.39145
45	65	85	2.85502	-4.36247	-4.09847
45	75	5	3.44368	-5.42393	-5.61126
45	75	15	3.14207	-5.42148	-5.21284
45	75	25	2.96133	-4.7418	-4.55179
45	75	35	2.89322	-4.83729	-4.49538
45	75	45	2.86789	-5.28379	-5.20783
45	75	55	2.70033	-5.14995	-5.20081
45	75	65	2.58144	-5.02769	-5.04449
45	75	75	2.56146	-5.04005	-5.02962
45	75	85	2.6112	-4.67183	-4.65165
45	85	5	2.97789	-5.20963	-5.40356
45	85	15	2.98596	-4.61195	-4.58583
45	85	25	2.72542	-3.41196	-3.42252
45	85	35	2.49915	-3.89809	-3.87087
45	85	45	2.77326	-5.08641	-5.30593
45	85	55	2.67203	-5.10191	-5.26196
45	85	65	2.692	-4.86167	-4.88238
45	85	75	2.6531	-4.3328	-4.31156
45	85	85	2.79371	-3.60651	-3.72462
55	5	5	2.85315	-4.91262	-5.05128
55	5	15	2.68261	-3.68924	-3.80568
55	5	25	2.34567	-2.41944	-2.43047
55	5	35	2.4403	-3.21244	-3.21124
55	5	45	2.55898	-5.06073	-5.08604
55	5	55	2.65338	-5.16177	-5.14399
55	5	65	2.63196	-4.9621	-4.9229
55	5	75	2.75269	-3.73769	-3.57605
55	5	85	2.65232	-3.18671	-3.12544
55	15	5	2.71588	-4.986	-5.14195
55	15	15	2.69762	-4.84501	-4.94409
55	15	25	2.618	-4.07775	-4.1029
55	15	35	2.60316	-4.11824	-4.12867
55	15	45	2.73544	-5.15408	-5.09688
55	15	55	3.27407	-5.6232	-5.18342
55	15	65	3.3347	-5.40445	-4.70328
55	15	75	3.15266	-3.73725	-3.17726
55	15	85	2.91305	-3.78468	-3.50266
55	25	5	2.67589	-5.09081	-5.12837
55	25	15	2.75951	-5.06586	-5.0655
55	25	25	2.77872	-4.97324	-4.83932
55	25	35	2.70398	-4.22243	-4.133
55	25	45	2.75608	-5.14678	-5.02862
55	25	55	2.75637	-5.18101	-5.17911
55	25	65	2.75755	-4.58563	-4.42248
55	25	75	2.69946	-3.32158	-3.17399
55	25	85	2.6163	-3.30348	-3.35902
55	35	5	3.00219	-4.97253	-5.40701
55	35	15	2.72981	-5.01139	-5.17121
55	35	25	2.60327	-5.06619	-5.10293
55	35	35	2.59849	-4.03745	-4.09826
55	35	45	2.57561	-4.81683	-4.83406
55	35	55	2.67469	-5.07442	-5.19403
55	35	65	2.57512	-4.34276	-4.36355
55	35	75	2.61404	-3.23813	-3.17761
55	35	85	2.77651	-3.12257	-3.18035
55	45	5	3.09485	-4.76467	-5.30652
55	45	15	2.722	-4.70187	-4.8727
55	45	25	2.6389	-4.9821	-5.06986
55	45	35	2.61358	-3.35987	-3.42231
55	45	45	2.57227	-4.42643	-4.44767
55	45	55	2.65145	-5.10882	-5.12922
55	45	65	2.59268	-4.16143	-4.20303
55	45	75	2.53283	-2.79014	-2.79171
55	45	85	2.73206	-2.88807	-3.02876
55	55	5	3.69669	-5.15656	-5.94218
55	55	15	3.28797	-5.10114	-5.15804
55	55	25	2.92498	-5.32207	-5.09598
55	55	35	2.95201	-4.33684	-4.09782
55	55	45	2.75185	-4.9403	-4.78112
55	55	55	2.65223	-5.06078	-5.12119
55	55	65	2.55432	-4.6408	-4.64409
55	55	75	2.57172	-3.65682	-3.63752
55	55	85	2.85106	-3.57854	-3.79855
55	65	5	4.30185	-5.97484	-5.70802
55	65	15	4.60188	-6.71468	-5.49913
55	65	25	4.679	-7.01324	-5.15641
55	65	35	4.66195	-6.62564	-4.72057
55	65	45	3.75505	-6.15186	-5.15027
55	65	55	3.51343	-5.91227	-5.23307
55	65	65	3.01788	-5.48097	-5.02543
55	65	75	2.89207	-5.26753	-4.92778
55	65	85	3.19303	-5.2054	-4.8034
55	75	5	3.7665	-5.19585	-6.18277
55	75	15	3.53144	-5.40504	-5.73825
55	75	25	3.2692	-5.00679	-4.67226
55	75	35	3.19004	-4.17496	-3.62174
55	75	45	2.95786	-5.39836	-5.03797
55	75	55	2.70026	-5.16873	-5.20195
55	75	65	2.58148	-5.1256	-5.10804
55	75	75	2.55793	-5.08512	-5.07837
55	75	85	2.73397	-5.05078	-5.06783
55	85	5	3.19771	-5.13932	-5.61263
55	85	15	3.16594	-4.82873	-5.22904
55	85	25	2.67911	-3.26126	-3.0277
55	85	35	2.71212	-3.52747	-3.2913
55	85	45	2.70456	-5.15935	-5.014
55	85	55	2.7733	-5.1435	-5.28228
55	85	65	2.57165	-5.06257	-5.04249
55	85	75	2.57237	-4.82176	-4.80043
55	85	85	2.59549	-4.42506	-4.3806
65	5	5	3.01284	-4.38863	-4.66841
65	5	15	3.13703	-3.98386	-4.12505
65	5	25	2.86234	-3.02235	-2.95782
65	5	35	2.80173	-3.22828	-3.38725
65	5	45	2.62023	-4.97058	-4.95418
65	5	55	2.61523	-5.14072	-5.12389
65	5	65	2.63209	-5.16268	-5.08246
65	5	75	2.67283	-4.14223	-4.02127
65	5	85	2.59173	-3.4967	-3.45603
65	15	5	2.97551	-4.66579	-4.64292
65	15	15	2.87509	-4.97907	-4.93863
65	15	25	2.97445	-4.03498	-4.01571
65	15	35	2.92309	-3.91342	-4.20456
65	15	45	2.70548	-5.10658	-5.16097
65	15	55	2.03482	-5.18164	-5.14454
65	15	65	2.53311	-5.0633	-4.88326
65	15	75	2.81397	-3.24015	-2.97887
65	15	85	2.97188	-3.07197	-2.69113
65	25	5	2.88592	-4.78215	-4.73126
65	25	15	3.27159	-5.31652	-5.20251
65	25	25	3.58962	-5.35091	-5.44055
65	25	35	3.11909	-4.86877	-4.66158
65	25	45	2.80926	-5.10842	-5.03372
65	25	55	2.77714	-5.28468	-5.18319
65	25	65	2.68071	-4.48168	-4.42167
65	25	75	2.63028	-2.93605	-2.85368
65	25	85	2.66028	-3.13197	-3.06355
65	35	5	2.76303	-4.35477	-4.54918
65	35	15	2.94515	-4.23061	-4.5254
65	35	25	3.14309	-4.90315	-5.48738
65	35	35	2.72649	-4.55882	-4.72835
65	35	45	2.64007	-5.00488	-5.08822
65	35	55	2.65598	-5.10011	-5.20423
65	35	65	2.57265	-4.56236	-4.58278
65	35	75	2.57284	-3.32962	-3.34848
65	35	85	2.6175	-3.70918	-3.76433
65	45	5	3.0169	-4.60143	-5.066
65	45	15	2.77663	-4.18039	-4.40458
65	45	25	2.75905	-4.70106	-4.90704
65	45	35	2.59764	-4.18247	-4.22648
65	45	45	2.63354	-4.76152	-4.84317
65	45	55	2.67349	-5.09669	-5.21831
65	45	65	2.63392	-4.30148	-4.34431
65	45	75	2.63283	-3.00689	-3.08857
65	45	85	2.69242	-3.68366	-3.8248
65	55	5	3.19673	-5.09784	-5.54258
65	55	15	3.38319	-4.87654	-4.82618
65	55	25	3.33632	-5.17409	-4.63929
65	55	35	3.23315	-5.09969	-4.54172
65	55	45	2.97186	-5.26722	-4.88801
65	55	55	2.75303	-5.22893	-5.19014
65	55	65	2.67563	-4.66139	-4.70598
65	55	75	2.65413	-3.74324	-3.72632
65	55	85	2.71287	-4.37621	-4.49804
65	65	5	4.54518	-6.15847	-5.85722
65	65	15	4.96202	-6.63322	-5.61604
65	65	25	4.78069	-6.71564	-4.58447
65	65	35	4.90986	-6.29804	-4.02168
65	65	45	4.39744	-6.62635	-4.86074
65	65	55	3.89663	-6.27601	-5.26001
65	65	65	2.98645	-5.48122	-5.11582
65	65	75	2.75262	-5.11323	-4.914
65	65	85	3.1748	-5.31439	-5.25486
65	75	5	3.65704	-5.31686	-5.97649
65	75	15	3.66437	-5.3538	-5.79818
65	75	25	3.06281	-4.84701	-4.62804
65	75	35	3.65328	-4.02185	-3.04125
65	75	45	3.56308	-5.444	-4.59276
65	75	55	3.30585	-5.57301	-5.38378
65	75	65	2.67113	-5.16944	-5.11433
65	75	75	2.57889	-5.02804	-5.00061
65	75	85	2.71817	-5.16564	-5.19859
65	85	5	3.45621	-5.12374	-5.90017
65	85	15	3.22894	-5.10835	-5.61284
65	85	25	3.07482	-3.84045	-3.60662
65	85	35	3.3029	-3.38026	-2.95084
65	85	45	2.87462	-4.69356	-4.49319
65	85	55	2.93962	-5.16649	-5.42269
65	85	65	2.55841	-5.08537	-5.08605
65	85	75	2.5548	-4.96579	-4.96205
65	85	85	2.69408	-5.04462	-5.02158
75	5	5	3.1541	-4.40189	-4.91965
75	5	15	2.98374	-4.32544	-4.39045
75	5	25	2.73525	-3.02324	-2.96185
75	5	35	2.69907	-3.05643	-3.07009
75	5	45	2.67428	-4.35906	-4.45579
75	5	55	2.75442	-5.09042	-5.29025
75	5	65	2.57447	-5.10461	-5.08285
75	5	75	2.61476	-4.58482	-4.5222
75	5	85	2.69707	-4.42484	-4.35968
75	15	5	3.19332	-4.19141	-3.94913
75	15	15	3.3653	-5.1504	-4.67539
75	15	25	3.6571	-4.49949	-3.87704
75	15	35	3.59563	-4.46089	-4.0571
75	15	45	3.09708	-5.30529	-5.10806
75	15	55	2.47548	-5.40218	-5.0998
75	15	65	2.47273	-5.0625	-4.88322
75	15	75	2.61409	-3.52383	-3.46252
75	15	85	2.73172	-2.96106	-2.86047
75	25	5	2.93709	-4.29867	-4.11424
75	25	15	3.09479	-4.82815	-4.4925
75	25	25	3.6145	-4.67923	-4.77611
75	25	35	3.46834	-4.75237	-5.2775
75	25	45	2.86714	-5.10597	-5.12506
75	25	55	2.73432	-5.22377	-5.12217
75	25	65	2.6051	-4.78285	-4.80368
75	25	75	2.5859	-3.09805	-3.05811
75	25	85	2.67185	-3.67999	-3.63996
75	35	5	2.70155	-4.36731	-4.54495
75	35	15	2.78943	-4.02441	-4.19837
75	35	25	3.62862	-3.89352	-4.86007
75	35	35	3.19078	-4.74886	-5.28596
75	35	45	2.74198	-4.97493	-5.03528
75	35	55	2.61471	-5.12048	-5.18088
75	35	65	2.59431	-4.62322	-4.62411
75	35	75	2.57336	-3.26923	-3.28849
75	35	85	2.65508	-4.38071	-4.4776
75	45	5	2.7743	-4.93434	-5.15708
75	45	15	2.98292	-4.4512	-4.83454
75	45	25	3.23929	-3.80697	-4.36855
75	45	35	2.86331	-4.64047	-4.94778
75	45	45	2.78041	-4.81358	-5.03804
75	45	55	2.61403	-5.10134	-5.16176
75	45	65	2.59416	-4.10214	-4.10579
75	45	75	2.59443	-3.13172	-3.17415
75	45	85	2.71226	-4.78716	-4.9472
75	55	5	2.87851	-5.15627	-5.31856
75	55	15	3.28652	-4.89717	-4.86276
75	55	25	3.52122	-4.28817	-3.8492
75	55	35	3.67606	-5.0949	-4.17815
75	55	45	3.53317	-5.78367	-5.00573
75	55	55	2.99513	-5.39604	-5.23851
75	55	65	2.67894	-4.52235	-4.56942
75	55	75	2.63507	-3.68607	-3.72924
75	55	85	2.83334	-4.86095	-5.10164
75	65	5	3.4514	-5.42223	-5.6324
75	65	15	3.97339	-5.81973	-4.92254
75	65	25	4.37888	-5.63277	-4.0125
75	65	35	4.86035	-5.67912	-3.45078
75	65	45	4.70304	-6.2812	-4.29
75	65	55	4.3635	-6.67979	-5.32738
75	65	65	3.30699	-5.58301	-5.1365
75	65	75	3.02344	-5.01287	-4.7244
75	65	85	3.19448	-5.45614	-5.33466
75	75	5	3.54923	-5.25205	-5.94507
75	75	15	3.23267	-4.89929	-5.14279
75	75	25	2.94878	-3.91417	-3.64035
75	75	35	3.51194	-3.69158	-2.77075
75	75	45	4.32369	-5.17226	-3.87963
75	75	55	4.40083	-6.1954	-5.84723
75	75	65	2.91978	-5.29165	-5.04091
75	75	75	2.82525	-4.98945	-4.928
75	75	85	3.06158	-5.24618	-5.3809
75	85	5	3.52895	-5.07668	-5.98519
75	85	15	2.92256	-5.01296	-5.28232
75	85	25	2.73298	-3.60081	-3.50193
75	85	35	2.96773	-3.02592	-2.65006
75	85	45	2.98465	-3.81323	-3.65962
75	85	55	3.31647	-5.23049	-5.71546
75	85	65	2.58802	-5.04817	-5.03287
75	85	75	2.58579	-4.9938	-4.96424
75	85	85	2.76167	-5.06934	-5.14133
85	5	5	3.60576	-4.61227	-5.60247
85	5	15	2.74278	-4.17525	-4.13818
85	5	25	2.8048	-3.29157	-3.08069
85	5	35	2.76508	-3.14245	-2.93002
85	5	45	3.02128	-3.70244	-3.75301
85	5	55	3.15535	-5.03232	-5.4928
85	5	65	2.86217	-4.84288	-4.79188
85	5	75	2.64176	-4.98514	-5.02648
85	5	85	2.82167	-4.82871	-4.88041
85	15	5	2.99519	-3.76761	-4.16933
85	15	15	2.88442	-3.94964	-3.75813
85	15	25	3.57927	-4.56815	-3.62574
85	15	35	3.71566	-4.52263	-3.35762
85	15	45	3.43594	-5.6239	-4.89978
85	15	55	3.01924	-5.47282	-5.08884
85	15	65	2.72172	-5.12477	-5.00987
85	15	75	2.61452	-4.28294	-4.26383
85	15	85	2.59214	-3.63086	-3.63112
85	25	5	3.21472	-4.37842	-4.67809
85	25	15	2.96437	-4.37744	-4.14588
85	25	25	3.20277	-3.7814	-3.1706
85	25	35	3.54838	-4.50926	-3.95351
85	25	45	3.17953	-5.28122	-4.77674
85	25	55	2.87702	-5.36378	-5.15916
85	25	65	2.67649	-5.06365	-5.02656
85	25	75	2.61401	-3.71767	-3.65981
85	25	85	2.63284	-4.57044	-4.48984
85	35	5	2.78402	-4.96206	-5.13492
85	35	15	2.57322	-4.61396	-4.60918
85	35	25	2.82639	-3.44188	-3.28903
85	35	35	3.09912	-4.19162	-4.40432
85	35	45	2.73838	-4.77561	-4.714
85	35	55	2.73719	-5.20237	-5.18209
85	35	65	2.63922	-4.90644	-4.86499
85	35	75	2.57835	-3.66247	-3.67536
85	35	85	2.61637	-4.76559	-4.78206
85	45	5	2.90093	-5.10824	-5.39675
85	45	15	2.78493	-4.83705	-4.81129
85	45	25	3.23002	-3.4175	-3.58115
85	45	35	3.06309	-4.64597	-4.69962
85	45	45	2.69803	-4.85877	-4.91615
85	45	55	2.65811	-5.10063	-5.20285
85	45	65	2.63622	-4.28286	-4.28629
85	45	75	2.59934	-3.55337	-3.55903
85	45	85	2.77752	-4.98758	-5.16962
85	55	5	3.05565	-5.19938	-5.45671
85	55	15	3.55227	-5.45374	-4.94487
85	55	25	4.05011	-4.25766	-3.7385
85	55	35	4.10057	-4.77815	-3.92114
85	55	45	4.07848	-6.01449	-4.6585
85	55	55	3.26094	-5.63643	-5.26594
85	55	65	2.81925	-4.20418	-4.22805
85	55	75	2.64513	-3.90384	-3.87355
85	55	85	2.72384	-5.00492	-5.13314
85	65	5	3.46444	-5.47294	-5.59409
85	65	15	3.46198	-5.35149	-5.00242
85	65	25	3.71219	-4.38408	-3.63758
85	65	35	4.44546	-4.541	-2.85679
85	65	45	4.7592	-5.6051	-3.72604
85	65	55	4.55843	-6.69062	-5.43293
85	65	65	3.68082	-4.67133	-3.90228
85	65	75	3.11362	-4.53714	-4.12474
85	65	85	3.18745	-5.30525	-5.1578
85	75	5	4.14706	-5.5681	-6.23089
85	75	15	3.47625	-4.99668	-4.45123
85	75	25	3.13035	-3.66757	-3.13816
85	75	35	3.59262	-3.7392	-2.73875
85	75	45	4.86684	-4.98238	-3.66984
85	75	55	4.96838	-6.5251	-5.58064
85	75	65	4.16197	-4.21421	-3.80063
85	75	75	2.9079	-3.82697	-3.56919
85	75	85	3.42316	-5.42095	-5.07649
85	85	5	3.96008	-5.38135	-6.23004
85	85	15	2.78262	-4.85503	-4.82054
85	85	25	2.76631	-3.38648	-3.17604
85	85	35	2.69228	-2.77199	-2.63241
85	85	45	3.45198	-3.25475	-3.43624
85	85	55	3.66459	-4.97595	-5.76321
85	85	65	2.95971	-4.01131	-4.24124
85	85	75	2.81321	-3.94978	-3.95169
85	85	85	2.99073	-5.19544	-5.31713
