5	5	5	3.16905	-5.15802	-5.10324
5	5	15	2.93462	-5.24186	-5.25826
5	5	25	3.57508	-5.20311	-6.01985
5	5	35	2.88954	-4.78232	-4.91663
5	5	45	2.74456	-3.76857	-3.58173
5	5	55	2.9772	-3.15679	-2.7708
5	5	65	3.31547	-4.32164	-3.72203
5	5	75	3.96791	-6.03242	-5.57728
5	5	85	3.52544	-5.55391	-5.38431
5	15	5	2.77493	-5.06272	-5.08445
5	15	15	2.67405	-5.00183	-5.12122
5	15	25	2.81185	-5.0428	-5.30197
5	15	35	2.59349	-5.00192	-4.9643
5	15	45	2.71178	-3.6205	-3.46104
5	15	55	3.17659	-3.11359	-2.73125
5	15	65	3.57317	-4.47571	-3.58565
5	15	75	3.64155	-5.39953	-5.8715
5	15	85	3.4195	-5.18928	-5.72324
5	25	5	2.77393	-4.54172	-4.72447
5	25	15	2.63265	-4.33966	-4.38045
5	25	25	2.91222	-4.56003	-4.47963
5	25	35	2.95863	-4.54199	-4.148
5	25	45	3.10058	-3.22725	-3.08318
5	25	55	4.01324	-3.36457	-4.07611
5	25	65	2.91604	-4.50635	-4.65185
5	25	75	3.03757	-5.15115	-5.51266
5	25	85	3.33357	-5.10293	-5.84443
5	35	5	3.09746	-3.82324	-3.64648
5	35	15	3.23743	-3.38402	-2.94323
5	35	25	3.01825	-4.11475	-3.89072
5	35	35	2.84625	-4.74897	-4.55776
5	35	45	3.29766	-3.67765	-4.33944
5	35	55	3.90595	-3.79674	-5.02997
5	35	65	3.45713	-5.06212	-5.68807
5	35	75	2.89785	-5.13934	-5.40449
5	35	85	3.43628	-5.06202	-5.58725
5	45	5	3.97231	-3.27327	-4.2625
5	45	15	3.7151	-3.99121	-4.37199
5	45	25	2.96588	-4.17866	-4.26304
5	45	35	2.8007	-4.40885	-4.61691
5	45	45	3.41676	-4.19595	-5.06167
5	45	55	2.9603	-4.55627	-4.96555
5	45	65	3.27424	-4.97824	-5.65988
5	45	75	2.86258	-5.1025	-5.37087
5	45	85	3.18552	-4.81084	-5.38531
5	55	5	5.64905	-4.39116	-5.32132
5	55	15	5.64822	-6.06142	-5.78987
5	55	25	4.13757	-5.5618	-4.82648
5	55	35	3.60195	-4.59221	-4.44229
5	55	45	3.30075	-4.09842	-4.3273
5	55	55	3.07874	-4.81753	-5.10525
5	55	65	3.73143	-5.21003	-5.78962
5	55	75	4.0235	-5.70091	-5.96925
5	55	85	4.74338	-5.4859	-5.91048
5	65	5	5.04206	-3.81496	-4.90094
5	65	15	5.00233	-5.49029	-6.53342
5	65	25	4.21428	-5.69692	-5.83448
5	65	35	4.00114	-4.89093	-5.41383
5	65	45	3.14878	-3.90564	-4.17936
5	65	55	2.95397	-4.91919	-4.75972
5	65	65	3.69103	-4.95112	-5.81113
5	65	75	3.53553	-5.34053	-5.84407
5	65	85	4.60877	-4.48333	-5.73841
5	75	5	4.17665	-4.24524	-4.74967
5	75	15	4.31464	-5.56176	-5.88016
5	75	25	4.45029	-5.73813	-6.30846
5	75	35	4.33237	-4.9153	-5.89009
5	75	45	3.41449	-4.10442	-3.92622
5	75	55	3.19367	-4.69402	-4.09664
5	75	65	3.73102	-5.70362	-5.28362
5	75	75	4.15345	-5.69521	-6.09765
5	75	85	3.86343	-4.92193	-5.39433
5	85	5	3.45268	-5.17286	-4.99365
5	85	15	3.45148	-5.37411	-5.67327
5	85	25	4.33584	-5.48992	-6.42906
5	85	35	3.95622	-5.22715	-5.49795
5	85	45	3.45801	-4.63831	-4.0861
5	85	55	3.28239	-4.10148	-3.45045
5	85	65	3.33703	-4.87399	-4.3312
5	85	75	4.13306	-5.77814	-5.99858
5	85	85	4.21584	-5.90218	-5.72618
15	5	5	2.91432	-3.88251	-3.52006
15	5	15	2.70545	-4.86706	-4.91267
15	5	25	3.54222	-5.19267	-6.00147
15	5	35	3.46229	-4.30295	-5.13101
15	5	45	2.56205	-3.11561	-3.12182
15	5	55	2.63717	-2.72385	-2.79864
15	5	65	2.81081	-3.36594	-3.23026
15	5	75	3.57677	-5.66951	-5.08462
15	5	85	3.07636	-3.66607	-3.26316
15	15	5	2.59749	-3.86608	-3.81968
15	15	15	2.57495	-5.04036	-5.05643
15	15	25	3.39281	-5.12215	-5.92197
15	15	35	2.75846	-4.76213	-4.88929
15	15	45	2.59602	-3.23381	-3.19839
15	15	55	3.01278	-2.97237	-2.75253
15	15	65	3.36171	-3.66207	-2.93865
15	15	75	3.11945	-5.30079	-4.97322
15	15	85	2.75823	-4.04793	-4.00314
15	25	5	2.61203	-4.96099	-5.0209
15	25	15	2.63105	-4.79926	-4.71923
15	25	25	2.85223	-4.76001	-4.7012
15	25	35	2.86507	-4.34244	-4.09329
15	25	45	2.79255	-3.20007	-3.11993
15	25	55	2.97323	-3.06925	-3.25017
15	25	65	2.65439	-3.53312	-3.55303
15	25	75	2.61686	-4.955	-5.01163
15	25	85	2.7345	-4.70444	-4.80265
15	35	5	3.11232	-4.7425	-4.30208
15	35	15	3.37224	-4.41165	-3.63044
15	35	25	3.47383	-4.34879	-4.10678
15	35	35	2.95027	-3.94879	-3.82402
15	35	45	2.93548	-3.62324	-3.92686
15	35	55	3.31252	-3.37604	-4.13867
15	35	65	2.72948	-4.81699	-5.01861
15	35	75	2.49309	-5.08878	-5.1691
15	35	85	2.77353	-5.08268	-5.14338
15	45	5	2.88589	-3.85204	-3.79811
15	45	15	2.82785	-4.68606	-4.56923
15	45	25	3.37024	-4.43522	-4.81681
15	45	35	2.80869	-4.10226	-4.26618
15	45	45	3.27606	-3.17133	-3.85394
15	45	55	2.87446	-3.75394	-4.03491
15	45	65	2.85095	-4.71465	-5.01465
15	45	75	2.79337	-5.11878	-5.36079
15	45	85	2.89304	-5.06559	-5.20397
15	55	5	3.23941	-3.70246	-4.25723
15	55	15	3.15808	-4.86739	-5.22195
15	55	25	3.19893	-5.11629	-5.3556
15	55	35	2.98006	-4.7429	-4.88668
15	55	45	3.19564	-3.40829	-3.69185
15	55	55	2.77428	-4.14473	-4.16637
15	55	65	3.11145	-4.71153	-5.15114
15	55	75	2.77544	-5.07916	-5.30356
15	55	85	2.83783	-4.86603	-5.10483
15	65	5	3.13233	-3.51211	-4.15331
15	65	15	3.87148	-5.00579	-6.24656
15	65	25	3.2367	-5.22801	-5.59275
15	65	35	3.2399	-4.93168	-5.17323
15	65	45	3.10109	-3.32384	-3.5459
15	65	55	2.59269	-4.45838	-4.41681
15	65	65	3.07227	-4.81479	-5.33436
15	65	75	2.97469	-5.09825	-5.5218
15	65	85	3.21589	-4.26202	-4.9668
15	75	5	2.91226	-3.80204	-4.14288
15	75	15	3.59103	-5.00225	-6.00106
15	75	25	2.91942	-5.11853	-5.40133
15	75	35	3.48107	-4.84151	-5.48591
15	75	45	2.99789	-3.60858	-3.33538
15	75	55	3.03147	-4.05488	-3.57531
15	75	65	3.31225	-5.13276	-4.77399
15	75	75	3.59184	-5.27623	-5.87704
15	75	85	3.01664	-4.122	-4.50802
15	85	5	3.23187	-4.67044	-4.15049
15	85	15	4.11145	-5.73411	-5.65371
15	85	25	3.63461	-5.2568	-5.9804
15	85	35	3.86548	-4.90427	-5.85313
15	85	45	2.78801	-3.53545	-3.56202
15	85	55	3.06069	-3.26127	-2.75174
15	85	65	3.97704	-4.86588	-3.6831
15	85	75	4.27305	-6.15967	-5.6985
15	85	85	3.61343	-4.5227	-3.98351
25	5	5	2.85163	-2.9946	-2.69489
25	5	15	3.0531	-4.12346	-3.98143
25	5	25	3.33027	-5.29469	-5.68111
25	5	35	3.1891	-4.53076	-5.07039
25	5	45	2.56121	-3.30124	-3.29782
25	5	55	2.64235	-3.01905	-3.08949
25	5	65	2.61248	-4.15521	-4.13632
25	5	75	2.9841	-4.78389	-4.51165
25	5	85	2.9725	-3.12101	-2.74439
25	15	5	2.68377	-3.07596	-2.94486
25	15	15	2.57873	-4.29807	-4.27043
25	15	25	3.0356	-5.09761	-5.57947
25	15	35	2.98236	-4.40251	-4.83289
25	15	45	2.59458	-3.14536	-3.08864
25	15	55	2.61524	-2.98392	-3.04482
25	15	65	2.63456	-3.19665	-3.15561
25	15	75	2.73792	-3.90984	-3.84379
25	15	85	2.80276	-3.12781	-2.91849
25	25	5	2.59626	-4.36361	-4.3185
25	25	15	2.63402	-4.97938	-4.97641
25	25	25	2.97706	-5.04156	-5.34593
25	25	35	2.91074	-4.68243	-4.80134
25	25	45	2.59939	-3.21487	-3.16238
25	25	55	2.59139	-2.76236	-2.92335
25	25	65	2.59197	-3.07197	-3.07185
25	25	75	2.61358	-3.64005	-3.69832
25	25	85	2.59705	-3.32107	-3.27827
25	35	5	2.73204	-4.93414	-4.75335
25	35	15	3.33106	-5.27924	-4.61922
25	35	25	4.01502	-5.69599	-5.47678
25	35	35	3.52666	-3.9724	-3.06644
25	35	45	3.00301	-3.84485	-3.60957
25	35	55	2.72976	-3.15801	-3.2191
25	35	65	2.67071	-4.69702	-4.69704
25	35	75	2.1932	-5.07	-5.11188
25	35	85	2.29409	-5.03924	-5.04184
25	45	5	2.78517	-4.72045	-4.48016
25	45	15	2.91344	-5.36725	-5.04483
25	45	25	3.72545	-5.04464	-5.59421
25	45	35	2.96789	-4.13018	-4.11735
25	45	45	2.83577	-2.76535	-2.78687
25	45	55	2.6605	-2.7981	-2.85469
25	45	65	2.63237	-4.36804	-4.38841
25	45	75	2.47196	-5.07687	-5.13686
25	45	85	2.52546	-4.82138	-4.84298
25	55	5	2.53209	-3.92126	-3.91925
25	55	15	2.57412	-4.97638	-4.99315
25	55	25	3.09309	-5.05186	-5.58978
25	55	35	2.76593	-4.82803	-4.99553
25	55	45	2.84413	-3.46407	-3.39126
25	55	55	2.75126	-3.1631	-2.96315
25	55	65	2.75274	-3.87553	-3.9155
25	55	75	2.69279	-4.71638	-4.77438
25	55	85	2.57305	-4.82479	-4.84558
25	65	5	2.51142	-3.3969	-3.43725
25	65	15	2.77148	-4.95278	-5.0931
25	65	25	2.93146	-5.15486	-5.41522
25	65	35	2.89546	-5.21827	-5.28265
25	65	45	2.81474	-3.55324	-3.53449
25	65	55	2.55355	-3.36623	-3.36541
25	65	65	2.77167	-4.18105	-4.40136
25	65	75	2.71174	-4.93321	-5.09356
25	65	85	2.63201	-4.06174	-4.14243
25	75	5	2.63185	-3.62564	-3.62646
25	75	15	2.83104	-4.71104	-4.95146
25	75	25	2.83262	-5.12012	-5.36012
25	75	35	2.85423	-4.92135	-5.22456
25	75	45	2.69348	-3.47416	-3.33662
25	75	55	2.83195	-3.5036	-3.26372
25	75	65	3.21167	-3.94836	-3.64896
25	75	75	3.01229	-5.13628	-5.15755
25	75	85	2.69426	-3.68197	-3.6652
25	85	5	3.77786	-4.18804	-3.00208
25	85	15	3.97463	-5.49964	-4.63605
25	85	25	3.63264	-5.82006	-5.46086
25	85	35	3.45264	-5.44151	-5.22314
25	85	45	2.6535	-3.77437	-3.71605
25	85	55	2.73316	-2.90577	-2.84631
25	85	65	2.87566	-3.5955	-3.35213
25	85	75	3.71869	-5.61826	-5.01232
25	85	85	3.87906	-4.32712	-3.12316
35	5	5	3.0778	-3.46757	-2.94165
35	5	15	3.20755	-4.17575	-3.64004
35	5	25	3.01585	-5.47074	-5.16834
35	5	35	2.72309	-4.97	-5.00606
35	5	45	2.64192	-3.72164	-3.76452
35	5	55	2.58962	-3.42071	-3.44564
35	5	65	2.67742	-4.97865	-4.93915
35	5	75	2.76703	-4.90051	-4.88795
35	5	85	2.89672	-3.47824	-3.17672
35	15	5	2.79311	-3.25525	-3.0157
35	15	15	2.95129	-3.87252	-3.75552
35	15	25	3.14329	-5.22547	-5.51885
35	15	35	2.76208	-4.18372	-4.31127
35	15	45	2.49607	-2.93018	-2.95414
35	15	55	2.5165	-3.18723	-3.23003
35	15	65	2.61639	-4.20464	-4.18108
35	15	75	2.75935	-3.78899	-3.82394
35	15	85	2.68077	-3.91593	-3.83107
35	25	5	2.56453	-3.34976	-3.33964
35	25	15	2.75712	-4.76412	-4.87974
35	25	25	3.07518	-5.08673	-5.62824
35	25	35	2.80199	-4.48199	-4.57323
35	25	45	2.51891	-3.06812	-3.15586
35	25	55	2.61519	-3.06457	-2.94541
35	25	65	2.61355	-3.30213	-3.28209
35	25	75	2.69317	-3.22442	-3.2031
35	25	85	2.59983	-3.14324	-3.1769
35	35	5	2.57264	-4.88644	-4.86623
35	35	15	2.8319	-4.84722	-5.08639
35	35	25	3.63747	-5.15954	-6.02437
35	35	35	3.56916	-4.02123	-3.79654
35	35	45	3.38739	-3.71367	-3.06518
35	35	55	3.21282	-3.9047	-3.40487
35	35	65	2.89387	-5.03969	-4.73849
35	35	75	2.59628	-5.0255	-5.08185
35	35	85	2.27807	-4.93652	-4.91605
35	45	5	2.66688	-4.64079	-4.52063
35	45	15	2.77223	-5.13627	-5.15507
35	45	25	3.45463	-5.07279	-5.65319
35	45	35	3.0723	-3.96071	-4.27474
35	45	45	2.83183	-2.88587	-2.79621
35	45	55	2.78197	-2.83804	-2.77295
35	45	65	2.65711	-4.10689	-4.20323
35	45	75	2.73628	-4.99643	-5.09439
35	45	85	2.6599	-4.72582	-4.62705
35	55	5	2.55803	-3.76417	-3.7565
35	55	15	2.65423	-4.97292	-5.0696
35	55	25	3.6559	-5.10418	-6.2017
35	55	35	3.20986	-5.05667	-5.71146
35	55	45	2.7045	-3.69996	-3.85013
35	55	55	2.6557	-2.65445	-2.63557
35	55	65	2.6581	-3.71929	-3.65866
35	55	75	2.6606	-4.7749	-4.86778
35	55	85	2.56696	-3.97062	-3.96758
35	65	5	2.53109	-3.3165	-3.31645
35	65	15	2.55107	-4.83885	-4.8388
35	65	25	3.11103	-5.09947	-5.65946
35	65	35	3.09865	-5.14101	-5.60861
35	65	45	2.55832	-3.99612	-4.00336
35	65	55	2.5936	-2.68574	-2.72809
35	65	65	2.57529	-3.05944	-3.04336
35	65	75	2.73254	-4.27689	-4.45642
35	65	85	2.55157	-3.67356	-3.67396
35	75	5	2.87106	-3.50126	-3.22125
35	75	15	2.89105	-4.72955	-4.42955
35	75	25	2.95143	-5.27826	-5.31865
35	75	35	2.69544	-5.1023	-5.20591
35	75	45	2.59386	-3.96157	-4.00441
35	75	55	2.59506	-2.72824	-2.73228
35	75	65	2.61767	-2.8673	-2.85392
35	75	75	2.79333	-3.78364	-3.62591
35	75	85	2.91191	-3.57868	-3.25953
35	85	5	4.56425	-4.76444	-2.7929
35	85	15	4.59903	-5.77971	-3.81172
35	85	25	3.81424	-6.19663	-5.25423
35	85	35	3.49466	-5.90279	-5.20483
35	85	45	3.03829	-4.77963	-4.34449
35	85	55	2.9227	-3.54708	-3.23797
35	85	65	3.13664	-4.40687	-3.94847
35	85	75	3.72168	-5.31819	-4.4712
35	85	85	4.22547	-4.55153	-2.95958
45	5	5	2.91683	-3.90374	-3.5388
45	5	15	3.61287	-4.51687	-3.49586
45	5	25	3.62468	-6.00708	-5.21744
45	5	35	3.32633	-5.4739	-5.30516
45	5	45	3.20275	-4.26925	-4.74576
45	5	55	2.75911	-4.19402	-4.34681
45	5	65	2.70989	-5.07124	-5.0959
45	5	75	2.83674	-5.2409	-5.08021
45	5	85	2.92754	-4.42067	-4.12823
45	15	5	2.95031	-3.84191	-3.48356
45	15	15	3.20253	-3.82948	-3.29968
45	15	25	2.99621	-5.33357	-5.27481
45	15	35	2.96168	-4.66794	-4.9462
45	15	45	3.14253	-3.1014	-3.68619
45	15	55	2.72728	-3.67771	-3.84645
45	15	65	2.72027	-5.05133	-5.05447
45	15	75	2.71994	-4.9823	-5.02245
45	15	85	2.65897	-4.62244	-4.55696
45	25	5	2.8207	-3.1241	-3.01792
45	25	15	2.73816	-4.22616	-4.32156
45	25	25	3.05906	-5.11508	-5.53751
45	25	35	2.81604	-4.32204	-4.50642
45	25	45	2.83867	-3.20348	-3.32985
45	25	55	2.71772	-3.54158	-3.4655
45	25	65	2.6738	-4.46601	-4.5074
45	25	75	2.77408	-4.62423	-4.64525
45	25	85	2.83709	-4.31685	-4.15731
45	35	5	2.81545	-5.12406	-4.9458
45	35	15	2.73333	-4.88722	-4.9886
45	35	25	3.15628	-5.15441	-5.6396
45	35	35	3.02238	-4.30216	-4.61261
45	35	45	2.85753	-3.5493	-3.49329
45	35	55	2.87521	-3.82667	-3.62664
45	35	65	2.97268	-5.04211	-4.66207
45	35	75	2.85631	-5.2489	-5.06683
45	35	85	2.81807	-5.10531	-5.00745
45	45	5	3.02668	-4.91314	-4.43984
45	45	15	3.22078	-5.34494	-5.23944
45	45	25	3.56395	-5.203	-5.88298
45	45	35	3.43194	-4.22478	-4.73769
45	45	45	2.70152	-3.62924	-3.57724
45	45	55	2.67507	-2.82224	-2.78066
45	45	65	2.68027	-4.39532	-4.34688
45	45	75	2.88871	-5.22725	-5.19915
45	45	85	3.00332	-5.29731	-4.91504
45	55	5	2.55516	-3.69635	-3.69264
45	55	15	2.65403	-4.63337	-4.73045
45	55	25	3.4167	-5.10356	-5.98353
45	55	35	3.3303	-5.09864	-5.87709
45	55	45	2.69824	-4.23795	-4.38355
45	55	55	2.61346	-2.63562	-2.69484
45	55	65	2.63713	-3.67951	-3.75421
45	55	75	2.84261	-5.01083	-5.28484
45	55	85	2.63279	-4.04872	-4.03156
45	65	5	2.55206	-3.40025	-3.39924
45	65	15	2.61234	-4.33643	-4.39514
45	65	25	3.39226	-5.09982	-5.9402
45	65	35	3.14225	-5.10243	-5.69322
45	65	45	2.71603	-4.30113	-4.42607
45	65	55	2.71232	-2.63404	-2.79519
45	65	65	2.61277	-2.91198	-2.97347
45	65	75	2.87407	-4.31336	-4.63511
45	65	85	2.55616	-3.19644	-3.19936
45	75	5	3.21149	-3.77352	-3.11389
45	75	15	3.17109	-4.70678	-4.08675
45	75	25	3.33185	-5.4968	-5.47758
45	75	35	3.05502	-5.22239	-5.44559
45	75	45	2.71441	-4.48203	-4.56541
45	75	55	2.81587	-2.87993	-3.02476
45	75	65	2.59743	-3.21372	-3.22012
45	75	75	2.67519	-4.12127	-4.04447
45	75	85	2.99272	-3.56679	-3.12594
45	85	5	4.73226	-5.08519	-2.9056
45	85	15	4.88863	-5.88163	-3.58403
45	85	25	4.55784	-6.89421	-5.289
45	85	35	3.87385	-6.22277	-5.18398
45	85	45	3.15351	-5.02205	-4.82372
45	85	55	3.08304	-3.77965	-3.91083
45	85	65	3.0071	-5.17582	-4.94859
45	85	75	3.74208	-6.00425	-4.8999
45	85	85	4.26594	-5.26576	-3.5525
55	5	5	2.88727	-4.54682	-4.2115
55	5	15	3.5323	-5.09897	-4.1985
55	5	25	4.18449	-6.60393	-5.1721
55	5	35	3.75407	-6.10075	-5.10582
55	5	45	3.44094	-4.83059	-5.10101
55	5	55	3.44008	-4.42027	-4.97366
55	5	65	2.90655	-5.25951	-5.23919
55	5	75	2.74488	-5.22928	-5.11794
55	5	85	2.81136	-4.77621	-4.59839
55	15	5	2.71231	-4.00214	-3.88259
55	15	15	3.04783	-3.52705	-3.23129
55	15	25	2.98872	-5.36313	-5.25359
55	15	35	2.89745	-4.60175	-4.66769
55	15	45	3.59925	-3.14618	-4.14212
55	15	55	3.17161	-3.9958	-4.55206
55	15	65	2.74601	-5.13266	-5.18898
55	15	75	2.68777	-5.13479	-5.20213
55	15	85	2.6238	-4.69144	-4.66205
55	25	5	2.71675	-3.01352	-2.93364
55	25	15	2.77884	-3.65646	-3.74988
55	25	25	2.79729	-5.08804	-5.28779
55	25	35	2.96043	-4.08322	-4.48905
55	25	45	3.19855	-2.93464	-3.53696
55	25	55	2.924	-3.54514	-3.79176
55	25	65	2.88355	-5.07908	-5.2004
55	25	75	2.6554	-4.96203	-4.98108
55	25	85	2.75867	-4.70262	-4.54175
55	35	5	3.47889	-5.32615	-4.52549
55	35	15	3.53671	-5.48292	-5.02022
55	35	25	3.17755	-5.46524	-5.3285
55	35	35	3.22499	-4.62507	-4.65179
55	35	45	3.01713	-4.08612	-4.15125
55	35	55	2.71736	-4.04465	-4.0866
55	35	65	2.79337	-4.90905	-4.87051
55	35	75	3.1366	-5.33079	-5.0518
55	35	85	3.28316	-5.43511	-4.87796
55	45	5	3.12629	-4.68176	-4.29043
55	45	15	3.00812	-4.67416	-4.73905
55	45	25	3.24441	-5.24505	-5.64221
55	45	35	2.95647	-4.66475	-4.78448
55	45	45	2.67564	-4.08526	-4.16823
55	45	55	2.63194	-3.04778	-3.04786
55	45	65	2.71185	-4.57171	-4.57169
55	45	75	3.06588	-5.33806	-5.28244
55	45	85	3.14466	-5.21981	-4.93443
55	55	5	2.71294	-3.37314	-3.42399
55	55	15	2.92499	-3.8401	-4.11141
55	55	25	3.46194	-5.16445	-5.94476
55	55	35	3.03524	-5.10237	-5.54331
55	55	45	2.6342	-4.76202	-4.80279
55	55	55	2.57269	-2.95218	-2.97061
55	55	65	2.79469	-3.99844	-4.23481
55	55	75	3.3083	-5.05259	-5.79695
55	55	85	2.64266	-4.35332	-4.3797
55	65	5	2.61738	-3.10374	-3.04258
55	65	15	2.69483	-3.69634	-3.83517
55	65	25	3.49671	-5.09507	-6.03583
55	65	35	2.87277	-5.10331	-5.42246
55	65	45	2.61273	-4.64211	-4.66353
55	65	55	2.57194	-2.66523	-2.68517
55	65	65	2.69164	-3.43328	-3.5727
55	65	75	3.1765	-4.83375	-5.45868
55	65	85	2.58615	-3.50432	-3.49089
55	75	5	3.25617	-3.62849	-2.92447
55	75	15	3.61236	-4.60888	-3.62843
55	75	25	3.99148	-5.96675	-5.64712
55	75	35	3.1007	-5.40281	-5.35085
55	75	45	2.65287	-4.90247	-4.92346
55	75	55	2.65232	-2.82607	-2.88648
55	75	65	2.69183	-3.99349	-4.09268
55	75	75	2.83523	-4.80083	-4.91985
55	75	85	2.93701	-3.9514	-3.5671
55	85	5	4.27596	-5.30658	-3.58339
55	85	15	4.85991	-5.8311	-3.60232
55	85	25	4.80264	-7.15334	-5.26175
55	85	35	4.3031	-6.66438	-5.25157
55	85	45	3.39408	-5.36288	-5.00346
55	85	55	3.25188	-4.74929	-4.68925
55	85	65	3.11791	-5.41887	-5.22081
55	85	75	2.92736	-5.39898	-5.06511
55	85	85	3.73242	-5.6406	-4.50163
65	5	5	3.10796	-5.58398	-5.03217
65	5	15	3.57266	-5.65268	-4.63226
65	5	25	4.84688	-6.88542	-5.55293
65	5	35	4.32244	-6.70256	-5.11333
65	5	45	3.58377	-5.4539	-4.46212
65	5	55	3.07916	-4.80256	-4.71604
65	5	65	3.22135	-5.69568	-5.1494
65	5	75	3.07834	-5.56736	-5.16142
65	5	85	3.33015	-5.75622	-5.06466
65	15	5	2.78401	-4.48402	-4.29125
65	15	15	2.73235	-3.68464	-3.58513
65	15	25	3.11368	-5.44289	-5.30609
65	15	35	2.72269	-4.54458	-4.38994
65	15	45	2.70166	-3.48942	-3.4613
65	15	55	3.06156	-4.12056	-4.37082
65	15	65	2.7729	-5.24405	-5.14792
65	15	75	2.89415	-5.38161	-5.16437
65	15	85	2.70744	-4.93458	-4.8249
65	25	5	2.80954	-3.36514	-3.159
65	25	15	2.96853	-3.29048	-3.2815
65	25	25	3.07008	-5.27246	-5.37183
65	25	35	2.73702	-3.92332	-3.94546
65	25	45	3.15342	-3.03031	-3.27055
65	25	55	2.83858	-3.6671	-3.92526
65	25	65	2.76269	-5.18875	-5.18147
65	25	75	2.66795	-5.13353	-5.18593
65	25	85	2.70895	-4.93641	-4.86552
65	35	5	3.56745	-4.9157	-3.96147
65	35	15	3.86652	-5.52284	-4.50828
65	35	25	3.73732	-5.8771	-5.45277
65	35	35	3.20291	-5.027	-4.86749
65	35	45	3.18399	-4.20463	-4.55159
65	35	55	2.9382	-4.29915	-4.60411
65	35	65	2.65678	-4.88927	-4.95418
65	35	75	2.28196	-5.0407	-5.18919
65	35	85	2.95953	-4.96084	-4.82444
65	45	5	3.25702	-4.56751	-4.0105
65	45	15	3.57242	-4.98617	-4.4537
65	45	25	3.6348	-5.66167	-5.61246
65	45	35	3.09729	-5.187	-5.20262
65	45	45	2.84043	-4.7881	-4.91337
65	45	55	2.71657	-3.73815	-3.78283
65	45	65	2.79677	-4.70084	-4.7842
65	45	75	3.10829	-5.23778	-5.45022
65	45	85	3.04385	-5.18063	-5.03775
65	55	5	2.81446	-3.62971	-3.46516
65	55	15	3.00254	-3.37167	-3.4478
65	55	25	3.80492	-5.21404	-6.21898
65	55	35	2.86414	-5.22516	-5.29183
65	55	45	2.6408	-5.05526	-5.01539
65	55	55	2.57883	-3.32852	-3.34187
65	55	65	3.05709	-4.46458	-4.92179
65	55	75	3.29754	-5.0999	-5.78628
65	55	85	3.16338	-4.57474	-5.15974
65	65	5	2.94034	-3.16369	-3.03846
65	65	15	3.06092	-3.05556	-3.10705
65	65	25	3.72471	-5.10059	-6.18465
65	65	35	2.65201	-5.10442	-5.20054
65	65	45	2.59429	-4.88249	-4.84401
65	65	55	2.57319	-3.03615	-3.01566
65	65	65	3.11447	-4.02124	-4.54024
65	65	75	3.54214	-5.0806	-6.01031
65	65	85	3.00017	-3.97076	-4.16023
65	75	5	3.62619	-4.17873	-3.23564
65	75	15	3.91547	-4.50408	-3.46197
65	75	25	5.01522	-6.5156	-6.09635
65	75	35	3.20937	-5.62206	-5.12
65	75	45	2.69465	-5.00422	-4.90349
65	75	55	2.61403	-3.51464	-3.45325
65	75	65	2.83373	-4.59559	-4.83371
65	75	75	3.21708	-5.1123	-5.55106
65	75	85	3.43615	-5.11173	-4.48674
65	85	5	3.52705	-5.34516	-4.41352
65	85	15	4.36104	-5.86781	-4.09917
65	85	25	5.03759	-7.11538	-5.5147
65	85	35	4.25451	-6.65428	-5.09268
65	85	45	3.54337	-5.89146	-4.98498
65	85	55	3.03853	-5.22474	-4.73725
65	85	65	3.02376	-5.42805	-5.11691
65	85	75	2.98928	-5.47559	-5.12158
65	85	85	3.20913	-5.54438	-4.94246
75	5	5	4.23786	-6.73055	-5.11286
75	5	15	4.34189	-6.61159	-5.11493
75	5	25	5.11931	-7.10258	-5.62885
75	5	35	4.68449	-7.06808	-5.22826
75	5	45	3.7094	-5.63835	-4.48089
75	5	55	3.06006	-4.04788	-3.61884
75	5	65	3.16407	-5.52171	-5.12083
75	5	75	3.90608	-6.05095	-5.50556
75	5	85	3.66981	-6.11068	-5.21129
75	15	5	3.30211	-5.52099	-4.83094
75	15	15	3.25193	-4.99722	-4.46487
75	15	25	3.75819	-5.71492	-5.59751
75	15	35	3.06735	-5.2137	-4.74547
75	15	45	2.68773	-3.2167	-3.16088
75	15	55	2.70611	-3.34271	-3.39005
75	15	65	2.82087	-5.24507	-5.04459
75	15	75	3.21415	-5.57556	-5.29107
75	15	85	3.29265	-5.65533	-5.17032
75	25	5	2.71918	-3.67887	-3.60135
75	25	15	2.9637	-3.37186	-3.25166
75	25	25	3.22798	-5.10216	-5.27657
75	25	35	2.87989	-3.94743	-3.74477
75	25	45	2.83619	-2.9327	-2.66773
75	25	55	2.82469	-3.47798	-3.45169
75	25	65	2.7436	-5.10524	-5.20695
75	25	75	2.76092	-5.14304	-5.27026
75	25	85	2.61777	-4.9633	-4.90751
75	35	5	2.92697	-3.31924	-3.36959
75	35	15	3.59676	-4.04787	-3.92318
75	35	25	3.60149	-5.82841	-5.18515
75	35	35	2.94179	-5.14585	-4.88742
75	35	45	2.96037	-4.32321	-4.1998
75	35	55	2.76412	-4.20031	-4.20636
75	35	65	2.80528	-5.05451	-5.26584
75	35	75	2.36682	-5.10163	-5.21735
75	35	85	2.66137	-4.70283	-4.91158
75	45	5	3.75221	-3.85766	-3.69707
75	45	15	4.30544	-4.00397	-4.34767
75	45	25	3.24547	-5.4321	-5.35667
75	45	35	3.27347	-5.18559	-5.45973
75	45	45	3.02582	-4.95367	-5.10599
75	45	55	3.07904	-4.34246	-4.38803
75	45	65	3.3984	-5.34677	-5.47094
75	45	75	3.07508	-5.29899	-5.37983
75	45	85	3.60143	-5.0036	-5.05559
75	55	5	3.2658	-3.64889	-3.38036
75	55	15	4.27895	-3.90241	-3.90307
75	55	25	4.05866	-5.4246	-6.01141
75	55	35	3.15866	-5.24273	-5.36872
75	55	45	2.92837	-5.18009	-5.31413
75	55	55	2.82279	-4.07814	-4.26187
75	55	65	3.36043	-4.88003	-5.55649
75	55	75	3.66117	-5.20374	-6.0912
75	55	85	3.3202	-4.41613	-5.11566
75	65	5	3.49545	-3.54409	-2.98278
75	65	15	3.47812	-3.32472	-3.33901
75	65	25	4.20956	-4.92768	-6.25822
75	65	35	2.88526	-4.78819	-4.94963
75	65	45	2.59037	-4.99245	-5.01098
75	65	55	2.74216	-3.46902	-3.44174
75	65	65	3.4835	-4.53644	-5.2489
75	65	75	3.59992	-5.18369	-6.00282
75	65	85	3.21123	-4.34395	-4.63945
75	75	5	4.08688	-5.13768	-3.67181
75	75	15	4.68662	-5.22997	-3.98189
75	75	25	4.94524	-6.42303	-5.88424
75	75	35	3.85195	-5.94236	-4.8808
75	75	45	3.22031	-5.64936	-5.06401
75	75	55	3.08336	-4.48787	-4.07813
75	75	65	3.44698	-5.13545	-5.2811
75	75	75	4.11346	-5.63681	-6.00559
75	75	85	3.96013	-5.44747	-5.24323
75	85	5	3.37684	-5.69424	-4.98585
75	85	15	4.39309	-6.40198	-4.80687
75	85	25	5.50953	-7.01728	-5.87327
75	85	35	4.33238	-6.79039	-5.15393
75	85	45	3.63758	-6.06689	-5.06136
75	85	55	3.18512	-5.23094	-4.63844
75	85	65	3.03798	-5.41561	-5.16945
75	85	75	3.46975	-5.50655	-5.59511
75	85	85	3.18453	-5.35125	-5.3218
85	5	5	3.39106	-5.66641	-5.17442
85	5	15	3.94193	-6.127	-5.461
85	5	25	4.00478	-5.925	-5.71608
85	5	35	3.69081	-6.13391	-5.04452
85	5	45	4.20489	-6.09545	-4.52168
85	5	55	3.38432	-3.7937	-3.00043
85	5	65	3.42707	-5.20597	-4.69479
85	5	75	4.41075	-5.85939	-6.2023
85	5	85	4.17745	-5.77264	-6.01745
85	15	5	2.96993	-5.0257	-5.31727
85	15	15	3.05715	-5.10364	-5.32562
85	15	25	3.21429	-5.3814	-5.40058
85	15	35	3.13763	-5.58544	-5.04444
85	15	45	2.83928	-3.74975	-3.46176
85	15	55	3.10872	-3.08325	-3.13366
85	15	65	3.29148	-4.9303	-4.67331
85	15	75	3.30757	-5.37174	-5.5854
85	15	85	3.34623	-5.14874	-5.81049
85	25	5	2.80516	-4.06088	-4.23495
85	25	15	2.93473	-3.59602	-3.69971
85	25	25	3.01428	-4.54841	-4.49007
85	25	35	2.91665	-4.10425	-3.78348
85	25	45	2.82214	-3.00451	-2.83547
85	25	55	3.58423	-3.40153	-3.81649
85	25	65	3.18309	-5.11196	-5.39166
85	25	75	3.04969	-5.18354	-5.51552
85	25	85	3.07916	-5.08406	-5.60816
85	35	5	3.02352	-3.13845	-3.29013
85	35	15	3.03954	-2.87554	-2.95523
85	35	25	2.97449	-4.67012	-4.55756
85	35	35	2.80295	-5.04395	-4.80201
85	35	45	2.9431	-4.02114	-3.99821
85	35	55	2.97053	-3.93555	-4.23067
85	35	65	3.04046	-5.10821	-5.47515
85	35	75	2.88509	-5.12161	-5.33525
85	35	85	2.89722	-4.94244	-5.12783
85	45	5	4.32846	-3.60331	-3.87821
85	45	15	4.31821	-3.63004	-4.22341
85	45	25	3.04414	-4.77412	-4.89751
85	45	35	2.72038	-4.92048	-5.04814
85	45	45	3.08125	-4.91764	-5.36544
85	45	55	3.28361	-4.56394	-5.13092
85	45	65	3.53999	-5.14276	-5.73009
85	45	75	3.35222	-5.42426	-5.57826
85	45	85	3.77565	-4.92846	-5.01864
85	55	5	5.13198	-4.43784	-4.76314
85	55	15	5.6701	-5.34678	-5.17924
85	55	25	4.28638	-5.18639	-5.28092
85	55	35	3.42903	-4.38094	-4.85895
85	55	45	3.21075	-5.21923	-5.23896
85	55	55	3.36015	-5.07626	-4.84456
85	55	65	4.13389	-5.46246	-6.12446
85	55	75	3.81162	-5.6003	-5.8597
85	55	85	4.47022	-5.36587	-5.79643
85	65	5	5.10256	-4.32131	-4.20547
85	65	15	4.95554	-4.72636	-5.04445
85	65	25	4.48386	-5.19278	-5.94161
85	65	35	3.66092	-4.50449	-4.96398
85	65	45	3.00098	-4.76244	-5.0876
85	65	55	3.06388	-4.54718	-4.32802
85	65	65	4.04351	-5.31272	-5.70114
85	65	75	4.0163	-5.85395	-5.80387
85	65	85	4.55275	-5.08353	-5.4019
85	75	5	4.65999	-5.25731	-4.21812
85	75	15	4.6335	-5.71108	-5.08305
85	75	25	4.87229	-5.92664	-6.38937
85	75	35	3.5615	-4.99851	-4.88251
85	75	45	3.0934	-4.95966	-4.6108
85	75	55	2.97737	-4.78244	-4.60319
85	75	65	3.91663	-5.53201	-5.568
85	75	75	4.76148	-6.41656	-5.97096
85	75	85	4.8831	-6.37543	-5.1994
85	85	5	3.19353	-5.36728	-5.10086
85	85	15	3.54993	-5.58602	-5.35836
85	85	25	4.72306	-6.19882	-5.99475
85	85	35	3.69984	-5.96955	-5.01754
85	85	45	3.94815	-5.86762	-4.59995
85	85	55	3.48709	-4.87644	-4.02051
85	85	65	3.28342	-5.27234	-5.10074
85	85	75	4.02107	-5.44361	-6.21685
85	85	85	3.81185	-5.59202	-5.83042
