5	5	5	2.59307	-2.95177	-2.9922
5	5	15	2.59303	-3.9964	-4.03519
5	5	25	2.70153	-5.05183	-5.19093
5	5	35	2.59483	-4.28947	-4.3157
5	5	45	2.60187	-3.36687	-3.31838
5	5	55	2.83707	-3.79272	-4.07092
5	5	65	3.40044	-5.10211	-5.9656
5	5	75	3.25078	-5.08358	-5.77764
5	5	85	2.60069	-4.74123	-4.79007
5	15	5	2.63188	-2.68477	-2.72557
5	15	15	2.61149	-3.47275	-3.55309
5	15	25	2.83395	-4.8136	-5.09628
5	15	35	2.58418	-3.4607	-3.49254
5	15	45	2.53234	-2.96109	-2.96021
5	15	55	2.6521	-3.69408	-3.79311
5	15	65	3.43515	-5.09391	-5.97543
5	15	75	3.33072	-5.10245	-5.88128
5	15	85	2.69785	-4.62239	-4.76837
5	25	5	2.75226	-2.86563	-2.98685
5	25	15	2.67265	-4.03269	-4.0343
5	25	25	2.89343	-4.77864	-5.08104
5	25	35	2.65554	-3.66594	-3.56949
5	25	45	2.9923	-3.30436	-2.86311
5	25	55	3.27108	-4.24683	-3.6468
5	25	65	4.01188	-5.70678	-5.92754
5	25	75	3.54225	-5.50201	-5.6932
5	25	85	2.8364	-5.02244	-5.02702
5	35	5	3.15626	-4.74925	-4.55367
5	35	15	2.77784	-5.23641	-5.0624
5	35	25	2.93636	-5.38553	-5.08756
5	35	35	3.69915	-5.62769	-4.48041
5	35	45	4.22554	-5.27659	-3.58292
5	35	55	4.73146	-5.7427	-3.56229
5	35	65	5.24942	-7.39933	-5.46253
5	35	75	4.71984	-6.88795	-5.44474
5	35	85	3.85521	-5.94245	-4.88502
5	45	5	2.97023	-4.34004	-4.58404
5	45	15	2.69309	-5.09923	-5.18601
5	45	25	2.66148	-5.14379	-5.12004
5	45	35	2.77544	-4.78073	-4.55796
5	45	45	2.88591	-4.54546	-4.21139
5	45	55	2.93641	-4.52346	-4.17809
5	45	65	3.75326	-6.0927	-5.29208
5	45	75	3.62509	-5.93341	-5.14418
5	45	85	3.22513	-4.99286	-4.72292
5	55	5	2.73482	-3.98699	-4.16407
5	55	15	2.64655	-5.06709	-5.1551
5	55	25	2.67659	-5.18313	-5.1626
5	55	35	2.65664	-4.70474	-4.68159
5	55	45	2.63817	-3.94843	-3.86217
5	55	55	2.95065	-3.50998	-3.15119
5	55	65	3.26368	-5.66016	-5.19152
5	55	75	3.11588	-4.72349	-4.76519
5	55	85	3.18135	-3.20623	-3.70417
5	65	5	2.80416	-3.6046	-3.69646
5	65	15	2.7386	-5.09447	-5.05928
5	65	25	2.69625	-4.98006	-5.0439
5	65	35	2.67288	-4.61898	-4.53919
5	65	45	2.77427	-3.09351	-2.91118
5	65	55	2.79981	-3.77719	-3.65012
5	65	65	2.8001	-5.11024	-5.26759
5	65	75	2.93749	-4.12424	-4.42509
5	65	85	3.17969	-3.03256	-3.58018
5	75	5	2.7776	-4.16492	-4.02897
5	75	15	2.89522	-5.03212	-4.85209
5	75	25	3.09352	-5.27136	-5.01255
5	75	35	2.85797	-5.03537	-4.85415
5	75	45	2.81522	-4.64435	-4.54365
5	75	55	2.89364	-4.96007	-4.89999
5	75	65	3.01672	-5.14367	-5.56844
5	75	75	2.83635	-4.36148	-4.52674
5	75	85	2.85849	-3.98608	-4.09265
5	85	5	2.71434	-3.1086	-3.06944
5	85	15	2.65464	-4.57369	-4.51169
5	85	25	2.68147	-5.14165	-5.09442
5	85	35	2.84891	-4.97263	-4.84474
5	85	45	3.01181	-4.61656	-4.24198
5	85	55	3.18694	-4.97213	-4.61989
5	85	65	3.48427	-5.52497	-5.64215
5	85	75	3.1084	-4.68836	-4.91319
5	85	85	2.86029	-4.24844	-4.18969
15	5	5	2.61273	-3.3825	-3.40179
15	5	15	2.63306	-4.44177	-4.52056
15	5	25	2.80429	-5.07306	-5.31985
15	5	35	2.71098	-4.5075	-4.65658
15	5	45	2.67468	-3.46822	-3.52718
15	5	55	2.86707	-3.2391	-3.44497
15	5	65	3.14764	-5.1409	-5.65484
15	5	75	2.87932	-5.16725	-5.36493
15	5	85	2.67647	-5.01208	-5.09425
15	15	5	2.59121	-3.05496	-3.05486
15	15	15	2.79153	-4.03951	-4.27904
15	15	25	3.30245	-5.04051	-5.81072
15	15	35	2.61029	-3.90119	-3.95993
15	15	45	2.68168	-2.98991	-3.07201
15	15	55	2.93699	-2.8897	-3.14899
15	15	65	3.39912	-5.05827	-5.90139
15	15	75	3.01606	-5.10445	-5.56456
15	15	85	2.6143	-4.84291	-4.90359
15	25	5	2.61148	-3.49247	-3.47247
15	25	15	2.71148	-4.59374	-4.71331
15	25	25	3.19703	-5.03027	-5.63465
15	25	35	2.64447	-4.43887	-4.36712
15	25	45	2.93877	-3.57435	-3.1918
15	25	55	3.39693	-4.00419	-3.44092
15	25	65	4.53514	-6.09476	-6.03708
15	25	75	3.75112	-5.9219	-5.3619
15	25	85	2.89332	-5.18286	-4.92352
15	35	5	3.23312	-5.33888	-4.8185
15	35	15	3.05147	-5.41696	-5.15651
15	35	25	3.13512	-5.46193	-5.28108
15	35	35	2.90696	-5.27027	-4.91602
15	35	45	3.71136	-5.59109	-4.41186
15	35	55	4.31553	-5.80133	-4.11771
15	35	65	5.36026	-7.34056	-5.65215
15	35	75	4.87109	-7.09335	-5.27099
15	35	85	4.19488	-6.52448	-5.00345
15	45	5	3.18118	-4.80498	-4.81564
15	45	15	2.90328	-5.25482	-5.27139
15	45	25	2.76017	-5.28864	-5.12194
15	45	35	2.72483	-5.17348	-5.04209
15	45	45	2.77098	-5.24868	-5.03048
15	45	55	2.92686	-4.96744	-4.6717
15	45	65	3.6119	-6.03212	-5.25126
15	45	75	4.2525	-6.55428	-5.19047
15	45	85	3.89143	-5.54064	-4.68308
15	55	5	3.29839	-4.03656	-4.73164
15	55	15	2.75119	-5.11721	-5.25306
15	55	25	2.66163	-5.17076	-5.14271
15	55	35	2.62619	-4.83624	-4.84199
15	55	45	2.60258	-4.32223	-4.27161
15	55	55	2.73144	-3.70426	-3.60464
15	55	65	3.04853	-5.47985	-5.22398
15	55	75	2.9483	-4.67464	-4.48588
15	55	85	3.27146	-3.44028	-3.88023
15	65	5	3.16205	-3.6454	-4.21123
15	65	15	2.74026	-5.14285	-5.20573
15	65	25	2.71867	-5.20687	-5.16331
15	65	35	2.61577	-4.86466	-4.84409
15	65	45	2.77618	-3.33706	-3.15371
15	65	55	2.77438	-3.20004	-3.17778
15	65	65	2.76191	-5.12942	-5.2463
15	65	75	2.78007	-3.86465	-4.04877
15	65	85	3.5749	-2.77102	-3.79132
15	75	5	3.0613	-4.44032	-4.54964
15	75	15	2.82014	-4.93267	-5.0974
15	75	25	2.41337	-5.14011	-5.06117
15	75	35	2.8963	-5.14108	-4.72178
15	75	45	3.23863	-4.57501	-3.97332
15	75	55	3.59593	-5.24208	-4.51846
15	75	65	3.43743	-5.77558	-5.2548
15	75	75	3.35868	-5.02292	-5.0293
15	75	85	3.49957	-4.38525	-4.68656
15	85	5	2.67598	-3.67853	-3.76186
15	85	15	2.69353	-4.66008	-4.72177
15	85	25	2.69431	-5.13579	-5.19867
15	85	35	2.85657	-5.08266	-4.88451
15	85	45	3.05193	-4.37552	-3.99943
15	85	55	3.29582	-4.69254	-4.47074
15	85	65	2.97202	-5.29128	-5.40006
15	85	75	3.04989	-5.07019	-5.27241
15	85	85	2.95908	-4.84848	-4.97165
25	5	5	2.72096	-4.11895	-4.15924
25	5	15	2.72281	-4.82039	-4.97771
25	5	25	2.92992	-5.09683	-5.42725
25	5	35	2.75466	-4.37158	-4.52148
25	5	45	2.63352	-3.24882	-3.31146
25	5	55	3.01004	-3.25362	-3.28321
25	5	65	3.21601	-5.03188	-5.48147
25	5	75	2.95605	-5.12639	-5.28325
25	5	85	2.88158	-5.18166	-5.26617
25	15	5	2.61248	-3.40069	-3.38039
25	15	15	3.07399	-4.44856	-4.92886
25	15	25	3.3297	-5.09103	-5.82525
25	15	35	3.19039	-4.1821	-4.76008
25	15	45	2.73026	-2.97986	-2.89958
25	15	55	3.07201	-3.12598	-3.13254
25	15	65	3.91004	-4.93329	-5.85309
25	15	75	2.78653	-4.74661	-4.91248
25	15	85	2.55841	-5.00447	-5.027
25	25	5	2.67404	-4.13902	-4.01767
25	25	15	3.15445	-4.8229	-5.30192
25	25	25	3.52373	-5.06307	-5.9912
25	25	35	2.99438	-4.74445	-4.9405
25	25	45	3.43813	-4.39266	-3.77007
25	25	55	3.82083	-4.52842	-3.82001
25	25	65	4.88317	-6.13981	-6.1054
25	25	75	4.0909	-6.20244	-4.86047
25	25	85	3.13403	-5.60265	-5.02447
25	35	5	3.50165	-5.56746	-4.61845
25	35	15	3.29852	-5.53654	-5.30906
25	35	25	3.48537	-5.48341	-5.63387
25	35	35	3.07723	-5.41632	-5.15026
25	35	45	3.24709	-5.55714	-4.99317
25	35	55	3.66603	-5.63762	-4.84496
25	35	65	5.36281	-6.75531	-6.00846
25	35	75	4.66838	-7.12509	-5.15722
25	35	85	4.2046	-6.65298	-5.04229
25	45	5	3.5633	-4.59111	-3.57885
25	45	15	2.93955	-5.32208	-5.09596
25	45	25	3.20144	-5.70903	-5.14285
25	45	35	3.04535	-5.56822	-5.12929
25	45	45	3.30857	-5.81364	-5.10052
25	45	55	3.12608	-5.523	-4.98932
25	45	65	3.97499	-6.08257	-5.58449
25	45	75	4.45574	-6.916	-5.15238
25	45	85	4.25485	-6.14135	-4.52336
25	55	5	2.86121	-3.43821	-3.56964
25	55	15	2.74238	-5.14004	-5.07113
25	55	25	2.77072	-5.26074	-5.16243
25	55	35	2.87539	-5.3222	-5.0862
25	55	45	2.68662	-4.93346	-4.80298
25	55	55	2.74451	-4.57347	-4.3612
25	55	65	3.09313	-5.17305	-5.51432
25	55	75	2.98245	-5.08156	-4.79272
25	55	85	2.73462	-3.30359	-3.16091
25	65	5	3.1325	-3.64708	-3.8664
25	65	15	2.6386	-5.08411	-5.12388
25	65	25	2.68345	-5.21118	-5.12465
25	65	35	2.60707	-4.9343	-4.92581
25	65	45	2.68553	-3.67044	-3.57614
25	65	55	2.82426	-3.33776	-3.14633
25	65	65	2.94719	-5.02453	-5.03421
25	65	75	2.76938	-3.89151	-3.69178
25	65	85	2.69418	-2.78955	-2.7689
25	75	5	2.9761	-4.2176	-4.39784
25	75	15	2.67251	-5.07175	-5.13305
25	75	25	1.97612	-5.08242	-5.16586
25	75	35	1.79736	-4.60325	-4.62714
25	75	45	2.84087	-3.3989	-3.16383
25	75	55	3.74022	-4.44758	-3.66693
25	75	65	3.98526	-6.12657	-5.39076
25	75	75	3.46001	-5.62657	-4.92692
25	75	85	3.39884	-4.48333	-4.47816
25	85	5	2.97937	-4.18332	-4.4475
25	85	15	2.67718	-5.04482	-5.07052
25	85	25	2.42154	-5.1586	-5.22712
25	85	35	2.56709	-4.56201	-4.56804
25	85	45	2.8882	-3.49483	-3.2051
25	85	55	3.35284	-3.94989	-3.44915
25	85	65	3.64815	-5.74331	-5.44814
25	85	75	3.36371	-5.52794	-5.20883
25	85	85	3.30668	-5.05815	-5.28239
35	5	5	2.95947	-4.6775	-4.86264
35	5	15	3.08081	-5.04604	-5.4878
35	5	25	3.01994	-5.16616	-5.50214
35	5	35	3.27837	-4.67289	-5.17755
35	5	45	3.11034	-3.34226	-3.8343
35	5	55	4.09181	-4.1952	-4.75252
35	5	65	3.70426	-5.06967	-4.55551
35	5	75	3.52973	-4.66016	-4.67804
35	5	85	3.10498	-5.14004	-5.21278
35	15	5	2.80917	-4.23158	-4.42892
35	15	15	3.40317	-4.87029	-5.50402
35	15	25	3.67985	-5.20628	-6.11507
35	15	35	3.42126	-4.37633	-5.0172
35	15	45	2.95799	-3.12898	-3.17083
35	15	55	4.16785	-4.43718	-4.5491
35	15	65	4.05389	-5.03638	-5.62803
35	15	75	3.08145	-4.34088	-4.54411
35	15	85	2.87311	-4.76644	-4.95576
35	25	5	3.23988	-5.08736	-4.56238
35	25	15	3.86453	-5.35824	-5.68967
35	25	25	3.85939	-5.4633	-6.02256
35	25	35	3.6259	-5.21862	-5.09903
35	25	45	3.54966	-4.4895	-3.8748
35	25	55	4.52262	-5.85788	-4.82772
35	25	65	5.73739	-6.6892	-6.53192
35	25	75	4.26496	-5.88017	-4.66231
35	25	85	3.76084	-5.69488	-4.54306
35	35	5	3.65798	-5.0261	-4.04174
35	35	15	3.68512	-5.43363	-5.34114
35	35	25	3.90279	-5.46137	-6.08082
35	35	35	3.56893	-5.4959	-5.68365
35	35	45	2.91751	-5.24391	-4.94742
35	35	55	3.76149	-5.73985	-5.41652
35	35	65	5.1973	-6.72936	-5.93848
35	35	75	4.72198	-6.97001	-5.04081
35	35	85	4.32153	-6.26373	-4.57726
35	45	5	3.70934	-4.13834	-2.98082
35	45	15	3.14046	-4.9814	-4.63275
35	45	25	3.56164	-5.60794	-5.60463
35	45	35	3.80367	-6.03206	-5.38425
35	45	45	3.61883	-6.0095	-5.05912
35	45	55	4.32677	-6.75081	-5.22202
35	45	65	4.92202	-6.73744	-5.86092
35	45	75	4.64447	-7.03993	-5.09337
35	45	85	4.59818	-6.48828	-4.52213
35	55	5	2.70769	-2.88587	-2.85001
35	55	15	2.69097	-4.46545	-4.51766
35	55	25	3.15101	-5.31546	-5.48512
35	55	35	3.13574	-5.55583	-5.19292
35	55	45	3.19892	-5.57535	-4.99661
35	55	55	3.4183	-5.70173	-5.12868
35	55	65	3.67493	-5.676	-5.66665
35	55	75	3.35894	-5.68392	-5.16806
35	55	85	3.04374	-3.97391	-3.48211
35	65	5	2.87731	-3.40788	-3.16403
35	65	15	2.69648	-5.03775	-4.94166
35	65	25	2.80457	-5.14483	-5.30952
35	65	35	2.71986	-5.12337	-5.20994
35	65	45	2.64282	-4.08212	-4.05136
35	65	55	2.75814	-3.57885	-3.54029
35	65	65	3.32234	-4.51405	-4.83249
35	65	75	2.80315	-3.99193	-3.7851
35	65	85	2.8372	-3.10019	-2.87491
35	75	5	3.00028	-4.15973	-4.03744
35	75	15	2.80232	-5.15307	-5.19647
35	75	25	2.70128	-5.12287	-5.2902
35	75	35	2.55693	-4.92247	-4.86752
35	75	45	2.69711	-3.07884	-3.02334
35	75	55	2.80007	-2.77392	-2.81737
35	75	65	3.56072	-4.88612	-4.82779
35	75	75	3.42018	-5.60388	-4.85973
35	75	85	2.89611	-4.13863	-3.83373
35	85	5	2.82204	-4.64238	-4.59092
35	85	15	3.00524	-5.18313	-5.1553
35	85	25	3.14839	-5.44227	-5.35642
35	85	35	3.04137	-4.52324	-4.65078
35	85	45	3.28737	-3.37644	-3.06639
35	85	55	3.67522	-3.7064	-3.50326
35	85	65	3.47962	-5.25422	-4.71288
35	85	75	2.98133	-5.26417	-4.94661
35	85	85	2.91814	-5.10058	-5.01941
45	5	5	3.52081	-5.01753	-5.34731
45	5	15	3.85958	-5.43004	-5.69777
45	5	25	3.42905	-5.55927	-5.63644
45	5	35	3.72903	-5.10261	-5.27902
45	5	45	4.32151	-4.01035	-4.29219
45	5	55	4.86035	-5.50491	-5.55855
45	5	65	4.48345	-5.94456	-4.62958
45	5	75	3.49995	-4.7898	-4.1387
45	5	85	3.24004	-4.03759	-4.32663
45	15	5	2.88213	-4.68038	-4.9267
45	15	15	4.01987	-5.17713	-5.95396
45	15	25	3.90306	-5.65208	-5.90004
45	15	35	4.58358	-4.83966	-5.39688
45	15	45	4.86623	-4.05291	-4.64477
45	15	55	5.34171	-6.11983	-6.26315
45	15	65	4.50964	-5.91769	-5.80867
45	15	75	3.81942	-5.01533	-5.10171
45	15	85	3.19556	-4.0484	-4.08333
45	25	5	3.1235	-4.47962	-4.20085
45	25	15	3.77467	-5.18722	-5.84448
45	25	25	4.00341	-5.74001	-5.8628
45	25	35	5.07949	-5.76994	-5.68237
45	25	45	5.52453	-5.4593	-4.92468
45	25	55	5.48801	-6.43301	-6.22143
45	25	65	5.24674	-6.42854	-6.41456
45	25	75	4.2654	-5.4409	-5.29671
45	25	85	3.50264	-4.14755	-3.97112
45	35	5	4.00737	-4.74308	-3.53383
45	35	15	4.14702	-5.10561	-4.91041
45	35	25	3.88584	-5.54974	-5.97977
45	35	35	3.49785	-5.33017	-5.5802
45	35	45	3.59872	-5.12404	-5.14852
45	35	55	3.73269	-5.5281	-5.80048
45	35	65	4.55623	-5.66036	-6.43906
45	35	75	4.18834	-5.84803	-5.10919
45	35	85	3.69818	-4.95869	-4.00505
45	45	5	4.20491	-4.36453	-2.79077
45	45	15	3.64471	-4.4529	-3.92001
45	45	25	4.36626	-5.79002	-6.23804
45	45	35	4.05985	-5.74031	-5.73232
45	45	45	3.43028	-5.51242	-5.01006
45	45	55	3.60265	-5.72426	-5.44387
45	45	65	4.58343	-6.10787	-6.12343
45	45	75	3.48159	-5.51158	-4.78102
45	45	85	3.73036	-4.69298	-3.64314
45	55	5	2.85916	-2.91775	-2.64965
45	55	15	2.98749	-3.75325	-3.68243
45	55	25	4.17068	-5.60897	-6.23118
45	55	35	3.73767	-5.27346	-5.95763
45	55	45	2.79177	-5.02836	-5.13566
45	55	55	2.97756	-5.06408	-5.36247
45	55	65	3.27551	-5.18404	-5.66439
45	55	75	2.89826	-5.28391	-4.98707
45	55	85	3.13487	-4.02418	-3.48047
45	65	5	3.08516	-3.13971	-3.19369
45	65	15	3.09106	-4.57451	-4.51711
45	65	25	3.22353	-5.29562	-5.69335
45	65	35	3.36285	-5.16535	-5.81089
45	65	45	2.92827	-4.54325	-4.87728
45	65	55	2.95511	-4.35928	-4.6833
45	65	65	2.99227	-4.43965	-4.60086
45	65	75	2.77423	-4.34199	-4.1652
45	65	85	2.93389	-3.24323	-2.88052
45	75	5	3.49303	-3.94501	-4.47117
45	75	15	3.07907	-4.96546	-5.36911
45	75	25	3.00761	-5.11937	-5.45348
45	75	35	3.15677	-4.94243	-5.38852
45	75	45	2.86553	-3.56204	-3.67575
45	75	55	2.97473	-3.00043	-3.06411
45	75	65	2.87708	-3.89274	-3.85157
45	75	75	2.82186	-4.75376	-4.52778
45	75	85	2.85893	-3.88216	-3.69628
45	85	5	2.96916	-4.5967	-4.93399
45	85	15	3.06368	-5.04027	-5.42732
45	85	25	2.92589	-5.30179	-5.45505
45	85	35	3.13962	-5.08562	-5.02702
45	85	45	3.43073	-3.62447	-3.36973
45	85	55	3.58802	-4.35246	-3.88367
45	85	65	3.25377	-4.6211	-4.18849
45	85	75	2.7397	-4.57093	-4.39263
45	85	85	2.75604	-4.21676	-4.3801
55	5	5	3.22473	-4.26434	-4.4972
55	5	15	3.37427	-4.77113	-5.35437
55	5	25	2.98143	-5.35956	-5.44915
55	5	35	3.77756	-5.44407	-5.46651
55	5	45	4.63974	-4.57871	-4.9005
55	5	55	4.38857	-5.82507	-5.49477
55	5	65	4.48501	-6.63637	-5.1816
55	5	75	3.96084	-5.78041	-4.80874
55	5	85	4.01717	-3.80815	-4.11346
55	15	5	3.08036	-4.61877	-4.82407
55	15	15	3.69063	-5.09476	-5.69355
55	15	25	3.58142	-5.25819	-5.96859
55	15	35	4.09996	-4.48244	-5.55045
55	15	45	5.02604	-3.95295	-5.62613
55	15	55	4.66957	-5.64784	-6.38135
55	15	65	3.70074	-5.79163	-5.49317
55	15	75	3.74478	-5.44927	-5.15812
55	15	85	3.50471	-3.58418	-3.6091
55	25	5	3.19399	-4.0957	-3.71701
55	25	15	4.18944	-5.21237	-5.57237
55	25	25	4.09503	-5.87662	-5.82103
55	25	35	4.84784	-4.662	-5.71882
55	25	45	4.77993	-4.16084	-5.63095
55	25	55	4.87705	-5.56063	-6.73025
55	25	65	4.15258	-5.79768	-5.99528
55	25	75	4.2032	-5.36355	-5.68439
55	25	85	3.39085	-3.65256	-3.68421
55	35	5	3.30366	-3.48167	-2.77431
55	35	15	3.62222	-4.25228	-3.94108
55	35	25	4.2378	-5.70246	-6.0605
55	35	35	4.20421	-4.4023	-4.69391
55	35	45	4.59665	-4.92964	-5.13447
55	35	55	4.13381	-5.45407	-5.95767
55	35	65	4.08612	-5.37754	-6.33187
55	35	75	4.35236	-5.14355	-6.10075
55	35	85	3.46205	-3.99864	-3.77287
55	45	5	2.78139	-2.90836	-2.75834
55	45	15	3.07871	-3.55429	-3.26981
55	45	25	4.1543	-5.46623	-5.70545
55	45	35	4.29144	-4.13796	-4.00716
55	45	45	3.48465	-4.07164	-3.86126
55	45	55	3.48744	-5.14866	-5.41226
55	45	65	4.21656	-5.30502	-6.56341
55	45	75	3.49227	-4.3646	-5.09894
55	45	85	2.83052	-3.2153	-3.29059
55	55	5	2.71123	-2.77168	-2.65166
55	55	15	3.1366	-3.41897	-2.99664
55	55	25	3.988	-5.7289	-5.33367
55	55	35	3.32151	-4.27121	-4.34554
55	55	45	2.9995	-3.9869	-4.10086
55	55	55	2.83171	-5.11712	-5.23643
55	55	65	3.55324	-5.10299	-6.10156
55	55	75	2.78947	-4.72282	-4.9596
55	55	85	2.59437	-3.23365	-3.19693
55	65	5	3.03905	-3.29602	-3.09002
55	65	15	2.99321	-3.88793	-3.53864
55	65	25	3.38124	-4.99975	-5.71046
55	65	35	3.31477	-4.72433	-5.36303
55	65	45	2.67557	-4.98178	-5.08367
55	65	55	2.69191	-4.73931	-4.84004
55	65	65	2.79145	-4.52042	-4.78001
55	65	75	2.73465	-4.26164	-4.08366
55	65	85	2.97211	-3.43964	-3.01993
55	75	5	3.65833	-3.41884	-4.44289
55	75	15	2.82828	-4.859	-5.0942
55	75	25	3.05547	-5.18595	-5.53029
55	75	35	3.3711	-5.02221	-5.7654
55	75	45	2.93385	-4.42165	-4.44446
55	75	55	2.97383	-3.97163	-3.67164
55	75	65	3.35623	-4.31119	-3.84678
55	75	75	2.93904	-4.07	-3.6904
55	75	85	2.99822	-3.82726	-3.78569
55	85	5	3.84391	-3.71311	-5.00517
55	85	15	3.31818	-4.71462	-5.4819
55	85	25	2.81769	-5.11875	-5.46395
55	85	35	3.27587	-5.02276	-5.70841
55	85	45	2.78585	-3.70725	-3.84208
55	85	55	2.88947	-4.70527	-4.61164
55	85	65	3.06508	-4.58887	-4.31801
55	85	75	2.76665	-4.21821	-4.10579
55	85	85	3.27604	-3.17091	-3.85432
65	5	5	3.11535	-3.14353	-3.30681
65	5	15	2.95185	-3.89506	-4.09427
65	5	25	2.85385	-4.7347	-4.97671
65	5	35	2.79221	-4.80197	-5.04396
65	5	45	2.61436	-3.82322	-3.92049
65	5	55	2.67689	-5.01919	-5.05315
65	5	65	3.23725	-5.19563	-5.63019
65	5	75	2.96532	-5.00783	-5.01393
65	5	85	3.33745	-3.44367	-3.90487
65	15	5	2.89827	-3.50936	-3.467
65	15	15	3.07225	-4.20169	-4.6601
65	15	25	2.77627	-4.93386	-5.15743
65	15	35	2.7943	-4.02125	-4.28439
65	15	45	3.01228	-3.3769	-4.05806
65	15	55	3.02909	-4.91078	-5.39151
65	15	65	2.97467	-5.11486	-5.53843
65	15	75	2.9379	-5.17911	-5.36505
65	15	85	3.49837	-3.69524	-4.07607
65	25	5	2.9715	-3.64283	-3.22244
65	25	15	3.57025	-3.96795	-3.98795
65	25	25	3.53423	-5.45631	-5.31992
65	25	35	3.43585	-3.80197	-4.28679
65	25	45	3.33109	-3.54324	-4.32493
65	25	55	3.84584	-4.70544	-5.96666
65	25	65	3.13663	-5.11972	-5.66453
65	25	75	3.03864	-4.94455	-5.38657
65	25	85	3.02072	-3.43774	-3.70018
65	35	5	2.65627	-2.88978	-2.78501
65	35	15	3.28104	-3.8211	-3.53192
65	35	25	4.69623	-5.95586	-5.49227
65	35	35	4.15824	-4.14313	-3.54835
65	35	45	3.79305	-3.76164	-3.40209
65	35	55	4.14781	-4.95203	-5.35205
65	35	65	3.69696	-5.92	-5.44519
65	35	75	3.51864	-5.06191	-5.66874
65	35	85	2.84064	-3.87676	-3.80079
65	45	5	2.5535	-3.01102	-3.00867
65	45	15	2.67831	-4.12071	-4.23664
65	45	25	3.36918	-4.48896	-4.99165
65	45	35	3.61755	-3.52608	-2.98277
65	45	45	3.21556	-3.15855	-2.89491
65	45	55	3.6539	-4.16306	-4.54019
65	45	65	3.54901	-5.13269	-6.06188
65	45	75	3.77388	-4.57274	-5.6132
65	45	85	2.72441	-3.33604	-3.42621
65	55	5	2.6313	-3.00247	-3.04233
65	55	15	2.95424	-3.43517	-3.15677
65	55	25	3.59849	-4.25002	-3.68338
65	55	35	3.11943	-3.38368	-2.97809
65	55	45	2.67744	-3.07004	-2.94448
65	55	55	2.71788	-4.33683	-4.37001
65	55	65	3.45495	-5.10017	-5.99625
65	55	75	3.44167	-4.42301	-5.27169
65	55	85	2.5798	-3.14536	-3.11386
65	65	5	2.85201	-3.12351	-2.98323
65	65	15	2.69353	-3.15108	-3.09349
65	65	25	2.73398	-3.56083	-3.63873
65	65	35	2.63603	-3.30047	-3.33827
65	65	45	2.57326	-4.34068	-4.3185
65	65	55	2.57158	-4.93695	-4.95639
65	65	65	3.47185	-5.02076	-5.82153
65	65	75	2.95753	-4.80243	-4.72813
65	65	85	2.71624	-3.41484	-3.21926
65	75	5	2.90801	-3.1348	-3.41695
65	75	15	2.52863	-4.65337	-4.65577
65	75	25	1.81226	-5.06985	-5.13105
65	75	35	2.35075	-4.9979	-5.11983
65	75	45	2.67156	-4.83334	-4.79375
65	75	55	3.05188	-5.06007	-4.56001
65	75	65	3.49424	-5.5764	-4.91558
65	75	75	3.20747	-3.6536	-3.06445
65	75	85	2.87292	-3.74323	-3.54233
65	85	5	3.39531	-2.79329	-3.59433
65	85	15	2.79345	-4.3287	-4.52873
65	85	25	2.61136	-5.05666	-5.15828
65	85	35	2.69384	-4.86132	-4.98493
65	85	45	2.72588	-4.58245	-4.55968
65	85	55	2.74462	-5.19883	-5.04484
65	85	65	2.96824	-4.88902	-4.9126
65	85	75	2.90908	-4.13255	-4.05297
65	85	85	2.90191	-2.68056	-2.93776
75	5	5	2.77742	-2.75563	-2.63611
75	5	15	2.85238	-3.85553	-3.71669
75	5	25	2.69236	-4.80662	-4.80702
75	5	35	2.6147	-4.00243	-3.98236
75	5	45	2.43418	-3.74005	-3.73695
75	5	55	2.57377	-4.97239	-4.98957
75	5	65	3.47666	-5.10414	-6.0225
75	5	75	2.75512	-5.05632	-5.25627
75	5	85	2.70786	-3.72197	-3.8314
75	15	5	2.7132	-2.84686	-2.66657
75	15	15	2.67355	-2.98055	-3.07971
75	15	25	2.65127	-4.23605	-4.33597
75	15	35	2.49483	-3.63368	-3.6571
75	15	45	2.23119	-3.15621	-3.15606
75	15	55	2.57108	-4.83807	-4.858
75	15	65	3.11109	-5.11954	-5.63946
75	15	75	2.76186	-5.12104	-5.2918
75	15	85	2.90121	-4.15611	-4.18624
75	25	5	2.69188	-2.84824	-2.7091
75	25	15	3.0319	-3.08689	-3.04697
75	25	25	3.17117	-3.92282	-3.60333
75	25	35	2.85187	-3.41866	-3.27951
75	25	45	2.51064	-3.12042	-3.08085
75	25	55	2.76782	-4.44994	-4.59034
75	25	65	2.89142	-5.11826	-5.41866
75	25	75	2.77623	-5.1027	-5.2867
75	25	85	2.6735	-3.96157	-4.06405
75	35	5	2.63234	-3.28708	-3.2076
75	35	15	2.85285	-4.00525	-4.06547
75	35	25	3.07629	-4.59337	-4.55064
75	35	35	3.50064	-3.80472	-2.98156
75	35	45	3.89784	-4.03844	-2.85328
75	35	55	4.01784	-4.97728	-4.0313
75	35	65	3.95541	-6.23743	-5.35463
75	35	75	3.57504	-5.80239	-5.38559
75	35	85	3.11347	-4.87843	-4.32088
75	45	5	2.57877	-3.42069	-3.43482
75	45	15	2.6021	-4.90614	-4.93633
75	45	25	2.87207	-4.84641	-5.0871
75	45	35	2.96572	-3.50569	-3.21586
75	45	45	2.97129	-3.34068	-2.96129
75	45	55	3.13119	-3.87938	-3.85923
75	45	65	3.25428	-5.42916	-5.44831
75	45	75	3.08906	-5.09841	-5.24362
75	45	85	2.62233	-3.74685	-3.71971
75	55	5	2.51205	-3.14603	-3.18678
75	55	15	2.63396	-4.26183	-4.22145
75	55	25	2.69371	-3.80457	-3.82272
75	55	35	2.69993	-3.9323	-3.82826
75	55	45	2.782	-3.24494	-3.01489
75	55	55	2.84297	-3.72581	-3.79391
75	55	65	3.16153	-5.10368	-5.65884
75	55	75	3.14124	-4.14333	-4.73082
75	55	85	2.47488	-2.93011	-2.91301
75	65	5	2.4296	-2.78053	-2.82026
75	65	15	2.59036	-3.33893	-3.3389
75	65	25	2.65318	-3.20362	-3.22231
75	65	35	2.57358	-3.12981	-3.14887
75	65	45	2.55662	-3.34272	-3.33877
75	65	55	2.53623	-4.72405	-4.71892
75	65	65	3.03723	-5.10839	-5.56862
75	65	75	3.08391	-4.50276	-4.83398
75	65	85	2.45444	-3.06805	-2.93145
75	75	5	3.09253	-3.66352	-3.52337
75	75	15	2.57067	-4.7757	-4.71569
75	75	25	2.13347	-5.04308	-5.04146
75	75	35	2.37239	-5.00892	-5.01078
75	75	45	2.57126	-4.88575	-4.86564
75	75	55	2.75194	-4.98727	-4.86638
75	75	65	3.55585	-5.73875	-5.34393
75	75	75	3.63273	-4.24002	-3.63973
75	75	85	3.55976	-3.91204	-3.03918
75	85	5	2.84455	-2.82125	-2.85154
75	85	15	2.63912	-4.12847	-4.16368
75	85	25	2.63153	-4.99326	-4.9944
75	85	35	2.58433	-4.66147	-4.66543
75	85	45	2.56794	-4.52037	-4.53967
75	85	55	2.77145	-5.19548	-5.09508
75	85	65	3.55584	-5.21361	-5.61359
75	85	75	2.87709	-4.14712	-3.88993
75	85	85	2.85421	-2.91546	-2.78896
85	5	5	2.6356	-2.63567	-2.71694
85	5	15	2.69401	-3.73557	-3.75501
85	5	25	2.81689	-5.0863	-5.18365
85	5	35	2.56503	-4.00781	-4.00511
85	5	45	2.56155	-3.66271	-3.65349
85	5	55	2.67959	-4.63897	-4.75041
85	5	65	3.27634	-5.10403	-5.8227
85	5	75	2.97236	-5.1019	-5.51588
85	5	85	2.64863	-4.23913	-4.3327
85	15	5	2.61395	-2.634	-2.69686
85	15	15	2.59436	-2.91197	-2.95508
85	15	25	2.67243	-4.29288	-4.37394
85	15	35	2.51846	-3.11552	-3.12097
85	15	45	2.41118	-3.19929	-3.19929
85	15	55	2.65108	-4.3368	-4.43674
85	15	65	3.65228	-5.09945	-6.20059
85	15	75	3.20784	-5.10202	-5.75883
85	15	85	2.76286	-4.3211	-4.45291
85	25	5	2.59349	-2.79992	-2.84239
85	25	15	2.57512	-3.21371	-3.19781
85	25	25	2.77116	-4.03919	-4.17971
85	25	35	2.75192	-3.32474	-3.12559
85	25	45	2.89105	-3.45388	-3.11387
85	25	55	2.85065	-4.38635	-4.08633
85	25	65	3.41103	-5.41677	-5.63676
85	25	75	3.23864	-5.262	-5.58961
85	25	85	2.61868	-4.46242	-4.48928
85	35	5	3.03626	-4.04043	-3.60327
85	35	15	2.91805	-5.17456	-4.8608
85	35	25	3.11532	-5.37854	-4.89882
85	35	35	3.58071	-4.55768	-3.56973
85	35	45	4.20423	-4.53717	-2.92401
85	35	55	4.56344	-5.55603	-3.58364
85	35	65	4.77942	-7.09627	-5.30867
85	35	75	3.77784	-6.14477	-5.16598
85	35	85	3.41467	-5.44244	-4.66449
85	45	5	2.62631	-4.19038	-4.21765
85	45	15	2.62146	-5.01097	-5.06774
85	45	25	2.79581	-5.10064	-5.17952
85	45	35	2.70575	-4.19967	-4.12784
85	45	45	2.89545	-3.86197	-3.55918
85	45	55	3.11738	-4.0018	-3.51546
85	45	65	3.32755	-5.67154	-5.25583
85	45	75	3.05708	-5.38549	-5.12432
85	45	85	2.66509	-4.24965	-4.22771
85	55	5	2.46334	-3.55451	-3.58572
85	55	15	2.63581	-5.00962	-5.01173
85	55	25	2.67722	-4.94239	-5.01964
85	55	35	2.6598	-4.62281	-4.55822
85	55	45	2.65874	-3.57035	-3.46348
85	55	55	2.85186	-3.45925	-3.27923
85	55	65	2.89087	-5.33022	-5.1528
85	55	75	2.80453	-4.75118	-4.70581
85	55	85	2.49965	-3.09979	-3.10491
85	65	5	2.43524	-3.32027	-3.34433
85	65	15	2.73359	-4.68698	-4.54622
85	65	25	2.75395	-4.64529	-4.66565
85	65	35	2.6756	-4.19658	-4.11809
85	65	45	2.55986	-2.94369	-2.93737
85	65	55	2.70447	-4.1721	-4.30192
85	65	65	2.99909	-5.11752	-5.5351
85	65	75	2.72125	-4.28284	-4.45042
85	65	85	2.41559	-3.00291	-2.98735
85	75	5	3.33595	-4.28619	-3.58627
85	75	15	3.15308	-5.22126	-4.66169
85	75	25	2.93345	-5.32842	-5.06683
85	75	35	2.57592	-4.9473	-4.96447
85	75	45	2.55646	-4.9263	-4.90425
85	75	55	2.7528	-4.88768	-5.00762
85	75	65	3.17471	-5.11523	-5.69721
85	75	75	2.84194	-4.34252	-4.39221
85	75	85	3.18045	-3.94965	-3.41586
85	85	5	2.83725	-2.92467	-2.84041
85	85	15	2.71986	-4.4545	-4.32731
85	85	25	2.61671	-5.03884	-5.11476
85	85	35	2.57756	-4.88366	-4.86291
85	85	45	2.65535	-4.54379	-4.44046
85	85	55	2.97185	-5.11852	-5.21733
85	85	65	3.73786	-5.17773	-6.08217
85	85	75	3.12996	-4.22278	-4.4377
85	85	85	2.78858	-3.6516	-3.68191
