5	5	5	0.745097	-0.924105	-1.0905
5	5	15	2.43623	-0.42435	-0.42356
5	5	25	2.50988	-0.958588	0.530734
5	5	35	-0.100973	-0.503033	-0.113458
5	5	45	-1.12259	-1.29389	-0.806802
5	5	55	-4.02707	-3.23955	-3.57789
5	5	65	-3.97936	-4.03588	-4.40821
5	5	75	-2.16601	-2.84954	-3.14097
5	5	85	-0.663893	-1.48468	-1.91797
5	15	5	2.49032	-1.2688	-1.01101
5	15	15	3.24675	-0.00389653	-1.06376
5	15	25	2.32883	0.786937	-0.0657573
5	15	35	0.563824	0.0138993	-0.0741134
5	15	45	-0.689232	-0.67342	-0.818114
5	15	55	-3.36149	-1.23223	-4.00866
5	15	65	-3.35461	-1.16853	-4.22397
5	15	75	-1.15908	-1.52169	-3.22292
5	15	85	1.0016	-1.69836	-1.59474
5	25	5	4.81468	-4.57114	-0.801874
5	25	15	5.77965	-3.79159	-1.05516
5	25	25	3.87894	-0.997183	-0.718128
5	25	35	1.24456	-0.897715	-1.01166
5	25	45	0.0484584	-1.18166	-1.46365
5	25	55	-1.60512	-1.97218	-2.81216
5	25	65	-0.12265	-2.2953	-4.62465
5	25	75	1.31959	-2.73707	-3.70631
5	25	85	2.46301	-2.35546	-2.22338
5	35	5	3.48756	-3.54363	-1.57465
5	35	15	6.547	-3.21063	-3.12996
5	35	25	4.41675	-2.37943	-2.17063
5	35	35	1.53274	-1.45481	-1.79826
5	35	45	-0.224403	-0.457297	-1.19223
5	35	55	-2.17088	-1.3471	-3.36827
5	35	65	-0.558243	-2.21895	-5.83637
5	35	75	1.40855	-2.53468	-3.83129
5	35	85	1.74174	-2.03758	-1.9882
5	45	5	2.68481	-1.74374	-1.89822
5	45	15	6.97376	-3.13838	-4.57024
5	45	25	5.60459	-1.87167	-3.97248
5	45	35	1.04182	-0.0227633	-1.5521
5	45	45	-0.752925	0.258948	-2.23664
5	45	55	-4.54322	0.688988	-5.11559
5	45	65	-1.35613	-1.09366	-6.88
5	45	75	0.842168	-0.408039	-3.9571
5	45	85	0.73773	-0.675956	-1.30234
5	55	5	2.7885	-0.209014	-2.02903
5	55	15	6.20849	-2.33508	-4.57308
5	55	25	3.71011	-0.449955	-3.34811
5	55	35	1.06058	0.751131	-2.92252
5	55	45	-0.831183	1.05932	-3.03067
5	55	55	-4.34489	0.479015	-5.42569
5	55	65	-1.04019	0.921499	-4.97235
5	55	75	0.228106	0.577856	-1.20988
5	55	85	0.979302	0.033412	-0.937233
5	65	5	0.416722	-3.03918	-2.78724
5	65	15	3.91713	-5.72313	-3.51695
5	65	25	2.43766	-5.51295	-3.50777
5	65	35	-2.72806	-4.86005	-2.69727
5	65	45	-3.96211	-4.20448	-3.49066
5	65	55	-6.31852	-4.32697	-4.3005
5	65	65	-3.39007	-4.47346	-4.24487
5	65	75	-0.779433	-4.47129	-2.61695
5	65	85	-0.83048	-3.55093	-1.69684
5	75	5	-0.695626	-4.25631	-2.79478
5	75	15	2.63093	-7.24183	-1.40965
5	75	25	2.89354	-8.13586	-1.89011
5	75	35	-2.73226	-6.11956	-1.18839
5	75	45	-4.15567	-4.61793	-0.355889
5	75	55	-5.56623	-6.18435	-2.68207
5	75	65	-2.45886	-7.10219	-4.47681
5	75	75	-0.174489	-6.12656	-3.77898
5	75	85	-0.715296	-4.20043	-2.51108
5	85	5	0.042112	-2.80267	-1.61913
5	85	15	2.59848	-4.22752	0.0645352
5	85	25	2.83989	-5.38369	0.209671
5	85	35	-1.1774	-2.87987	-0.06888
5	85	45	-2.14897	-2.13077	-0.870082
5	85	55	-4.42228	-4.67808	-2.74211
5	85	65	-3.87834	-5.83197	-4.44584
5	85	75	-1.14019	-3.95565	-3.00857
5	85	85	-0.708035	-2.04201	-1.82289
15	5	5	0.683497	-1.14436	-1.12972
15	5	15	2.8068	-2.26851	-0.534809
15	5	25	3.04939	-2.00457	1.73002
15	5	35	0.059136	-0.935317	1.07729
15	5	45	-1.01322	-1.23272	-0.679002
15	5	55	-3.29857	-4.07823	-4.55818
15	5	65	-3.55668	-5.18071	-7.52233
15	5	75	-0.705397	-4.91485	-5.76384
15	5	85	0.418596	-2.21163	-2.71914
15	15	5	0.979084	-1.18854	-0.997037
15	15	15	2.78559	-0.933773	-0.363378
15	15	25	2.19466	0.0779386	1.188
15	15	35	0.314497	-0.0470469	0.621644
15	15	45	-0.667286	-0.891776	-0.476739
15	15	55	-2.54935	-2.72101	-4.00616
15	15	65	-3.45856	-2.9651	-6.43944
15	15	75	-0.773533	-1.44857	-4.40727
15	15	85	0.59443	-0.882573	-2.12494
15	25	5	2.91763	-2.48778	-1.00196
15	25	15	4.40485	-3.19317	-0.27738
15	25	25	3.48301	-2.30804	0.0186428
15	25	35	1.2039	-1.16413	-0.484271
15	25	45	0.0386254	-0.825343	-0.40086
15	25	55	0.353388	-2.3271	-2.64494
15	25	65	0.915147	-0.631846	-4.16875
15	25	75	1.72984	-0.520487	-3.04497
15	25	85	1.68074	-1.607	-1.70971
15	35	5	3.64935	-2.59268	-2.07053
15	35	15	6.11248	-2.4182	-1.89176
15	35	25	6.02917	-2.96313	-2.57894
15	35	35	2.19428	-1.58355	-0.76946
15	35	45	0.787899	-0.594288	-0.681945
15	35	55	1.33727	0.170345	-4.42023
15	35	65	4.69581	0.532325	-5.89378
15	35	75	4.08283	0.267564	-3.9176
15	35	85	2.71248	-1.57233	-2.50414
15	45	5	4.99698	-1.19339	-2.80917
15	45	15	8.69852	-1.78974	-3.88437
15	45	25	8.78408	-1.35789	-4.18719
15	45	35	2.69346	0.137102	-1.39428
15	45	45	1.25601	0.205317	-1.56552
15	45	55	1.18057	0.0566463	-8.49613
15	45	65	4.78751	-0.604946	-7.72217
15	45	75	5.93206	1.33209	-5.10724
15	45	85	3.71699	-0.398637	-3.31905
15	55	5	4.06648	0.436637	-1.59234
15	55	15	8.24385	-0.994787	-3.81081
15	55	25	6.802	-0.401018	-3.12235
15	55	35	2.17867	1.38279	-1.9253
15	55	45	0.967082	0.741678	-1.05109
15	55	55	0.78696	-2.25999	-7.2693
15	55	65	3.42815	1.21979	-6.43482
15	55	75	4.0187	2.49767	-2.25638
15	55	85	2.22685	0.735183	-1.84665
15	65	5	2.24287	-1.53554	-2.09161
15	65	15	4.58986	-2.93295	-2.96207
15	65	25	4.29971	-3.15804	-0.970903
15	65	35	-0.127089	-2.55235	-0.69345
15	65	45	-1.30773	-2.2719	-2.70177
15	65	55	-1.92412	-3.00785	-5.7953
15	65	65	0.82119	-2.66821	-5.4416
15	65	75	1.17327	-2.98074	-3.45907
15	65	85	0.738409	-2.06839	-2.31775
15	75	5	-0.289775	-4.70484	-2.91235
15	75	15	0.748462	-6.77497	0.121378
15	75	25	1.94954	-5.95221	1.06482
15	75	35	-1.14766	-3.81478	0.739733
15	75	45	-1.8815	-2.9143	-0.870553
15	75	55	-3.75132	-5.9555	-4.43211
15	75	65	-3.41128	-6.60274	-5.55796
15	75	75	-2.17968	-6.57328	-5.4517
15	75	85	-1.03447	-5.84159	-4.57236
15	85	5	0.735157	-3.2788	-1.92569
15	85	15	3.1512	-4.68772	0.19799
15	85	25	2.98785	-4.769	2.27922
15	85	35	-0.235351	-2.0352	0.982533
15	85	45	-1.12837	-1.82553	-0.773952
15	85	55	-3.04496	-4.76646	-4.69306
15	85	65	-3.1841	-6.16605	-5.91324
15	85	75	-1.69923	-6.54444	-5.31574
15	85	85	0.297777	-4.63048	-3.97647
25	5	5	-0.706191	-1.47137	-1.92002
25	5	15	0.121469	-1.50155	-0.440316
25	5	25	-0.412765	-0.751922	1.0736
25	5	35	-0.40856	-0.713623	0.706644
25	5	45	-0.488826	-1.15428	-0.68063
25	5	55	-1.18866	-4.13596	-5.53713
25	5	65	-3.00644	-3.52396	-8.06414
25	5	75	0.0446119	-3.09266	-4.67996
25	5	85	-0.292501	-1.79123	-2.93088
25	15	5	-0.586	-1.91773	-2.12635
25	15	15	-1.12888	-2.33783	-1.41065
25	15	25	-0.725279	-1.97188	0.802782
25	15	35	-0.826197	-0.923964	1.38476
25	15	45	-0.322956	-1.21534	-0.141402
25	15	55	0.623971	-2.94119	-4.11607
25	15	65	0.494448	-2.82519	-5.24375
25	15	75	0.830862	-2.39299	-4.12641
25	15	85	0.153532	-2.10485	-3.62003
25	25	5	1.96644	-2.01855	-1.29697
25	25	15	3.06064	-3.01595	-0.535783
25	25	25	2.23367	-3.80777	-0.159647
25	25	35	0.501996	-1.65459	0.346877
25	25	45	0.279316	-1.09578	-0.29622
25	25	55	1.65341	-2.94161	-2.20043
25	25	65	2.0975	-3.619	-3.91729
25	25	75	1.9772	-3.09735	-4.18677
25	25	85	1.24896	-1.9993	-2.53155
25	35	5	4.54067	-1.11714	-3.11456
25	35	15	6.33314	-1.75033	-1.76519
25	35	25	4.25229	-2.97789	-1.2884
25	35	35	1.48438	-1.36762	0.0932352
25	35	45	0.515001	-0.766249	-0.178055
25	35	55	3.27809	-1.08618	-2.60076
25	35	65	4.54688	-1.21928	-4.62892
25	35	75	5.31745	-0.185823	-5.59503
25	35	85	4.16913	0.0285439	-4.09168
25	45	5	6.07451	0.9121	-4.57974
25	45	15	9.29358	0.994953	-4.63441
25	45	25	7.76541	-0.811089	-2.59258
25	45	35	2.08409	-0.258018	0.521477
25	45	45	1.45602	0.0118992	-0.828292
25	45	55	5.25912	-0.0417557	-4.63616
25	45	65	5.00528	-0.585224	-4.64474
25	45	75	6.05558	-0.714093	-5.18312
25	45	85	5.34427	0.960453	-4.79078
25	55	5	5.19091	-0.104554	-4.31097
25	55	15	7.11727	1.05463	-4.41867
25	55	25	6.15081	2.41707	-2.44482
25	55	35	2.66749	1.1442	-0.719683
25	55	45	1.79388	0.648786	-0.920246
25	55	55	4.55213	-0.238375	-3.67029
25	55	65	4.51663	0.262201	-3.91069
25	55	75	4.27327	0.529277	-3.49807
25	55	85	3.4494	0.986879	-2.87077
25	65	5	3.8762	-0.427884	-3.7488
25	65	15	5.01195	-0.344678	-2.80143
25	65	25	4.28896	0.113908	-0.55125
25	65	35	1.66812	-0.782504	-0.463276
25	65	45	1.01253	-1.25272	-2.38211
25	65	55	2.54612	-0.395024	-3.11051
25	65	65	3.19102	-0.68984	-3.40671
25	65	75	2.95263	-0.446635	-2.84959
25	65	85	1.99666	-0.202538	-1.90105
25	75	5	0.625678	-1.40675	-1.63148
25	75	15	1.29419	-1.99343	-0.282031
25	75	25	0.943355	-2.77387	0.52471
25	75	35	-0.0867828	-2.30973	0.19393
25	75	45	-0.249233	-1.93849	-0.996144
25	75	55	-0.24966	-3.94015	-4.07651
25	75	65	-0.638885	-4.21275	-4.08797
25	75	75	-0.840265	-4.32409	-4.33384
25	75	85	0.639778	-2.26714	-2.53461
25	85	5	0.244289	-1.36824	-1.24648
25	85	15	0.359146	-1.61408	-0.0842517
25	85	25	0.405357	-1.94907	0.878305
25	85	35	-0.363733	-1.07352	0.651005
25	85	45	-0.401486	-1.51645	-0.447193
25	85	55	-1.01649	-4.29512	-4.17828
25	85	65	-2.18467	-4.60977	-5.36052
25	85	75	-0.726117	-3.90455	-4.13943
25	85	85	0.0776295	-2.5187	-2.8524
35	5	5	-1.83815	0.250904	-1.65282
35	5	15	-3.14863	0.932174	0.0425038
35	5	25	-2.78577	0.777796	1.21195
35	5	35	-0.994333	-0.148164	0.649615
35	5	45	0.479487	-1.23847	-0.498027
35	5	55	1.10426	-2.11544	-2.85432
35	5	65	-0.0189374	-0.48121	-4.44274
35	5	75	-1.31439	-0.417419	-3.3197
35	5	85	-1.49235	-0.472394	-2.15904
35	15	5	-1.74188	-2.90152	-3.54556
35	15	15	-4.06559	-3.8651	-2.19833
35	15	25	-3.33805	-2.92313	0.81237
35	15	35	-1.08954	-1.81554	1.98688
35	15	45	0.839634	-1.87451	-0.335023
35	15	55	2.47672	-2.7743	-2.82418
35	15	65	1.66552	-2.92679	-3.40455
35	15	75	0.353955	-2.90527	-3.4954
35	15	85	-0.872383	-3.1003	-3.98437
35	25	5	0.367023	-3.68945	-3.63663
35	25	15	-1.23902	-6.13654	-3.34635
35	25	25	-2.72862	-6.54048	-0.746562
35	25	35	0.205025	-3.18362	0.252108
35	25	45	0.750603	-1.96828	-0.164543
35	25	55	2.71793	-3.99195	-1.49961
35	25	65	3.27436	-5.58912	-2.75188
35	25	75	2.60916	-4.62613	-4.09823
35	25	85	1.77401	-4.02116	-4.0376
35	35	5	0.140823	-4.28027	-4.65623
35	35	15	-1.39881	-5.43733	-4.33337
35	35	25	-0.469872	-5.21257	-1.76036
35	35	35	0.618127	-2.48085	-0.667968
35	35	45	0.888786	-1.59598	-0.358841
35	35	55	2.76604	-3.06024	-1.2589
35	35	65	3.25399	-3.68716	-2.37972
35	35	75	2.54374	-3.38515	-3.69999
35	35	85	1.77823	-3.04595	-3.79036
35	45	5	1.10472	-2.13606	-5.85213
35	45	15	-0.235846	-3.02735	-5.80389
35	45	25	1.03572	-1.97351	-1.70174
35	45	35	1.10589	-0.670281	0.297374
35	45	45	1.38172	-0.336928	-0.52736
35	45	55	5.61108	-0.800341	-4.25883
35	45	65	5.52533	0.0961492	-3.60433
35	45	75	3.85054	-1.46304	-3.62038
35	45	85	3.30225	-1.32986	-4.49111
35	55	5	1.51229	0.559331	-6.24273
35	55	15	0.828117	2.04789	-5.25558
35	55	25	2.19104	2.18237	-1.55769
35	55	35	1.84351	0.502238	-0.152087
35	55	45	1.99399	0.267283	-0.846038
35	55	55	4.70279	0.962606	-3.36119
35	55	65	4.60354	1.92696	-2.76616
35	55	75	3.36258	0.549811	-2.67819
35	55	85	2.95373	0.555287	-3.86141
35	65	5	1.45171	2.36303	-4.6396
35	65	15	1.39103	2.00706	-2.90211
35	65	25	1.76287	1.30078	-0.969225
35	65	35	1.65018	-0.0177576	-0.581401
35	65	45	2.65882	-0.0018172	-1.79087
35	65	55	3.15133	0.773774	-2.21885
35	65	65	2.3612	0.66311	-1.73061
35	65	75	1.89528	0.380932	-1.79886
35	65	85	1.60747	1.08305	-2.31164
35	75	5	-0.498917	1.17836	-1.78619
35	75	15	-0.69944	0.536482	-1.06722
35	75	25	-1.16191	-1.32691	-0.926489
35	75	35	-0.554227	-1.65569	-1.14601
35	75	45	0.829139	-1.66359	-1.61294
35	75	55	1.51835	-2.71937	-2.14345
35	75	65	0.0578744	-1.8965	-1.18023
35	75	75	0.706883	-1.38228	-1.85495
35	75	85	0.383941	0.0967266	-1.0915
35	85	5	-1.41495	0.315591	-1.65364
35	85	15	-2.42442	-0.32382	-0.428276
35	85	25	-2.1981	-1.43784	0.409851
35	85	35	-1.04753	-1.46675	0.186918
35	85	45	0.504853	-1.2989	-0.358463
35	85	55	1.06505	-2.67234	-2.35861
35	85	65	-0.633568	-3.29151	-3.35917
35	85	75	-0.00577557	-1.53546	-2.41101
35	85	85	-0.675145	-0.246964	-1.11822
45	5	5	-1.38643	1.33001	-2.13479
45	5	15	-3.38147	2.2094	-0.239473
45	5	25	-2.74666	1.53401	0.69193
45	5	35	-0.191295	0.0793918	0.726137
45	5	45	1.03752	-0.99656	-0.514842
45	5	55	1.77902	-1.47063	-1.87405
45	5	65	1.5646	-0.540361	-2.92227
45	5	75	-0.124564	0.193731	-2.59049
45	5	85	-0.700168	-0.0718078	-2.41244
45	15	5	-3.59161	-4.08797	-2.81296
45	15	15	-4.37939	-3.27858	-1.6205
45	15	25	-2.36342	-1.79161	0.687385
45	15	35	-0.0616303	-0.670618	1.58593
45	15	45	1.5283	-1.97371	-0.218453
45	15	55	3.53552	-3.87722	-2.65546
45	15	65	3.10857	-3.56862	-3.81331
45	15	75	1.23043	-3.75903	-4.13065
45	15	85	-1.51389	-3.55044	-3.73941
45	25	5	-3.46426	-6.69993	-2.10239
45	25	15	-4.18865	-7.12346	-2.61187
45	25	25	-2.71034	-6.97761	-1.74317
45	25	35	1.81108	-4.22279	-1.09936
45	25	45	2.5054	-3.39111	-0.866805
45	25	55	3.9889	-6.35624	-1.38166
45	25	65	4.64649	-7.74815	-3.09516
45	25	75	3.90926	-7.12111	-2.86025
45	25	85	-0.501134	-5.68771	-3.13723
45	35	5	-3.6863	-5.14856	-0.582033
45	35	15	-6.05335	-6.13811	-4.12981
45	35	25	-3.28365	-6.41759	-3.48809
45	35	35	1.03984	-4.24805	-2.98831
45	35	45	1.45472	-3.97752	-2.91235
45	35	55	3.45134	-6.33813	-2.30396
45	35	65	4.01344	-7.46374	-2.5361
45	35	75	2.64294	-5.4984	-3.31109
45	35	85	-0.509863	-4.29106	-3.05119
45	45	5	-2.59315	-3.13462	-2.25963
45	45	15	-7.46894	-5.00317	-4.94484
45	45	25	-2.87651	-3.75953	-2.86891
45	45	35	0.112204	-2.00682	-1.84845
45	45	45	1.19898	-1.45395	-1.77376
45	45	55	3.59967	-2.59717	-3.35512
45	45	65	3.88188	-3.41148	-2.70969
45	45	75	1.34935	-2.17231	-1.89268
45	45	85	0.109104	-1.5781	-1.95621
45	55	5	-2.60326	-0.893234	-3.02441
45	55	15	-6.27386	-1.13618	-4.66312
45	55	25	-1.20162	-0.0721315	-2.14109
45	55	35	0.778561	0.0592295	-1.42749
45	55	45	1.8473	0.832439	-1.85558
45	55	55	4.23333	1.47238	-3.46
45	55	65	4.30827	1.25377	-2.42848
45	55	75	1.65141	0.309323	-1.5103
45	55	85	0.528873	0.159222	-1.73884
45	65	5	-1.44037	1.59211	-2.3815
45	65	15	-2.65379	1.82719	-2.78089
45	65	25	-0.37062	1.05539	-1.36585
45	65	35	1.09308	0.198204	-1.44248
45	65	45	2.4826	0.439255	-2.07565
45	65	55	3.47985	1.39155	-2.41419
45	65	65	2.66083	1.5943	-1.12879
45	65	75	1.03031	0.585348	-0.744464
45	65	85	0.302131	0.613212	-1.12782
45	75	5	-0.979996	1.52157	-1.91459
45	75	15	-1.6533	1.10387	-2.12462
45	75	25	-0.261646	-0.892898	-1.47958
45	75	35	1.07695	-2.03318	-2.36802
45	75	45	1.95502	-1.51213	-2.23798
45	75	55	2.64539	-2.60027	-1.74436
45	75	65	2.37278	-1.72338	-1.09592
45	75	75	0.57128	-0.239679	-0.974203
45	75	85	0.184768	0.389208	-1.05341
45	85	5	-0.99834	0.78799	-1.41486
45	85	15	-2.8584	0.760817	-1.7528
45	85	25	-2.33159	-1.39942	-1.23483
45	85	35	-0.0960353	-1.11862	-0.607842
45	85	45	0.808158	-1.29145	-0.661821
45	85	55	2.08045	-3.09244	-2.34281
45	85	65	2.49013	-3.26421	-3.33219
45	85	75	0.301583	-0.289866	-1.3143
45	85	85	-0.258885	-0.0813452	-1.2572
55	5	5	3.06264	3.29221	-2.99991
55	5	15	3.24805	5.52887	-1.81543
55	5	25	1.81685	3.2416	0.29805
55	5	35	1.49732	0.37176	-0.190355
55	5	45	1.80315	-0.869137	-0.755393
55	5	55	3.89788	-2.17573	-2.82834
55	5	65	5.21591	-1.03838	-4.02311
55	5	75	3.50929	0.270764	-3.26954
55	5	85	2.61739	0.803957	-2.98153
55	15	5	-0.639469	-2.17724	-2.68296
55	15	15	-0.114697	0.224852	-1.84982
55	15	25	0.511649	0.221641	0.391241
55	15	35	1.20175	-0.635117	0.38792
55	15	45	2.01806	-2.25816	-1.02091
55	15	55	4.76472	-4.43501	-3.79341
55	15	65	4.64256	-5.02956	-4.08299
55	15	75	1.95423	-4.61492	-2.86552
55	15	85	-0.441608	-3.33277	-2.12016
55	25	5	-3.26999	-8.45999	-0.772058
55	25	15	-3.77826	-7.47406	-1.34729
55	25	25	-1.55603	-7.48044	-3.39194
55	25	35	2.95025	-5.75398	-3.46129
55	25	45	3.08952	-5.37736	-2.62555
55	25	55	4.41438	-7.44408	-2.18499
55	25	65	3.60257	-9.62222	-2.56436
55	25	75	0.879414	-9.83874	-2.56643
55	25	85	-1.95336	-7.769	0.374671
55	35	5	-3.5258	-7.15421	-0.0691359
55	35	15	-6.4317	-5.99933	-4.56312
55	35	25	-0.359278	-6.96727	-4.92768
55	35	35	3.45526	-6.69305	-4.75124
55	35	45	3.14844	-5.01346	-3.92466
55	35	55	4.71134	-6.84726	-1.9986
55	35	65	4.57086	-8.22765	-1.97993
55	35	75	2.66407	-7.26647	-2.79253
55	35	85	-0.366226	-5.53147	-0.872675
55	45	5	-1.78875	-3.25889	-1.46826
55	45	15	-8.18656	-6.02057	-6.20235
55	45	25	-1.84058	-7.07569	-6.62536
55	45	35	2.33961	-5.15804	-4.97874
55	45	45	2.6615	-3.62408	-3.58834
55	45	55	4.25777	-4.67019	-3.43997
55	45	65	4.1451	-4.62927	-2.26306
55	45	75	2.23488	-3.06184	-2.12741
55	45	85	0.791358	-1.8012	-1.09953
55	55	5	-1.79953	-1.27683	-2.15234
55	55	15	-6.42742	-3.62419	-5.77852
55	55	25	-1.3157	-2.97051	-6.74075
55	55	35	1.55245	-1.07548	-3.81153
55	55	45	2.12579	0.402268	-1.97315
55	55	55	4.55761	0.0268975	-3.38314
55	55	65	4.63857	-0.413793	-2.54146
55	55	75	1.34702	-0.5832	-1.26275
55	55	85	0.380653	-0.130271	-0.81324
55	65	5	-1.08748	0.200374	-1.63888
55	65	15	-3.22367	0.0392158	-3.78675
55	65	25	0.0834498	1.00671	-2.94515
55	65	35	2.33653	0.0746562	-2.58397
55	65	45	3.05118	0.297295	-2.54145
55	65	55	4.35513	1.07937	-2.5169
55	65	65	3.61019	1.56605	-1.49796
55	65	75	1.38156	1.04917	-1.09524
55	65	85	0.356785	0.396592	-0.559664
55	75	5	0.0249005	0.813391	-0.984865
55	75	15	-0.858203	1.39092	-2.5587
55	75	25	1.65026	-0.611189	-3.03087
55	75	35	3.13121	-2.26579	-2.74562
55	75	45	3.42306	-2.25608	-2.68973
55	75	55	5.39659	-2.69364	-2.64575
55	75	65	5.46465	-1.70131	-2.36465
55	75	75	1.70178	-0.0158746	-1.13907
55	75	85	0.50719	0.542593	-0.603607
55	85	5	1.05363	1.10637	-1.70074
55	85	15	1.32064	1.54712	-3.87186
55	85	25	2.63502	-1.59838	-3.75294
55	85	35	2.95862	-2.14431	-2.30775
55	85	45	1.88576	-1.58743	-1.36224
55	85	55	4.29087	-3.05206	-2.47153
55	85	65	6.2808	-2.75767	-3.79595
55	85	75	2.94725	-0.618252	-1.85599
55	85	85	1.30878	0.362472	-1.40693
65	5	5	6.52093	3.79104	-2.6694
65	5	15	7.0639	4.49558	-0.75347
65	5	25	6.9445	3.23415	-1.99877
65	5	35	5.57435	0.962269	-2.88777
65	5	45	5.17259	-1.06365	-2.60332
65	5	55	7.39092	-2.82437	-2.07957
65	5	65	9.32859	-1.50962	-4.59012
65	5	75	7.72429	-0.308046	-4.71763
65	5	85	6.2161	2.34585	-4.36741
65	15	5	3.34134	0.0851148	-1.97961
65	15	15	4.34957	2.10007	-1.55484
65	15	25	4.05812	1.88117	-0.880508
65	15	35	3.04638	0.395244	-0.727004
65	15	45	3.24658	-1.02414	-1.96365
65	15	55	5.99537	-2.58626	-3.35107
65	15	65	7.08239	-2.85997	-3.9775
65	15	75	4.40111	-2.36066	-2.4641
65	15	85	3.49667	-1.69309	-2.307
65	25	5	-1.81752	-8.41983	1.3809
65	25	15	-1.22365	-4.81522	-0.0681599
65	25	25	0.281048	-5.78519	-4.14167
65	25	35	2.76265	-6.4402	-4.68517
65	25	45	0.938194	-5.36468	-4.09465
65	25	55	2.01998	-5.13887	-2.37681
65	25	65	1.60125	-7.13641	-2.00881
65	25	75	-0.968533	-7.2419	-2.15344
65	25	85	-1.49938	-8.20627	-0.378274
65	35	5	0.0395306	-6.17141	-0.203458
65	35	15	-3.08541	-3.49452	-4.29617
65	35	25	1.22196	-7.46889	-5.30897
65	35	35	1.78556	-7.52492	-5.00455
65	35	45	2.82301	-4.66624	-3.65107
65	35	55	3.96473	-5.26487	-2.41151
65	35	65	3.32618	-5.75434	-2.46776
65	35	75	1.86685	-4.2298	-1.10675
65	35	85	1.20906	-3.44755	-0.456984
65	45	5	0.891534	-2.64321	-1.62871
65	45	15	-4.09057	-3.34611	-9.20389
65	45	25	-0.103468	-7.638	-7.70332
65	45	35	3.281	-5.31438	-5.38204
65	45	45	3.59712	-4.50416	-4.31048
65	45	55	5.09579	-5.8867	-4.07155
65	45	65	4.00184	-5.04515	-2.16054
65	45	75	2.65762	-3.55189	-1.1694
65	45	85	0.993356	-1.89169	-0.110939
65	55	5	0.408919	-1.51072	-2.31941
65	55	15	-1.49461	-4.72601	-8.81729
65	55	25	2.06995	-3.84849	-8.81945
65	55	35	2.33796	-2.82485	-6.52605
65	55	45	2.81682	-1.98482	-4.77178
65	55	55	4.54601	-1.37843	-1.2826
65	55	65	4.55637	-2.09809	-0.764405
65	55	75	1.90902	-0.994165	-0.579026
65	55	85	0.609162	-0.566487	0.024572
65	65	5	0.197641	0.378674	-1.41547
65	65	15	-0.746271	-0.773489	-5.35851
65	65	25	1.09355	0.911149	-4.2022
65	65	35	1.91522	1.11618	-3.61445
65	65	45	1.88477	0.364881	-2.2697
65	65	55	3.69845	0.701215	-1.28122
65	65	65	3.48942	1.19539	-0.764099
65	65	75	1.28188	0.781769	-0.271987
65	65	85	0.197767	0.0567545	-0.0412999
65	75	5	1.50123	0.455452	-1.35345
65	75	15	1.30922	-0.592424	-3.09145
65	75	25	3.14985	0.744301	-3.65238
65	75	35	3.22489	0.105223	-3.41983
65	75	45	3.04154	-1.05475	-2.71864
65	75	55	5.65068	-0.654938	-3.1387
65	75	65	6.04701	-0.685896	-3.15429
65	75	75	4.42617	-0.426418	-2.13229
65	75	85	2.14192	0.364549	-1.25581
65	85	5	5.81874	2.66618	-3.48448
65	85	15	7.32387	3.14151	-4.34588
65	85	25	7.34774	2.02552	-5.75914
65	85	35	6.79777	-0.413109	-5.63502
65	85	45	6.02613	-1.84976	-5.04576
65	85	55	7.28945	-2.32184	-3.44604
65	85	65	8.65692	-0.447218	-4.43432
65	85	75	7.7327	-0.585414	-3.77465
65	85	85	5.92508	1.06268	-3.50968
75	5	5	7.28098	2.97515	-1.06598
75	5	15	8.39444	2.03472	-1.74375
75	5	25	8.86298	0.530285	-4.6778
75	5	35	7.4092	-0.770467	-5.37477
75	5	45	5.56841	-1.50419	-5.6662
75	5	55	8.06381	-1.54238	-5.07733
75	5	65	9.91887	-1.1298	-4.58065
75	5	75	9.23194	-0.168697	-3.89579
75	5	85	7.11455	1.84287	-3.31148
75	15	5	5.90369	0.0355878	-1.43219
75	15	15	5.2622	1.85863	-1.03501
75	15	25	6.33403	1.52676	-3.35613
75	15	35	4.43472	1.54785	-2.99064
75	15	45	2.79394	0.500177	-3.53296
75	15	55	5.68948	-0.363606	-3.05956
75	15	65	8.04349	-0.958517	-3.36901
75	15	75	5.53872	-0.758191	-1.35417
75	15	85	4.88037	-0.173154	-1.51316
75	25	5	3.37227	-4.30018	0.564018
75	25	15	3.34155	-2.85255	-0.820866
75	25	25	1.76433	-2.91909	-3.68998
75	25	35	1.27655	-3.5511	-4.24881
75	25	45	1.09287	-2.17869	-3.14669
75	25	55	0.932984	-1.56074	-2.80338
75	25	65	1.94572	-3.39124	-1.41051
75	25	75	1.09142	-3.66414	-0.678426
75	25	85	1.66869	-3.38296	-0.339562
75	35	5	3.18608	-4.13381	0.37665
75	35	15	3.2981	-3.06824	-3.49943
75	35	25	0.283994	-5.17865	-4.70971
75	35	35	0.686491	-3.90846	-3.80274
75	35	45	0.160236	-2.05844	-2.73365
75	35	55	-0.921926	-2.60614	-2.96578
75	35	65	-0.0612257	-2.98528	-1.86683
75	35	75	0.18092	-2.04417	-0.575683
75	35	85	0.604324	-1.29363	0.0601691
75	45	5	2.29036	-2.75913	-1.28138
75	45	15	3.9495	-1.63136	-8.71951
75	45	25	1.17558	-3.49235	-7.57765
75	45	35	1.53628	-1.94993	-3.70516
75	45	45	0.190551	-2.12239	-3.66196
75	45	55	-1.35483	-1.45646	-2.95271
75	45	65	-0.660729	-1.99991	-1.7
75	45	75	0.533469	-1.54266	0.0259383
75	45	85	0.287213	-0.74618	0.329954
75	55	5	1.95889	-1.30339	-1.35483
75	55	15	5.3708	-4.12107	-7.45774
75	55	25	3.0108	-1.46087	-6.45343
75	55	35	0.910279	-0.973577	-5.49579
75	55	45	-1.22565	-1.69215	-5.41648
75	55	55	-2.41289	-0.544188	-3.27774
75	55	65	-1.97431	-0.615472	-0.393088
75	55	75	-0.38596	-0.653137	0.69768
75	55	85	0.32562	-0.554136	0.243334
75	65	5	1.56393	-0.650829	-1.45173
75	65	15	3.53406	-0.949698	-4.91402
75	65	25	2.18395	-0.724993	-6.17111
75	65	35	-0.241464	-2.431	-5.73762
75	65	45	-2.05085	-2.69188	-5.3905
75	65	55	-4.16338	-4.5387	-3.60868
75	65	65	-2.22099	-2.8279	-0.0832809
75	65	75	-0.119227	-1.39152	1.16678
75	65	85	0.527273	-0.709172	0.366765
75	75	5	2.71102	-0.252002	-1.01345
75	75	15	2.78608	-2.46414	-2.80095
75	75	25	4.05826	-2.65221	-5.44168
75	75	35	3.87076	-0.522479	-5.60222
75	75	45	2.80915	-1.71749	-5.31488
75	75	55	0.869565	-4.32838	-3.21435
75	75	65	3.14001	-4.49913	-0.448885
75	75	75	3.05922	-2.54381	0.351954
75	75	85	2.49691	-0.688996	-0.328029
75	85	5	6.66833	1.86931	-0.319202
75	85	15	7.59086	1.13224	-3.29714
75	85	25	6.96044	0.756613	-5.40698
75	85	35	6.51205	0.691998	-6.29494
75	85	45	5.93561	-0.550245	-6.51915
75	85	55	6.07019	-1.18796	-5.80571
75	85	65	8.47784	-0.846763	-1.77977
75	85	75	7.64696	-1.1266	-2.41877
75	85	85	6.10898	-0.0447398	-1.07865
85	5	5	4.61714	0.0297298	0.184853
85	5	15	6.0969	0.441538	0.16554
85	5	25	6.20042	-0.861247	-3.29421
85	5	35	3.52634	-0.871835	-3.28853
85	5	45	-0.0370597	-1.64769	-3.33337
85	5	55	-2.16409	-3.30963	-4.88312
85	5	65	1.27978	-3.39434	-3.76334
85	5	75	2.49733	-1.25322	-2.17921
85	5	85	1.95565	-0.532328	-0.48403
85	15	5	4.78028	-0.187253	-0.359463
85	15	15	5.21763	1.75201	-0.246889
85	15	25	5.17275	3.28563	-2.11715
85	15	35	2.49782	1.44697	-2.18168
85	15	45	0.380731	-0.182182	-3.03943
85	15	55	-0.745357	0.693284	-4.08144
85	15	65	1.17186	0.5558	-2.18851
85	15	75	2.35008	-0.723209	-0.926786
85	15	85	3.25326	-1.20821	-0.442462
85	25	5	5.29179	-4.88631	-0.367606
85	25	15	5.45508	-2.90774	-0.903359
85	25	25	3.56224	-0.116618	-2.08604
85	25	35	2.42805	-0.956914	-2.61823
85	25	45	0.179374	-1.14112	-3.07982
85	25	55	-1.49611	-1.83017	-3.50545
85	25	65	-0.750141	-2.71311	-2.02932
85	25	75	1.35341	-2.89639	-1.40904
85	25	85	2.73459	-3.11486	-1.66707
85	35	5	2.61917	-4.08424	-1.5522
85	35	15	4.94195	-3.61362	-2.41449
85	35	25	1.8751	-2.72594	-3.12779
85	35	35	0.390277	-2.08823	-3.09315
85	35	45	-0.776859	-0.674498	-1.79402
85	35	55	-2.86026	-1.68328	-2.79403
85	35	65	-3.23331	-2.82549	-2.37557
85	35	75	-0.950269	-1.81083	-1.70617
85	35	85	0.129008	-1.80343	-1.37843
85	45	5	2.6674	-2.23785	-1.73743
85	45	15	6.37189	-4.19739	-5.9823
85	45	25	3.12026	-1.74468	-5.31685
85	45	35	0.426857	-0.384096	-2.46098
85	45	45	-1.42844	0.268098	-2.47872
85	45	55	-4.52201	0.641671	-3.85003
85	45	65	-4.62104	-0.397674	-2.50304
85	45	75	-1.05385	-0.512441	-1.26878
85	45	85	0.637489	-0.6417	-0.15942
85	55	5	2.60041	-1.52164	-1.6795
85	55	15	6.12778	-3.34861	-4.93388
85	55	25	2.67516	-0.170683	-3.71948
85	55	35	-0.402801	0.859253	-3.90655
85	55	45	-2.63188	1.25815	-3.62026
85	55	55	-5.14594	2.02862	-4.46985
85	55	65	-4.69328	1.47229	-2.15412
85	55	75	-0.833992	-0.106965	-0.103632
85	55	85	0.431908	-0.282245	-0.141781
85	65	5	1.59408	-2.08977	-2.32605
85	65	15	3.75554	-2.20183	-4.16958
85	65	25	1.85388	-2.50219	-5.53136
85	65	35	-2.27308	-3.8304	-5.06158
85	65	45	-5.42894	-4.21159	-4.20685
85	65	55	-7.02571	-5.00066	-4.90193
85	65	65	-5.36407	-4.90173	-2.21665
85	65	75	-0.862849	-3.1576	0.537015
85	65	85	-0.235212	-1.94528	-0.0605568
85	75	5	1.75586	-1.43359	-0.537704
85	75	15	4.2907	-4.63736	-3.11035
85	75	25	3.65742	-6.10374	-4.9032
85	75	35	-0.292192	-6.35995	-4.40763
85	75	45	-3.91528	-6.09018	-2.34539
85	75	55	-5.76203	-7.07538	-3.38651
85	75	65	-3.34906	-8.27509	-2.81279
85	75	75	0.207144	-4.11437	-0.250529
85	75	85	0.594767	-1.76137	-0.283709
85	85	5	3.0524	-0.959144	-0.0141742
85	85	15	6.28018	-2.99833	-2.11981
85	85	25	4.16027	-5.19422	-3.7416
85	85	35	1.73222	-4.5327	-4.11782
85	85	45	-1.4723	-4.12367	-3.28207
85	85	55	-4.17993	-7.10465	-3.70069
85	85	65	-0.794862	-7.2889	-3.45982
85	85	75	1.89971	-3.43873	-1.62155
85	85	85	1.5927	-1.43876	-0.191001
