5	5	5	3.43259	-5.9017	-5.14251
5	5	15	2.72902	-5.0908	-4.91045
5	5	25	2.74458	-5.15112	-4.9879
5	5	35	3.55704	-5.11599	-5.93119
5	5	45	3.22593	-5.44312	-5.11842
5	5	55	3.86035	-5.79795	-4.49848
5	5	65	3.69276	-5.06164	-4.00062
5	5	75	3.34664	-5.59997	-4.84321
5	5	85	3.17051	-5.6956	-5.35563
5	15	5	2.74585	-5.11624	-5.24346
5	15	15	2.64267	-5.09161	-5.00085
5	15	25	2.59263	-5.14018	-5.09858
5	15	35	2.77451	-5.09603	-5.31483
5	15	45	2.58674	-5.0022	-5.02656
5	15	55	2.8088	-4.65852	-4.52327
5	15	65	3.63808	-3.78533	-3.28298
5	15	75	3.00158	-4.93608	-4.49842
5	15	85	2.91427	-5.46348	-5.24225
5	25	5	2.69496	-5.08594	-5.22563
5	25	15	2.65245	-4.98302	-5.04248
5	25	25	2.59156	-5.0017	-5.02197
5	25	35	2.65123	-4.89958	-4.93937
5	25	45	3.03107	-5.34203	-5.20129
5	25	55	3.54252	-4.26867	-3.68617
5	25	65	3.78206	-3.2972	-3.51226
5	25	75	2.74152	-4.53637	-4.57488
5	25	85	2.4987	-5.16674	-5.38234
5	35	5	2.87065	-5.14206	-5.34284
5	35	15	2.81149	-4.32085	-4.24131
5	35	25	2.79302	-3.77601	-3.67761
5	35	35	3.17305	-4.00924	-4.14841
5	35	45	2.88267	-3.79831	-3.89147
5	35	55	3.1781	-2.65812	-3.27834
5	35	65	3.37784	-2.98302	-3.86505
5	35	75	2.84847	-4.88361	-5.22338
5	35	85	2.57278	-5.10114	-5.563
5	45	5	3.51462	-5.50325	-5.06564
5	45	15	3.95461	-3.62004	-3.65966
5	45	25	3.31265	-2.89354	-3.05193
5	45	35	2.95345	-4.13972	-4.54291
5	45	45	2.77626	-4.76861	-5.03701
5	45	55	3.1343	-3.892	-4.55573
5	45	65	2.78676	-3.90382	-4.2086
5	45	75	3.16267	-5.10176	-5.60168
5	45	85	3.21584	-5.48161	-5.38597
5	55	5	3.57067	-4.47646	-5.18686
5	55	15	4.02872	-3.00928	-4.13411
5	55	25	3.94029	-3.10998	-4.32275
5	55	35	3.01825	-4.18891	-4.73245
5	55	45	3.01742	-4.87996	-5.36435
5	55	55	2.95466	-4.79757	-5.28366
5	55	65	2.12665	-4.55749	-4.57833
5	55	75	3.08774	-4.98261	-5.50181
5	55	85	3.14571	-5.27257	-5.68498
5	65	5	3.36245	-4.74741	-5.22721
5	65	15	3.65701	-3.36915	-4.18644
5	65	25	3.71441	-3.90086	-4.71988
5	65	35	3.23753	-4.18609	-4.33075
5	65	45	3.51745	-4.25898	-4.86738
5	65	55	2.65711	-4.95884	-5.00576
5	65	65	2.05024	-4.79546	-4.8155
5	65	75	2.62333	-4.96617	-5.18535
5	65	85	3.53499	-5.16379	-6.06052
5	75	5	2.75223	-4.12154	-4.50311
5	75	15	2.87154	-2.92569	-3.30566
5	75	25	3.52708	-4.02151	-4.52107
5	75	35	3.94103	-4.66677	-5.40358
5	75	45	3.80429	-4.21249	-5.22132
5	75	55	2.66241	-4.70006	-4.83267
5	75	65	1.9095	-4.36124	-4.36128
5	75	75	2.30141	-4.70553	-4.84553
5	75	85	3.10815	-5.09715	-5.75757
5	85	5	2.39058	-4.46142	-4.52223
5	85	15	2.46463	-3.47563	-3.57524
5	85	25	2.69745	-4.42539	-4.44099
5	85	35	3.97537	-5.38163	-6.0168
5	85	45	4.1407	-5.08008	-5.23133
5	85	55	3.19965	-5.11319	-4.46261
5	85	65	2.51068	-4.80124	-4.50171
5	85	75	2.5606	-4.96961	-4.99082
5	85	85	2.80483	-5.10982	-5.40983
15	5	5	3.69376	-6.08548	-4.98429
15	5	15	3.27223	-5.33243	-4.61286
15	5	25	3.10582	-5.62802	-5.06805
15	5	35	3.11407	-5.14777	-5.5706
15	5	45	3.12188	-4.77995	-5.1116
15	5	55	2.83885	-4.17157	-3.89141
15	5	65	3.47798	-4.25386	-3.47043
15	5	75	3.79424	-5.43682	-4.19177
15	5	85	3.79573	-6.30516	-5.20001
15	15	5	2.89145	-5.30399	-4.96718
15	15	15	2.74744	-5.01804	-4.82214
15	15	25	2.64026	-5.10746	-5.09825
15	15	35	2.82298	-5.08627	-5.38466
15	15	45	2.80798	-4.67066	-4.94715
15	15	55	2.61906	-3.53884	-3.52658
15	15	65	3.06516	-3.08131	-2.89255
15	15	75	2.97208	-3.97864	-3.60084
15	15	85	2.83076	-5.3967	-5.23776
15	25	5	2.61592	-5.06969	-5.07047
15	25	15	2.53249	-4.963	-4.96178
15	25	25	2.61151	-5.02049	-5.08002
15	25	35	3.07356	-5.06211	-5.54437
15	25	45	2.69472	-5.06273	-5.00551
15	25	55	2.54129	-3.24259	-3.34837
15	25	65	2.8194	-2.53369	-2.67075
15	25	75	2.82361	-3.60974	-3.44128
15	25	85	2.60336	-5.18096	-5.27226
15	35	5	2.59563	-5.10499	-5.10804
15	35	15	2.55195	-4.56248	-4.52181
15	35	25	2.53103	-4.31965	-4.21964
15	35	35	3.57385	-3.90046	-4.78243
15	35	45	2.71594	-4.07808	-4.28242
15	35	55	2.40463	-2.72096	-2.79276
15	35	65	2.37419	-2.48817	-2.67067
15	35	75	2.63507	-4.17699	-4.27463
15	35	85	2.31703	-5.09258	-5.58825
15	45	5	2.53344	-5.60242	-4.90842
15	45	15	3.45223	-4.46284	-3.7217
15	45	25	3.39222	-3.66402	-2.84202
15	45	35	3.53107	-3.67437	-3.75192
15	45	45	2.76385	-4.61458	-4.72214
15	45	55	2.58198	-3.63477	-3.80332
15	45	65	2.38693	-3.63003	-3.67004
15	45	75	2.56571	-4.89468	-5.05487
15	45	85	1.85203	-5.17824	-5.41825
15	55	5	2.64068	-5.00604	-4.84367
15	55	15	2.84827	-3.34567	-3.11411
15	55	25	2.94786	-3.8164	-3.77956
15	55	35	2.96304	-3.96345	-4.13262
15	55	45	2.63986	-4.42727	-4.58483
15	55	55	2.73233	-4.1358	-4.33701
15	55	65	2.30668	-4.21867	-4.21868
15	55	75	2.74911	-4.97905	-5.21793
15	55	85	2.12959	-5.16296	-5.46188
15	65	5	2.58541	-4.56325	-4.62806
15	65	15	2.41077	-3.16889	-3.24726
15	65	25	2.834	-4.35959	-4.61626
15	65	35	2.81397	-4.28258	-4.50081
15	65	45	3.19513	-4.20384	-4.16775
15	65	55	2.63191	-3.77882	-3.64086
15	65	65	2.03236	-4.37843	-4.35726
15	65	75	2.6712	-4.95639	-5.1538
15	65	85	2.75213	-5.09965	-5.4601
15	75	5	2.23227	-3.90204	-3.98523
15	75	15	1.57133	-2.55166	-2.6321
15	75	25	2.94621	-4.92172	-5.06171
15	75	35	2.99307	-5.03562	-5.27599
15	75	45	3.13632	-4.67778	-4.78213
15	75	55	2.55399	-3.72167	-3.74286
15	75	65	1.81038	-4.49773	-4.49932
15	75	75	2.40173	-4.83604	-4.89698
15	75	85	2.77113	-5.0995	-5.50074
15	85	5	2.60984	-4.42196	-4.44679
15	85	15	2.16867	-3.42283	-3.40328
15	85	25	2.73344	-4.8861	-5.02613
15	85	35	3.17423	-5.19687	-5.5993
15	85	45	3.42069	-4.74562	-5.05566
15	85	55	2.99484	-3.88139	-3.3844
15	85	65	2.46912	-4.21321	-4.01611
15	85	75	2.54229	-4.89042	-4.855
15	85	85	2.6077	-5.11698	-5.19743
25	5	5	4.58021	-5.70955	-3.72721
25	5	15	3.67499	-5.03085	-3.94937
25	5	25	3.51105	-5.73329	-5.05373
25	5	35	3.49501	-5.53843	-5.56005
25	5	45	3.06072	-5.06153	-4.89083
25	5	55	3.1179	-3.95132	-3.47421
25	5	65	3.64477	-3.73482	-2.81095
25	5	75	4.2031	-5.09345	-3.48117
25	5	85	4.64461	-6.78907	-4.89831
25	15	5	3.18632	-3.79811	-3.24685
25	15	15	2.93626	-3.86285	-3.48108
25	15	25	2.78029	-4.86025	-4.9535
25	15	35	3.13787	-5.12547	-5.6643
25	15	45	2.72916	-4.26818	-4.43306
25	15	55	2.66177	-3.17614	-3.14102
25	15	65	2.68702	-2.82963	-2.73866
25	15	75	2.87589	-3.4109	-3.12816
25	15	85	3.13776	-4.85017	-4.42464
25	25	5	2.80573	-4.14056	-3.89445
25	25	15	2.70114	-3.96868	-3.81999
25	25	25	2.85279	-5.07818	-5.29646
25	25	35	3.81762	-5.10172	-6.44721
25	25	45	2.94649	-4.74293	-5.11732
25	25	55	2.50941	-3.09768	-3.12712
25	25	65	2.55909	-2.55546	-2.55059
25	25	75	2.67876	-2.84146	-2.77538
25	25	85	2.79227	-4.4924	-4.45278
25	35	5	2.59872	-4.7062	-4.67184
25	35	15	2.53299	-4.94176	-4.92116
25	35	25	2.69109	-4.9593	-5.01924
25	35	35	3.7731	-4.64048	-5.7424
25	35	45	3.05234	-4.2633	-4.5209
25	35	55	2.52787	-2.84092	-2.87599
25	35	65	2.49489	-2.68893	-2.69056
25	35	75	2.65981	-3.46012	-3.51297
25	35	85	2.58404	-4.4198	-4.73039
25	45	5	1.59431	-5.02261	-5.01261
25	45	15	2.67189	-4.40244	-4.24175
25	45	25	3.21183	-4.23245	-3.77083
25	45	35	4.53385	-4.38722	-4.76679
25	45	45	3.74544	-4.19721	-4.27001
25	45	55	2.96401	-3.87994	-3.75134
25	45	65	2.51716	-3.16282	-3.20131
25	45	75	2.45559	-4.85914	-4.87821
25	45	85	1.47278	-5.16402	-5.44552
25	55	5	2.10747	-5.10354	-4.96562
25	55	15	2.59423	-3.79965	-3.69848
25	55	25	2.65305	-4.65526	-4.53284
25	55	35	3.23625	-4.44208	-4.75685
25	55	45	3.16545	-4.09187	-4.46987
25	55	55	2.54271	-2.93463	-2.95706
25	55	65	2.57514	-3.2759	-3.25391
25	55	75	2.61713	-4.77553	-4.67518
25	55	85	2.02955	-5.30002	-5.57894
25	65	5	2.55913	-4.86695	-4.88372
25	65	15	2.36536	-3.47811	-3.49487
25	65	25	2.59272	-4.78386	-4.82186
25	65	35	2.75307	-4.95406	-5.1528
25	65	45	2.71682	-4.65883	-4.74026
25	65	55	2.67606	-3.19103	-3.17002
25	65	65	2.53976	-3.34623	-3.36512
25	65	75	2.54461	-4.59426	-4.63182
25	65	85	2.58021	-5.06853	-5.22189
25	75	5	2.49185	-4.14207	-4.18443
25	75	15	1.65144	-3.29165	-3.31251
25	75	25	2.57007	-4.96611	-5.00611
25	75	35	2.77145	-5.10716	-5.26754
25	75	45	2.69353	-4.72529	-4.82762
25	75	55	2.47766	-2.85785	-2.88332
25	75	65	2.42285	-3.81306	-3.84403
25	75	75	2.47396	-4.81013	-4.89474
25	75	85	2.65205	-5.07912	-5.28094
25	85	5	2.87189	-4.242	-3.96529
25	85	15	2.50905	-3.64285	-3.48335
25	85	25	2.62381	-4.98663	-5.02703
25	85	35	2.71224	-5.07612	-5.25694
25	85	45	2.67469	-4.7183	-4.80237
25	85	55	2.59793	-3.16873	-3.21561
25	85	65	2.7012	-3.53324	-3.34498
25	85	75	2.91087	-4.91475	-4.62021
25	85	85	2.95114	-5.33802	-5.17974
35	5	5	4.89065	-5.33837	-3.0432
35	5	15	4.39744	-4.70446	-2.91894
35	5	25	3.79269	-5.51411	-4.39418
35	5	35	3.13504	-5.49988	-5.32309
35	5	45	3.09631	-5.08193	-5.22638
35	5	55	3.46082	-4.03561	-4.26213
35	5	65	3.91162	-3.93108	-2.99627
35	5	75	4.3121	-4.92035	-3.31248
35	5	85	4.85592	-6.29192	-4.23605
35	15	5	3.63411	-3.73737	-2.77882
35	15	15	3.54382	-3.62568	-2.75593
35	15	25	3.1643	-4.27058	-3.93983
35	15	35	3.12386	-5.18589	-5.58351
35	15	45	2.82277	-4.50919	-4.72564
35	15	55	2.86522	-3.36152	-3.54153
35	15	65	2.79992	-3.23218	-3.0339
35	15	75	2.96757	-4.40898	-4.15659
35	15	85	3.01885	-4.135	-3.95128
35	25	5	3.22427	-3.49675	-2.97549
35	25	15	2.87599	-3.18602	-2.98731
35	25	25	2.75907	-4.33578	-4.41144
35	25	35	3.0996	-5.0992	-5.68107
35	25	45	2.94488	-4.40579	-4.79214
35	25	55	2.77972	-3.24828	-3.25087
35	25	65	2.69788	-3.10665	-3.08474
35	25	75	2.63894	-3.16143	-3.11514
35	25	85	2.99145	-3.22056	-2.88415
35	35	5	2.6291	-3.3085	-3.30244
35	35	15	2.57493	-4.30044	-4.259
35	35	25	2.83328	-5.0165	-5.27852
35	35	35	3.21812	-5.08137	-5.70758
35	35	45	3.30814	-4.62341	-5.21775
35	35	55	2.66093	-3.33513	-3.34365
35	35	65	2.67288	-3.00448	-2.94511
35	35	75	2.79382	-3.27457	-3.11257
35	35	85	2.82295	-3.24142	-3.25869
35	45	5	2.4612	-5.06618	-4.98463
35	45	15	2.55127	-4.89325	-4.83347
35	45	25	2.71113	-4.67886	-4.73847
35	45	35	3.63351	-4.81885	-5.70041
35	45	45	3.56759	-3.19332	-3.71006
35	45	55	3.05738	-3.68328	-3.40874
35	45	65	2.71474	-3.28328	-3.08083
35	45	75	2.81549	-4.88142	-4.75777
35	45	85	2.93436	-5.28918	-5.33065
35	55	5	2.95747	-5.32768	-4.82488
35	55	15	2.75349	-4.8261	-4.61965
35	55	25	2.77463	-5.21003	-5.10524
35	55	35	3.33347	-4.75548	-5.35464
35	55	45	3.22421	-3.89492	-4.40251
35	55	55	2.76476	-2.72117	-2.73768
35	55	65	2.84274	-2.84285	-2.79239
35	55	75	2.90871	-4.57925	-4.32439
35	55	85	3.30709	-5.45039	-5.31872
35	65	5	2.5508	-4.78571	-4.78238
35	65	15	2.51101	-4.02287	-4.02006
35	65	25	2.551	-4.97523	-4.97484
35	65	35	2.87141	-5.05107	-5.37147
35	65	45	2.91622	-4.88673	-5.24874
35	65	55	2.61841	-3.26416	-3.36255
35	65	65	2.74542	-2.64937	-2.84342
35	65	75	2.60666	-3.69473	-3.66988
35	65	85	2.59776	-4.6017	-4.65672
35	75	5	2.45304	-4.04247	-4.062
35	75	15	2.25296	-3.45767	-3.45885
35	75	25	2.57136	-4.91432	-4.93393
35	75	35	2.75185	-5.11567	-5.27644
35	75	45	2.71229	-5.0991	-5.22027
35	75	55	2.75243	-3.41246	-3.63401
35	75	65	2.82324	-2.7428	-3.09414
35	75	75	2.66562	-3.88624	-4.00001
35	75	85	2.5953	-4.91185	-4.95546
35	85	5	3.21228	-4.20162	-3.62282
35	85	15	2.87145	-3.76486	-3.36571
35	85	25	2.71064	-4.84064	-4.72065
35	85	35	2.71264	-5.13934	-5.22094
35	85	45	2.91391	-4.98135	-5.22422
35	85	55	3.15552	-3.33411	-3.8986
35	85	65	2.87313	-3.01802	-3.15959
35	85	75	3.06362	-3.65749	-3.31
35	85	85	3.27316	-5.51586	-4.91874
45	5	5	4.8611	-5.22593	-2.9192
45	5	15	4.64347	-4.78324	-2.73254
45	5	25	4.19401	-5.35094	-3.86905
45	5	35	3.27593	-5.69486	-5.25849
45	5	45	3.15602	-5.46242	-5.30656
45	5	55	4.03558	-4.68089	-5.40052
45	5	65	3.55411	-3.56134	-3.85431
45	5	75	3.85772	-5.05818	-4.00521
45	5	85	4.33711	-5.94838	-4.28636
45	15	5	3.53443	-4.10226	-3.16363
45	15	15	4.12696	-4.47345	-2.98387
45	15	25	3.83072	-4.67657	-3.77827
45	15	35	3.0642	-5.39642	-5.37009
45	15	45	3.12607	-5.06981	-5.31083
45	15	55	3.38393	-3.88554	-4.34264
45	15	65	3.03422	-3.56648	-3.74448
45	15	75	2.99703	-5.11473	-5.12261
45	15	85	2.98811	-5.0403	-4.78663
45	25	5	3.03122	-4.19124	-3.87927
45	25	15	2.90824	-3.30824	-3.07764
45	25	25	2.95279	-3.75413	-3.87541
45	25	35	2.68206	-5.08212	-5.36087
45	25	45	2.93833	-4.17413	-4.49711
45	25	55	2.88603	-3.15896	-3.35531
45	25	65	2.68989	-3.3206	-3.39006
45	25	75	2.6642	-4.25085	-4.32268
45	25	85	2.75437	-3.9011	-3.90479
45	35	5	2.77141	-3.18205	-3.27001
45	35	15	2.66702	-3.26133	-3.3301
45	35	25	2.75424	-4.68067	-4.93951
45	35	35	3.01848	-5.10799	-5.63065
45	35	45	2.83598	-4.4651	-4.6845
45	35	55	2.76039	-3.33364	-3.35181
45	35	65	2.63415	-3.10555	-3.10338
45	35	75	2.7561	-3.5251	-3.42087
45	35	85	2.98425	-3.5851	-3.67191
45	45	5	3.27307	-5.62409	-4.97973
45	45	15	2.97984	-5.22677	-4.99235
45	45	25	3.19688	-5.12837	-5.12779
45	45	35	3.51631	-5.27961	-5.80594
45	45	45	3.09339	-3.5022	-3.88061
45	45	55	2.73289	-3.11149	-3.01328
45	45	65	3.01295	-3.76818	-3.34593
45	45	75	3.33528	-5.26272	-4.93769
45	45	85	4.10531	-5.7453	-5.69147
45	55	5	2.77554	-4.85464	-4.5726
45	55	15	2.7013	-4.729	-4.5639
45	55	25	2.8136	-5.17871	-5.15799
45	55	35	3.45426	-4.93279	-5.81479
45	55	45	2.86626	-3.89397	-4.18963
45	55	55	2.67208	-2.83868	-2.78011
45	55	65	2.73547	-2.89088	-2.64608
45	55	75	3.16992	-4.68208	-4.3036
45	55	85	3.67871	-5.45603	-5.63912
45	65	5	2.60155	-3.98962	-3.94038
45	65	15	2.61484	-3.90131	-3.83697
45	65	25	2.6127	-4.99406	-5.01285
45	65	35	3.0314	-5.12088	-5.68049
45	65	45	2.77908	-5.0751	-5.31993
45	65	55	2.59451	-3.77828	-3.81729
45	65	65	2.5963	-2.51668	-2.5915
45	65	75	2.66319	-3.62523	-3.7114
45	65	85	2.74214	-4.65719	-4.76605
45	75	5	2.55346	-3.71435	-3.71306
45	75	15	2.55394	-3.1381	-3.13653
45	75	25	2.59192	-4.8217	-4.86085
45	75	35	2.73158	-5.11965	-5.29992
45	75	45	2.71553	-5.10149	-5.26586
45	75	55	2.77299	-4.01827	-4.25912
45	75	65	2.81129	-2.56584	-2.88599
45	75	75	2.75933	-2.79632	-2.95717
45	75	85	2.57397	-4.13378	-4.11281
45	85	5	3.67034	-4.17909	-3.21868
45	85	15	3.43148	-4.02247	-3.14287
45	85	25	2.89224	-4.71317	-4.45275
45	85	35	2.65226	-5.13871	-5.1591
45	85	45	2.65473	-5.10196	-5.16639
45	85	55	3.15205	-3.9824	-4.54182
45	85	65	3.35444	-2.73084	-3.36987
45	85	75	3.14374	-3.18035	-3.00484
45	85	85	3.31645	-4.00185	-3.31896
55	5	5	4.32119	-5.33395	-3.60606
55	5	15	4.63344	-4.94516	-2.90287
55	5	25	4.22363	-5.17455	-3.58376
55	5	35	3.70453	-6.03843	-5.29156
55	5	45	3.04943	-5.52945	-5.05449
55	5	55	3.00379	-5.01318	-4.6829
55	5	65	3.38667	-3.97448	-4.01963
55	5	75	3.24527	-5.46275	-4.89622
55	5	85	3.50708	-5.84846	-4.89892
55	15	5	3.57716	-5.06668	-4.12918
55	15	15	4.39299	-5.37292	-3.56577
55	15	25	4.45579	-5.15552	-3.65771
55	15	35	3.71171	-6.08763	-5.4446
55	15	45	2.96157	-5.30919	-5.10833
55	15	55	3.56064	-4.78993	-4.58296
55	15	65	3.36133	-4.63262	-4.50963
55	15	75	3.38862	-5.7395	-5.10635
55	15	85	3.16974	-5.57197	-5.10185
55	25	5	2.8803	-4.69412	-4.70295
55	25	15	2.92591	-3.80294	-3.49719
55	25	25	2.86592	-3.32237	-3.29015
55	25	35	2.9618	-5.18052	-5.55256
55	25	45	2.90981	-4.73186	-4.85439
55	25	55	3.24005	-3.29704	-3.66807
55	25	65	3.17867	-3.99413	-4.06143
55	25	75	2.769	-5.12092	-5.07361
55	25	85	2.89287	-5.17081	-5.06689
55	35	5	2.94747	-4.30966	-4.28002
55	35	15	2.81725	-3.10574	-2.99229
55	35	25	2.79789	-4.26221	-4.42523
55	35	35	3.18947	-5.23255	-6.16885
55	35	45	2.79748	-4.24541	-4.52527
55	35	55	2.84844	-3.31232	-3.41119
55	35	65	2.66848	-3.53407	-3.62698
55	35	75	2.81078	-4.76013	-4.81147
55	35	85	2.97862	-4.83674	-4.83967
55	45	5	4.21472	-6.15427	-5.62711
55	45	15	3.20754	-5.62719	-4.95389
55	45	25	3.17901	-5.25005	-5.10784
55	45	35	3.73989	-5.19618	-6.30223
55	45	45	2.7394	-4.24259	-4.39081
55	45	55	2.5343	-3.42887	-3.43252
55	45	65	2.55244	-3.68499	-3.70478
55	45	75	3.25314	-4.92211	-5.16092
55	45	85	4.09282	-5.91175	-5.62568
55	55	5	3.46409	-5.4954	-5.17775
55	55	15	3.1648	-4.90411	-4.53048
55	55	25	2.95185	-5.18184	-5.25799
55	55	35	3.5816	-5.13862	-6.18659
55	55	45	2.67033	-4.10042	-4.18216
55	55	55	2.55371	-3.60961	-3.53071
55	55	65	2.63266	-2.86022	-2.69786
55	55	75	3.31349	-4.64738	-4.86654
55	55	85	4.13308	-5.706	-6.00675
55	65	5	2.80876	-4.12918	-4.10915
55	65	15	2.74066	-3.71572	-3.65728
55	65	25	2.81456	-4.75404	-4.85239
55	65	35	3.29625	-5.14557	-6.06443
55	65	45	2.62874	-5.10545	-5.17158
55	65	55	2.57566	-4.26111	-4.25888
55	65	65	2.57948	-2.68285	-2.65435
55	65	75	2.7794	-3.74332	-3.99044
55	65	85	3.26792	-5.18016	-5.52486
55	75	5	2.78463	-3.32011	-3.11857
55	75	15	2.61688	-3.24161	-3.22066
55	75	25	2.53411	-4.31876	-4.37742
55	75	35	2.83481	-5.14071	-5.58199
55	75	45	2.64526	-5.12334	-5.17496
55	75	55	2.59613	-4.30367	-4.34441
55	75	65	2.57131	-2.61583	-2.5751
55	75	75	2.74007	-3.10049	-3.07017
55	75	85	2.80873	-4.48829	-4.29385
55	85	5	3.79603	-4.30513	-3.14554
55	85	15	3.99449	-4.37553	-2.93641
55	85	25	3.15217	-4.64326	-4.08332
55	85	35	2.85448	-5.21859	-5.43851
55	85	45	2.66409	-5.12417	-5.15369
55	85	55	2.59295	-4.52349	-4.5225
55	85	65	2.91503	-2.86396	-2.98156
55	85	75	3.36612	-3.96478	-3.27335
55	85	85	3.56055	-4.94503	-4.01457
65	5	5	4.38031	-6.19897	-4.5881
65	5	15	4.67365	-5.7341	-3.67253
65	5	25	4.36462	-5.30802	-3.66297
65	5	35	4.16036	-6.14573	-5.7461
65	5	45	3.14514	-5.69482	-5.14877
65	5	55	2.95682	-5.14702	-4.82213
65	5	65	3.08772	-4.76472	-4.47206
65	5	75	2.92044	-5.36634	-5.0715
65	5	85	3.5064	-5.81089	-5.29006
65	15	5	4.20071	-6.20166	-4.56379
65	15	15	4.61771	-6.23304	-4.25701
65	15	25	4.72348	-6.14425	-4.30351
65	15	35	4.27462	-6.24878	-5.71655
65	15	45	3.08114	-5.47042	-5.06482
65	15	55	3.07797	-5.02781	-4.54092
65	15	65	3.70493	-5.20266	-4.47612
65	15	75	3.7121	-6.08027	-5.22398
65	15	85	4.27249	-6.70891	-5.16621
65	25	5	3.5392	-5.25738	-5.0123
65	25	15	3.38727	-4.52398	-4.03566
65	25	25	3.48427	-3.58306	-3.53252
65	25	35	2.80976	-5.16535	-5.31155
65	25	45	2.6659	-4.51538	-4.53291
65	25	55	2.92918	-3.35521	-3.34306
65	25	65	3.11624	-4.45746	-4.09504
65	25	75	3.38023	-5.67704	-5.29881
65	25	85	3.4878	-5.82065	-5.31629
65	35	5	3.49552	-4.7252	-5.25681
65	35	15	3.40942	-3.18196	-3.45779
65	35	25	3.74709	-3.61502	-4.43956
65	35	35	2.94811	-5.32825	-5.9168
65	35	45	3.17971	-4.29179	-4.64774
65	35	55	2.92888	-3.03626	-3.36609
65	35	65	2.73917	-3.6041	-3.82957
65	35	75	3.0405	-5.03516	-5.44208
65	35	85	3.11673	-5.08261	-5.40263
65	45	5	2.99445	-5.2965	-5.51271
65	45	15	3.56589	-5.30958	-4.68955
65	45	25	3.5849	-5.06372	-5.666
65	45	35	3.74115	-5.30879	-6.71175
65	45	45	3.00966	-4.48718	-4.76271
65	45	55	2.711	-3.9261	-4.18365
65	45	65	2.85802	-4.20448	-4.43143
65	45	75	3.23398	-4.93124	-5.53379
65	45	85	2.35423	-5.01611	-6.07372
65	55	5	3.84284	-5.6659	-5.39861
65	55	15	3.1452	-4.60352	-4.33183
65	55	25	3.22436	-4.68222	-4.89163
65	55	35	3.92206	-5.23732	-7.1315
65	55	45	2.93642	-4.80348	-4.7929
65	55	55	2.85893	-4.58283	-4.25319
65	55	65	2.71253	-3.34858	-3.20971
65	55	75	3.77872	-4.97968	-5.35778
65	55	85	3.9619	-5.65813	-6.00647
65	65	5	3.93533	-5.0256	-4.8647
65	65	15	3.00499	-3.83719	-3.45259
65	65	25	3.19153	-3.94755	-4.21095
65	65	35	3.61785	-5.21998	-6.42688
65	65	45	2.7074	-5.14434	-5.20163
65	65	55	2.63831	-4.82766	-4.80367
65	65	65	2.70243	-3.1227	-3.09228
65	65	75	3.14359	-4.08815	-4.7119
65	65	85	3.98724	-5.54076	-6.09175
65	75	5	3.43296	-4.04005	-3.80285
65	75	15	2.79527	-3.26517	-3.13789
65	75	25	2.75926	-3.73662	-3.83489
65	75	35	3.20535	-5.12022	-5.83987
65	75	45	2.72783	-5.21083	-5.19489
65	75	55	2.70028	-4.7508	-4.68328
65	75	65	2.56467	-2.7188	-2.6459
65	75	75	2.75074	-3.71243	-3.67188
65	75	85	3.70711	-5.52834	-5.37869
65	85	5	4.31378	-5.27416	-3.69629
65	85	15	4.04972	-4.28595	-2.85644
65	85	25	3.79862	-4.62442	-3.65107
65	85	35	3.68359	-5.61126	-5.89398
65	85	45	3.20727	-5.61183	-5.28921
65	85	55	2.92577	-5.33638	-4.96249
65	85	65	3.10788	-3.42289	-2.84603
65	85	75	3.43854	-4.77417	-4.09555
65	85	85	4.37784	-6.24468	-5.06093
75	5	5	3.89341	-5.52919	-5.64474
75	5	15	4.09595	-5.62099	-4.78813
75	5	25	4.00265	-5.14442	-4.45962
75	5	35	4.16252	-6.3604	-5.35124
75	5	45	3.46822	-5.91653	-5.04295
75	5	55	2.9838	-5.37484	-4.9421
75	5	65	3.16268	-5.08764	-5.00251
75	5	75	3.21949	-5.5465	-5.1946
75	5	85	3.60881	-5.53417	-5.68318
75	15	5	4.10714	-6.04928	-5.54859
75	15	15	3.59645	-5.86092	-5.24368
75	15	25	3.90894	-5.74706	-4.8765
75	15	35	4.30812	-6.60623	-5.19399
75	15	45	3.38676	-5.83494	-5.04525
75	15	55	3.34544	-5.11525	-4.52273
75	15	65	4.18391	-5.23404	-5.35013
75	15	75	3.65529	-5.77741	-5.52007
75	15	85	3.72977	-5.78664	-5.59384
75	25	5	2.95971	-4.9436	-5.06815
75	25	15	3.16598	-4.5932	-4.56407
75	25	25	3.39973	-4.08844	-3.80874
75	25	35	2.95182	-5.21088	-5.07542
75	25	45	2.78203	-4.63505	-4.39121
75	25	55	3.25377	-3.81835	-3.48464
75	25	65	3.38097	-4.22106	-4.63015
75	25	75	3.07685	-5.15178	-5.54415
75	25	85	2.91163	-5.1655	-5.39797
75	35	5	3.38925	-4.96202	-5.52022
75	35	15	3.77961	-3.29362	-4.1806
75	35	25	4.05737	-3.36004	-4.10078
75	35	35	3.01084	-5.2919	-5.31156
75	35	45	2.97505	-4.0405	-3.8967
75	35	55	3.3685	-3.05702	-3.33992
75	35	65	3.36895	-3.76655	-4.4578
75	35	75	3.36281	-5.10129	-5.89067
75	35	85	3.14907	-5.1417	-5.67887
75	45	5	3.88992	-4.8828	-6.01488
75	45	15	4.1742	-4.0984	-5.38555
75	45	25	4.27941	-4.54475	-5.91887
75	45	35	3.63495	-5.2957	-6.323
75	45	45	3.22684	-4.62347	-5.29088
75	45	55	2.73163	-4.24369	-4.54352
75	45	65	2.98096	-4.34027	-4.68976
75	45	75	3.53426	-4.97324	-6.03609
75	45	85	3.17385	-5.20029	-5.8627
75	55	5	4.48835	-5.28674	-5.95873
75	55	15	3.93497	-3.98035	-5.11852
75	55	25	3.93644	-4.22929	-5.63499
75	55	35	4.13045	-5.15354	-7.21697
75	55	45	3.44456	-4.98248	-5.92362
75	55	55	2.91897	-4.86844	-5.13615
75	55	65	2.87706	-4.06049	-3.84655
75	55	75	4.07866	-5.2909	-5.72374
75	55	85	4.22587	-5.82588	-6.025
75	65	5	4.89568	-6.0456	-5.06307
75	65	15	4.10892	-4.19559	-3.79409
75	65	25	3.51615	-3.41996	-3.89041
75	65	35	3.88224	-5.26794	-6.6796
75	65	45	3.34536	-5.50189	-5.61951
75	65	55	3.14587	-5.47046	-5.16737
75	65	65	3.0727	-4.08738	-3.72963
75	65	75	3.89523	-5.20967	-5.14537
75	65	85	4.54045	-6.11898	-6.05426
75	75	5	4.44586	-4.94419	-4.57256
75	75	15	3.33626	-3.46043	-3.05489
75	75	25	3.12144	-2.99234	-3.17317
75	75	35	3.35971	-4.89848	-5.79928
75	75	45	2.93583	-5.36917	-5.23077
75	75	55	3.08658	-5.37364	-4.94679
75	75	65	3.24751	-3.8521	-3.15531
75	75	75	3.65267	-5.02353	-4.48025
75	75	85	4.92625	-6.23636	-6.14349
75	85	5	4.82231	-5.71281	-5.31273
75	85	15	3.75714	-4.28249	-3.46284
75	85	25	3.51756	-3.90566	-3.66284
75	85	35	3.4806	-5.42023	-5.67538
75	85	45	2.79783	-5.24666	-5.06744
75	85	55	3.21539	-5.54726	-4.92298
75	85	65	3.83943	-4.86206	-3.61285
75	85	75	4.46586	-6.32654	-4.75452
75	85	85	5.30749	-6.58983	-6.15383
85	5	5	3.53217	-5.32023	-5.70182
85	5	15	3.1111	-5.34641	-5.06875
85	5	25	3.25778	-5.25336	-4.82444
85	5	35	3.50506	-5.54011	-5.12569
85	5	45	3.28903	-5.79264	-5.06347
85	5	55	3.21761	-5.70644	-5.02145
85	5	65	3.33303	-5.27884	-4.73926
85	5	75	3.49425	-5.97106	-5.11632
85	5	85	3.89056	-5.6313	-5.89145
85	15	5	3.53664	-5.3052	-5.90363
85	15	15	2.83748	-5.18195	-5.26115
85	15	25	2.71468	-5.07075	-5.03019
85	15	35	2.84184	-5.27158	-5.16218
85	15	45	2.9591	-5.48708	-5.10299
85	15	55	3.35617	-5.14243	-4.62371
85	15	65	4.41112	-4.45446	-4.44375
85	15	75	3.31707	-5.56679	-5.18926
85	15	85	3.34977	-5.43703	-5.56312
85	25	5	3.27769	-5.06384	-5.74686
85	25	15	2.73667	-4.80125	-4.98563
85	25	25	2.71348	-4.44064	-4.523
85	25	35	2.83277	-5.05277	-5.0543
85	25	45	3.10138	-5.22378	-4.78864
85	25	55	4.23045	-4.07653	-3.86642
85	25	65	4.61278	-3.69772	-4.98212
85	25	75	3.3768	-5.17676	-5.66805
85	25	85	2.95774	-5.16243	-5.50817
85	35	5	3.21672	-4.92245	-5.54772
85	35	15	3.95666	-3.73643	-4.78129
85	35	25	3.58545	-3.42623	-3.65906
85	35	35	3.02706	-4.7973	-4.63971
85	35	45	3.09082	-4.0342	-3.88893
85	35	55	3.60721	-2.73779	-3.59312
85	35	65	3.56841	-3.54811	-4.44008
85	35	75	3.27804	-5.08072	-5.92627
85	35	85	2.7823	-5.12178	-5.5129
85	45	5	4.52309	-5.24603	-6.0317
85	45	15	5.15152	-3.48005	-5.23375
85	45	25	4.24228	-3.60589	-4.80868
85	45	35	2.93908	-4.94157	-5.34519
85	45	45	2.99682	-4.88051	-5.37376
85	45	55	3.14031	-3.99573	-4.68502
85	45	65	3.05837	-4.13381	-4.62311
85	45	75	3.50978	-5.15281	-5.93322
85	45	85	3.86129	-5.4627	-5.9723
85	55	5	4.66384	-4.67484	-5.97921
85	55	15	4.74997	-3.20004	-5.0465
85	55	25	4.33025	-3.27702	-5.01704
85	55	35	3.41026	-4.94836	-5.94876
85	55	45	3.49592	-4.94173	-5.95424
85	55	55	2.94513	-4.79203	-5.2478
85	55	65	2.61194	-4.32804	-4.46939
85	55	75	3.71925	-5.03421	-6.12701
85	55	85	3.52849	-5.29377	-5.86294
85	65	5	5.42612	-5.98424	-5.45352
85	65	15	4.97921	-4.43413	-4.53999
85	65	25	4.50065	-3.83636	-4.14753
85	65	35	4.36662	-4.78341	-6.25936
85	65	45	3.91065	-5.1819	-6.38436
85	65	55	3.23234	-5.41963	-5.46274
85	65	65	2.87243	-4.7762	-4.23803
85	65	75	3.79159	-5.73941	-5.33599
85	65	85	4.69651	-6.21838	-6.09725
85	75	5	4.24147	-4.86632	-4.96704
85	75	15	3.71745	-3.65209	-3.23005
85	75	25	3.75541	-3.46551	-3.4231
85	75	35	4.5762	-4.3472	-5.9448
85	75	45	3.73222	-5.04136	-5.54256
85	75	55	2.8848	-5.30283	-5.24026
85	75	65	2.75038	-3.96145	-3.70042
85	75	75	2.92265	-4.92943	-4.64815
85	75	85	4.2946	-5.79333	-6.13123
85	85	5	3.75501	-5.34204	-5.08284
85	85	15	3.49345	-4.41803	-4.01484
85	85	25	3.21116	-3.97782	-3.7513
85	85	35	4.13337	-5.11811	-5.83565
85	85	45	3.30863	-5.19748	-4.9571
85	85	55	3.35391	-5.80204	-5.00537
85	85	65	3.06943	-4.67763	-4.05774
85	85	75	3.00461	-5.13792	-4.79913
85	85	85	3.68534	-5.64113	-5.64119
