5	5	5	2.59307	-2.95137	-2.9918
5	5	15	2.59303	-3.9964	-4.03519
5	5	25	2.72153	-5.05183	-5.21093
5	5	35	2.59483	-4.32947	-4.3557
5	5	45	2.60187	-3.38726	-3.33877
5	5	55	2.83707	-3.7927	-4.07091
5	5	65	3.40044	-5.10212	-5.9456
5	5	75	3.25079	-5.08359	-5.77764
5	5	85	2.60069	-4.74123	-4.79007
5	15	5	2.63188	-2.68477	-2.72557
5	15	15	2.6315	-3.43275	-3.51309
5	15	25	2.83395	-4.8136	-5.09628
5	15	35	2.58418	-3.48069	-3.51254
5	15	45	2.55234	-3.04108	-3.0402
5	15	55	2.6521	-3.69368	-3.7927
5	15	65	3.43515	-5.09391	-5.97543
5	15	75	3.33032	-5.10245	-5.88088
5	15	85	2.69785	-4.62239	-4.76837
5	25	5	2.75226	-2.84563	-2.96685
5	25	15	2.67265	-4.03269	-4.0343
5	25	25	2.85343	-4.71824	-5.02064
5	25	35	2.65554	-3.66674	-3.57029
5	25	45	2.9923	-3.36477	-2.92352
5	25	55	3.27108	-4.24643	-3.6464
5	25	65	4.01188	-5.70678	-5.92754
5	25	75	3.54225	-5.50201	-5.6932
5	25	85	2.83642	-5.00244	-5.00703
5	35	5	3.15627	-4.76925	-4.57368
5	35	15	2.77784	-5.23681	-5.06281
5	35	25	2.91636	-5.38553	-5.06756
5	35	35	3.69834	-5.6277	-4.48042
5	35	45	4.26554	-5.2966	-3.58293
5	35	55	4.73146	-5.74268	-3.56228
5	35	65	5.24942	-7.39936	-5.46256
5	35	75	4.71984	-6.88795	-5.44474
5	35	85	3.85522	-5.94245	-4.88503
5	45	5	2.97023	-4.34004	-4.58404
5	45	15	2.69309	-5.09923	-5.18601
5	45	25	2.66147	-5.14379	-5.12004
5	45	35	2.77504	-4.78033	-4.55796
5	45	45	2.88633	-4.54547	-4.21182
5	45	55	2.93641	-4.52346	-4.1781
5	45	65	3.79326	-6.1127	-5.27208
5	45	75	3.62469	-5.93341	-5.14378
5	45	85	3.22513	-4.99286	-4.72292
5	55	5	2.73482	-3.98699	-4.16407
5	55	15	2.64655	-5.06709	-5.1551
5	55	25	2.67659	-5.18313	-5.1626
5	55	35	2.65664	-4.70474	-4.68159
5	55	45	2.63818	-3.94844	-3.86217
5	55	55	2.95026	-3.50958	-3.15119
5	55	65	3.28368	-5.66016	-5.21152
5	55	75	3.11588	-4.72349	-4.76519
5	55	85	3.18133	-3.24623	-3.74415
5	65	5	2.80416	-3.6026	-3.69446
5	65	15	2.7586	-5.09447	-5.05928
5	65	25	2.69625	-4.96006	-5.0239
5	65	35	2.67288	-4.61938	-4.53959
5	65	45	2.77429	-3.09352	-2.91119
5	65	55	2.79981	-3.7772	-3.65012
5	65	65	2.80011	-5.11065	-5.26799
5	65	75	2.93829	-4.12424	-4.42589
5	65	85	3.1797	-3.01256	-3.56019
5	75	5	2.7776	-4.16412	-4.02817
5	75	15	2.89522	-5.03172	-4.85169
5	75	25	3.07392	-5.29055	-5.01174
5	75	35	2.85837	-5.05496	-4.87414
5	75	45	2.81523	-4.64437	-4.54366
5	75	55	2.89364	-4.96007	-4.9
5	75	65	3.03672	-5.12407	-5.52884
5	75	75	2.83595	-4.36148	-4.52634
5	75	85	2.85849	-3.98608	-4.09265
5	85	5	2.71434	-3.1086	-3.06944
5	85	15	2.65464	-4.57368	-4.51168
5	85	25	2.70147	-5.14165	-5.11442
5	85	35	2.82851	-4.93302	-4.82473
5	85	45	3.0118	-4.61573	-4.24115
5	85	55	3.16694	-4.95214	-4.61989
5	85	65	3.52427	-5.52497	-5.64215
5	85	75	3.1084	-4.68836	-4.91279
5	85	85	2.86028	-4.24844	-4.18969
15	5	5	2.61273	-3.3425	-3.36179
15	5	15	2.63306	-4.44177	-4.52056
15	5	25	2.78469	-5.07346	-5.29985
15	5	35	2.71138	-4.5075	-4.65579
15	5	45	2.67552	-3.44743	-3.50678
15	5	55	2.86713	-3.23909	-3.44495
15	5	65	3.14763	-5.14089	-5.63484
15	5	75	2.87891	-5.16724	-5.36453
15	5	85	2.67646	-5.01208	-5.09424
15	15	5	2.59121	-3.03496	-3.03486
15	15	15	2.79153	-4.0195	-4.25903
15	15	25	3.30245	-5.0405	-5.79072
15	15	35	2.6103	-3.8212	-3.87993
15	15	45	2.68169	-2.9707	-3.05281
15	15	55	2.93701	-2.89011	-3.14939
15	15	65	3.39912	-5.05827	-5.90139
15	15	75	3.01606	-5.10445	-5.56456
15	15	85	2.61429	-4.84291	-4.90359
15	25	5	2.61188	-3.49287	-3.47287
15	25	15	2.71148	-4.59374	-4.71331
15	25	25	3.19663	-5.02946	-5.63385
15	25	35	2.64447	-4.43887	-4.36712
15	25	45	2.93877	-3.55475	-3.1722
15	25	55	3.39693	-4.00539	-3.44212
15	25	65	4.51514	-6.09475	-6.01708
15	25	75	3.75152	-5.9219	-5.3623
15	25	85	2.89334	-5.18286	-4.92355
15	35	5	3.23312	-5.33848	-4.8181
15	35	15	3.05147	-5.41656	-5.15611
15	35	25	3.13512	-5.46193	-5.28108
15	35	35	2.90696	-5.26987	-4.91561
15	35	45	3.71136	-5.55111	-4.39188
15	35	55	4.31553	-5.80254	-4.11891
15	35	65	5.38027	-7.34056	-5.63214
15	35	75	4.87228	-7.09334	-5.27139
15	35	85	4.19488	-6.52448	-5.00345
15	45	5	3.18118	-4.80498	-4.81564
15	45	15	2.90328	-5.25522	-5.27179
15	45	25	2.76018	-5.28865	-5.12196
15	45	35	2.72483	-5.17348	-5.04209
15	45	45	2.77098	-5.24868	-5.03049
15	45	55	2.92686	-4.96744	-4.6717
15	45	65	3.6119	-6.01212	-5.23126
15	45	75	4.2533	-6.55429	-5.19127
15	45	85	3.89182	-5.54063	-4.68346
15	55	5	3.29839	-4.03656	-4.73164
15	55	15	2.75079	-5.11721	-5.25266
15	55	25	2.66162	-5.17076	-5.1427
15	55	35	2.62739	-4.83624	-4.84319
15	55	45	2.60258	-4.32223	-4.27161
15	55	55	2.73144	-3.68424	-3.58462
15	55	65	3.04852	-5.47985	-5.18398
15	55	75	2.9487	-4.67504	-4.48548
15	55	85	3.27145	-3.50028	-3.94022
15	65	5	3.16205	-3.6462	-4.21203
15	65	15	2.74026	-5.14285	-5.20573
15	65	25	2.71867	-5.20687	-5.16331
15	65	35	2.61577	-4.86466	-4.84409
15	65	45	2.77616	-3.33706	-3.15369
15	65	55	2.77437	-3.20004	-3.17777
15	65	65	2.7823	-5.12981	-5.2267
15	65	75	2.78007	-3.86465	-4.04717
15	65	85	3.57489	-2.81102	-3.83131
15	75	5	3.06131	-4.43993	-4.54924
15	75	15	2.82014	-4.93263	-5.09736
15	75	25	2.51338	-5.16011	-5.08118
15	75	35	2.9967	-5.12068	-4.70178
15	75	45	3.2386	-4.57501	-3.9733
15	75	55	3.59592	-5.24208	-4.51845
15	75	65	3.45823	-5.77598	-5.3148
15	75	75	3.36028	-5.02293	-5.02892
15	75	85	3.49917	-4.38525	-4.68655
15	85	5	2.67598	-3.67853	-3.76186
15	85	15	2.69353	-4.66007	-4.72175
15	85	25	2.75431	-5.1358	-5.21867
15	85	35	2.91857	-5.10304	-4.90529
15	85	45	3.05393	-4.37592	-3.99982
15	85	55	3.29582	-4.69254	-4.47074
15	85	65	2.97201	-5.29127	-5.36006
15	85	75	3.0503	-5.0702	-5.27242
15	85	85	2.9595	-4.84889	-4.97165
25	5	5	2.70096	-4.11895	-4.15923
25	5	15	2.72281	-4.82039	-4.97771
25	5	25	2.94992	-5.09683	-5.46725
25	5	35	2.75508	-4.37119	-4.52148
25	5	45	2.63556	-3.20963	-3.27106
25	5	55	3.00972	-3.25322	-3.28321
25	5	65	3.25601	-5.07188	-5.44147
25	5	75	2.95645	-5.12639	-5.28285
25	5	85	2.88158	-5.18166	-5.26577
25	15	5	2.61248	-3.40069	-3.38039
25	15	15	3.05359	-4.44776	-4.92806
25	15	25	3.3097	-5.09103	-5.82525
25	15	35	3.19039	-4.2021	-4.76008
25	15	45	2.73028	-2.91986	-2.83957
25	15	55	3.07205	-3.12557	-3.13214
25	15	65	3.91004	-4.99329	-5.89309
25	15	75	2.78573	-4.74661	-4.89168
25	15	85	2.57841	-4.98447	-5.007
25	25	5	2.67404	-4.13902	-4.01767
25	25	15	3.15445	-4.8225	-5.30152
25	25	25	3.52373	-5.06268	-5.9908
25	25	35	2.99438	-4.76445	-4.96051
25	25	45	3.43813	-4.39148	-3.76847
25	25	55	3.82084	-4.52804	-3.81963
25	25	65	4.88317	-6.15982	-6.08541
25	25	75	4.0913	-6.20284	-4.85967
25	25	85	3.13365	-5.60225	-5.02447
25	35	5	3.50125	-5.56706	-4.61845
25	35	15	3.29853	-5.53655	-5.30906
25	35	25	3.48537	-5.4834	-5.63387
25	35	35	3.07723	-5.41631	-5.15025
25	35	45	3.24709	-5.55714	-4.99317
25	35	55	3.66603	-5.63723	-4.84457
25	35	65	5.36282	-6.75535	-5.98849
25	35	75	4.66999	-7.1251	-5.15762
25	35	85	4.20501	-6.65338	-5.04229
25	45	5	3.5633	-4.59111	-3.57885
25	45	15	2.93956	-5.32208	-5.09595
25	45	25	3.20144	-5.70902	-5.14284
25	45	35	3.04535	-5.56822	-5.12929
25	45	45	3.30856	-5.81364	-5.10049
25	45	55	3.12608	-5.5222	-4.98852
25	45	65	4.01499	-6.0826	-5.58451
25	45	75	4.45574	-6.91561	-5.15198
25	45	85	4.27485	-6.16135	-4.52336
25	55	5	2.86121	-3.43821	-3.56964
25	55	15	2.74278	-5.14004	-5.07153
25	55	25	2.77072	-5.26075	-5.16244
25	55	35	2.87539	-5.3222	-5.0862
25	55	45	2.68663	-4.93346	-4.80298
25	55	55	2.76451	-4.59347	-4.3812
25	55	65	3.15313	-5.19305	-5.55432
25	55	75	3.00165	-5.08116	-4.81232
25	55	85	2.73464	-3.28359	-3.1409
25	65	5	3.1125	-3.52828	-3.7276
25	65	15	2.619	-5.08491	-5.12348
25	65	25	2.74345	-5.21118	-5.18465
25	65	35	2.60666	-4.9343	-4.9254
25	65	45	2.68553	-3.67043	-3.57614
25	65	55	2.82426	-3.33776	-3.14633
25	65	65	2.96719	-5.02413	-5.01381
25	65	75	2.76938	-3.89151	-3.69178
25	65	85	2.6942	-2.74955	-2.72889
25	75	5	2.99648	-4.23878	-4.39864
25	75	15	2.69332	-5.07257	-5.13347
25	75	25	2.07571	-5.04202	-5.12625
25	75	35	1.91656	-4.68325	-4.70634
25	75	45	2.84047	-3.4189	-3.18343
25	75	55	3.74022	-4.44758	-3.66693
25	75	65	4.00526	-6.12657	-5.29076
25	75	75	3.45961	-5.62617	-4.92612
25	75	85	3.39885	-4.48333	-4.47815
25	85	5	2.97937	-4.18332	-4.4475
25	85	15	2.67718	-5.04521	-5.07052
25	85	25	2.48194	-5.1586	-5.24711
25	85	35	2.66748	-4.58201	-4.54644
25	85	45	2.89099	-3.49562	-3.20548
25	85	55	3.33282	-3.92989	-3.44913
25	85	65	3.68855	-5.80371	-5.44814
25	85	75	3.36371	-5.52794	-5.20763
25	85	85	3.3063	-5.05774	-5.28239
35	5	5	2.95947	-4.6775	-4.84264
35	5	15	3.08081	-5.04604	-5.4878
35	5	25	2.91995	-5.16617	-5.40215
35	5	35	3.25796	-4.67289	-5.15755
35	5	45	3.11194	-3.36345	-3.8543
35	5	55	4.09178	-4.19523	-4.75254
35	5	65	3.70424	-5.20967	-4.6755
35	5	75	3.50934	-4.66136	-4.67924
35	5	85	3.1054	-5.14005	-5.2128
35	15	5	2.78918	-4.19158	-4.40892
35	15	15	3.40317	-4.87029	-5.50402
35	15	25	3.67984	-5.20628	-6.11507
35	15	35	3.42086	-4.41633	-5.0564
35	15	45	2.95799	-3.20938	-3.25123
35	15	55	4.16826	-4.43678	-4.5483
35	15	65	4.05427	-5.03678	-5.62802
35	15	75	3.08144	-4.34208	-4.5453
35	15	85	2.89311	-4.78644	-4.95573
35	25	5	3.25988	-5.10656	-4.56158
35	25	15	3.84453	-5.33824	-5.68967
35	25	25	3.86019	-5.46369	-6.02255
35	25	35	3.6255	-5.21821	-5.09902
35	25	45	3.54965	-4.5099	-3.89519
35	25	55	4.5226	-5.85666	-4.82651
35	25	65	5.7374	-6.6892	-6.51191
35	25	75	4.26536	-5.90178	-4.68311
35	25	85	3.76123	-5.69528	-4.54302
35	35	5	3.65797	-5.0261	-4.04174
35	35	15	3.68512	-5.43363	-5.34114
35	35	25	3.90319	-5.46177	-6.08081
35	35	35	3.56853	-5.49588	-5.68324
35	35	45	2.91752	-5.24431	-4.94782
35	35	55	3.76188	-5.73983	-5.41649
35	35	65	5.19729	-6.72934	-5.93847
35	35	75	4.72356	-6.97039	-5.04121
35	35	85	4.30193	-6.24414	-4.57721
35	45	5	3.70934	-4.13834	-2.98082
35	45	15	3.14046	-4.98139	-4.63275
35	45	25	3.56164	-5.60795	-5.60463
35	45	35	3.80368	-6.03206	-5.38426
35	45	45	3.61882	-6.00949	-5.05912
35	45	55	4.32677	-6.75081	-5.22202
35	45	65	5.00203	-6.73743	-5.94092
35	45	75	4.64447	-7.04032	-5.09257
35	45	85	4.5782	-6.46829	-4.52216
35	55	5	2.70769	-2.88587	-2.85001
35	55	15	2.71097	-4.48545	-4.53766
35	55	25	3.17102	-5.33546	-5.48513
35	55	35	3.13454	-5.55583	-5.19172
35	55	45	3.19891	-5.57535	-4.9966
35	55	55	3.4183	-5.68174	-5.10868
35	55	65	3.71493	-5.67598	-5.60664
35	55	75	3.35934	-5.68392	-5.16766
35	55	85	3.04375	-3.95391	-3.46212
35	65	5	2.91731	-3.48748	-3.26363
35	65	15	2.73568	-5.07695	-4.96166
35	65	25	2.82537	-5.16523	-5.30952
35	65	35	2.70066	-5.10337	-5.21034
35	65	45	2.64282	-4.08212	-4.05136
35	65	55	2.75814	-3.57885	-3.54029
35	65	65	3.32234	-4.55405	-4.85249
35	65	75	2.82555	-4.01233	-3.7847
35	65	85	2.81722	-3.04019	-2.83489
35	75	5	2.95989	-4.13853	-4.01664
35	75	15	2.80231	-5.15068	-5.1941
35	75	25	2.74126	-5.10287	-5.24978
35	75	35	2.47693	-4.92247	-4.86752
35	75	45	2.69713	-3.07884	-3.02335
35	75	55	2.80007	-2.77392	-2.81737
35	75	65	3.54072	-4.98612	-4.88779
35	75	75	3.44099	-5.62387	-4.85893
35	75	85	2.89612	-4.13864	-3.83373
35	85	5	2.82204	-4.64238	-4.59092
35	85	15	3.02524	-5.18315	-5.17492
35	85	25	3.10838	-5.46225	-5.3364
35	85	35	3.12258	-4.58284	-4.71038
35	85	45	3.26578	-3.35685	-3.06639
35	85	55	3.69522	-3.72681	-3.50365
35	85	65	3.4596	-5.29421	-4.77287
35	85	75	3.00212	-5.28417	-4.9654
35	85	85	2.91814	-5.10058	-5.0194
45	5	5	3.52081	-5.01753	-5.34731
45	5	15	3.85958	-5.43004	-5.69777
45	5	25	3.48905	-5.55927	-5.57644
45	5	35	3.72863	-5.10261	-5.27942
45	5	45	4.32111	-4.01114	-4.29299
45	5	55	4.85993	-5.50489	-5.55814
45	5	65	4.5026	-6.00417	-4.68914
45	5	75	3.49995	-4.7918	-4.1399
45	5	85	3.24005	-4.03799	-4.32701
45	15	5	2.90214	-4.70038	-4.9267
45	15	15	4.01987	-5.15713	-5.93396
45	15	25	3.88306	-5.65208	-5.88004
45	15	35	4.60358	-4.83967	-5.37687
45	15	45	4.84622	-3.97291	-4.58476
45	15	55	5.36089	-6.12026	-6.26275
45	15	65	4.50922	-5.97729	-5.84905
45	15	75	3.82103	-5.01893	-5.10532
45	15	85	3.21596	-4.06883	-4.08335
45	25	5	3.1439	-4.52002	-4.22085
45	25	15	3.77427	-5.18642	-5.84408
45	25	25	3.96343	-5.76003	-5.84282
45	25	35	5.09949	-5.80994	-5.70237
45	25	45	5.52373	-5.43969	-4.90508
45	25	55	5.48641	-6.43382	-6.22144
45	25	65	5.24712	-6.42893	-6.43453
45	25	75	4.2646	-5.4405	-5.29631
45	25	85	3.50181	-4.1468	-3.97113
45	35	5	4.00737	-4.74308	-3.53383
45	35	15	4.14782	-5.10559	-4.9104
45	35	25	3.88545	-5.54934	-5.97978
45	35	35	3.49745	-5.33017	-5.5798
45	35	45	3.59832	-5.12404	-5.14812
45	35	55	3.73268	-5.5285	-5.80128
45	35	65	4.55625	-5.68037	-6.45904
45	35	75	4.18673	-5.84802	-5.10839
45	35	85	3.69779	-4.95872	-4.00547
45	45	5	4.20491	-4.36453	-2.79077
45	45	15	3.64471	-4.4529	-3.92001
45	45	25	4.36627	-5.79002	-6.21804
45	45	35	4.05985	-5.74031	-5.73232
45	45	45	3.42988	-5.51242	-5.00966
45	45	55	3.60266	-5.72427	-5.44389
45	45	65	4.62346	-6.1079	-6.16344
45	45	75	3.48118	-5.51157	-4.77902
45	45	85	3.73034	-4.69297	-3.64311
45	55	5	2.85916	-2.91775	-2.64965
45	55	15	2.98709	-3.77325	-3.70203
45	55	25	4.15107	-5.58897	-6.23158
45	55	35	3.73808	-5.27346	-5.95764
45	55	45	2.79177	-5.02836	-5.13566
45	55	55	2.97755	-5.06408	-5.36246
45	55	65	3.29551	-5.18404	-5.66439
45	55	75	2.89946	-5.28392	-4.98827
45	55	85	3.13486	-4.04419	-3.50044
45	65	5	3.08555	-3.17971	-3.23329
45	65	15	3.07147	-4.59451	-4.55752
45	65	25	3.18274	-5.29562	-5.61376
45	65	35	3.36285	-5.16535	-5.81049
45	65	45	2.92827	-4.54325	-4.87728
45	65	55	2.95511	-4.35928	-4.6833
45	65	65	2.97227	-4.45925	-4.62046
45	65	75	2.77423	-4.34199	-4.1652
45	65	85	2.93393	-3.28323	-2.92056
45	75	5	3.49302	-3.9442	-4.47037
45	75	15	3.07868	-4.98584	-5.38991
45	75	25	3.02758	-5.15978	-5.51385
45	75	35	3.15676	-4.92243	-5.36852
45	75	45	2.86553	-3.56204	-3.67575
45	75	55	2.99513	-3.02083	-3.06411
45	75	65	2.91749	-3.93314	-3.97158
45	75	75	2.82067	-4.75417	-4.52938
45	75	85	2.85899	-3.88216	-3.69627
45	85	5	2.96956	-4.5971	-4.93399
45	85	15	3.06202	-5.04023	-5.38565
45	85	25	2.98588	-5.28175	-5.375
45	85	35	3.14003	-5.08523	-5.02702
45	85	45	3.43073	-3.62487	-3.37013
45	85	55	3.58761	-4.35204	-3.88367
45	85	65	3.27416	-4.62111	-4.20887
45	85	75	2.74049	-4.57292	-4.39383
45	85	85	2.75644	-4.21677	-4.3805
55	5	5	3.22193	-4.28434	-4.4344
55	5	15	3.37427	-4.77113	-5.35437
55	5	25	3.12143	-5.37956	-5.34915
55	5	35	3.77758	-5.44369	-5.46611
55	5	45	4.64015	-4.53911	-4.8605
55	5	55	4.40739	-5.82509	-5.51359
55	5	65	4.48501	-6.61637	-5.18161
55	5	75	3.94083	-5.76161	-4.82954
55	5	85	4.03717	-3.82819	-4.11349
55	15	5	3.12036	-4.57878	-4.82408
55	15	15	3.73223	-5.11516	-5.69395
55	15	25	3.56143	-5.23819	-5.9686
55	15	35	4.09996	-4.48244	-5.55045
55	15	45	5.00605	-3.95297	-5.60614
55	15	55	4.66637	-5.66706	-6.37776
55	15	65	3.68074	-5.77163	-5.49317
55	15	75	3.76438	-5.47007	-5.15812
55	15	85	3.46434	-3.58384	-3.62914
55	25	5	3.19359	-4.0757	-3.71701
55	25	15	4.19105	-5.21278	-5.57277
55	25	25	4.09503	-5.85622	-5.80023
55	25	35	4.82744	-4.662	-5.73842
55	25	45	4.75953	-4.16084	-5.59015
55	25	55	4.87665	-5.55983	-6.72905
55	25	65	4.17423	-5.79892	-5.97572
55	25	75	4.20281	-5.36355	-5.68479
55	25	85	3.39044	-3.65221	-3.6843
55	35	5	3.30326	-3.48127	-2.77431
55	35	15	3.62221	-4.25268	-3.94148
55	35	25	4.23786	-5.72247	-6.08051
55	35	35	4.18423	-4.4027	-4.67431
55	35	45	4.53626	-4.94965	-5.13447
55	35	55	4.13303	-5.45333	-5.95572
55	35	65	4.08623	-5.37761	-6.31195
55	35	75	4.35236	-5.14474	-6.09955
55	35	85	3.46126	-3.99784	-3.77287
55	45	5	2.78138	-2.90837	-2.75835
55	45	15	3.07872	-3.57429	-3.28981
55	45	25	4.1343	-5.52622	-5.74544
55	45	35	4.27144	-4.13796	-3.98716
55	45	45	3.48465	-4.07164	-3.86126
55	45	55	3.48744	-5.14866	-5.41226
55	45	65	4.1366	-5.30506	-6.48346
55	45	75	3.49268	-4.365	-5.09934
55	45	85	2.83052	-3.2153	-3.29059
55	55	5	2.71123	-2.75168	-2.63166
55	55	15	3.13661	-3.41897	-2.97665
55	55	25	4.028	-5.7489	-5.31367
55	55	35	3.28191	-4.25121	-4.32514
55	55	45	2.9999	-3.9869	-4.10126
55	55	55	2.83171	-5.11712	-5.23643
55	55	65	3.49324	-5.10299	-6.04157
55	55	75	2.78827	-4.72282	-4.9588
55	55	85	2.59441	-3.19365	-3.15696
55	65	5	2.99905	-3.29642	-3.07082
55	65	15	3.01319	-3.88793	-3.55902
55	65	25	3.44164	-5.03975	-5.71085
55	65	35	3.31477	-4.72433	-5.36303
55	65	45	2.69517	-4.98178	-5.08327
55	65	55	2.69191	-4.73931	-4.84004
55	65	65	2.89144	-4.58042	-4.9
55	65	75	2.75425	-4.26164	-4.06326
55	65	85	2.9525	-3.48004	-3.07993
55	75	5	3.67713	-3.39803	-4.46249
55	75	15	2.8475	-4.8598	-5.07461
55	75	25	3.07509	-5.18636	-5.46989
55	75	35	3.3731	-5.04222	-5.78421
55	75	45	2.93426	-4.42205	-4.44447
55	75	55	2.97424	-3.97204	-3.67204
55	75	65	3.31542	-4.33039	-3.84678
55	75	75	2.94184	-4.0708	-3.69279
55	75	85	2.99779	-3.82686	-3.78559
55	85	5	3.84591	-3.71311	-5.00718
55	85	15	3.31701	-4.71468	-5.48073
55	85	25	2.81772	-5.11919	-5.46439
55	85	35	3.25706	-4.98357	-5.66722
55	85	45	2.76589	-3.68687	-3.84168
55	85	55	2.88987	-4.70527	-4.61204
55	85	65	3.04426	-4.56805	-4.27801
55	85	75	2.76827	-4.21982	-4.10699
55	85	85	3.27604	-3.17093	-3.85434
65	5	5	3.05375	-3.16353	-3.26521
65	5	15	2.95183	-3.89506	-4.09426
65	5	25	2.85384	-4.7347	-4.9967
65	5	35	2.79261	-4.80197	-5.04396
65	5	45	2.6544	-3.86286	-3.98011
65	5	55	2.67734	-5.01959	-5.05314
65	5	65	3.29765	-5.19602	-5.65018
65	5	75	2.96612	-5.00783	-5.01433
65	5	85	3.41748	-3.42372	-4.00491
65	15	5	2.89747	-3.54856	-3.527
65	15	15	3.09265	-4.2221	-4.68049
65	15	25	2.77627	-4.93386	-5.15743
65	15	35	2.7943	-4.04166	-4.30479
65	15	45	3.05267	-3.35687	-3.99845
65	15	55	3.03149	-4.91277	-5.39351
65	15	65	3.01467	-5.11486	-5.53843
65	15	75	2.9979	-5.23911	-5.36505
65	15	85	3.33877	-3.67567	-3.9361
65	25	5	2.9315	-3.62323	-3.24285
65	25	15	3.55144	-3.94834	-3.98875
65	25	25	3.53464	-5.47628	-5.3399
65	25	35	3.47585	-3.82197	-4.30679
65	25	45	3.21149	-3.56404	-4.22531
65	25	55	3.85064	-4.70904	-5.97026
65	25	65	3.09783	-5.12091	-5.62452
65	25	75	3.03824	-4.94335	-5.38657
65	25	85	3.08031	-3.49737	-3.70021
65	35	5	2.65667	-2.89018	-2.78541
65	35	15	3.26105	-3.8211	-3.51192
65	35	25	4.67623	-6.01586	-5.53227
65	35	35	4.09824	-4.14272	-3.48714
65	35	45	3.71305	-3.78204	-3.34249
65	35	55	4.15103	-4.95602	-5.35603
65	35	65	3.697	-5.92004	-5.42523
65	35	75	3.51864	-5.06151	-5.66914
65	35	85	2.84065	-3.87676	-3.80079
65	45	5	2.5535	-3.01102	-3.00867
65	45	15	2.67871	-4.12071	-4.23704
65	45	25	3.36918	-4.56897	-5.01166
65	45	35	3.59795	-3.52648	-2.96277
65	45	45	3.15558	-3.15857	-2.8349
65	45	55	3.6539	-4.16346	-4.54059
65	45	65	3.48903	-5.13269	-6.00188
65	45	75	3.77388	-4.57274	-5.6132
65	45	85	2.72441	-3.33604	-3.42621
65	55	5	2.6717	-3.04247	-3.08273
65	55	15	2.95425	-3.45517	-3.17679
65	55	25	3.55849	-4.41042	-3.88378
65	55	35	3.12023	-3.38488	-2.97809
65	55	45	2.67745	-3.07004	-2.94446
65	55	55	2.71788	-4.33683	-4.37001
65	55	65	3.45495	-5.10017	-5.99625
65	55	75	3.44167	-4.42301	-5.27169
65	55	85	2.59977	-3.20536	-3.17384
65	65	5	2.79241	-3.06311	-2.94323
65	65	15	2.67351	-3.13108	-3.07348
65	65	25	2.73399	-3.62083	-3.67874
65	65	35	2.65684	-3.30047	-3.35706
65	65	45	2.57328	-4.34068	-4.31848
65	65	55	2.59158	-4.95695	-4.95639
65	65	65	3.43225	-5.04116	-5.78153
65	65	75	2.91833	-4.76203	-4.72933
65	65	85	2.65661	-3.33524	-3.11923
65	75	5	2.91001	-3.1388	-3.42015
65	75	15	2.58945	-4.65458	-4.69699
65	75	25	1.87225	-5.06985	-5.13104
65	75	35	2.51076	-4.9987	-5.10064
65	75	45	2.67159	-4.83334	-4.7937
65	75	55	3.05268	-5.06087	-4.55921
65	75	65	3.47424	-5.5964	-4.91558
65	75	75	3.16627	-3.6132	-3.06485
65	75	85	2.87373	-3.74323	-3.54191
65	85	5	3.37572	-2.79289	-3.57512
65	85	15	2.77345	-4.32871	-4.50876
65	85	25	2.61177	-5.05631	-5.17793
65	85	35	2.69823	-4.88132	-5.00293
65	85	45	2.73028	-4.58325	-4.56008
65	85	55	2.76542	-5.21923	-5.04484
65	85	65	3.06824	-4.88903	-5.01261
65	85	75	2.90708	-4.13294	-4.05137
65	85	85	2.92193	-2.6806	-2.95777
75	5	5	2.79822	-2.77563	-2.65691
75	5	15	2.83238	-3.83553	-3.71669
75	5	25	2.71236	-4.82702	-4.82662
75	5	35	2.61511	-4.00322	-3.98316
75	5	45	2.53459	-3.80083	-3.79736
75	5	55	2.57297	-4.97162	-4.98959
75	5	65	3.37626	-5.10374	-5.9825
75	5	75	2.75472	-5.05592	-5.25587
75	5	85	2.74786	-3.72199	-3.87142
75	15	5	2.7124	-2.84686	-2.68577
75	15	15	2.69315	-3.04094	-3.13971
75	15	25	2.65127	-4.27605	-4.37597
75	15	35	2.53482	-3.61368	-3.6379
75	15	45	2.4312	-3.29621	-3.29606
75	15	55	2.57108	-4.83806	-4.85799
75	15	65	3.09109	-5.11954	-5.63946
75	15	75	2.82146	-5.18104	-5.2922
75	15	85	2.7612	-4.0961	-4.10622
75	25	5	2.69148	-2.84824	-2.7087
75	25	15	3.0319	-3.08769	-3.04777
75	25	25	3.19157	-3.98363	-3.68414
75	25	35	2.85187	-3.43866	-3.29991
75	25	45	2.65144	-3.24123	-3.20165
75	25	55	2.76942	-4.44794	-4.58834
75	25	65	2.89142	-5.11826	-5.41866
75	25	75	2.77583	-5.1027	-5.2863
75	25	85	2.67349	-3.96157	-4.08405
75	35	5	2.65234	-3.28708	-3.2276
75	35	15	2.85285	-4.00566	-4.06588
75	35	25	3.07629	-4.59337	-4.55064
75	35	35	3.50106	-3.80473	-2.98116
75	35	45	3.87785	-4.03804	-2.83286
75	35	55	4.01784	-4.9777	-4.03171
75	35	65	3.95542	-6.23743	-5.35463
75	35	75	3.57464	-5.80239	-5.38519
75	35	85	3.11347	-4.87843	-4.32088
75	45	5	2.57917	-3.42069	-3.43522
75	45	15	2.6021	-4.90614	-4.93633
75	45	25	2.85207	-4.84641	-5.0871
75	45	35	2.96572	-3.50689	-3.21626
75	45	45	2.97131	-3.34067	-2.96126
75	45	55	3.13119	-3.87978	-3.85963
75	45	65	3.27428	-5.42918	-5.46834
75	45	75	3.08906	-5.09841	-5.24362
75	45	85	2.62233	-3.74685	-3.71971
75	55	5	2.57165	-3.18603	-3.22638
75	55	15	2.63396	-4.24183	-4.20145
75	55	25	2.69372	-3.82459	-3.84272
75	55	35	2.69953	-3.9335	-3.82986
75	55	45	2.782	-3.24495	-3.01489
75	55	55	2.84297	-3.72581	-3.79391
75	55	65	3.16153	-5.10368	-5.65884
75	55	75	3.16124	-4.16333	-4.73082
75	55	85	2.49488	-2.93011	-2.93301
75	65	5	2.5704	-2.90133	-2.96186
75	65	15	2.59036	-3.33893	-3.3389
75	65	25	2.63318	-3.16402	-3.20271
75	65	35	2.57437	-3.13501	-3.15408
75	65	45	2.55663	-3.34273	-3.33877
75	65	55	2.55623	-4.72405	-4.71891
75	65	65	3.11723	-5.16839	-5.56862
75	65	75	3.08271	-4.50276	-4.83278
75	65	85	2.51445	-3.12805	-3.05146
75	75	5	3.07213	-3.66392	-3.50257
75	75	15	2.57067	-4.7561	-4.7165
75	75	25	2.23347	-5.04308	-5.04146
75	75	35	2.27199	-4.95092	-4.95278
75	75	45	2.57131	-4.88575	-4.8656
75	75	55	2.77194	-5.00727	-4.86638
75	75	65	3.63625	-5.75875	-5.40393
75	75	75	3.63153	-4.24042	-3.63853
75	75	85	3.55976	-3.91204	-3.03919
75	85	5	2.80495	-2.82124	-2.81194
75	85	15	2.63912	-4.12846	-4.16367
75	85	25	2.63233	-4.99324	-4.99478
75	85	35	2.58513	-4.64187	-4.64503
75	85	45	2.54634	-4.51998	-4.51968
75	85	55	2.77145	-5.19548	-5.09508
75	85	65	3.53584	-5.2336	-5.59358
75	85	75	2.89749	-4.16752	-3.89073
75	85	85	2.85422	-2.91547	-2.78898
85	5	5	2.6356	-2.63567	-2.71694
85	5	15	2.71401	-3.73557	-3.77501
85	5	25	2.77649	-5.0859	-5.14365
85	5	35	2.56503	-4.00741	-4.00471
85	5	45	2.56114	-3.64191	-3.63308
85	5	55	2.67959	-4.63895	-4.7504
85	5	65	3.29635	-5.10403	-5.8427
85	5	75	2.97236	-5.1019	-5.51588
85	5	85	2.66862	-4.23913	-4.35269
85	15	5	2.61395	-2.634	-2.69687
85	15	15	2.57436	-2.91197	-2.93508
85	15	25	2.67243	-4.33288	-4.41394
85	15	35	2.55846	-3.17592	-3.18137
85	15	45	2.47118	-3.2393	-3.2393
85	15	55	2.65108	-4.3364	-4.43634
85	15	65	3.65228	-5.09945	-6.20059
85	15	75	3.20784	-5.10202	-5.75883
85	15	85	2.80286	-4.32109	-4.4929
85	25	5	2.57349	-2.81992	-2.84239
85	25	15	2.57512	-3.21372	-3.19781
85	25	25	2.77156	-4.0804	-4.22091
85	25	35	2.75152	-3.32554	-3.12599
85	25	45	2.89105	-3.45309	-3.11308
85	25	55	2.85106	-4.38795	-4.08793
85	25	65	3.43103	-5.41677	-5.65676
85	25	75	3.23864	-5.262	-5.58961
85	25	85	2.57868	-4.46242	-4.44928
85	35	5	3.03626	-4.04043	-3.60327
85	35	15	2.91805	-5.17456	-4.8608
85	35	25	3.11532	-5.37856	-4.89883
85	35	35	3.58071	-4.5585	-3.57054
85	35	45	4.20424	-4.53757	-2.92439
85	35	55	4.56344	-5.55603	-3.58364
85	35	65	4.77942	-7.09619	-5.30859
85	35	75	3.77784	-6.14477	-5.16598
85	35	85	3.39466	-5.44244	-4.64448
85	45	5	2.62631	-4.19038	-4.21765
85	45	15	2.62146	-5.01097	-5.06774
85	45	25	2.79581	-5.10065	-5.17953
85	45	35	2.70655	-4.20047	-4.12744
85	45	45	2.89544	-3.86197	-3.55919
85	45	55	3.11738	-4.00179	-3.51545
85	45	65	3.30755	-5.67155	-5.23583
85	45	75	3.05748	-5.38549	-5.12472
85	45	85	2.66509	-4.24965	-4.22771
85	55	5	2.48334	-3.55451	-3.56572
85	55	15	2.61581	-4.98962	-5.01173
85	55	25	2.69721	-4.96238	-5.01964
85	55	35	2.6594	-4.62281	-4.55822
85	55	45	2.65875	-3.57039	-3.46351
85	55	55	2.85226	-3.47965	-3.29923
85	55	65	2.89087	-5.33023	-5.15281
85	55	75	2.80453	-4.75118	-4.70581
85	55	85	2.51966	-3.01979	-3.04493
85	65	5	2.47524	-3.34027	-3.34433
85	65	15	2.73359	-4.64658	-4.50582
85	65	25	2.73395	-4.60489	-4.64525
85	65	35	2.6752	-4.19698	-4.11769
85	65	45	2.55985	-2.94372	-2.93742
85	65	55	2.70447	-4.1921	-4.32192
85	65	65	3.01909	-5.11752	-5.5351
85	65	75	2.72125	-4.28284	-4.45042
85	65	85	2.41559	-2.96291	-2.94734
85	75	5	3.35595	-4.28579	-3.60587
85	75	15	3.15308	-5.22126	-4.66169
85	75	25	2.93346	-5.32843	-5.06683
85	75	35	2.61631	-4.9269	-4.94408
85	75	45	2.57646	-4.92638	-4.90433
85	75	55	2.7328	-4.86768	-5.00762
85	75	65	3.11471	-5.11523	-5.63721
85	75	75	2.84274	-4.34252	-4.39261
85	75	85	3.22045	-3.94965	-3.45586
85	85	5	2.81725	-2.92467	-2.82041
85	85	15	2.71986	-4.45452	-4.32733
85	85	25	2.63671	-5.03885	-5.11478
85	85	35	2.59797	-4.92327	-4.88292
85	85	45	2.65575	-4.54305	-4.43972
85	85	55	2.99185	-5.13812	-5.21733
85	85	65	3.61786	-5.13773	-6.00217
85	85	75	3.10996	-4.20278	-4.4381
85	85	85	2.72858	-3.63161	-3.60192
