5	5	5	3.52007	-5.02206	-5.90844
5	5	15	2.73197	-4.6233	-4.6817
5	5	25	2.69583	-3.31728	-3.23641
5	5	35	2.83876	-3.14951	-2.94437
5	5	45	3.3231	-3.30471	-3.57423
5	5	55	3.78239	-3.90366	-4.60351
5	5	65	3.43853	-3.56133	-3.87869
5	5	75	2.736	-4.46841	-4.35344
5	5	85	3.06021	-5.00182	-5.38015
5	15	5	3.51831	-4.91443	-5.76163
5	15	15	2.72427	-3.1324	-3.10405
5	15	25	2.73434	-3.64402	-3.54174
5	15	35	3.15624	-3.6848	-3.12079
5	15	45	3.51788	-5.48466	-4.75779
5	15	55	3.37927	-5.39445	-5.5735
5	15	65	3.11943	-5.28539	-5.32103
5	15	75	2.71346	-4.85696	-4.81195
5	15	85	2.69617	-4.58088	-4.68269
5	25	5	3.32031	-4.95422	-5.27949
5	25	15	3.20025	-4.41854	-4.06135
5	25	25	3.23556	-3.31782	-2.63419
5	25	35	3.29638	-3.47702	-2.81166
5	25	45	3.04204	-4.6925	-4.41364
5	25	55	3.18001	-5.28057	-5.46125
5	25	65	2.82116	-4.98219	-4.93145
5	25	75	2.82682	-4.72086	-4.51421
5	25	85	3.05973	-5.38644	-5.17194
5	35	5	3.20724	-5.16113	-5.59466
5	35	15	2.6101	-4.83936	-4.82838
5	35	25	3.08321	-3.77285	-3.32156
5	35	35	3.51594	-3.8267	-3.06422
5	35	45	3.04612	-4.25507	-3.82934
5	35	55	2.98116	-4.91512	-4.86361
5	35	65	2.80098	-4.92362	-4.93028
5	35	75	2.62556	-3.98366	-3.97016
5	35	85	2.70177	-5.03962	-5.05743
5	45	5	3.09159	-5.20971	-5.52051
5	45	15	2.79669	-5.2612	-5.14175
5	45	25	3.32399	-4.16487	-3.43211
5	45	35	3.15112	-3.82096	-3.50825
5	45	45	2.86217	-4.34488	-4.32802
5	45	55	2.80598	-5.01942	-5.10159
5	45	65	2.56651	-4.07199	-4.06746
5	45	75	2.70555	-3.56604	-3.50215
5	45	85	2.80727	-5.02272	-5.05895
5	55	5	3.35146	-5.69615	-5.30292
5	55	15	3.42386	-5.72802	-4.98752
5	55	25	4.19486	-4.83501	-3.47711
5	55	35	4.35264	-4.93504	-3.35298
5	55	45	4.25052	-4.93484	-3.70133
5	55	55	3.90803	-6.09753	-5.09204
5	55	65	3.50789	-4.22928	-3.93152
5	55	75	3.23561	-4.03628	-3.77879
5	55	85	3.3867	-5.06619	-5.15156
5	65	5	3.27562	-5.51473	-5.40918
5	65	15	3.3808	-5.213	-5.37981
5	65	25	3.63169	-4.46108	-4.00753
5	65	35	4.5564	-4.50356	-3.07177
5	65	45	5.08806	-5.36276	-3.79727
5	65	55	4.56238	-6.44037	-5.0339
5	65	65	4.17228	-4.08718	-3.61632
5	65	75	3.68821	-3.59494	-3.50554
5	65	85	3.96664	-4.723	-5.4055
5	75	5	4.54847	-6.0485	-6.1455
5	75	15	3.92693	-5.49062	-4.84835
5	75	25	4.45898	-4.9467	-3.55012
5	75	35	4.42253	-4.65237	-3.23636
5	75	45	5.31497	-6.13604	-4.85797
5	75	55	5.55648	-6.41788	-5.45004
5	75	65	4.44349	-3.87908	-3.45571
5	75	75	3.24327	-3.16348	-2.91765
5	75	85	3.92235	-4.30797	-4.66576
5	85	5	4.51938	-5.57007	-6.5908
5	85	15	3.41218	-5.01535	-4.64987
5	85	25	3.30053	-3.8658	-3.17417
5	85	35	3.24958	-3.61889	-3.0842
5	85	45	4.03578	-3.79666	-3.95683
5	85	55	3.97731	-4.25564	-4.69738
5	85	65	3.12493	-2.99315	-3.37453
5	85	75	2.79685	-2.99791	-3.136
5	85	85	3.25689	-4.50556	-4.7411
15	5	5	4.02637	-5.16875	-6.47741
15	5	15	3.00028	-4.40395	-4.84917
15	5	25	2.66782	-3.22808	-3.2848
15	5	35	2.77458	-3.14292	-3.12645
15	5	45	3.51262	-3.54085	-3.98085
15	5	55	3.77665	-3.48589	-4.02512
15	5	65	3.37912	-3.36535	-3.73329
15	5	75	3.40543	-3.65706	-3.87323
15	5	85	3.46443	-4.90507	-5.44611
15	15	5	3.61544	-5.11915	-6.02273
15	15	15	2.74983	-3.50002	-3.49802
15	15	25	2.77616	-3.13165	-3.03597
15	15	35	2.7955	-3.5287	-3.36436
15	15	45	3.07944	-4.98648	-4.99886
15	15	55	3.71961	-5.248	-6.12272
15	15	65	3.50854	-5.14026	-5.68278
15	15	75	2.80125	-4.92772	-5.05359
15	15	85	2.9979	-4.88762	-5.212
15	25	5	3.49704	-5.23478	-5.53361
15	25	15	3.14425	-4.42432	-3.88309
15	25	25	3.34274	-3.4523	-2.74068
15	25	35	3.15794	-3.27693	-2.71004
15	25	45	2.91832	-4.28687	-4.28443
15	25	55	3.63278	-4.9736	-6.05408
15	25	65	3.52386	-4.66261	-5.55702
15	25	75	2.80785	-4.60318	-4.6944
15	25	85	3.11429	-5.23588	-5.39752
15	35	5	3.35285	-5.6011	-5.40172
15	35	15	3.31815	-5.79896	-5.07745
15	35	25	3.67898	-4.82614	-3.69843
15	35	35	4.49838	-4.23598	-2.89673
15	35	45	3.61317	-4.45585	-3.87717
15	35	55	3.23612	-4.96614	-5.25124
15	35	65	3.59869	-4.28113	-4.68961
15	35	75	3.42659	-4.27684	-4.11167
15	35	85	3.37551	-5.43003	-5.33365
15	45	5	3.51115	-5.85714	-5.30192
15	45	15	3.41513	-5.94267	-5.12343
15	45	25	3.94575	-5.32977	-4.05713
15	45	35	4.32832	-3.72884	-3.41971
15	45	45	3.60891	-3.63127	-3.50514
15	45	55	3.29155	-4.6011	-4.69121
15	45	65	3.13954	-3.75589	-4.21961
15	45	75	3.13112	-3.70205	-3.55014
15	45	85	3.34676	-5.39083	-5.08249
15	55	5	4.0345	-6.42628	-5.2537
15	55	15	4.31006	-6.83595	-5.08689
15	55	25	4.30968	-5.53565	-4.14615
15	55	35	4.26359	-4.0635	-3.06555
15	55	45	3.90848	-3.75656	-3.25548
15	55	55	3.38832	-4.14686	-3.85767
15	55	65	3.26244	-3.66428	-3.48446
15	55	75	3.16591	-3.50403	-3.51333
15	55	85	3.49993	-5.07395	-4.69324
15	65	5	3.20765	-5.4422	-5.40206
15	65	15	3.21074	-5.59319	-5.2305
15	65	25	3.49449	-4.77289	-4.80744
15	65	35	3.8141	-3.81998	-3.85647
15	65	45	4.52724	-5.07293	-4.67302
15	65	55	4.07904	-5.35978	-4.78697
15	65	65	4.56083	-4.25073	-3.59613
15	65	75	4.47319	-3.66804	-3.79821
15	65	85	4.18329	-4.2233	-4.95158
15	75	5	4.22436	-5.84554	-6.00207
15	75	15	3.91984	-5.5928	-5.58
15	75	25	3.55677	-4.36365	-4.03736
15	75	35	3.86819	-4.44234	-3.70259
15	75	45	4.5048	-5.72704	-6.01813
15	75	55	4.42561	-5.90082	-5.54623
15	75	65	5.35972	-4.76845	-4.34951
15	75	75	4.81744	-3.75411	-4.39395
15	75	85	4.72041	-4.27325	-5.0554
15	85	5	4.16329	-5.34746	-6.41685
15	85	15	3.40244	-4.20869	-4.92666
15	85	25	3.00225	-3.0733	-3.39719
15	85	35	2.83995	-3.40796	-3.41274
15	85	45	3.81352	-4.48221	-5.10062
15	85	55	3.84242	-4.2661	-4.4299
15	85	65	3.99959	-4.09635	-4.96867
15	85	75	4.02251	-3.26806	-4.23227
15	85	85	4.41105	-4.11261	-4.97519
25	5	5	3.84834	-5.1348	-6.30708
25	5	15	3.95002	-4.30245	-5.65959
25	5	25	2.91373	-3.14292	-3.46547
25	5	35	2.59408	-3.46061	-3.46283
25	5	45	3.15182	-4.64612	-4.80532
25	5	55	3.97427	-4.92401	-5.54565
25	5	65	3.79024	-4.44086	-4.98645
25	5	75	3.99159	-3.31151	-4.0014
25	5	85	3.70239	-4.29005	-5.2219
25	15	5	3.95387	-5.13522	-6.45638
25	15	15	3.56904	-4.40173	-5.05971
25	15	25	3.09001	-3.72964	-3.54543
25	15	35	3.17439	-4.14776	-3.60433
25	15	45	3.01743	-4.98566	-4.76164
25	15	55	3.21545	-5.22879	-5.90681
25	15	65	2.93785	-4.94528	-5.66726
25	15	75	2.9731	-4.96356	-5.26393
25	15	85	3.29112	-4.98685	-5.44677
25	25	5	3.49305	-5.05815	-5.95693
25	25	15	2.81746	-4.0708	-4.27719
25	25	25	2.77039	-3.74402	-3.53134
25	25	35	2.96276	-3.13107	-2.75952
25	25	45	2.77863	-4.47169	-4.38887
25	25	55	2.83264	-5.05512	-5.51518
25	25	65	2.84344	-4.87963	-5.28203
25	25	75	2.82345	-4.43866	-4.72028
25	25	85	2.77182	-4.97811	-5.15731
25	35	5	3.45309	-5.70277	-5.4007
25	35	15	3.43733	-5.98211	-5.10065
25	35	25	3.63561	-5.32108	-4.2378
25	35	35	4.35701	-4.31839	-2.75563
25	35	45	3.77839	-4.83474	-3.74024
25	35	55	3.93229	-5.60246	-5.78329
25	35	65	3.50827	-4.25948	-4.70028
25	35	75	2.79164	-3.81243	-3.81524
25	35	85	2.97245	-4.93082	-4.75162
25	45	5	2.9319	-5.33988	-5.23979
25	45	15	2.95877	-5.50335	-5.10842
25	45	25	3.45629	-4.98362	-4.48384
25	45	35	4.34199	-3.33805	-3.72085
25	45	45	3.56874	-3.67471	-3.16672
25	45	55	3.43866	-4.77632	-4.73673
25	45	65	3.47506	-3.33734	-3.93736
25	45	75	3.03497	-3.68043	-3.60205
25	45	85	2.75219	-4.47513	-4.39634
25	55	5	3.27261	-5.69677	-5.21837
25	55	15	3.02303	-5.50199	-5.134
25	55	25	3.81564	-5.00242	-5.14624
25	55	35	4.56831	-3.54313	-4.114
25	55	45	3.98194	-3.85859	-3.95976
25	55	55	3.26031	-4.42407	-4.32679
25	55	65	3.7771	-3.64635	-3.83077
25	55	75	3.35548	-3.73349	-3.29831
25	55	85	3.47263	-4.88632	-4.20913
25	65	5	3.48139	-5.76894	-5.33776
25	65	15	3.7003	-5.96237	-5.27084
25	65	25	3.95718	-5.16207	-5.48737
25	65	35	3.26115	-3.88008	-3.98851
25	65	45	3.67673	-5.25702	-5.53701
25	65	55	3.40823	-5.42375	-5.14655
25	65	65	3.88511	-4.28127	-4.15616
25	65	75	4.44748	-3.59557	-4.10964
25	65	85	3.98744	-4.22802	-4.33605
25	75	5	3.91266	-6.01145	-5.50106
25	75	15	3.57353	-5.57388	-5.45238
25	75	25	3.37673	-4.51805	-4.67094
25	75	35	3.14234	-4.34997	-4.57409
25	75	45	3.53468	-5.10779	-5.88413
25	75	55	3.52352	-5.1198	-5.8881
25	75	65	4.04968	-4.27638	-5.39466
25	75	75	4.9712	-3.94445	-5.55246
25	75	85	4.64588	-4.15747	-4.88827
25	85	5	3.76071	-5.38088	-5.972
25	85	15	3.70479	-4.769	-5.58825
25	85	25	3.08785	-3.19913	-3.53378
25	85	35	2.67458	-3.65578	-3.77569
25	85	45	3.55186	-4.96911	-5.96829
25	85	55	3.33509	-4.95796	-5.66194
25	85	65	4.36755	-4.69584	-6.19214
25	85	75	4.84349	-3.96705	-5.2516
25	85	85	5.25435	-4.19492	-4.98604
35	5	5	2.86123	-5.06939	-5.39038
35	5	15	3.38048	-4.12367	-4.86866
35	5	25	2.63881	-2.91299	-2.99887
35	5	35	2.59029	-3.50079	-3.4212
35	5	45	2.93065	-5.15149	-5.1727
35	5	55	3.65304	-5.20057	-5.74018
35	5	65	3.13787	-4.67959	-4.94398
35	5	75	3.03351	-3.01196	-3.25196
35	5	85	3.61396	-3.63179	-4.60967
35	15	5	3.49472	-5.1237	-5.98721
35	15	15	3.76358	-4.38275	-5.4331
35	15	25	3.18406	-4.38689	-4.01741
35	15	35	3.3503	-4.78167	-3.98052
35	15	45	3.25221	-5.34797	-4.88759
35	15	55	3.39341	-5.15046	-5.50888
35	15	65	2.51305	-4.83088	-5.05207
35	15	75	2.6319	-4.46232	-4.54233
35	15	85	3.29107	-4.75877	-5.49873
35	25	5	3.47143	-5.11734	-5.99694
35	25	15	3.5243	-4.62551	-5.39155
35	25	25	2.75403	-4.25883	-4.07305
35	25	35	2.82832	-3.20419	-3.08783
35	25	45	2.83179	-4.71003	-4.55325
35	25	55	2.81825	-5.09962	-5.27317
35	25	65	2.63265	-4.78133	-4.82132
35	25	75	2.56668	-4.21929	-4.19848
35	25	85	2.65104	-4.47806	-4.57807
35	35	5	3.35183	-5.09915	-5.93995
35	35	15	2.74273	-5.10514	-5.24803
35	35	25	2.62265	-4.80766	-4.7456
35	35	35	2.79822	-3.0768	-3.07152
35	35	45	2.79896	-4.19909	-4.03843
35	35	55	2.81409	-5.18876	-5.16656
35	35	65	2.81276	-4.50122	-4.4019
35	35	75	2.65185	-3.4184	-3.31762
35	35	85	2.63132	-3.84917	-3.80877
35	45	5	2.67227	-5.09266	-5.21381
35	45	15	2.58391	-5.10205	-5.13486
35	45	25	2.63178	-4.62203	-4.70266
35	45	35	2.89283	-2.68478	-2.98651
35	45	45	2.77393	-3.59315	-3.49512
35	45	55	2.85591	-5.07714	-4.89471
35	45	65	2.83586	-3.60404	-3.58088
35	45	75	2.59309	-3.0416	-3.06044
35	45	85	2.55146	-3.69429	-3.69345
35	55	5	3.09142	-5.30671	-5.40711
35	55	15	2.72826	-5.14199	-5.23923
35	55	25	2.91546	-4.88244	-5.20608
35	55	35	3.31608	-2.82722	-3.54908
35	55	45	2.79469	-4.01508	-4.17395
35	55	55	2.79546	-4.86106	-4.81985
35	55	65	3.05306	-3.92669	-3.70786
35	55	75	3.07106	-3.38311	-2.96355
35	55	85	3.12863	-4.14479	-3.60479
35	65	5	4.25301	-6.18333	-5.68213
35	65	15	3.56262	-5.88274	-5.29274
35	65	25	3.85524	-5.36204	-5.46546
35	65	35	3.67364	-5.18926	-4.67104
35	65	45	3.03142	-5.2164	-5.3368
35	65	55	2.99624	-5.22667	-5.30629
35	65	65	2.89823	-4.58562	-4.72242
35	65	75	3.20109	-4.09211	-3.72298
35	65	85	3.93542	-4.86668	-3.64228
35	75	5	3.79995	-5.87659	-5.51488
35	75	15	3.30156	-5.46589	-5.28817
35	75	25	3.37798	-4.88371	-4.98493
35	75	35	2.74788	-4.30684	-4.39488
35	75	45	3.14223	-5.16278	-5.57159
35	75	55	2.81704	-5.11829	-5.30109
35	75	65	2.81665	-4.55955	-4.82034
35	75	75	3.17832	-4.21671	-4.83265
35	75	85	3.22956	-4.35582	-4.6389
35	85	5	3.56423	-5.55751	-5.59472
35	85	15	3.14224	-4.58751	-4.92672
35	85	25	2.98353	-3.18648	-3.5261
35	85	35	2.555	-3.98756	-3.98368
35	85	45	3.09202	-5.08431	-5.58335
35	85	55	3.01477	-5.14022	-5.5237
35	85	65	3.29605	-4.68056	-5.34518
35	85	75	3.53309	-4.20253	-4.50299
35	85	85	4.59929	-3.89782	-4.41198
45	5	5	2.81397	-5.06476	-5.32342
45	5	15	2.85865	-3.84621	-4.1446
45	5	25	2.51865	-2.8344	-2.77169
45	5	35	2.47253	-3.54379	-3.50172
45	5	45	2.79008	-5.13811	-5.2579
45	5	55	2.9127	-5.22168	-5.34254
45	5	65	2.71468	-4.92243	-4.88524
45	5	75	2.63273	-3.1537	-3.19363
45	5	85	2.83317	-3.09897	-3.33765
45	15	5	2.91238	-5.07194	-5.43299
45	15	15	2.91288	-4.64153	-4.96292
45	15	25	2.754	-4.24253	-4.08371
45	15	35	3.32798	-4.97427	-4.31518
45	15	45	3.42966	-5.70723	-4.90627
45	15	55	3.77269	-5.94027	-5.28034
45	15	65	2.95669	-4.96202	-4.68042
45	15	75	2.63229	-3.99119	-3.95081
45	15	85	2.89266	-4.41945	-4.63782
45	25	5	3.15433	-5.11565	-5.67801
45	25	15	3.1399	-4.92209	-5.51093
45	25	25	2.77482	-4.92645	-4.70942
45	25	35	2.97473	-4.02013	-3.759
45	25	45	2.88434	-4.93167	-4.64092
45	25	55	2.82629	-5.27022	-5.13579
45	25	65	2.70507	-4.98939	-4.8802
45	25	75	2.57791	-3.96225	-3.93626
45	25	85	2.77153	-4.24973	-4.38926
45	35	5	3.07633	-5.13165	-5.57278
45	35	15	2.98469	-5.10475	-5.5328
45	35	25	2.57646	-4.99246	-5.01386
45	35	35	2.65602	-3.32453	-3.42305
45	35	45	2.57434	-4.44222	-4.4614
45	35	55	2.63515	-5.09353	-5.13025
45	35	65	2.75479	-4.74402	-4.58226
45	35	75	2.73194	-3.5953	-3.39603
45	35	85	2.63193	-3.26484	-3.184
45	45	5	2.91641	-5.05597	-5.42098
45	45	15	2.79049	-5.10214	-5.3413
45	45	25	2.59903	-4.84168	-4.88955
45	45	35	2.75337	-3.03489	-3.1971
45	45	45	2.65268	-4.07905	-4.02063
45	45	55	2.73147	-5.15993	-5.10031
45	45	65	2.67387	-3.98216	-3.84254
45	45	75	2.45276	-2.82809	-2.80648
45	45	85	2.5912	-2.82652	-2.86637
45	55	5	3.41342	-5.29387	-5.71627
45	55	15	2.66586	-5.12185	-5.07669
45	55	25	2.67937	-4.92204	-4.97039
45	55	35	2.69293	-3.47244	-3.57435
45	55	45	2.63348	-4.5941	-4.63495
45	55	55	2.59305	-4.98865	-5.03068
45	55	65	2.71385	-4.49667	-4.3795
45	55	75	2.81154	-3.4296	-3.16931
45	55	85	3.09065	-3.78122	-3.36121
45	65	5	4.29982	-5.95854	-5.93374
45	65	15	4.01904	-6.28773	-5.22376
45	65	25	3.93056	-6.14844	-5.11518
45	65	35	3.75806	-5.88084	-4.80068
45	65	45	3.35229	-5.75652	-5.11697
45	65	55	3.19148	-5.63945	-5.15992
45	65	65	2.65345	-4.99476	-4.93639
45	65	75	2.67195	-4.51213	-4.39145
45	65	85	2.85502	-4.36247	-4.09847
45	75	5	3.44368	-5.42391	-5.61125
45	75	15	3.14207	-5.42148	-5.21283
45	75	25	2.96133	-4.7418	-4.55179
45	75	35	2.89322	-4.81729	-4.51538
45	75	45	2.86829	-5.28379	-5.20823
45	75	55	2.70033	-5.14995	-5.20081
45	75	65	2.58144	-5.02769	-5.04449
45	75	75	2.56147	-5.04005	-5.02962
45	75	85	2.6112	-4.67183	-4.65165
45	85	5	2.97789	-5.20963	-5.40356
45	85	15	2.98596	-4.61195	-4.58583
45	85	25	2.74542	-3.45196	-3.44252
45	85	35	2.49915	-3.91809	-3.89087
45	85	45	2.77286	-5.08641	-5.30553
45	85	55	2.71203	-5.10191	-5.26196
45	85	65	2.692	-4.86167	-4.88238
45	85	75	2.6531	-4.3328	-4.31156
45	85	85	2.79371	-3.60651	-3.72462
55	5	5	2.85315	-4.93262	-5.07128
55	5	15	2.68261	-3.68924	-3.80568
55	5	25	2.40567	-2.45944	-2.49047
55	5	35	2.4403	-3.21284	-3.19164
55	5	45	2.57898	-5.06073	-5.08604
55	5	55	2.67338	-5.18177	-5.14399
55	5	65	2.61196	-4.9421	-4.9229
55	5	75	2.7527	-3.73769	-3.57605
55	5	85	2.61232	-3.14671	-3.12544
55	15	5	2.73588	-5.006	-5.14195
55	15	15	2.69762	-4.84501	-4.94409
55	15	25	2.598	-4.07775	-4.0829
55	15	35	2.60316	-4.11824	-4.12867
55	15	45	2.73544	-5.15367	-5.09647
55	15	55	3.29447	-5.6632	-5.22342
55	15	65	3.3347	-5.42445	-4.72328
55	15	75	3.15267	-3.73725	-3.17727
55	15	85	2.91305	-3.78468	-3.50266
55	25	5	2.67589	-5.09081	-5.12837
55	25	15	2.75951	-5.06586	-5.0655
55	25	25	2.73872	-4.93324	-4.83932
55	25	35	2.68398	-4.20243	-4.133
55	25	45	2.75648	-5.14717	-5.02861
55	25	55	2.75637	-5.18101	-5.17911
55	25	65	2.75795	-4.64523	-4.48208
55	25	75	2.69946	-3.32038	-3.17279
55	25	85	2.6163	-3.30348	-3.35902
55	35	5	3.00219	-4.97253	-5.40701
55	35	15	2.72981	-5.01139	-5.17121
55	35	25	2.62327	-5.06619	-5.12293
55	35	35	2.61848	-4.03744	-4.09826
55	35	45	2.57561	-4.81723	-4.83446
55	35	55	2.67469	-5.09442	-5.21403
55	35	65	2.57512	-4.38276	-4.40355
55	35	75	2.61405	-3.21893	-3.15842
55	35	85	2.77651	-3.12257	-3.18035
55	45	5	3.09485	-4.76467	-5.30652
55	45	15	2.722	-4.70187	-4.8727
55	45	25	2.6389	-4.9821	-5.06986
55	45	35	2.61358	-3.35987	-3.42231
55	45	45	2.57227	-4.42643	-4.44767
55	45	55	2.65145	-5.10882	-5.12922
55	45	65	2.59228	-4.14143	-4.18263
55	45	75	2.53283	-2.75134	-2.75291
55	45	85	2.73206	-2.88848	-3.02917
55	55	5	3.71669	-5.15655	-5.92217
55	55	15	3.28797	-5.10114	-5.15804
55	55	25	2.96498	-5.32207	-5.13598
55	55	35	2.95201	-4.33684	-4.09782
55	55	45	2.75185	-4.9403	-4.78112
55	55	55	2.63223	-5.06038	-5.12079
55	55	65	2.55432	-4.6408	-4.64409
55	55	75	2.57172	-3.65722	-3.63792
55	55	85	2.85106	-3.57814	-3.79815
55	65	5	4.30185	-5.97486	-5.70803
55	65	15	4.60188	-6.71468	-5.49913
55	65	25	4.639	-7.01324	-5.11641
55	65	35	4.64195	-6.62564	-4.70057
55	65	45	3.75505	-6.15186	-5.15027
55	65	55	3.51343	-5.91227	-5.23307
55	65	65	3.01748	-5.48097	-5.02543
55	65	75	2.89207	-5.26753	-4.92778
55	65	85	3.19303	-5.20539	-4.80339
55	75	5	3.7665	-5.19585	-6.18277
55	75	15	3.53144	-5.40504	-5.73825
55	75	25	3.2492	-5.00679	-4.65226
55	75	35	3.19004	-4.17496	-3.62174
55	75	45	2.95786	-5.39836	-5.03797
55	75	55	2.72026	-5.16873	-5.20195
55	75	65	2.58148	-5.1256	-5.10804
55	75	75	2.55793	-5.08512	-5.07837
55	75	85	2.73397	-5.05078	-5.06783
55	85	5	3.19771	-5.13932	-5.61263
55	85	15	3.16594	-4.82873	-5.22904
55	85	25	2.67912	-3.26126	-3.0277
55	85	35	2.73212	-3.42747	-3.2113
55	85	45	2.70456	-5.15935	-5.014
55	85	55	2.7733	-5.1435	-5.28228
55	85	65	2.57205	-5.06257	-5.04249
55	85	75	2.57237	-4.82176	-4.80043
55	85	85	2.59549	-4.42506	-4.3806
65	5	5	3.03284	-4.38863	-4.66841
65	5	15	3.13703	-3.98386	-4.12505
65	5	25	2.86234	-3.00235	-2.93782
65	5	35	2.80173	-3.18828	-3.34725
65	5	45	2.62023	-4.96858	-4.95218
65	5	55	2.61523	-5.14072	-5.12389
65	5	65	2.63209	-5.16268	-5.10246
65	5	75	2.67283	-4.14223	-4.02126
65	5	85	2.59173	-3.4967	-3.45603
65	15	5	2.97551	-4.64579	-4.62292
65	15	15	2.87549	-4.97947	-4.93903
65	15	25	2.97445	-4.03498	-4.01572
65	15	35	2.92309	-3.91342	-4.20456
65	15	45	2.70548	-5.10699	-5.16138
65	15	55	2.15482	-5.16164	-5.10454
65	15	65	2.69311	-5.0433	-4.86286
65	15	75	2.81396	-3.24015	-2.97887
65	15	85	2.97188	-3.07197	-2.69113
65	25	5	2.88592	-4.78215	-4.73126
65	25	15	3.27159	-5.31652	-5.20291
65	25	25	3.58963	-5.35091	-5.44055
65	25	35	3.11909	-4.86877	-4.66158
65	25	45	2.80886	-5.10802	-5.03372
65	25	55	2.79714	-5.28467	-5.16317
65	25	65	2.68311	-4.46248	-4.40287
65	25	75	2.63348	-2.93645	-2.85408
65	25	85	2.66028	-3.13197	-3.06355
65	35	5	2.76303	-4.35477	-4.56918
65	35	15	2.94515	-4.23061	-4.5254
65	35	25	3.14309	-4.90315	-5.48738
65	35	35	2.72649	-4.55882	-4.72835
65	35	45	2.64007	-5.00488	-5.08822
65	35	55	2.65598	-5.10012	-5.20424
65	35	65	2.57305	-4.58236	-4.60278
65	35	75	2.57287	-3.33081	-3.34967
65	35	85	2.61757	-3.70915	-3.76431
65	45	5	3.0169	-4.60143	-5.066
65	45	15	2.77703	-4.18039	-4.40418
65	45	25	2.75905	-4.70106	-4.90704
65	45	35	2.59764	-4.18247	-4.22648
65	45	45	2.63354	-4.76112	-4.84277
65	45	55	2.67349	-5.0967	-5.21831
65	45	65	2.63432	-4.28188	-4.32511
65	45	75	2.63284	-2.98769	-3.06937
65	45	85	2.69242	-3.68326	-3.82442
65	55	5	3.17673	-5.09785	-5.56259
65	55	15	3.38319	-4.87654	-4.82618
65	55	25	3.33632	-5.17409	-4.63929
65	55	35	3.23315	-5.09969	-4.54172
65	55	45	2.97186	-5.26722	-4.88801
65	55	55	2.73303	-5.22893	-5.17014
65	55	65	2.67562	-4.66139	-4.70597
65	55	75	2.65412	-3.74284	-3.72591
65	55	85	2.71287	-4.37543	-4.49726
65	65	5	4.54518	-6.15847	-5.85722
65	65	15	4.96202	-6.63322	-5.61604
65	65	25	4.78069	-6.71564	-4.58447
65	65	35	4.90986	-6.29804	-4.02168
65	65	45	4.39744	-6.62635	-4.86074
65	65	55	3.89663	-6.27601	-5.26001
65	65	65	2.98645	-5.48121	-5.11582
65	65	75	2.75262	-5.11323	-4.914
65	65	85	3.1748	-5.3144	-5.25487
65	75	5	3.65705	-5.31687	-5.97649
65	75	15	3.66437	-5.3538	-5.79819
65	75	25	3.06281	-4.84701	-4.62804
65	75	35	3.65328	-4.02185	-3.04125
65	75	45	3.56308	-5.444	-4.59276
65	75	55	3.30585	-5.57301	-5.38378
65	75	65	2.67113	-5.16944	-5.11433
65	75	75	2.57889	-5.02804	-5.00061
65	75	85	2.71817	-5.16564	-5.1986
65	85	5	3.45621	-5.12374	-5.90017
65	85	15	3.22894	-5.10835	-5.61284
65	85	25	3.07482	-3.84045	-3.60661
65	85	35	3.3029	-3.42026	-2.99084
65	85	45	2.87462	-4.69356	-4.49319
65	85	55	2.93962	-5.16649	-5.42269
65	85	65	2.55841	-5.08537	-5.08605
65	85	75	2.5548	-4.96579	-4.96245
65	85	85	2.69408	-5.04462	-5.02158
75	5	5	3.1541	-4.38189	-4.89965
75	5	15	2.98414	-4.32544	-4.39005
75	5	25	2.73525	-3.02324	-2.96185
75	5	35	2.69907	-3.09643	-3.11009
75	5	45	2.67428	-4.39986	-4.49659
75	5	55	2.75442	-5.09042	-5.29025
75	5	65	2.57447	-5.10461	-5.08285
75	5	75	2.61476	-4.58482	-4.5222
75	5	85	2.69707	-4.42484	-4.35968
75	15	5	3.17332	-4.21141	-3.94913
75	15	15	3.3653	-5.1504	-4.67539
75	15	25	3.6571	-4.49949	-3.87704
75	15	35	3.59563	-4.46049	-4.0567
75	15	45	3.11708	-5.30449	-5.10726
75	15	55	2.45548	-5.40214	-5.11976
75	15	65	2.45273	-5.0825	-4.90322
75	15	75	2.61409	-3.52383	-3.46252
75	15	85	2.73172	-2.96106	-2.86047
75	25	5	2.93709	-4.29867	-4.11424
75	25	15	3.09479	-4.82815	-4.4925
75	25	25	3.61449	-4.67924	-4.77611
75	25	35	3.46835	-4.75238	-5.2775
75	25	45	2.86713	-5.10597	-5.12506
75	25	55	2.73512	-5.22378	-5.12218
75	25	65	2.6047	-4.78205	-4.80288
75	25	75	2.5855	-3.09766	-3.05771
75	25	85	2.67185	-3.67999	-3.63996
75	35	5	2.72156	-4.38732	-4.54495
75	35	15	2.78984	-4.02442	-4.19797
75	35	25	3.62864	-3.89352	-4.86007
75	35	35	3.19078	-4.74886	-5.28595
75	35	45	2.74198	-4.97493	-5.03528
75	35	55	2.65471	-5.12048	-5.20088
75	35	65	2.59392	-4.62322	-4.62371
75	35	75	2.57335	-3.28883	-3.30809
75	35	85	2.65506	-4.38071	-4.4776
75	45	5	2.7743	-4.93434	-5.15708
75	45	15	2.98252	-4.4512	-4.83494
75	45	25	3.2397	-3.80737	-4.36854
75	45	35	2.86331	-4.64047	-4.94778
75	45	45	2.78041	-4.81358	-5.03804
75	45	55	2.61403	-5.10134	-5.16176
75	45	65	2.59416	-4.12214	-4.12619
75	45	75	2.59443	-3.15212	-3.19455
75	45	85	2.71225	-4.78719	-4.94722
75	55	5	2.87851	-5.15626	-5.31855
75	55	15	3.28652	-4.89717	-4.86236
75	55	25	3.52122	-4.28817	-3.8492
75	55	35	3.67606	-5.0949	-4.17815
75	55	45	3.53317	-5.78367	-5.00573
75	55	55	3.01513	-5.39603	-5.2785
75	55	65	2.67894	-4.54235	-4.58942
75	55	75	2.63507	-3.70567	-3.74884
75	55	85	2.83333	-4.86056	-5.10125
75	65	5	3.4514	-5.42221	-5.61239
75	65	15	3.97379	-5.82013	-4.92254
75	65	25	4.37888	-5.63277	-4.0125
75	65	35	4.86035	-5.67912	-3.45078
75	65	45	4.70304	-6.2812	-4.29
75	65	55	4.3631	-6.67979	-5.32698
75	65	65	3.30659	-5.58301	-5.1361
75	65	75	3.02344	-5.01287	-4.7248
75	65	85	3.19448	-5.45613	-5.33466
75	75	5	3.54923	-5.25206	-5.94507
75	75	15	3.23267	-4.89929	-5.14279
75	75	25	2.94878	-3.91417	-3.64035
75	75	35	3.51194	-3.69158	-2.77075
75	75	45	4.32369	-5.17226	-3.87963
75	75	55	4.40083	-6.1954	-5.84723
75	75	65	2.91978	-5.29165	-5.06091
75	75	75	2.82525	-4.98945	-4.9284
75	75	85	3.06158	-5.24618	-5.3809
75	85	5	3.52895	-5.07668	-5.98519
75	85	15	2.92256	-5.01296	-5.28232
75	85	25	2.733	-3.62081	-3.52196
75	85	35	2.96773	-3.02592	-2.65006
75	85	45	2.98466	-3.81323	-3.65962
75	85	55	3.31647	-5.23049	-5.71546
75	85	65	2.58802	-5.04817	-5.05287
75	85	75	2.58579	-4.9938	-4.96424
75	85	85	2.76167	-5.06934	-5.14133
85	5	5	3.60576	-4.61227	-5.60247
85	5	15	2.74358	-4.17525	-4.13898
85	5	25	2.8048	-3.25157	-3.04069
85	5	35	2.76508	-3.12285	-2.91042
85	5	45	3.02128	-3.70244	-3.75301
85	5	55	3.17535	-5.03232	-5.4928
85	5	65	2.86217	-4.84288	-4.79188
85	5	75	2.64176	-4.98514	-5.02648
85	5	85	2.82167	-4.82871	-4.88041
85	15	5	3.01519	-3.78761	-4.20933
85	15	15	2.88442	-3.94924	-3.75773
85	15	25	3.57927	-4.56815	-3.62574
85	15	35	3.71566	-4.54263	-3.37762
85	15	45	3.43634	-5.6251	-4.90058
85	15	55	3.01884	-5.47323	-5.08965
85	15	65	2.72212	-5.12477	-5.00987
85	15	75	2.61452	-4.28295	-4.26383
85	15	85	2.59254	-3.63126	-3.63112
85	25	5	3.21472	-4.39842	-4.69809
85	25	15	2.96477	-4.37824	-4.14628
85	25	25	3.2032	-3.78181	-3.1706
85	25	35	3.54877	-4.50965	-3.95351
85	25	45	3.17953	-5.28121	-4.77674
85	25	55	2.87702	-5.36376	-5.15913
85	25	65	2.67728	-5.06404	-5.02616
85	25	75	2.61402	-3.71807	-3.66021
85	25	85	2.63283	-4.57043	-4.48984
85	35	5	2.78401	-4.96206	-5.13492
85	35	15	2.57322	-4.61395	-4.60918
85	35	25	2.82638	-3.44188	-3.28904
85	35	35	3.11912	-4.23162	-4.42432
85	35	45	2.73838	-4.77561	-4.714
85	35	55	2.71719	-5.20237	-5.20209
85	35	65	2.63922	-4.90644	-4.86499
85	35	75	2.57835	-3.64247	-3.65536
85	35	85	2.61637	-4.76558	-4.78205
85	45	5	2.90093	-5.10824	-5.37675
85	45	15	2.78493	-4.83705	-4.81129
85	45	25	3.22962	-3.41711	-3.58116
85	45	35	3.06309	-4.64597	-4.69962
85	45	45	2.69803	-4.85877	-4.91615
85	45	55	2.63811	-5.10063	-5.18285
85	45	65	2.63542	-4.30286	-4.30549
85	45	75	2.59894	-3.57337	-3.57863
85	45	85	2.77752	-4.98797	-5.17002
85	55	5	3.05565	-5.19938	-5.45671
85	55	15	3.55227	-5.45374	-4.94487
85	55	25	4.05011	-4.25767	-3.7385
85	55	35	4.10057	-4.77815	-3.92114
85	55	45	4.07848	-6.01449	-4.6585
85	55	55	3.28094	-5.63643	-5.24594
85	55	65	2.81925	-4.20418	-4.22805
85	55	75	2.64472	-3.88424	-3.85354
85	55	85	2.7238	-5.00533	-5.13351
85	65	5	3.46444	-5.47293	-5.59408
85	65	15	3.46198	-5.35149	-5.00242
85	65	25	3.71219	-4.38408	-3.63758
85	65	35	4.44546	-4.541	-2.85679
85	65	45	4.7592	-5.6051	-3.72604
85	65	55	4.55843	-6.69062	-5.43293
85	65	65	3.68082	-4.67133	-3.90228
85	65	75	3.11321	-4.55754	-4.14473
85	65	85	3.18742	-5.30564	-5.15817
85	75	5	4.14706	-5.5681	-6.23089
85	75	15	3.47625	-4.99668	-4.45123
85	75	25	3.13035	-3.66757	-3.13816
85	75	35	3.59262	-3.7392	-2.73875
85	75	45	4.84684	-4.98238	-3.64984
85	75	55	4.94839	-6.52511	-5.56064
85	75	65	4.16197	-4.21421	-3.80063
85	75	75	2.9079	-3.82697	-3.56919
85	75	85	3.42316	-5.42095	-5.07649
85	85	5	3.96008	-5.38135	-6.23004
85	85	15	2.78262	-4.85503	-4.82054
85	85	25	2.76629	-3.36648	-3.156
85	85	35	2.69228	-2.81199	-2.67241
85	85	45	3.45198	-3.25475	-3.43624
85	85	55	3.66459	-4.97595	-5.76321
85	85	65	2.95971	-4.01131	-4.24124
85	85	75	2.81321	-3.94978	-3.95169
85	85	85	2.99072	-5.19544	-5.31713
