5	5	5	1.02828	-4.36541	-4.5123
5	5	15	1.975	-4.94961	-5.03531
5	5	25	1.07148	-3.12153	-3.20877
5	5	35	1.28857	-1.56252	-1.58473
5	5	45	2.72124	-2.45204	-2.79189
5	5	55	3.94235	-3.41884	-4.81136
5	5	65	2.9315	-4.77946	-5.32715
5	5	75	2.24193	-5.00218	-5.27972
5	5	85	0.491548	-3.85523	-4.26265
5	15	5	1.37352	-4.6063	-4.93157
5	15	15	2.00099	-5.05819	-5.46705
5	15	25	1.7231	-3.81965	-3.80457
5	15	35	1.38432	-2.7668	-2.76697
5	15	45	2.74338	-3.37082	-3.2708
5	15	55	4.3702	-4.25598	-5.14035
5	15	65	3.25786	-4.79239	-5.08612
5	15	75	2.64933	-5.04204	-5.04347
5	15	85	1.08754	-4.23925	-4.34428
5	25	5	3.16376	-5.85109	-5.37152
5	25	15	2.85776	-5.54424	-5.40625
5	25	25	2.82383	-5.26106	-4.96633
5	25	35	3.0177	-5.05917	-4.55845
5	25	45	3.67749	-5.13928	-4.25207
5	25	55	5.32465	-6.25798	-5.98518
5	25	65	5.12138	-6.92254	-5.7162
5	25	75	4.53316	-6.88802	-4.99963
5	25	85	3.71227	-5.72082	-4.96142
5	35	5	2.51744	-5.15632	-5.21035
5	35	15	2.51468	-5.12463	-5.44152
5	35	25	2.51648	-5.0284	-5.04442
5	35	35	2.61182	-5.09164	-5.02916
5	35	45	2.72236	-4.70613	-4.63428
5	35	55	3.71324	-4.98789	-5.74262
5	35	65	3.6098	-5.46537	-5.69345
5	35	75	3.2356	-4.80011	-4.39279
5	35	85	3.00911	-4.59403	-4.3382
5	45	5	2.55936	-5.10474	-5.1696
5	45	15	2.47254	-5.08194	-5.18287
5	45	25	2.51319	-4.8033	-4.82362
5	45	35	2.57594	-4.27614	-4.23201
5	45	45	2.43765	-3.27167	-3.24513
5	45	55	2.81708	-3.68323	-4.13782
5	45	65	2.9791	-3.8281	-4.10549
5	45	75	2.73636	-3.03541	-2.92144
5	45	85	2.60288	-3.75385	-3.76851
5	55	5	2.54292	-5.14252	-5.23469
5	55	15	2.71326	-5.24131	-5.28459
5	55	25	2.67318	-4.94448	-4.90332
5	55	35	2.41237	-3.17611	-3.15449
5	55	45	2.5116	-2.59982	-2.55888
5	55	55	2.05575	-2.58058	-2.85465
5	55	65	2.39527	-2.58503	-2.84277
5	55	75	2.0995	-2.08156	-2.1845
5	55	85	2.20202	-3.32203	-3.37204
5	65	5	2.36731	-5.39468	-4.92902
5	65	15	3.23093	-5.68104	-5.12334
5	65	25	3.19236	-5.28323	-4.36536
5	65	35	2.93382	-3.87482	-3.09209
5	65	45	1.08941	-2.89822	-2.57379
5	65	55	-0.414467	-4.37073	-4.74859
5	65	65	-0.00515596	-3.98401	-4.03546
5	65	75	1.33693	-3.62088	-3.49902
5	65	85	2.05494	-4.21351	-4.01594
5	75	5	1.61823	-5.07236	-4.98156
5	75	15	2.65012	-5.12813	-5.22286
5	75	25	2.74302	-4.27315	-4.3028
5	75	35	2.55786	-2.74914	-2.75241
5	75	45	2.51352	-2.93496	-3.06056
5	75	55	1.6427	-4.69435	-5.16591
5	75	65	1.5289	-5.03516	-5.3841
5	75	75	1.03882	-4.87767	-4.8807
5	75	85	0.913019	-4.63065	-4.621
5	85	5	1.74517	-4.65503	-4.82357
5	85	15	2.3736	-5.06099	-5.10273
5	85	25	2.33171	-4.06372	-4.22441
5	85	35	1.81371	-2.33625	-2.33648
5	85	45	2.73574	-2.66349	-2.80885
5	85	55	3.07015	-4.19536	-4.75932
5	85	65	2.53551	-5.04863	-5.47993
5	85	75	1.5576	-4.84153	-4.99309
5	85	85	1.08311	-4.47475	-4.82286
15	5	5	1.26655	-4.56741	-4.83675
15	5	15	2.33203	-5.09561	-5.46654
15	5	25	1.68834	-3.5816	-3.79396
15	5	35	1.3328	-1.86527	-2.22995
15	5	45	2.81132	-3.01936	-3.42168
15	5	55	3.25844	-3.07609	-3.78071
15	5	65	3.01718	-3.55788	-4.12528
15	5	75	2.55657	-4.61971	-5.04881
15	5	85	1.04724	-4.03962	-4.73056
15	15	5	2.17929	-5.00558	-5.39044
15	15	15	2.39137	-5.13139	-5.76346
15	15	25	2.28028	-4.40147	-4.48472
15	15	35	1.86261	-3.07524	-3.09904
15	15	45	3.09563	-3.78253	-4.28507
15	15	55	4.03915	-4.8113	-5.64046
15	15	65	4.02558	-4.70553	-4.6809
15	15	75	3.28207	-4.99392	-4.58794
15	15	85	1.9066	-4.42003	-4.32376
15	25	5	3.31488	-5.88879	-5.4701
15	25	15	2.80848	-5.45803	-5.82698
15	25	25	2.77604	-5.26172	-5.09843
15	25	35	2.87086	-5.28644	-4.94723
15	25	45	3.79146	-5.85492	-4.84817
15	25	55	5.56661	-6.37994	-6.06711
15	25	65	5.64909	-7.17355	-5.95281
15	25	75	4.97806	-7.1465	-5.01976
15	25	85	4.39663	-6.00044	-4.19861
15	35	5	2.95984	-5.26559	-5.19689
15	35	15	2.35888	-5.18818	-5.949
15	35	25	2.56103	-5.12951	-5.13191
15	35	35	2.59768	-5.12665	-5.06015
15	35	45	2.8754	-5.19774	-5.07097
15	35	55	3.74055	-5.35499	-5.92089
15	35	65	3.62358	-5.31861	-5.86007
15	35	75	3.64024	-5.06471	-4.21
15	35	85	3.6615	-4.28685	-3.28142
15	45	5	2.50118	-4.98846	-5.34916
15	45	15	2.47519	-5.08516	-5.54465
15	45	25	2.47437	-5.00577	-5.00843
15	45	35	2.61409	-4.98348	-4.86128
15	45	45	2.61499	-4.64498	-4.54062
15	45	55	3.0393	-4.05983	-4.67221
15	45	65	3.31376	-4.64815	-4.85877
15	45	75	3.14864	-3.3091	-2.84879
15	45	85	2.85664	-3.38445	-3.26617
15	55	5	2.58275	-5.09619	-5.12811
15	55	15	2.61375	-5.18228	-5.44457
15	55	25	2.59125	-4.96342	-4.92448
15	55	35	2.41287	-3.73553	-3.5777
15	55	45	2.19083	-3.02484	-2.90505
15	55	55	2.5322	-2.36929	-2.4885
15	55	65	2.67457	-2.61307	-2.74835
15	55	75	2.65945	-2.51607	-2.69065
15	55	85	2.86345	-3.26225	-3.56908
15	65	5	0.598857	-5.07247	-5.16065
15	65	15	0.0766205	-5.2433	-5.16721
15	65	25	1.83401	-4.72373	-4.20575
15	65	35	2.59271	-2.8377	-2.17768
15	65	45	2.10791	-2.14638	-1.28591
15	65	55	1.88708	-2.69163	-2.54678
15	65	65	1.68636	-3.26523	-3.44471
15	65	75	2.53183	-3.08933	-3.43419
15	65	85	2.5622	-3.16946	-3.70346
15	75	5	1.78717	-4.85303	-4.98722
15	75	15	1.65383	-5.18022	-5.34552
15	75	25	2.17627	-3.90404	-3.66092
15	75	35	2.32945	-2.62244	-2.49292
15	75	45	2.4576	-2.56868	-2.45913
15	75	55	2.4607	-3.87851	-4.1524
15	75	65	2.50015	-5.10366	-5.53775
15	75	75	2.8034	-4.19749	-5.21083
15	75	85	2.1219	-3.63551	-4.42686
15	85	5	1.81632	-4.75492	-5.09419
15	85	15	2.47193	-5.11964	-5.40321
15	85	25	2.43414	-4.42315	-4.48485
15	85	35	2.33983	-3.01766	-3.2413
15	85	45	2.65272	-3.13758	-3.25247
15	85	55	3.00434	-3.06616	-3.61369
15	85	65	2.85024	-4.2005	-4.61683
15	85	75	2.62995	-4.44242	-5.23522
15	85	85	1.86022	-3.85379	-4.66963
25	5	5	2.30534	-4.71763	-4.94587
25	5	15	2.60665	-5.0787	-5.49137
25	5	25	2.38542	-3.98176	-4.20209
25	5	35	1.83476	-3.43117	-3.55612
25	5	45	2.69172	-4.42738	-4.66898
25	5	55	2.73737	-4.40566	-4.60748
25	5	65	3.0443	-3.82309	-4.34982
25	5	75	2.92325	-3.54204	-4.09354
25	5	85	2.04605	-3.48778	-3.82284
25	15	5	2.70265	-5.12839	-5.253
25	15	15	2.24811	-5.11934	-6.20716
25	15	25	2.73374	-4.42154	-4.54903
25	15	35	2.34125	-3.38402	-3.47786
25	15	45	2.78736	-4.64257	-4.9036
25	15	55	3.29926	-5.30741	-5.39004
25	15	65	3.60623	-4.92372	-4.55527
25	15	75	3.75485	-4.12756	-3.3528
25	15	85	3.47156	-4.13001	-3.3958
25	25	5	4.09141	-5.81002	-5.04936
25	25	15	3.22089	-5.65829	-6.88241
25	25	25	2.9845	-5.4424	-5.24489
25	25	35	3.00234	-5.25364	-5.00148
25	25	45	3.22625	-5.30743	-5.37711
25	25	55	4.55494	-6.2135	-5.86197
25	25	65	4.79094	-6.57317	-5.42723
25	25	75	4.8402	-6.32602	-4.14039
25	25	85	4.76299	-5.35542	-3.1872
25	35	5	3.85154	-4.59995	-3.92274
25	35	15	3.16264	-5.34518	-6.49155
25	35	25	2.72955	-5.24963	-5.16413
25	35	35	2.76174	-5.20855	-5.04481
25	35	45	2.80442	-5.25101	-5.21983
25	35	55	3.65053	-5.31502	-5.97595
25	35	65	3.41972	-5.31079	-5.407
25	35	75	3.49457	-4.76233	-4.02252
25	35	85	4.21009	-4.43428	-2.81813
25	45	5	2.7317	-3.96302	-4.14275
25	45	15	2.67744	-5.10158	-5.64066
25	45	25	2.58272	-5.13335	-5.15248
25	45	35	2.60083	-5.05134	-5.00313
25	45	45	2.40616	-5.0359	-5.04165
25	45	55	2.76207	-5.0697	-5.46066
25	45	65	2.79947	-4.75979	-5.00851
25	45	75	2.98973	-3.3571	-2.96376
25	45	85	2.98959	-3.05448	-2.6189
25	55	5	2.3944	-4.70413	-4.92433
25	55	15	2.47082	-5.15946	-5.58125
25	55	25	2.6541	-5.16437	-5.13124
25	55	35	2.43665	-4.46604	-4.38254
25	55	45	1.77404	-4.20063	-4.15803
25	55	55	2.19207	-3.49665	-3.67284
25	55	65	2.73262	-3.22822	-3.24666
25	55	75	2.75528	-2.68947	-2.62522
25	55	85	2.79477	-2.85681	-3.07393
25	65	5	0.776666	-4.66519	-4.86958
25	65	15	0.1887	-5.08038	-5.44315
25	65	25	1.70755	-4.68298	-4.8065
25	65	35	1.45283	-2.89986	-2.69891
25	65	45	1.84932	-2.77699	-2.35553
25	65	55	2.36405	-2.96673	-2.76453
25	65	65	2.61096	-2.61809	-2.27744
25	65	75	3.18826	-2.56912	-2.96805
25	65	85	3.17306	-2.87298	-3.33333
25	75	5	1.6179	-4.7502	-4.98308
25	75	15	1.35419	-5.07694	-5.28271
25	75	25	1.74099	-4.18004	-4.22736
25	75	35	2.27462	-2.62967	-2.65058
25	75	45	2.38798	-3.08038	-3.04051
25	75	55	2.7999	-3.39902	-3.09895
25	75	65	3.3391	-5.00796	-4.55834
25	75	75	4.31757	-3.41423	-4.4223
25	75	85	3.35866	-2.05787	-3.26139
25	85	5	2.6461	-4.91695	-5.32995
25	85	15	2.60161	-5.07424	-5.34092
25	85	25	2.46494	-4.32114	-4.39187
25	85	35	2.50453	-3.46997	-3.51523
25	85	45	2.72765	-3.97313	-4.17322
25	85	55	2.80223	-3.22127	-3.55067
25	85	65	3.29235	-3.23468	-3.84008
25	85	75	3.619	-3.05259	-4.04733
25	85	85	2.58763	-2.66575	-3.50463
35	5	5	2.29782	-4.23636	-4.54386
35	5	15	2.38945	-5.01485	-5.43226
35	5	25	2.72882	-4.1614	-4.41356
35	5	35	2.45013	-3.84483	-3.88676
35	5	45	2.66208	-4.94926	-5.20056
35	5	55	2.87627	-5.00163	-5.40202
35	5	65	2.99735	-4.61852	-4.78387
35	5	75	3.77745	-3.09578	-4.09833
35	5	85	2.98783	-2.58491	-3.13095
35	15	5	3.19282	-4.44852	-4.25631
35	15	15	2.4809	-5.11238	-5.94306
35	15	25	2.67489	-4.02319	-4.22883
35	15	35	2.65137	-3.98486	-4.04343
35	15	45	2.88059	-5.10275	-5.32811
35	15	55	3.74185	-5.7199	-5.55367
35	15	65	3.99467	-5.36543	-5.07433
35	15	75	4.4336	-4.20217	-3.81269
35	15	85	4.14086	-4.22964	-3.08092
35	25	5	4.90741	-5.21733	-3.89027
35	25	15	3.87416	-5.5394	-5.80428
35	25	25	3.56449	-5.28671	-5.47484
35	25	35	2.9666	-4.8929	-4.56101
35	25	45	3.20163	-5.4612	-5.61242
35	25	55	3.88648	-5.72006	-5.74369
35	25	65	3.7505	-5.59364	-4.92567
35	25	75	4.49053	-5.49625	-3.89262
35	25	85	4.79892	-5.04564	-3.10636
35	35	5	5.07288	-4.48457	-3.38172
35	35	15	4.34154	-4.63104	-4.7781
35	35	25	3.28048	-5.06525	-5.229
35	35	35	3.24881	-5.26877	-4.83434
35	35	45	3.33703	-5.52402	-5.61895
35	35	55	4.17616	-5.81572	-6.07042
35	35	65	3.18175	-5.17326	-4.79938
35	35	75	3.55559	-4.32055	-3.36002
35	35	85	4.37294	-4.50057	-2.64202
35	45	5	2.93743	-2.94188	-3.1555
35	45	15	2.96315	-4.35412	-5.03032
35	45	25	2.78915	-5.09	-5.15887
35	45	35	2.71283	-5.1202	-5.04911
35	45	45	2.91229	-5.32013	-5.22205
35	45	55	3.34534	-5.23342	-5.80568
35	45	65	2.83566	-5.11446	-5.01449
35	45	75	2.67215	-3.33757	-3.21984
35	45	85	2.95443	-2.93939	-2.63883
35	55	5	2.45297	-3.79389	-3.87153
35	55	15	2.50963	-4.97667	-5.31801
35	55	25	2.43141	-5.06506	-5.17717
35	55	35	2.37935	-4.94948	-4.92679
35	55	45	2.44072	-4.89152	-4.88117
35	55	55	2.74714	-4.89483	-5.26298
35	55	65	2.41632	-4.37155	-4.25494
35	55	75	2.80894	-3.12925	-2.9583
35	55	85	2.63971	-2.98704	-2.81765
35	65	5	2.31269	-4.99835	-4.85342
35	65	15	2.24718	-5.25456	-5.45404
35	65	25	2.1878	-5.06243	-5.18884
35	65	35	1.36857	-4.06167	-4.00402
35	65	45	1.33041	-4.17125	-4.19102
35	65	55	2.54954	-4.07403	-4.15405
35	65	65	2.60412	-2.84523	-2.67046
35	65	75	2.65105	-2.88844	-2.32394
35	65	85	2.77036	-2.97224	-2.3685
35	75	5	2.32269	-4.74827	-4.58338
35	75	15	2.12335	-5.1955	-5.29712
35	75	25	2.08383	-4.86322	-4.96906
35	75	35	2.16777	-3.61965	-3.62164
35	75	45	2.21946	-4.27116	-4.37251
35	75	55	2.66274	-3.86958	-4.03327
35	75	65	2.80634	-3.50518	-2.85674
35	75	75	3.23644	-3.33697	-2.24333
35	75	85	2.99034	-2.42878	-2.37817
35	85	5	2.49544	-4.28641	-4.40776
35	85	15	2.44582	-5.09532	-5.42156
35	85	25	2.54388	-4.58357	-4.733
35	85	35	2.52962	-3.52882	-3.55713
35	85	45	2.70602	-4.41111	-4.6738
35	85	55	2.57702	-4.54967	-4.73248
35	85	65	2.78625	-4.08019	-4.06873
35	85	75	3.25004	-2.96127	-3.29764
35	85	85	3.13967	-2.35911	-3.09018
45	5	5	2.48078	-3.20887	-3.45631
45	5	15	1.91342	-4.60698	-4.98845
45	5	25	2.85426	-4.12479	-4.39938
45	5	35	2.80424	-3.47616	-3.60561
45	5	45	2.89697	-5.01441	-5.29366
45	5	55	2.86503	-5.17661	-5.51489
45	5	65	3.16523	-5.27863	-4.86021
45	5	75	3.58115	-3.66636	-3.06206
45	5	85	3.03278	-2.62216	-2.76612
45	15	5	3.99508	-4.11044	-3.31735
45	15	15	2.8259	-4.54116	-4.42901
45	15	25	3.88264	-3.91849	-4.45073
45	15	35	3.36357	-3.70701	-3.97243
45	15	45	4.07092	-5.34759	-6.05051
45	15	55	3.5478	-5.63619	-6.34241
45	15	65	4.6327	-5.99528	-5.42531
45	15	75	4.86468	-4.86678	-3.78563
45	15	85	4.51218	-4.18393	-2.99011
45	25	5	5.35183	-4.72538	-3.60605
45	25	15	4.63728	-4.17929	-4.21826
45	25	25	4.11033	-4.01789	-4.32548
45	25	35	3.16665	-4.01741	-3.97185
45	25	45	3.93087	-5.12639	-6.03286
45	25	55	4.15423	-5.40949	-6.75919
45	25	65	4.15898	-5.51215	-5.55895
45	25	75	4.74421	-5.05581	-3.99849
45	25	85	4.99845	-4.75824	-2.98948
45	35	5	5.70513	-4.9083	-3.84307
45	35	15	4.76965	-3.97751	-3.67848
45	35	25	3.6417	-3.44656	-3.68648
45	35	35	3.1872	-3.81926	-3.47184
45	35	45	3.81277	-5.47853	-5.2482
45	35	55	4.75099	-6.1065	-6.66149
45	35	65	4.52858	-5.83422	-4.62872
45	35	75	4.39279	-4.77825	-3.37033
45	35	85	4.73866	-4.67597	-2.92065
45	45	5	3.76297	-3.02432	-3.39243
45	45	15	3.7773	-2.72792	-3.80164
45	45	25	3.13014	-3.67931	-4.19549
45	45	35	2.71959	-3.82939	-3.71082
45	45	45	3.24815	-5.34657	-5.6204
45	45	55	3.95156	-5.67442	-6.29342
45	45	65	3.36045	-5.42254	-4.83381
45	45	75	3.11344	-3.67023	-3.21748
45	45	85	3.318	-3.34864	-2.65189
45	55	5	2.87635	-3.53767	-3.38993
45	55	15	2.9401	-3.81939	-4.05828
45	55	25	2.74063	-4.50964	-4.72732
45	55	35	2.55239	-4.86423	-4.90126
45	55	45	2.57652	-5.08017	-5.34489
45	55	55	2.95477	-5.10248	-5.86972
45	55	65	2.46784	-4.58568	-4.65856
45	55	75	2.67827	-3.72488	-3.48049
45	55	85	2.56275	-2.97646	-2.7448
45	65	5	2.73478	-5.38294	-4.93198
45	65	15	2.1539	-5.23791	-5.41621
45	65	25	2.35682	-5.2397	-5.26992
45	65	35	2.38067	-4.92169	-5.00393
45	65	45	2.27655	-4.93924	-5.14772
45	65	55	2.9139	-4.81801	-5.8285
45	65	65	2.14217	-3.37799	-3.57244
45	65	75	2.01223	-3.23082	-2.88848
45	65	85	2.35507	-3.48515	-2.6559
45	75	5	2.63419	-4.95249	-4.35635
45	75	15	2.22507	-5.29928	-5.25823
45	75	25	2.60136	-5.18102	-5.35597
45	75	35	2.17255	-4.60123	-4.61516
45	75	45	2.23363	-4.95483	-5.15923
45	75	55	2.79467	-4.55546	-5.26512
45	75	65	2.33299	-2.8811	-2.72951
45	75	75	2.76378	-2.91287	-2.04803
45	75	85	3.14272	-3.31118	-2.20342
45	85	5	2.78305	-3.86009	-3.77659
45	85	15	2.3913	-4.993	-5.16142
45	85	25	2.44703	-4.86709	-5.01429
45	85	35	2.59543	-4.01923	-4.04492
45	85	45	2.63475	-4.88082	-5.08474
45	85	55	3.13661	-5.05408	-5.83436
45	85	65	2.85955	-4.9849	-4.7982
45	85	75	3.18459	-3.69328	-3.19921
45	85	85	3.15036	-2.98595	-2.47916
55	5	5	3.2202	-2.86367	-2.96579
55	5	15	2.57394	-3.72009	-4.04877
55	5	25	2.86246	-3.72617	-3.9889
55	5	35	2.96948	-3.36404	-3.43159
55	5	45	2.90207	-5.01158	-5.19972
55	5	55	3.09573	-5.57561	-5.48613
55	5	65	3.45287	-5.9687	-5.15838
55	5	75	4.50875	-5.32993	-3.78004
55	5	85	4.2664	-3.14318	-3.50612
55	15	5	4.38583	-3.49706	-3.65094
55	15	15	3.34184	-3.52055	-3.62714
55	15	25	3.3873	-3.6141	-4.01321
55	15	35	4.06969	-3.48748	-4.27045
55	15	45	4.56704	-5.35282	-5.8311
55	15	55	4.04184	-6.51296	-6.01977
55	15	65	4.23885	-6.47993	-5.15046
55	15	75	4.88519	-5.01409	-4.21108
55	15	85	5.17271	-3.79782	-4.01908
55	25	5	4.85646	-4.26168	-4.42279
55	25	15	5.21398	-4.52431	-4.32531
55	25	25	4.84093	-3.77673	-4.27347
55	25	35	4.50311	-3.09859	-4.24642
55	25	45	4.73446	-4.4235	-6.23832
55	25	55	3.77149	-5.49629	-7.14716
55	25	65	3.6609	-5.15915	-5.80959
55	25	75	3.83123	-4.31008	-4.35741
55	25	85	5.09231	-4.01472	-4.09222
55	35	5	4.71496	-5.20568	-5.18384
55	35	15	5.42622	-5.16982	-4.8143
55	35	25	4.89011	-3.47098	-4.18177
55	35	35	4.90098	-3.33765	-4.3611
55	35	45	5.12365	-4.46609	-5.49154
55	35	55	4.89645	-5.74072	-7.99546
55	35	65	4.6295	-5.12395	-5.96947
55	35	75	4.07412	-4.26126	-3.77319
55	35	85	3.90162	-3.85863	-3.46877
55	45	5	4.05607	-3.75725	-4.11476
55	45	15	3.98832	-3.10486	-3.92597
55	45	25	3.61199	-3.08881	-3.6215
55	45	35	3.87516	-3.27852	-3.70472
55	45	45	3.4878	-4.2973	-5.06972
55	45	55	3.71829	-5.17707	-7.15462
55	45	65	3.3908	-4.40681	-5.34385
55	45	75	2.97975	-3.34608	-3.47199
55	45	85	3.06404	-3.38431	-3.31404
55	55	5	3.45341	-3.53491	-3.59293
55	55	15	4.08265	-3.14151	-4.11663
55	55	25	3.39333	-3.11654	-3.70943
55	55	35	2.8333	-3.81709	-3.88336
55	55	45	2.76205	-4.91479	-5.54318
55	55	55	2.57276	-5.09746	-6.1468
55	55	65	2.5402	-4.54242	-4.82327
55	55	75	2.805	-3.49365	-3.6089
55	55	85	2.45361	-3.10384	-2.88484
55	65	5	2.27709	-5.34698	-5.21726
55	65	15	2.76173	-5.17615	-6.22341
55	65	25	3.19484	-5.17691	-6.06863
55	65	35	2.24233	-5.08762	-5.28202
55	65	45	2.36462	-4.97158	-5.39771
55	65	55	2.22614	-5.03996	-6.14759
55	65	65	1.50049	-4.06241	-4.10929
55	65	75	2.1062	-4.13244	-3.95376
55	65	85	2.45143	-4.61438	-4.14959
55	75	5	2.30972	-4.8768	-4.51549
55	75	15	2.27382	-5.0612	-5.51996
55	75	25	2.99779	-4.96142	-5.58978
55	75	35	2.98185	-5.12192	-5.18116
55	75	45	2.60262	-5.21882	-5.60456
55	75	55	2.49991	-5.09955	-5.72482
55	75	65	1.97606	-4.27878	-3.57803
55	75	75	2.23403	-3.63962	-2.56608
55	75	85	2.67014	-3.10393	-2.4554
55	85	5	3.05594	-3.73857	-3.46062
55	85	15	3.07935	-4.27019	-4.61189
55	85	25	3.11983	-4.68754	-4.99165
55	85	35	2.88157	-4.32839	-4.40032
55	85	45	3.09178	-5.24002	-5.47742
55	85	55	2.88677	-5.28913	-5.58431
55	85	65	3.00689	-5.50923	-4.99348
55	85	75	3.88475	-4.91058	-3.51018
55	85	85	4.06338	-3.5786	-2.72415
65	5	5	3.78694	-4.00991	-3.19682
65	5	15	3.45458	-4.45064	-4.2468
65	5	25	3.54539	-3.32687	-3.90977
65	5	35	3.0112	-3.53001	-3.23134
65	5	45	2.75314	-5.21114	-4.92002
65	5	55	2.76327	-5.66774	-5.30496
65	5	65	3.2755	-5.91163	-5.13573
65	5	75	3.95078	-5.0103	-4.56289
65	5	85	4.69849	-2.85617	-3.73351
65	15	5	4.1016	-3.16767	-3.65657
65	15	15	3.472	-3.43735	-3.38345
65	15	25	3.84704	-3.3773	-3.49963
65	15	35	4.25618	-3.57144	-4.05446
65	15	45	3.60257	-5.00534	-4.87462
65	15	55	3.32434	-5.8159	-5.72552
65	15	65	3.64462	-6.04274	-5.41962
65	15	75	4.75936	-4.76478	-5.41367
65	15	85	5.53569	-3.21351	-4.63374
65	25	5	4.70287	-4.56986	-5.74265
65	25	15	4.23628	-4.87405	-5.19286
65	25	25	4.80258	-3.65378	-4.43016
65	25	35	5.5506	-3.36679	-4.88418
65	25	45	5.05019	-4.3628	-5.71653
65	25	55	3.9891	-5.86949	-6.17229
65	25	65	3.3781	-5.56267	-6.07699
65	25	75	4.48648	-4.56001	-6.24081
65	25	85	5.02679	-3.52629	-5.3018
65	35	5	4.28917	-5.05807	-6.59179
65	35	15	3.93903	-4.79221	-5.78366
65	35	25	4.89587	-3.62625	-5.16219
65	35	35	5.74932	-3.64108	-5.38667
65	35	45	5.77109	-4.23321	-5.55149
65	35	55	4.73898	-5.7134	-7.71892
65	35	65	3.95632	-5.11019	-6.22136
65	35	75	4.20429	-3.87844	-5.1604
65	35	85	4.11204	-3.41704	-4.87413
65	45	5	3.53185	-4.4182	-5.42139
65	45	15	3.94268	-4.30313	-5.43502
65	45	25	4.82927	-4.35492	-5.74586
65	45	35	5.75151	-4.18911	-4.95737
65	45	45	4.81524	-3.5033	-5.06688
65	45	55	4.29025	-5.21951	-7.62561
65	45	65	4.32288	-4.00232	-5.8457
65	45	75	3.6204	-3.13011	-4.15923
65	45	85	3.06321	-3.40512	-3.99817
65	55	5	3.191	-4.08243	-4.16243
65	55	15	4.41538	-4.32826	-5.26465
65	55	25	4.37553	-3.89325	-4.48313
65	55	35	3.734	-2.88846	-3.84631
65	55	45	3.13161	-4.21767	-5.31326
65	55	55	3.79682	-5.09974	-7.3105
65	55	65	3.49386	-4.28186	-5.70474
65	55	75	2.93884	-3.28447	-3.87411
65	55	85	2.45084	-3.46128	-3.42555
65	65	5	2.1284	-5.86628	-4.89949
65	65	15	3.35369	-5.12616	-5.70132
65	65	25	2.95632	-5.08035	-5.66108
65	65	35	2.3976	-4.92077	-5.26386
65	65	45	2.52909	-4.92577	-5.29172
65	65	55	2.52019	-5.03494	-6.31856
65	65	65	1.69727	-4.64193	-5.53203
65	65	75	1.39457	-4.95364	-4.82268
65	65	85	1.74233	-5.50668	-4.70282
65	75	5	1.76021	-4.58712	-4.47831
65	75	15	3.06114	-4.96017	-5.87857
65	75	25	3.06903	-4.63929	-5.2633
65	75	35	2.08868	-4.48061	-4.52663
65	75	45	2.43774	-5.25886	-5.25928
65	75	55	1.14479	-4.99851	-5.38251
65	75	65	1.25525	-4.60281	-4.2501
65	75	75	1.40008	-4.3305	-3.52825
65	75	85	2.07777	-3.68306	-2.85624
65	85	5	3.72575	-4.96329	-3.88288
65	85	15	3.53081	-5.22889	-5.08809
65	85	25	3.82326	-4.15796	-4.52002
65	85	35	3.10253	-4.2116	-3.93722
65	85	45	2.70652	-5.18723	-5.00811
65	85	55	2.536	-5.88359	-5.24439
65	85	65	3.13329	-6.07764	-5.16291
65	85	75	3.93921	-5.7233	-4.1606
65	85	85	3.9805	-4.05653	-2.39409
75	5	5	2.46642	-3.73182	-3.55104
75	5	15	2.58253	-5.05413	-4.87457
75	5	25	2.85152	-3.47967	-3.2329
75	5	35	3.14932	-3.31394	-2.80595
75	5	45	2.5133	-4.08426	-3.94307
75	5	55	2.15191	-5.17132	-5.35492
75	5	65	2.28806	-5.12083	-5.30898
75	5	75	2.19941	-4.52196	-4.54679
75	5	85	2.52267	-2.70491	-2.78655
75	15	5	2.50287	-3.49664	-3.58552
75	15	15	2.81963	-4.46918	-4.85045
75	15	25	3.05441	-3.66887	-3.55922
75	15	35	3.67655	-4.03083	-2.90482
75	15	45	3.47915	-4.77184	-3.83186
75	15	55	2.79804	-5.32815	-5.87376
75	15	65	2.61186	-5.12192	-5.3465
75	15	75	2.80846	-4.56196	-5.07275
75	15	85	3.28498	-2.39961	-3.44635
75	25	5	3.49483	-5.09973	-5.71659
75	25	15	3.16154	-5.02308	-5.58832
75	25	25	3.21681	-4.09001	-3.89676
75	25	35	4.46379	-4.13287	-3.46007
75	25	45	4.12312	-4.57116	-3.75039
75	25	55	3.6864	-6.14083	-6.08603
75	25	65	2.29482	-5.72269	-5.62717
75	25	75	4.03568	-5.38163	-5.71376
75	25	85	4.115	-3.77803	-5.02786
75	35	5	3.47696	-5.04528	-6.18976
75	35	15	3.21721	-5.044	-5.76762
75	35	25	3.67914	-4.10914	-5.24986
75	35	35	4.52877	-3.69285	-5.34029
75	35	45	4.529	-3.9557	-4.40442
75	35	55	3.42706	-5.57649	-6.32521
75	35	65	3.64296	-5.35334	-5.98374
75	35	75	4.1243	-4.11485	-5.71636
75	35	85	4.17352	-4.17598	-5.74175
75	45	5	3.42911	-4.96712	-5.92786
75	45	15	3.50765	-5.07853	-6.09996
75	45	25	4.43815	-4.81205	-6.13809
75	45	35	5.36519	-4.37062	-5.39161
75	45	45	4.911	-3.24627	-4.53032
75	45	55	3.3695	-4.98872	-6.47909
75	45	65	3.52348	-4.12856	-5.29887
75	45	75	3.40411	-2.73736	-3.86881
75	45	85	3.318	-3.59122	-4.43721
75	55	5	3.08182	-4.90251	-5.30213
75	55	15	3.51183	-5.08918	-5.56918
75	55	25	3.83301	-4.32612	-5.28689
75	55	35	4.08198	-2.56513	-4.26467
75	55	45	3.64848	-3.48568	-4.91071
75	55	55	3.41816	-4.98053	-6.84956
75	55	65	3.75357	-3.99993	-5.43672
75	55	75	2.76354	-2.73807	-3.37318
75	55	85	2.48112	-3.45215	-3.43354
75	65	5	1.51651	-6.02199	-4.96001
75	65	15	3.45135	-5.79878	-5.2976
75	65	25	3.23226	-5.23852	-5.51895
75	65	35	2.93307	-4.8264	-5.66836
75	65	45	2.41077	-4.77081	-5.25401
75	65	55	3.05915	-4.96361	-6.74674
75	65	65	2.05102	-5.1815	-6.40079
75	65	75	-1.35969	-5.32684	-4.55764
75	65	85	-2.14172	-5.51767	-3.83497
75	75	5	1.9	-4.70969	-4.5617
75	75	15	2.44329	-5.07118	-5.19722
75	75	25	2.3763	-4.5225	-4.74052
75	75	35	2.15108	-3.13962	-3.40076
75	75	45	2.24147	-4.59716	-4.658
75	75	55	2.39972	-5.0964	-6.21765
75	75	65	1.15807	-4.74188	-5.15692
75	75	75	0.38691	-3.96725	-3.94669
75	75	85	0.632746	-3.28908	-3.18764
75	85	5	2.63807	-4.59932	-4.13818
75	85	15	2.89713	-5.3472	-5.10889
75	85	25	2.88776	-4.11803	-3.88002
75	85	35	2.52304	-3.22841	-2.82886
75	85	45	2.353	-4.55362	-4.25401
75	85	55	2.28363	-5.5396	-5.58479
75	85	65	2.27366	-5.39879	-5.12854
75	85	75	2.28071	-4.99166	-4.67602
75	85	85	2.61064	-3.5953	-3.01502
85	5	5	1.21013	-3.74066	-3.90352
85	5	15	2.15302	-4.97833	-5.16116
85	5	25	1.62785	-3.38105	-3.1807
85	5	35	2.42465	-3.05643	-2.37286
85	5	45	2.353	-2.86705	-2.76544
85	5	55	2.70688	-4.79995	-5.36555
85	5	65	2.43181	-5.10238	-5.29734
85	5	75	1.9541	-4.80206	-4.894
85	5	85	1.49337	-3.01363	-3.11766
85	15	5	0.929876	-3.57885	-3.8221
85	15	15	1.69025	-4.8453	-4.96733
85	15	25	1.56513	-3.71825	-3.45588
85	15	35	2.53813	-3.30587	-2.42312
85	15	45	2.74332	-3.51464	-2.97464
85	15	55	3.46877	-4.70884	-5.85484
85	15	65	2.65294	-5.10186	-5.31961
85	15	75	2.2804	-4.94164	-5.01954
85	15	85	2.00001	-3.40842	-3.61324
85	25	5	3.22088	-5.58606	-5.23088
85	25	15	2.58532	-5.12414	-5.22499
85	25	25	2.54499	-4.613	-4.49381
85	25	35	2.75284	-3.90565	-3.67765
85	25	45	3.4153	-4.04559	-3.27559
85	25	55	4.31166	-6.11309	-5.9523
85	25	65	3.75051	-6.20652	-5.4922
85	25	75	3.68439	-5.80365	-5.17737
85	25	85	3.60831	-5.11324	-4.8359
85	35	5	2.82259	-5.10079	-5.49564
85	35	15	2.69796	-5.10464	-5.36002
85	35	25	2.66034	-4.58908	-4.67947
85	35	35	2.76863	-4.29347	-4.47378
85	35	45	2.92057	-4.22809	-3.95702
85	35	55	3.3889	-5.14107	-5.80439
85	35	65	2.96992	-5.14213	-5.34328
85	35	75	3.30917	-4.6597	-4.75087
85	35	85	3.34989	-4.34606	-4.87259
85	45	5	2.7713	-5.06219	-5.38313
85	45	15	2.75256	-5.1006	-5.50354
85	45	25	2.77471	-4.7021	-4.86414
85	45	35	3.27445	-3.98517	-4.58373
85	45	45	3.23828	-2.95804	-3.25398
85	45	55	3.02353	-4.51154	-4.88381
85	45	65	3.16612	-4.11057	-4.63741
85	45	75	2.93952	-2.68406	-3.50435
85	45	85	2.3344	-3.76457	-4.00498
85	55	5	2.6467	-5.06621	-5.08868
85	55	15	2.95178	-5.07982	-5.38093
85	55	25	2.93237	-4.66126	-4.94205
85	55	35	3.05279	-2.81157	-3.41148
85	55	45	3.07475	-2.8722	-3.5317
85	55	55	2.05422	-4.27357	-4.89278
85	55	65	2.67791	-3.49649	-4.05011
85	55	75	2.17934	-2.10101	-2.38566
85	55	85	2.14813	-3.1927	-3.13504
85	65	5	2.70491	-5.14279	-4.92192
85	65	15	3.31294	-5.69861	-5.11768
85	65	25	3.25519	-5.11783	-4.81869
85	65	35	2.91385	-4.64454	-4.92495
85	65	45	2.07152	-4.51247	-4.89441
85	65	55	-0.233493	-5.30665	-5.78845
85	65	65	-1.58395	-5.31448	-5.53085
85	65	75	-1.41492	-4.97878	-4.08392
85	65	85	0.88008	-4.53068	-3.87015
85	75	5	1.15714	-4.98213	-4.87027
85	75	15	2.30283	-5.21543	-5.22241
85	75	25	2.54312	-4.73322	-4.82084
85	75	35	2.01551	-2.88404	-3.02319
85	75	45	2.3243	-3.73703	-3.79817
85	75	55	2.55068	-5.09782	-5.93954
85	75	65	1.64693	-4.97799	-5.53299
85	75	75	0.902793	-4.48964	-4.36363
85	75	85	0.639492	-4.24532	-4.06276
85	85	5	1.56423	-4.37778	-4.51979
85	85	15	2.46599	-5.17371	-5.2343
85	85	25	2.18879	-4.08388	-4.06244
85	85	35	2.27209	-2.85295	-2.31604
85	85	45	2.34587	-3.0676	-2.81005
85	85	55	2.63487	-5.04877	-5.69718
85	85	65	2.50385	-5.1233	-5.39417
85	85	75	1.59153	-4.86413	-4.93026
85	85	85	1.56109	-4.11668	-4.13356
