5	5	5	0.62284	-6.14875	-1.71556
5	5	15	1.38602	-3.29304	2.78019
5	5	25	0.280847	-1.60884	-1.81239
5	5	35	1.12962	-2.26215	-8.52058
5	5	45	1.01447	-3.62253	-4.75476
5	5	55	-1.88513	-3.67111	5.43056
5	5	65	-2.88131	-2.10249	4.60469
5	5	75	-3.26441	-2.76134	-5.88026
5	5	85	-2.32541	-4.57438	-7.98133
5	15	5	1.87165	-7.39813	-2.35596
5	15	15	2.47303	-4.53109	-0.145975
5	15	25	1.00757	-0.423293	-0.291424
5	15	35	2.48227	-2.05133	-3.76715
5	15	45	3.4741	-6.07421	-2.98434
5	15	55	-0.34056	-5.30973	3.23803
5	15	65	-1.34253	-2.5781	1.08834
5	15	75	-1.73812	-2.0994	-3.1251
5	15	85	-2.10428	-5.11262	-4.80413
5	25	5	4.82101	-1.88653	-2.17534
5	25	15	3.06103	-0.167411	-0.0325523
5	25	25	1.44337	0.52631	-0.432122
5	25	35	2.60547	1.00482	-1.66665
5	25	45	6.34685	1.02108	-0.447766
5	25	55	1.78655	0.145068	2.42755
5	25	65	-0.485446	-0.788724	0.548563
5	25	75	-1.02906	-1.70974	-2.38251
5	25	85	-0.384134	-2.0591	-4.58685
5	35	5	4.16811	6.78319	-2.42869
5	35	15	3.58705	4.84047	-0.0125857
5	35	25	1.76895	1.3675	0.431756
5	35	35	2.41466	2.30222	-0.378178
5	35	45	4.75439	5.29573	0.0726021
5	35	55	2.4663	4.85598	1.25732
5	35	65	-0.101275	1.06471	-0.0777642
5	35	75	-0.968472	0.357438	-3.43901
5	35	85	-0.184642	2.82209	-5.51214
5	45	5	4.06916	4.04217	-1.33534
5	45	15	3.67693	3.50163	4.57436
5	45	25	3.04209	1.57915	2.81733
5	45	35	4.01109	2.37193	-1.99982
5	45	45	6.74957	4.38567	-1.34258
5	45	55	3.12541	3.40291	1.92094
5	45	65	-0.30002	1.73042	1.36805
5	45	75	-1.31164	0.943526	-6.48582
5	45	85	0.954647	2.384	-8.01996
5	55	5	4.34812	-6.1519	-0.981695
5	55	15	3.53974	-3.13535	2.75288
5	55	25	1.66522	-0.003539	0.623729
5	55	35	2.80217	-1.4936	-2.79786
5	55	45	6.07601	-4.47775	-2.84542
5	55	55	3.51263	-3.38487	2.24857
5	55	65	0.0608611	-0.929231	1.35242
5	55	75	-0.602443	-0.847193	-4.31816
5	55	85	-0.168057	-4.05539	-6.62379
5	65	5	3.45987	-5.85388	-0.0101663
5	65	15	2.06036	-3.17372	0.639141
5	65	25	0.708137	-1.35318	-0.860907
5	65	35	1.9335	-2.71959	-2.21123
5	65	45	4.0578	-5.58796	-1.87235
5	65	55	1.69651	-4.29915	2.15526
5	65	65	-0.0420166	-1.83499	1.3852
5	65	75	-0.547286	-1.80854	-2.38012
5	65	85	-0.0032567	-3.54822	-3.77667
5	75	5	2.5929	-0.452049	-0.820017
5	75	15	0.993406	-1.08882	0.995798
5	75	25	0.574846	-1.92185	-1.13135
5	75	35	2.02174	-2.56689	-3.08188
5	75	45	3.41493	-1.8786	-3.19601
5	75	55	0.98581	-1.44227	2.91029
5	75	65	-0.413366	-0.87031	0.850259
5	75	75	-0.419239	-0.792472	-1.77771
5	75	85	0.377268	-0.680171	-3.69916
5	85	5	1.94603	2.16298	-0.592129
5	85	15	1.15167	-0.746951	2.70733
5	85	25	0.163238	-2.43408	-0.923318
5	85	35	1.75082	-0.510025	-5.92482
5	85	45	0.401104	1.72002	-3.9405
5	85	55	-0.734322	1.78428	4.02174
5	85	65	-1.68854	0.0619742	3.39618
5	85	75	-1.76651	-1.28927	-3.63131
5	85	85	0.561979	1.24588	-6.20714
15	5	5	-6.72283	-3.41257	-3.43129
15	5	15	-4.09208	-2.90652	-0.341891
15	5	25	-1.93959	-2.43238	-1.45165
15	5	35	-2.69338	-4.33198	-2.93329
15	5	45	-4.47255	-5.37055	0.134396
15	5	55	-4.55059	-4.62479	4.89554
15	5	65	-0.418296	-2.6709	3.13094
15	5	75	-2.67362	-2.69722	-5.27547
15	5	85	-6.00554	-3.06647	-6.67605
15	15	5	-4.88329	-6.98355	-3.79884
15	15	15	-2.44809	-4.54828	-1.10777
15	15	25	-0.682489	-1.74206	-0.403887
15	15	35	-0.939679	-3.98738	-1.42503
15	15	45	-4.57252	-7.67985	2.87471
15	15	55	-4.0158	-6.38227	3.63539
15	15	65	-0.744116	-2.75727	1.3545
15	15	75	-0.75594	-2.1498	-2.36702
15	15	85	-4.23091	-5.30464	-4.37843
15	25	5	-3.34066	-4.15004	-2.65707
15	25	15	0.138241	-1.5313	-0.324599
15	25	25	1.12678	-0.390108	-0.0965005
15	25	35	0.429001	-1.26949	-1.07152
15	25	45	-3.74689	-3.81273	1.3484
15	25	55	-3.31986	-3.11106	3.12057
15	25	65	-0.263971	-1.41838	0.805129
15	25	75	-0.776686	-1.36119	-1.5429
15	25	85	-3.59431	-2.87015	-4.34098
15	35	5	-3.35807	1.85563	-2.66282
15	35	15	0.0167779	1.08152	0.218481
15	35	25	1.07296	0.276822	0.225751
15	35	35	0.777037	1.82501	-0.985438
15	35	45	-1.26424	4.27222	0.590947
15	35	55	-1.67399	2.74155	2.93237
15	35	65	-0.223863	0.988648	0.739738
15	35	75	-1.08431	-0.0366365	-2.46144
15	35	85	-3.55136	1.59301	-4.33255
15	45	5	-3.0374	0.182551	-1.59309
15	45	15	-0.685282	-0.17376	1.98623
15	45	25	2.18846	-0.144516	1.68852
15	45	35	2.63017	1.4504	-2.27001
15	45	45	1.47083	4.14884	-0.242699
15	45	55	0.00866801	3.35887	3.56495
15	45	65	1.46807	1.4915	2.65322
15	45	75	-0.301257	-0.36481	-5.16951
15	45	85	-3.34094	-1.09769	-6.15466
15	55	5	-2.08376	-4.98394	-2.2879
15	55	15	0.893495	-2.41256	1.55197
15	55	25	2.23372	-0.362353	0.513683
15	55	35	2.72656	-1.67602	-3.19961
15	55	45	1.87318	-2.66148	-1.50595
15	55	55	1.2855	-2.84155	2.892
15	55	65	2.1206	-0.894381	2.51601
15	55	75	1.08282	-1.54955	-2.82014
15	55	85	-2.03561	-3.68567	-4.52165
15	65	5	-2.00602	-2.73168	-1.53373
15	65	15	1.11107	-1.90016	0.266397
15	65	25	1.3268	-0.822798	-0.260392
15	65	35	1.68131	-1.47167	-1.68858
15	65	45	-0.552208	-2.43897	-0.355297
15	65	55	-0.811264	-2.60381	2.15095
15	65	65	1.33254	-1.93211	1.164
15	65	75	0.503895	-1.22253	-1.39288
15	65	85	-1.70324	-2.21263	-2.58247
15	75	5	-1.88561	1.90868	-0.824395
15	75	15	0.136559	0.548719	0.154842
15	75	25	1.16338	-0.744069	-0.526337
15	75	35	1.14568	-0.511573	-1.14568
15	75	45	-1.33484	1.22674	-0.472789
15	75	55	-1.48373	1.21522	2.03565
15	75	65	1.17046	-0.0160661	0.32611
15	75	75	0.747286	-0.123639	-0.734019
15	75	85	-1.70493	1.61457	-2.83385
15	85	5	-3.82113	3.69357	-1.85284
15	85	15	-0.925138	0.84437	0.415537
15	85	25	1.02367	-1.47364	-1.11167
15	85	35	0.228641	0.103668	-2.03479
15	85	45	-3.9613	3.92891	-0.0608995
15	85	55	-2.33466	3.0972	2.9948
15	85	65	1.01378	-0.0647332	2.3009
15	85	75	0.504472	-0.79769	-1.59292
15	85	85	-2.73584	3.1438	-3.76047
25	5	5	-5.38677	-2.10521	-7.18765
25	5	15	-5.39913	-1.10914	-1.26579
25	5	25	-1.55197	-1.19473	0.946016
25	5	35	0.747322	-4.69114	-0.357289
25	5	45	0.450174	-5.81524	3.32087
25	5	55	2.9849	-5.25938	2.5916
25	5	65	1.47895	-2.01685	1.00581
25	5	75	-0.362319	-1.49039	-2.43136
25	5	85	-4.0268	-1.81839	-6.8484
25	15	5	-3.95841	-5.12678	-4.53257
25	15	15	-1.96895	-2.72037	-1.22661
25	15	25	-0.670662	-1.16783	-0.175207
25	15	35	-0.463794	-2.17772	-0.181713
25	15	45	-0.9029	-6.54635	3.52858
25	15	55	1.4251	-5.23495	2.4657
25	15	65	-0.0197177	-1.88629	-0.0200039
25	15	75	-0.405314	-1.30611	-0.685212
25	15	85	-2.71109	-3.65084	-3.68258
25	25	5	-1.39181	-1.4902	-1.77863
25	25	15	-0.360753	-0.656278	-0.337718
25	25	25	0.033297	-0.432443	-0.191663
25	25	35	-0.498003	-0.484196	-0.418437
25	25	45	-2.46096	-2.31072	1.5152
25	25	55	-0.687146	-2.46872	2.73174
25	25	65	0.159591	-0.708587	0.384649
25	25	75	-0.691106	-0.683079	-0.439691
25	25	85	-2.05321	-2.20949	-3.41107
25	35	5	-0.842661	0.544496	-0.869863
25	35	15	-0.677589	-0.0538439	-0.305379
25	35	25	-0.0128886	-0.580151	-0.384638
25	35	35	-0.5786	0.319738	-0.187954
25	35	45	-1.46714	2.5268	0.721816
25	35	55	-0.530438	1.59767	1.21758
25	35	65	0.281393	0.271354	0.356117
25	35	75	-0.365888	-0.015534	-0.636846
25	35	85	-1.33621	0.880692	-1.79574
25	45	5	-0.228384	-1.62903	-1.31193
25	45	15	0.00903385	-1.00562	0.596174
25	45	25	1.00175	-1.54475	0.26104
25	45	35	0.98916	0.145781	-1.05913
25	45	45	0.762456	1.78738	-0.137448
25	45	55	0.91543	1.06877	2.26291
25	45	65	2.23002	0.108281	1.49197
25	45	75	0.742786	-1.06343	-1.56556
25	45	85	-0.956902	-1.00265	-2.82387
25	55	5	1.20994	-4.2495	-2.45221
25	55	15	0.629187	-2.27775	0.371447
25	55	25	1.15005	-0.696278	0.167083
25	55	35	1.49712	-1.11224	-0.878312
25	55	45	1.32136	-1.43122	-0.738419
25	55	55	1.33868	-1.49126	1.33339
25	55	65	1.88223	-0.839112	1.37149
25	55	75	0.852006	-0.739489	-0.407157
25	55	85	-0.108053	-2.99421	-2.64218
25	65	5	-0.179799	-1.43013	-0.997709
25	65	15	0.286573	-0.468608	-0.0842675
25	65	25	0.731993	-0.187026	-0.239263
25	65	35	0.728267	-0.266236	-0.544741
25	65	45	0.166085	-0.984313	0.218109
25	65	55	0.496678	-0.937715	0.616353
25	65	65	0.917281	-0.505205	-0.0282376
25	65	75	0.449281	-0.230501	0.0984051
25	65	85	-0.320232	-1.06919	-1.15256
25	75	5	-0.885004	2.19271	-1.41615
25	75	15	0.340875	0.60377	-0.230038
25	75	25	0.429702	0.123007	-0.347532
25	75	35	0.330051	0.46445	0.0111012
25	75	45	-0.123219	0.863209	0.00954713
25	75	55	0.323898	0.896295	1.12304
25	75	65	0.580991	0.142668	0.00428241
25	75	75	0.766277	0.051163	0.0275157
25	75	85	-0.765761	1.74626	-1.75384
25	85	5	-3.06944	5.82306	-4.43243
25	85	15	-0.653588	2.32705	0.0302104
25	85	25	0.405717	0.19993	0.191175
25	85	35	0.296045	0.484517	-0.189889
25	85	45	0.513474	3.65954	0.582994
25	85	55	0.956941	2.2125	1.23233
25	85	65	1.44791	-0.118332	0.440232
25	85	75	0.945876	-0.216305	-0.488752
25	85	85	-1.48387	2.74043	-2.43517
35	5	5	-0.254093	0.847362	-6.60037
35	5	15	1.00936	2.65086	0.771313
35	5	25	1.08784	1.96649	1.95815
35	5	35	3.45394	-0.605526	-0.583956
35	5	45	6.2626	-1.42314	1.31664
35	5	55	7.48892	-2.69634	-0.876967
35	5	65	3.50009	-1.2972	0.854604
35	5	75	3.1433	-0.407607	-2.64777
35	5	85	4.09289	-0.394777	-6.69996
35	15	5	0.844125	-3.08278	-2.87307
35	15	15	0.134479	-1.28282	-0.519526
35	15	25	-1.08073	0.146307	0.221686
35	15	35	0.992935	-1.63053	0.0192915
35	15	45	4.22531	-4.15119	1.87666
35	15	55	3.67376	-3.6086	0.952103
35	15	65	0.788455	-1.04666	0.154863
35	15	75	0.24641	-0.763867	-0.850915
35	15	85	1.75666	-3.06452	-3.57864
35	25	5	0.751093	-0.892083	-0.889283
35	25	15	-0.352703	-0.906888	-0.243328
35	25	25	-0.750743	-0.602198	-0.431193
35	25	35	0.423183	-0.166767	-0.354388
35	25	45	3.95737	-0.847929	1.11944
35	25	55	4.54718	-1.53445	1.88932
35	25	65	0.744583	-0.775571	0.695467
35	25	75	0.319781	-0.454871	-0.300323
35	25	85	2.5943	-1.8955	-2.90042
35	35	5	0.623272	0.263778	-0.652132
35	35	15	-0.0863375	-0.204566	0.0628345
35	35	25	-0.446061	-0.608727	-0.610581
35	35	35	0.533098	0.398746	-0.50183
35	35	45	2.20225	1.88606	0.372658
35	35	55	2.39161	1.74533	1.33886
35	35	65	0.717118	0.105523	0.409699
35	35	75	0.681378	-0.126368	-0.398945
35	35	85	1.27634	0.89763	-1.67135
35	45	5	1.43637	-1.38443	-0.604937
35	45	15	0.155705	-1.28353	0.576019
35	45	25	-0.931632	-0.465943	-0.74301
35	45	35	1.37195	-0.0582612	-1.18646
35	45	45	2.48731	1.41689	-0.234153
35	45	55	3.12628	1.05004	1.59563
35	45	65	1.69049	-0.0789327	1.52967
35	45	75	0.94162	-0.537362	-0.503197
35	45	85	1.04389	-0.499395	-1.91589
35	55	5	2.67413	-3.42949	-1.75109
35	55	15	1.59127	-2.22954	0.176443
35	55	25	-0.561968	-1.28714	0.0385196
35	55	35	1.6148	-0.867817	-1.12492
35	55	45	2.97004	-1.66378	-0.671602
35	55	55	3.0611	-1.82555	1.08828
35	55	65	2.0834	-0.955093	1.50437
35	55	75	1.10638	-0.446334	-0.11705
35	55	85	1.59878	-1.9072	-1.13063
35	65	5	1.99799	-1.58389	-1.28741
35	65	15	0.496948	-0.583969	-0.273578
35	65	25	-0.187346	0.261979	0.096233
35	65	35	0.929748	-0.378841	-0.520349
35	65	45	2.69585	-1.40604	-0.49184
35	65	55	3.01431	-1.51717	0.330865
35	65	65	1.03149	-0.169926	0.256514
35	65	75	0.393784	-0.0843384	0.127104
35	65	85	1.42875	-0.905384	-0.779131
35	75	5	3.04574	2.76086	-1.40712
35	75	15	0.576922	0.92177	-0.332611
35	75	25	-0.141076	0.50869	0.101091
35	75	35	0.968924	0.868505	-0.158169
35	75	45	2.56895	1.57894	0.238334
35	75	55	2.85729	1.44629	1.14299
35	75	65	0.721012	0.441879	0.00445875
35	75	75	0.560782	0.133001	0.00715316
35	75	85	2.05822	1.47009	-0.94855
35	85	5	3.59673	5.51848	-2.93426
35	85	15	2.2263	3.96894	-0.538192
35	85	25	-0.0862943	1.50846	0.151592
35	85	35	1.93835	1.67634	0.263345
35	85	45	5.23629	4.71741	0.895268
35	85	55	4.81288	3.42437	-0.741193
35	85	65	2.18819	0.370249	0.400715
35	85	75	1.61336	0.336934	-0.497608
35	85	85	2.51647	2.97084	-1.44709
45	5	5	3.91548	2.32565	-1.25463
45	5	15	-1.00672	2.65328	4.57436
45	5	25	-0.728864	2.4704	2.19727
45	5	35	2.8585	1.20852	-3.37108
45	5	45	7.52965	0.305344	-2.96958
45	5	55	6.69661	0.0837252	-0.335949
45	5	65	3.13083	0.540834	0.0927286
45	5	75	3.55133	1.15	-5.06103
45	5	85	5.94501	1.25302	-7.91647
45	15	5	1.25432	-2.4663	-0.414338
45	15	15	-1.47824	-1.18724	1.58021
45	15	25	-1.29008	0.799447	0.388595
45	15	35	0.283477	-1.0945	-1.31794
45	15	45	4.10796	-4.47225	-0.209889
45	15	55	3.8634	-3.57342	0.34939
45	15	65	0.787219	-0.650101	0.199772
45	15	75	1.68763	-0.446577	-1.99995
45	15	85	3.58972	-2.9216	-3.83397
45	25	5	0.468258	-0.894564	-0.170137
45	25	15	-0.63025	-0.999939	0.7202
45	25	25	-0.588371	-0.731965	-0.405168
45	25	35	0.0404819	-1.2137	-1.58019
45	25	45	4.44096	-1.43027	-0.291458
45	25	55	4.18422	-1.12082	1.23905
45	25	65	1.02676	-0.773546	0.545887
45	25	75	0.806695	-0.646823	-0.642339
45	25	85	2.34768	-1.23919	-1.94178
45	35	5	0.453134	0.991033	-0.0735615
45	35	15	-0.688631	0.163611	0.808945
45	35	25	-1.31066	-1.18332	-0.804124
45	35	35	0.218275	0.999893	-2.78096
45	35	45	4.12944	3.02444	-1.27768
45	35	55	3.58036	2.85128	2.72667
45	35	65	0.706795	0.535102	1.68968
45	35	75	1.00119	0.0961871	-0.92672
45	35	85	0.918438	0.68945	-1.5824
45	45	5	0.3575	-1.19891	0.407167
45	45	15	-1.2209	-0.930117	1.30814
45	45	25	-2.77204	-0.987352	-2.48638
45	45	35	-0.815661	1.72154	-5.55843
45	45	45	2.90043	2.69653	-2.36901
45	45	55	3.65871	2.35013	4.14076
45	45	65	1.09085	0.792363	3.97504
45	45	75	1.32116	-0.38449	-0.183267
45	45	85	1.10845	-0.924951	-2.01288
45	55	5	1.7295	-3.18859	0.162874
45	55	15	-0.626626	-2.62015	1.84903
45	55	25	-2.63281	-0.945597	-2.25089
45	55	35	0.0752848	-1.79203	-5.4556
45	55	45	3.95649	-3.45135	-2.44548
45	55	55	3.80661	-3.01047	2.46134
45	55	65	1.73649	-0.303931	3.08506
45	55	75	0.663985	-0.362025	0.503614
45	55	85	1.30998	-3.12206	-2.01085
45	65	5	1.75907	-2.2818	0.181891
45	65	15	-0.190073	-0.912182	1.10205
45	65	25	-0.983729	-0.154371	-0.611751
45	65	35	0.855267	-0.606308	-2.77279
45	65	45	5.23798	-2.26672	-0.454628
45	65	55	4.32723	-2.47209	0.508834
45	65	65	1.24132	-0.442695	0.932422
45	65	75	0.247943	-0.117908	0.203279
45	65	85	1.62879	-1.49707	-1.40465
45	75	5	2.92702	3.40246	0.879731
45	75	15	-0.0838998	1.93329	1.25942
45	75	25	-0.237007	1.27837	-0.73111
45	75	35	0.993573	1.89316	-1.82241
45	75	45	5.71461	3.71942	0.571224
45	75	55	4.08782	2.92948	-0.421071
45	75	65	0.541282	0.592667	0.078145
45	75	75	0.592823	0.811324	0.0424585
45	75	85	1.82941	2.03037	-1.41189
45	85	5	4.48542	6.67911	-0.0526169
45	85	15	0.578506	4.63547	2.00363
45	85	25	-0.886136	2.3113	0.74401
45	85	35	1.49088	2.52017	-1.51944
45	85	45	6.63746	5.33877	-0.149818
45	85	55	5.87168	5.09569	-2.15433
45	85	65	2.31929	1.39732	0.0170145
45	85	75	1.61703	0.766932	-0.877748
45	85	85	3.85176	4.54375	-2.08302
55	5	5	-5.02907	0.367794	0.590481
55	5	15	-2.50013	1.13129	6.23851
55	5	25	0.185709	2.30843	0.680162
55	5	35	1.93098	1.09537	-7.1259
55	5	45	1.52838	1.03213	-4.66388
55	5	55	1.70374	0.73096	1.07566
55	5	65	1.85533	1.34364	0.29929
55	5	75	1.26137	1.3665	-6.60956
55	5	85	-1.34713	1.90884	-7.70766
55	15	5	-3.4977	-4.54618	0.619889
55	15	15	-1.34531	-2.31096	2.08089
55	15	25	0.461376	0.922542	-0.521871
55	15	35	0.55258	-2.72416	-4.6156
55	15	45	-0.552297	-3.87022	-3.70118
55	15	55	-0.0112517	-2.98532	0.914959
55	15	65	1.79148	0.158644	0.397824
55	15	75	2.02641	0.756237	-2.34513
55	15	85	0.232838	-1.77118	-2.6658
55	25	5	-2.59977	-1.31384	0.336961
55	25	15	-0.935822	-0.923665	0.831336
55	25	25	0.340599	-0.588056	-0.649537
55	25	35	0.0507583	-0.504613	-3.47446
55	25	45	-1.15182	-1.57023	-3.12252
55	25	55	0.107332	-1.05167	1.35537
55	25	65	0.672505	-0.444226	0.341741
55	25	75	0.846724	-0.387518	-0.443148
55	25	85	0.0634027	-0.546227	-1.34197
55	35	5	-2.00893	1.82447	0.506297
55	35	15	-0.9696	0.480454	0.959892
55	35	25	-0.299169	-0.827299	-1.16452
55	35	35	-0.480811	2.15067	-4.30662
55	35	45	-1.97779	3.67747	-2.57204
55	35	55	-0.494063	3.32869	2.23376
55	35	65	0.607558	0.418375	1.65694
55	35	75	0.746958	0.0402307	-0.741608
55	35	85	-0.598229	0.921498	-1.05119
55	45	5	-3.33693	-0.682598	0.56316
55	45	15	-3.42972	-1.70616	1.97341
55	45	25	-1.48878	-1.69455	-2.42813
55	45	35	-2.89016	1.56276	-7.66243
55	45	45	-5.32274	1.98585	-5.7113
55	45	55	-2.64496	2.00359	3.73293
55	45	65	-0.0718492	-0.0100301	4.35104
55	45	75	-0.0951672	-0.564792	0.342789
55	45	85	-2.10721	-0.706156	-0.950534
55	55	5	-2.77538	-3.68863	0.631963
55	55	15	-1.81775	-3.13335	1.32541
55	55	25	-0.565231	-1.7111	-3.8905
55	55	35	-2.34613	-3.81206	-7.55253
55	55	45	-5.45222	-5.51314	-5.3081
55	55	55	-2.81029	-4.00217	1.22167
55	55	65	-0.393939	-1.80242	3.00336
55	55	75	-0.0367565	-0.822384	0.960053
55	55	85	-1.49405	-2.87925	-0.731286
55	65	5	-3.23378	-3.64393	1.44245
55	65	15	-1.34667	-1.57513	1.18961
55	65	25	-0.202379	-0.558292	-1.43105
55	65	35	-0.850571	-3.00293	-5.58884
55	65	45	-2.91789	-4.07532	-4.90763
55	65	55	-1.05874	-3.11103	-0.161073
55	65	65	-0.0786852	-1.00201	0.555628
55	65	75	-0.207077	-0.443608	0.0661112
55	65	85	-1.12906	-2.33571	-0.322197
55	75	5	-5.77653	2.62316	2.20829
55	75	15	-1.40328	2.01698	2.03448
55	75	25	-0.0359761	1.10462	-1.16907
55	75	35	-1.09451	1.67807	-4.68862
55	75	45	-1.13395	2.7083	-3.54622
55	75	55	-0.140066	2.06312	0.0142954
55	75	65	0.482663	0.379593	0.355292
55	75	75	-0.0365918	0.372919	-0.426827
55	75	85	-1.55922	0.949865	-0.862931
55	85	5	-5.05368	6.35768	1.60354
55	85	15	-2.0162	4.09618	3.14519
55	85	25	0.14371	1.74773	-0.118854
55	85	35	1.05701	4.21951	-4.87509
55	85	45	0.643046	4.8839	-3.72839
55	85	55	0.689994	4.29201	0.00871801
55	85	65	0.630646	1.09288	0.0738801
55	85	75	0.602927	0.524856	-2.49943
55	85	85	-1.57067	4.12892	-2.22921
65	5	5	-3.58945	-2.44343	-0.674091
65	5	15	-0.601159	-0.564495	3.23398
65	5	25	2.3406	1.06437	0.122494
65	5	35	1.08259	0.219742	-4.77095
65	5	45	-1.6624	-0.911827	-4.59165
65	5	55	-0.848723	-0.399811	-1.87316
65	5	65	0.732581	0.564443	-0.16974
65	5	75	0.452378	-0.432342	-2.25811
65	5	85	-2.76683	-1.02095	-4.11127
65	15	5	-2.78569	-4.71565	0.390752
65	15	15	-0.281071	-1.91897	0.763198
65	15	25	1.80163	0.287445	-1.33988
65	15	35	0.24338	-1.41043	-2.69268
65	15	45	-1.8006	-2.91956	-3.11458
65	15	55	-2.11939	-2.99698	-1.83919
65	15	65	0.774686	-0.468312	-0.869534
65	15	75	0.830863	-0.261746	-0.811683
65	15	85	-0.431244	-1.79984	-0.276627
65	25	5	-3.62691	-1.89626	0.485966
65	25	15	-0.488507	-1.08612	0.450316
65	25	25	0.288608	-0.528203	-0.78882
65	25	35	-1.03247	0.732687	-2.4578
65	25	45	-4.5481	-0.423296	-2.80118
65	25	55	-2.21093	-0.219796	-1.21979
65	25	65	-0.0879484	0.0138929	-0.0510147
65	25	75	0.590621	-0.0441085	0.244723
65	25	85	-1.0217	-0.628601	-0.158115
65	35	5	-2.98373	2.97039	0.596762
65	35	15	-0.787893	0.271414	0.395545
65	35	25	0.581864	-0.0451016	-0.668185
65	35	35	-0.282633	1.24602	-1.40179
65	35	45	-2.32557	3.00427	-1.88074
65	35	55	-2.57701	3.26703	-1.03127
65	35	65	-0.182726	0.854359	0.0084538
65	35	75	0.183562	0.307469	0.305627
65	35	85	-1.13548	1.14342	-0.100258
65	45	5	-4.67688	-0.494369	-0.017966
65	45	15	-3.38543	-2.10618	0.556029
65	45	25	-1.96227	-1.9893	-0.885314
65	45	35	-2.68696	-0.34249	-4.48188
65	45	45	-5.61935	2.33929	-3.90962
65	45	55	-4.00601	2.16837	-1.29534
65	45	65	-2.38602	0.163858	0.990719
65	45	75	-1.36102	-0.0800824	0.842459
65	45	85	-3.22863	0.0454683	-0.144208
65	55	5	-5.1601	-4.90685	0.674028
65	55	15	-3.37916	-4.05574	-1.27591
65	55	25	-1.00596	-1.93083	-1.31649
65	55	35	-2.8904	-3.04646	-2.4738
65	55	45	-6.35315	-4.42937	-2.81961
65	55	55	-5.05334	-4.09904	-2.36385
65	55	65	-3.36654	-3.094	-0.563771
65	55	75	-1.77595	-1.92315	0.628026
65	55	85	-3.3439	-3.63808	1.29031
65	65	5	-4.55547	-3.79357	0.399292
65	65	15	-1.18805	-1.35162	0.336382
65	65	25	0.112068	-0.957689	-0.638122
65	65	35	-1.5874	-2.37475	-2.47033
65	65	45	-3.49969	-2.92835	-3.12055
65	65	55	-3.38442	-3.71222	-1.90979
65	65	65	-1.31309	-1.74449	0.114549
65	65	75	-0.47429	-1.03571	0.210629
65	65	85	-2.28543	-2.38129	0.464883
65	75	5	-4.30076	0.943581	-0.291699
65	75	15	-0.923422	0.569216	0.259962
65	75	25	0.458124	0.207423	-0.573154
65	75	35	-1.59597	-0.594398	-2.55423
65	75	45	-3.79502	0.108287	-3.1281
65	75	55	-2.47471	0.253757	-1.46146
65	75	65	-0.432567	-0.0943687	-0.473169
65	75	75	-0.536955	-0.11871	0.0890132
65	75	85	-1.90693	0.0255102	-0.235521
65	85	5	-4.07696	4.61558	-0.58938
65	85	15	-1.00126	2.17212	0.758142
65	85	25	1.02554	0.764126	-0.117259
65	85	35	-0.332438	1.34692	-2.02004
65	85	45	-1.66368	2.46359	-2.63907
65	85	55	-2.23877	3.16576	-1.88301
65	85	65	-0.237142	0.517107	-0.270718
65	85	75	-0.450714	0.442181	-1.18904
65	85	85	-2.4676	2.37487	-0.953502
75	5	5	5.06413	-4.58512	-1.20706
75	5	15	3.41409	-1.94404	1.30438
75	5	25	3.3647	-0.949184	0.230266
75	5	35	3.3545	-1.37712	-3.856
75	5	45	3.00747	-0.9985	-5.46955
75	5	55	3.03473	-3.03078	-3.05833
75	5	65	0.839435	-2.50206	-0.137359
75	5	75	0.425996	-1.74206	-0.949154
75	5	85	2.46161	-2.94031	-2.49063
75	15	5	3.70495	-5.43954	0.857635
75	15	15	1.98683	-2.305	0.602995
75	15	25	1.77783	-0.129216	-0.663438
75	15	35	1.71465	-0.935042	-1.68562
75	15	45	0.80612	-2.99097	-3.8894
75	15	55	1.68261	-4.0514	-2.43924
75	15	65	0.370464	-2.15659	-0.192409
75	15	75	0.200988	-0.820358	0.040188
75	15	85	1.15325	-2.34877	0.166209
75	25	5	2.18991	-2.26559	0.0614941
75	25	15	1.12087	-1.03002	0.376289
75	25	25	0.819744	-0.158983	-0.446025
75	25	35	1.08277	0.649269	-2.66843
75	25	45	0.750253	1.14411	-5.80737
75	25	55	0.793126	-0.674113	-1.38781
75	25	65	0.0624818	0.110478	-0.359826
75	25	75	0.238563	0.02273	0.0725737
75	25	85	0.583343	-0.568068	-0.102564
75	35	5	0.893795	3.38104	0.653453
75	35	15	0.564997	0.869917	0.02248
75	35	25	0.562415	0.0448664	-0.354803
75	35	35	0.577566	1.21209	-1.21086
75	35	45	1.63267	3.75958	-2.92198
75	35	55	1.86095	5.41246	-1.74023
75	35	65	-0.0591188	2.12666	-0.255578
75	35	75	0.236162	0.606053	0.081176
75	35	85	0.619355	1.52906	-0.152759
75	45	5	0.239444	0.218104	-0.201491
75	45	15	-0.679491	-1.14424	0.995853
75	45	25	-0.473891	-0.69099	0.515554
75	45	35	-0.143673	0.305057	-2.24772
75	45	45	1.03689	4.44006	-4.27956
75	45	55	1.63302	4.7745	-2.71851
75	45	65	0.0031553	1.86023	-0.165136
75	45	75	-0.257215	0.189391	-0.779603
75	45	85	-0.675482	-0.0630845	-1.01545
75	55	5	-2.11473	-7.43613	0.364954
75	55	15	-2.16107	-4.50913	0.0397792
75	55	25	-0.598046	-1.25006	-0.362396
75	55	35	-0.778121	-1.67646	-1.53158
75	55	45	-0.227283	-5.23579	-3.31578
75	55	55	-1.45732	-5.61049	-3.17425
75	55	65	-1.89186	-2.43871	0.693827
75	55	75	-0.77332	-1.19796	-0.185069
75	55	85	-1.73887	-4.29716	-0.176371
75	65	5	0.239372	-5.08029	0.525236
75	65	15	0.0618919	-2.08728	0.172761
75	65	25	0.0331901	-0.897003	-0.521361
75	65	35	0.53014	-1.75814	-1.89719
75	65	45	1.41858	-4.47961	-3.55272
75	65	55	-0.190705	-4.64456	-1.73061
75	65	65	-0.456308	-1.10911	-0.0699323
75	65	75	-0.400052	-0.986835	-0.189686
75	65	85	-0.273741	-2.66439	-0.347176
75	75	5	1.36582	-0.448203	0.44317
75	75	15	0.407415	-0.135355	0.264334
75	75	25	0.232475	-0.128754	-0.111369
75	75	35	0.904135	-0.849601	-2.1538
75	75	45	0.26671	-1.44999	-4.54545
75	75	55	-0.122793	-0.135651	-0.68663
75	75	65	-0.829326	-0.514692	-0.370348
75	75	75	-0.362055	-0.659139	-0.169496
75	75	85	0.255921	-0.384383	-0.0533392
75	85	5	2.12753	3.96131	-0.528715
75	85	15	0.770476	0.599501	0.358569
75	85	25	1.01484	-0.00457383	0.23575
75	85	35	0.972369	0.597713	-0.892618
75	85	45	0.434785	2.44544	-3.29428
75	85	55	-0.0912627	1.33422	-1.42296
75	85	65	-0.536109	-0.200163	-0.366139
75	85	75	-0.431086	-1.03038	-0.810878
75	85	85	1.0565	1.18703	-1.09639
85	5	5	6.82944	-5.02255	-2.16242
85	5	15	4.27632	-2.95061	0.221748
85	5	25	2.49108	-1.80555	-0.410651
85	5	35	4.89968	-0.964098	-5.89194
85	5	45	5.5222	-2.47884	-5.50063
85	5	55	2.98731	-3.90554	-1.86117
85	5	65	-1.24707	-3.48095	2.14704
85	5	75	-1.608	-2.67334	-1.78838
85	5	85	3.22618	-3.28906	-2.86705
85	15	5	5.38498	-5.18943	-0.576804
85	15	15	2.97105	-3.18628	-1.01482
85	15	25	2.6001	-0.959748	-1.3365
85	15	35	3.68027	-1.41996	-2.60195
85	15	45	5.01439	-3.39827	-3.62756
85	15	55	3.07699	-4.23746	-2.20075
85	15	65	-0.506594	-1.90125	0.424918
85	15	75	-0.931918	-1.31883	-1.14348
85	15	85	1.69435	-2.59319	0.0355901
85	25	5	7.40222	-0.563023	0.261462
85	25	15	2.93048	-0.626284	0.0738688
85	25	25	0.886638	0.346887	-0.72892
85	25	35	3.14849	0.890555	-2.23657
85	25	45	6.68727	1.06468	-3.39209
85	25	55	4.03561	0.432927	-1.33614
85	25	65	-0.0474566	-0.216393	-0.115655
85	25	75	-0.576221	0.064143	-0.901379
85	25	85	1.8055	-0.0858219	-0.0620627
85	35	5	5.71351	5.95368	0.266698
85	35	15	2.68004	3.25285	0.185493
85	35	25	1.45827	1.0832	-0.0108194
85	35	35	1.78425	1.70233	-0.75733
85	35	45	4.05388	4.02475	-1.04187
85	35	55	3.37317	4.17706	-1.6009
85	35	65	1.27077	2.00468	-0.63369
85	35	75	-0.136577	0.935109	-0.877819
85	35	85	3.00969	3.84013	-0.323126
85	45	5	6.90147	2.61282	-0.881206
85	45	15	4.14485	2.54866	2.14009
85	45	25	2.45849	1.08712	1.60643
85	45	35	2.78536	1.25632	-1.4694
85	45	45	5.11679	3.75388	-1.79877
85	45	55	4.05564	2.94403	-2.19146
85	45	65	1.7895	2.22085	-1.22524
85	45	75	-0.285727	0.687522	-3.6074
85	45	85	4.4595	2.60476	-3.03134
85	55	5	5.38647	-6.32252	0.270063
85	55	15	2.72111	-3.65346	0.160919
85	55	25	0.920494	-0.960451	0.581642
85	55	35	1.95006	-2.09772	-1.53414
85	55	45	5.25471	-4.38785	-1.47241
85	55	55	3.37262	-3.73436	-1.2438
85	55	65	0.459446	-1.53356	0.442383
85	55	75	-0.830495	-0.911168	-2.30139
85	55	85	1.96608	-3.30975	-1.31938
85	65	5	5.012	-5.41192	0.638891
85	65	15	1.79898	-2.72976	0.0653816
85	65	25	0.292753	-0.717849	-0.483626
85	65	35	1.3335	-2.42598	-1.80516
85	65	45	4.15389	-4.59579	-2.12613
85	65	55	2.77886	-3.96934	-0.798737
85	65	65	-0.669434	-1.27831	0.261736
85	65	75	-0.884532	-1.35876	-1.26766
85	65	85	1.74871	-3.32131	-0.705063
85	75	5	4.80374	-1.19591	0.253748
85	75	15	0.987359	-0.481755	-0.195336
85	75	25	0.189929	-1.1955	-0.553763
85	75	35	2.44582	-1.67705	-2.50852
85	75	45	4.63356	-1.75316	-3.57688
85	75	55	1.68283	-0.630159	-0.686851
85	75	65	-1.16926	-0.687067	-0.0933255
85	75	75	-0.907494	-1.24915	-0.965031
85	75	85	0.999666	-0.792755	-0.669691
85	85	5	4.28193	2.31837	-1.18409
85	85	15	1.60284	-0.200316	0.398111
85	85	25	0.318949	-1.2043	-0.261692
85	85	35	2.48406	-0.000960912	-2.76716
85	85	45	3.03703	1.62349	-3.42103
85	85	55	0.693727	0.816966	-0.768879
85	85	65	-2.07768	-1.49405	1.32755
85	85	75	-1.26852	-1.65356	-1.26673
85	85	85	2.2667	0.736642	-2.12448
