5	5	5	2.65341	-3.5684	-3.58996
5	5	15	2.65149	-2.81985	-2.75947
5	5	25	3.07628	-4.59174	-4.54651
5	5	35	3.74152	-5.47364	-5.78477
5	5	45	3.09333	-5.36292	-4.93863
5	5	55	2.85351	-4.63512	-4.54542
5	5	65	3.02219	-5.10584	-5.27995
5	5	75	3.53949	-5.17939	-5.88214
5	5	85	3.03442	-4.06159	-4.50335
5	15	5	2.59415	-4.23873	-4.27862
5	15	15	2.57509	-2.63765	-2.65444
5	15	25	2.69748	-3.68023	-3.81381
5	15	35	3.20885	-5.03467	-5.62724
5	15	45	2.61699	-4.05418	-4.0099
5	15	55	2.60495	-3.68376	-3.63503
5	15	65	2.75765	-4.6957	-4.77171
5	15	75	3.51589	-5.12234	-6.04392
5	15	85	2.89268	-5.11943	-5.41867
5	25	5	2.61292	-4.28157	-4.34249
5	25	15	2.63248	-2.63457	-2.71482
5	25	25	2.67129	-2.91213	-3.03185
5	25	35	2.77693	-4.337	-4.51433
5	25	45	2.61522	-3.23828	-3.17577
5	25	55	2.55406	-3.32171	-3.31978
5	25	65	2.59393	-4.33881	-4.37679
5	25	75	3.11273	-5.10069	-5.65981
5	25	85	2.82082	-5.12215	-5.35167
5	35	5	2.81328	-4.46246	-4.68384
5	35	15	2.89224	-2.84074	-3.14033
5	35	25	2.81803	-3.27631	-3.37813
5	35	35	2.91699	-4.38512	-4.02121
5	35	45	3.27683	-3.83011	-3.14673
5	35	55	3.5728	-4.13397	-3.11397
5	35	65	3.47112	-4.96797	-4.12797
5	35	75	2.99185	-5.39758	-5.23677
5	35	85	2.76108	-5.12242	-5.25162
5	45	5	3.51165	-5.00208	-5.20182
5	45	15	3.65472	-3.9617	-4.30046
5	45	25	3.07373	-5.18927	-5.00177
5	45	35	3.75207	-6.01632	-4.8978
5	45	45	4.31634	-5.27334	-3.59093
5	45	55	4.82032	-5.17321	-2.90484
5	45	65	4.66303	-5.63523	-3.60403
5	45	75	4.23428	-6.67063	-5.18901
5	45	85	3.25632	-5.64321	-5.14602
5	55	5	3.74094	-4.34948	-5.20372
5	55	15	3.32737	-4.35429	-4.7548
5	55	25	2.82968	-5.15673	-5.13019
5	55	35	2.83214	-5.23677	-5.07974
5	55	45	2.9089	-4.42197	-4.10828
5	55	55	3.51277	-4.47923	-3.55925
5	55	65	4.18421	-5.00809	-3.57598
5	55	75	3.79409	-6.17441	-5.25951
5	55	85	3.06655	-5.31163	-5.20766
5	65	5	3.20811	-3.13021	-3.72296
5	65	15	2.93015	-3.72329	-3.96375
5	65	25	2.81265	-5.00298	-5.1952
5	65	35	2.64382	-4.969	-4.97963
5	65	45	2.71444	-4.67615	-4.55952
5	65	55	2.99063	-3.85976	-3.50601
5	65	65	3.00528	-3.53243	-3.39945
5	65	75	2.91428	-5.21184	-5.2946
5	65	85	2.98479	-4.62789	-5.00936
5	75	5	2.87982	-3.20602	-3.40846
5	75	15	2.76077	-3.5858	-3.58434
5	75	25	2.69578	-4.52758	-4.58702
5	75	35	2.91857	-4.74786	-4.70689
5	75	45	2.76133	-4.21845	-4.18314
5	75	55	2.68182	-3.00334	-2.99976
5	75	65	2.83579	-4.20355	-4.44179
5	75	75	2.7977	-5.07407	-5.31717
5	75	85	2.92437	-4.30412	-4.63227
5	85	5	2.71701	-3.43023	-3.47184
5	85	15	2.73216	-3.68401	-3.58386
5	85	25	3.07372	-5.08274	-4.72086
5	85	35	3.4257	-5.65106	-5.23644
5	85	45	3.59001	-5.78671	-5.05757
5	85	55	3.34718	-5.6068	-4.99457
5	85	65	3.21365	-5.2484	-5.10775
5	85	75	3.41992	-5.418	-5.63965
5	85	85	3.0141	-4.4222	-4.4843
15	5	5	2.63641	-4.12487	-4.08939
15	5	15	2.6528	-3.08857	-3.02794
15	5	25	3.23467	-4.67288	-4.9925
15	5	35	3.56912	-5.37486	-5.78925
15	5	45	3.77578	-5.37141	-5.33881
15	5	55	3.35673	-4.95461	-4.24761
15	5	65	3.38136	-5.04455	-4.74189
15	5	75	3.94575	-5.36225	-6.22635
15	5	85	2.82299	-4.60397	-4.71178
15	15	5	2.56068	-4.74805	-4.74324
15	15	15	2.5763	-2.975	-2.9514
15	15	25	3.12233	-4.02487	-4.53601
15	15	35	3.51511	-5.0598	-5.99655
15	15	45	3.08442	-4.53518	-4.64039
15	15	55	2.85065	-3.50529	-3.46964
15	15	65	2.9562	-3.91326	-4.06948
15	15	75	3.80312	-5.22237	-6.22802
15	15	85	2.7144	-5.14556	-5.17928
15	25	5	2.5938	-4.64329	-4.64341
15	25	15	2.57406	-2.68697	-2.66555
15	25	25	2.83133	-3.47298	-3.69229
15	25	35	3.22326	-4.94331	-5.35588
15	25	45	2.93837	-3.73731	-3.61011
15	25	55	2.84666	-3.26959	-3.10603
15	25	65	2.75701	-3.73746	-3.85382
15	25	75	3.57592	-5.09504	-6.11508
15	25	85	2.66725	-5.14289	-5.17736
15	35	5	2.65614	-4.92424	-4.90496
15	35	15	2.57333	-2.82792	-2.80563
15	35	25	2.75588	-4.09633	-4.05389
15	35	35	3.3482	-5.49329	-4.78036
15	35	45	3.56784	-4.55537	-3.59395
15	35	55	3.77649	-4.12678	-2.94569
15	35	65	4.01344	-5.02811	-3.60708
15	35	75	3.61417	-5.66694	-5.56967
15	35	85	2.74375	-5.22417	-5.17253
15	45	5	3.05899	-5.24914	-4.7821
15	45	15	3.16377	-4.76078	-4.58965
15	45	25	3.00878	-5.43253	-5.09802
15	45	35	3.24173	-5.67389	-5.10457
15	45	45	3.54904	-5.43424	-4.52459
15	45	55	4.34292	-5.37184	-3.58508
15	45	65	4.59525	-5.60588	-3.56287
15	45	75	4.66524	-6.7143	-5.56344
15	45	85	3.59094	-6.03136	-5.17323
15	55	5	2.91961	-4.82817	-4.58209
15	55	15	3.53972	-4.86073	-4.63283
15	55	25	3.08092	-5.53821	-5.13486
15	55	35	3.36931	-5.81203	-5.15963
15	55	45	3.12876	-5.1115	-4.5805
15	55	55	3.57216	-5.21201	-4.2311
15	55	65	4.4261	-5.99227	-4.19899
15	55	75	4.43486	-6.75219	-5.2742
15	55	85	3.5726	-6.01403	-5.01108
15	65	5	3.10248	-3.31018	-3.60136
15	65	15	3.01288	-4.14264	-4.28649
15	65	25	2.9334	-5.34351	-5.16552
15	65	35	2.78873	-5.23313	-5.20474
15	65	45	2.80821	-4.85323	-4.68467
15	65	55	2.71843	-4.00214	-3.88871
15	65	65	3.11502	-3.4905	-3.33504
15	65	75	3.00339	-5.23267	-5.35872
15	65	85	2.74447	-4.55089	-4.56558
15	75	5	3.06569	-2.99674	-3.462
15	75	15	3.00677	-3.63144	-3.86823
15	75	25	2.66902	-5.00535	-5.05881
15	75	35	2.83514	-5.03377	-5.08908
15	75	45	2.9298	-4.75069	-4.66481
15	75	55	2.79618	-3.10397	-2.92264
15	75	65	2.91138	-3.79911	-3.73978
15	75	75	3.01393	-5.1467	-5.44576
15	75	85	2.95829	-4.26251	-4.32762
15	85	5	2.79886	-3.92653	-4.09297
15	85	15	2.67656	-4.00328	-4.08757
15	85	25	2.7156	-4.79003	-4.93336
15	85	35	2.92834	-5.15216	-5.26456
15	85	45	3.69633	-5.7958	-4.99125
15	85	55	3.79115	-5.62693	-4.53701
15	85	65	3.60042	-5.56364	-5.00321
15	85	75	3.51481	-5.51011	-5.62089
15	85	85	2.97496	-4.44445	-4.58239
25	5	5	3.04794	-4.94725	-4.96172
25	5	15	3.14038	-4.01932	-3.88546
25	5	25	3.49597	-4.84167	-5.36259
25	5	35	3.75384	-5.55941	-6.07421
25	5	45	3.77804	-5.48147	-5.55315
25	5	55	3.48599	-4.66118	-4.16063
25	5	65	3.80035	-4.59418	-5.07363
25	5	75	3.82242	-5.31933	-6.14242
25	5	85	3.07908	-5.08292	-5.28849
25	15	5	2.62401	-5.03445	-5.01941
25	15	15	2.67943	-3.38776	-3.40322
25	15	25	3.48484	-4.55149	-5.26262
25	15	35	3.51969	-5.10487	-6.00383
25	15	45	3.51403	-4.99282	-4.9787
25	15	55	3.60243	-4.2785	-3.60676
25	15	65	3.50186	-3.66438	-3.65468
25	15	75	4.28638	-5.33038	-6.58411
25	15	85	2.92052	-5.22359	-5.34978
25	25	5	2.70221	-4.95082	-4.8836
25	25	15	2.72233	-3.12483	-3.07611
25	25	25	3.18671	-4.1339	-4.53981
25	25	35	3.71919	-5.22245	-6.0255
25	25	45	3.90631	-4.57379	-4.42336
25	25	55	3.04191	-3.40202	-2.98142
25	25	65	3.1587	-2.99075	-3.27052
25	25	75	3.56513	-5.14218	-5.98349
25	25	85	2.68231	-5.11239	-5.22326
25	35	5	3.06257	-5.35308	-4.92258
25	35	15	2.92657	-3.82759	-3.45284
25	35	25	3.26825	-5.17013	-4.6937
25	35	35	3.86134	-5.81573	-5.5127
25	35	45	4.35431	-5.85713	-4.6587
25	35	55	4.30156	-4.86143	-3.22831
25	35	65	4.141	-4.7673	-3.42428
25	35	75	4.49952	-6.2551	-5.8811
25	35	85	3.25039	-5.66877	-5.1143
25	45	5	3.16479	-5.55534	-4.94251
25	45	15	2.97798	-5.1038	-4.79764
25	45	25	3.07217	-5.45119	-5.14219
25	45	35	3.26734	-5.41094	-5.46429
25	45	45	3.42782	-5.68186	-5.02447
25	45	55	4.30417	-6.1099	-4.42589
25	45	65	4.74941	-6.12975	-4.22558
25	45	75	4.7872	-6.78064	-5.599
25	45	85	3.7427	-6.06739	-5.16776
25	55	5	3.06051	-4.91068	-4.4821
25	55	15	3.13921	-5.0022	-4.57645
25	55	25	3.53593	-6.03761	-5.12206
25	55	35	3.76943	-6.10982	-5.31005
25	55	45	4.33159	-6.67314	-5.14918
25	55	55	4.2253	-6.67337	-5.06013
25	55	65	4.6563	-6.65265	-4.71593
25	55	75	5.08255	-7.0579	-5.61612
25	55	85	3.73219	-6.17955	-5.04488
25	65	5	2.62499	-3.41391	-3.38014
25	65	15	2.94988	-4.24558	-4.17411
25	65	25	3.17239	-5.55886	-5.2326
25	65	35	3.33291	-5.71475	-5.27
25	65	45	3.27667	-5.5217	-4.80701
25	65	55	3.21296	-4.88777	-4.31645
25	65	65	3.35956	-4.20651	-3.69047
25	65	75	3.46898	-5.57544	-5.58884
25	65	85	2.70999	-4.47769	-4.44453
25	75	5	2.82397	-2.9392	-2.9322
25	75	15	2.66583	-3.62863	-3.67338
25	75	25	2.78535	-5.10101	-5.31267
25	75	35	2.82806	-5.16255	-5.31703
25	75	45	3.02341	-4.94484	-5.17155
25	75	55	3.01101	-3.37925	-3.34636
25	75	65	3.26282	-3.32851	-3.53776
25	75	75	2.9804	-5.30838	-5.30624
25	75	85	2.94226	-4.16646	-3.90756
25	85	5	2.96872	-4.16577	-4.37519
25	85	15	2.85908	-4.26071	-4.52584
25	85	25	3.09683	-4.93007	-5.35541
25	85	35	2.37388	-5.10026	-5.32192
25	85	45	2.54942	-4.78119	-5.27399
25	85	55	3.64093	-4.49438	-4.45626
25	85	65	4.42775	-5.18547	-5.40689
25	85	75	3.18555	-5.39679	-5.38131
25	85	85	3.31489	-4.88687	-5.1196
35	5	5	2.97355	-4.87524	-5.13216
35	5	15	3.04054	-4.30204	-4.38995
35	5	25	3.99743	-5.30837	-6.10761
35	5	35	3.89823	-5.64462	-5.87738
35	5	45	4.59718	-5.17247	-5.71487
35	5	55	4.58904	-3.76126	-4.6271
35	5	65	4.21209	-3.48349	-4.77479
35	5	75	3.46685	-5.068	-5.96214
35	5	85	3.26985	-5.00226	-5.63984
35	15	5	3.459	-5.57885	-5.44599
35	15	15	3.1583	-4.51455	-4.20097
35	15	25	3.99207	-5.31375	-5.75361
35	15	35	4.04294	-5.81671	-5.81999
35	15	45	4.89929	-5.46894	-5.56155
35	15	55	5.41295	-4.83886	-4.415
35	15	65	4.71347	-3.83913	-4.40082
35	15	75	4.07189	-5.10419	-6.26505
35	15	85	3.65532	-5.3219	-5.7866
35	25	5	2.99378	-5.32805	-5.0788
35	25	15	3.22661	-3.91185	-3.48336
35	25	25	4.0095	-5.1845	-5.12763
35	25	35	4.27513	-5.91048	-5.95124
35	25	45	4.48273	-5.49508	-4.75942
35	25	55	4.12994	-3.83324	-3.32572
35	25	65	3.86985	-3.4599	-3.59552
35	25	75	4.26823	-5.08889	-6.15568
35	25	85	3.06146	-4.76419	-5.15103
35	35	5	2.89854	-5.30484	-5.08677
35	35	15	3.2559	-4.68164	-4.0569
35	35	25	4.15944	-6.08831	-5.0407
35	35	35	5.42631	-6.79404	-6.16201
35	35	45	4.87592	-6.21528	-5.39122
35	35	55	4.09393	-4.99128	-3.82447
35	35	65	3.86473	-4.46699	-3.92334
35	35	75	4.17823	-5.51974	-6.0605
35	35	85	3.09625	-5.20714	-4.86032
35	45	5	3.46707	-5.91684	-5.04089
35	45	15	3.02303	-5.06964	-4.63765
35	45	25	3.08184	-5.39745	-5.23147
35	45	35	4.18396	-5.60307	-6.21279
35	45	45	3.94109	-5.47463	-5.9558
35	45	55	3.33836	-5.54044	-5.10115
35	45	65	4.10154	-5.87145	-5.04583
35	45	75	4.22336	-6.01594	-5.62834
35	45	85	3.91022	-6.41428	-5.10788
35	55	5	3.38442	-5.29372	-4.50055
35	55	15	3.54869	-4.27246	-3.8829
35	55	25	3.55116	-5.77315	-5.25647
35	55	35	3.72696	-5.79153	-5.58585
35	55	45	3.94551	-5.7676	-5.83007
35	55	55	3.91512	-6.08675	-5.43394
35	55	65	3.74644	-5.79919	-5.33188
35	55	75	3.96682	-6.19614	-5.38278
35	55	85	4.18765	-6.69526	-5.10584
35	65	5	2.8657	-3.37407	-3.18147
35	65	15	3.78383	-3.84755	-4.08292
35	65	25	3.26833	-5.26134	-5.47578
35	65	35	3.03307	-5.16848	-5.51707
35	65	45	3.14121	-5.10609	-5.56813
35	65	55	2.9072	-4.94249	-5.01452
35	65	65	3.11676	-4.70263	-4.62429
35	65	75	3.27728	-5.61644	-5.23509
35	65	85	2.86117	-5.00955	-4.74426
35	75	5	2.99432	-2.92635	-2.83221
35	75	15	3.11572	-3.53419	-3.70492
35	75	25	3.063	-5.14355	-5.48884
35	75	35	2.8467	-5.12331	-5.37577
35	75	45	2.85646	-4.94207	-5.16743
35	75	55	3.00353	-3.69605	-3.86852
35	75	65	3.03593	-3.30622	-3.38953
35	75	75	3.04927	-5.19369	-4.94633
35	75	85	2.80609	-3.93214	-3.68666
35	85	5	3.10223	-4.11902	-4.54585
35	85	15	3.26206	-4.15744	-4.74597
35	85	25	3.41919	-5.1125	-5.82022
35	85	35	3.12902	-5.142	-5.51919
35	85	45	3.28884	-4.84243	-5.31943
35	85	55	3.76121	-3.34046	-4.18261
35	85	65	3.98012	-3.71067	-4.64374
35	85	75	3.10623	-5.20848	-5.26982
35	85	85	2.90705	-5.02917	-4.96976
45	5	5	3.04033	-4.87643	-5.36573
45	5	15	2.97914	-4.50194	-4.88846
45	5	25	3.45255	-4.96345	-5.82184
45	5	35	3.43136	-5.13057	-5.97095
45	5	45	4.05553	-4.55687	-5.6493
45	5	55	4.99635	-3.24448	-4.90694
45	5	65	4.12989	-3.20837	-4.45675
45	5	75	2.99746	-4.59006	-4.99489
45	5	85	3.00233	-4.89964	-5.35054
45	15	5	3.10676	-5.01923	-5.33498
45	15	15	2.99357	-4.85626	-4.69799
45	15	25	4.1531	-5.6041	-6.00203
45	15	35	4.17891	-5.98357	-5.8437
45	15	45	5.31097	-5.64548	-6.23796
45	15	55	6.04431	-5.01278	-5.13771
45	15	65	5.46117	-4.86442	-5.4527
45	15	75	4.05145	-4.9464	-5.26598
45	15	85	3.79796	-4.44137	-5.16746
45	25	5	3.19486	-5.00125	-5.04267
45	25	15	2.71366	-4.32117	-4.2038
45	25	25	3.17149	-5.00155	-5.14108
45	25	35	3.97439	-5.49719	-6.1187
45	25	45	4.18635	-4.98437	-5.25386
45	25	55	4.32033	-3.69091	-4.07205
45	25	65	4.35587	-4.44637	-4.72633
45	25	75	4.22983	-5.02478	-5.81557
45	25	85	4.09071	-4.3401	-5.55656
45	35	5	3.36843	-5.15405	-4.69143
45	35	15	3.39119	-5.27964	-4.51981
45	35	25	3.27263	-5.4672	-4.98881
45	35	35	3.87227	-5.50854	-5.98979
45	35	45	3.91623	-5.20178	-5.40618
45	35	55	3.63385	-4.42484	-4.06405
45	35	65	3.8127	-5.01827	-4.95221
45	35	75	4.33669	-5.40105	-6.41937
45	35	85	3.88945	-4.93611	-5.27367
45	45	5	3.24555	-5.22642	-4.53858
45	45	15	3.23552	-4.64484	-4.00054
45	45	25	3.31346	-5.50114	-4.90197
45	45	35	3.9923	-6.01561	-5.61608
45	45	45	3.49384	-5.62122	-5.48322
45	45	55	3.1331	-5.21327	-5.19444
45	45	65	3.17308	-5.3952	-5.17194
45	45	75	4.05898	-5.57833	-5.95112
45	45	85	3.51704	-5.64873	-5.15555
45	55	5	2.95778	-4.88772	-4.48232
45	55	15	3.35427	-3.66245	-3.10163
45	55	25	3.55346	-5.44837	-4.57878
45	55	35	3.90389	-5.67299	-5.88184
45	55	45	3.58865	-5.41824	-5.78305
45	55	55	2.87744	-5.204	-5.12322
45	55	65	2.77549	-5.2022	-5.21935
45	55	75	2.97311	-5.19577	-5.41367
45	55	85	2.74324	-5.20951	-5.02214
45	65	5	3.27772	-3.98558	-3.66438
45	65	15	4.57361	-3.72572	-3.87609
45	65	25	3.13677	-4.78086	-4.68805
45	65	35	3.1423	-5.26755	-5.52432
45	65	45	3.41374	-5.1627	-5.86405
45	65	55	2.75568	-4.96386	-5.16486
45	65	65	2.61346	-4.9624	-5.02317
45	65	75	2.71147	-5.0994	-5.25976
45	65	85	2.69674	-5.16174	-5.02804
45	75	5	3.65098	-3.21017	-3.51864
45	75	15	3.93406	-3.29177	-4.49569
45	75	25	3.37919	-4.9891	-5.69263
45	75	35	2.83796	-5.12153	-5.4262
45	75	45	3.27635	-5.10211	-5.78728
45	75	55	2.75628	-4.04126	-4.20568
45	75	65	2.87463	-3.65681	-3.57882
45	75	75	3.03342	-4.70842	-4.46921
45	75	85	2.94944	-4.10787	-3.81346
45	85	5	3.47799	-3.85488	-4.69937
45	85	15	3.10079	-4.01144	-4.28263
45	85	25	3.29387	-5.08734	-5.75015
45	85	35	3.00138	-5.26156	-5.35115
45	85	45	3.53671	-5.24364	-5.50652
45	85	55	4.38028	-3.60204	-4.1833
45	85	65	3.70787	-3.05554	-3.44355
45	85	75	3.02467	-4.64614	-4.69172
45	85	85	2.82192	-4.83825	-5.0251
55	5	5	3.09635	-4.21717	-4.72002
55	5	15	2.71347	-4.55628	-4.71872
55	5	25	3.07134	-4.97778	-5.45738
55	5	35	2.87897	-5.18452	-5.30531
55	5	45	3.00742	-4.95562	-5.02483
55	5	55	3.36946	-3.25446	-3.67926
55	5	65	3.25064	-3.81838	-4.08037
55	5	75	3.0415	-4.0803	-4.47703
55	5	85	2.85866	-4.40927	-4.67445
55	15	5	3.01789	-3.93879	-4.20407
55	15	15	2.61148	-4.75794	-4.69758
55	15	25	3.07145	-4.90963	-5.43004
55	15	35	2.99786	-5.12205	-5.52246
55	15	45	3.30229	-4.64846	-5.30684
55	15	55	3.3185	-3.35305	-3.88808
55	15	65	4.03693	-4.58135	-5.65867
55	15	75	3.21886	-4.50349	-4.90607
55	15	85	3.21677	-4.19191	-4.457
55	25	5	2.67946	-3.78524	-3.85046
55	25	15	2.5523	-4.63883	-4.63843
55	25	25	2.75152	-4.81119	-5.01154
55	25	35	3.37187	-5.10008	-5.92085
55	25	45	2.9767	-4.04206	-4.50761
55	25	55	2.8323	-2.99127	-3.45247
55	25	65	3.7115	-4.94624	-5.78618
55	25	75	3.14028	-5.17773	-5.23967
55	25	85	3.52185	-4.61052	-5.21494
55	35	5	3.1628	-4.06357	-3.71534
55	35	15	3.11069	-4.634	-4.07407
55	35	25	2.89303	-5.12363	-5.02563
55	35	35	3.21145	-5.13522	-5.71565
55	35	45	2.81303	-4.48233	-4.72353
55	35	55	2.65147	-3.66643	-3.78608
55	35	65	3.31143	-4.88054	-5.59775
55	35	75	3.61785	-5.23692	-5.97729
55	35	85	4.06311	-4.89205	-5.64327
55	45	5	3.06923	-4.41831	-3.91733
55	45	15	3.93589	-4.71468	-3.49075
55	45	25	3.71504	-5.31119	-4.27202
55	45	35	3.57224	-5.89814	-5.35776
55	45	45	3.23263	-5.58217	-5.06298
55	45	55	3.37186	-5.43284	-4.61285
55	45	65	2.83023	-5.25286	-5.17287
55	45	75	3.63378	-5.24988	-5.96708
55	45	85	3.52589	-4.76516	-5.52961
55	55	5	2.56149	-3.58406	-3.58318
55	55	15	2.83052	-2.94844	-2.83246
55	55	25	3.39999	-4.44493	-3.68325
55	55	35	3.09559	-5.56053	-5.25685
55	55	45	2.9951	-5.34478	-5.06311
55	55	55	2.58546	-4.85602	-4.82165
55	55	65	2.66222	-5.14946	-5.07826
55	55	75	3.41343	-5.14105	-5.94025
55	55	85	2.72034	-4.68263	-4.84792
55	65	5	2.95251	-3.82119	-3.54108
55	65	15	3.65944	-3.39669	-2.951
55	65	25	3.08186	-3.98761	-3.54245
55	65	35	2.73826	-5.21625	-5.15148
55	65	45	2.7583	-5.08886	-5.16326
55	65	55	2.59541	-4.96556	-5.0021
55	65	65	2.57201	-5.02099	-5.00001
55	65	75	2.71236	-5.08211	-5.16317
55	65	85	2.62488	-5.00208	-4.99632
55	75	5	2.85631	-2.90168	-3.12447
55	75	15	3.37501	-2.98976	-3.7307
55	75	25	2.75451	-4.318	-4.49467
55	75	35	2.65488	-5.11087	-5.21026
55	75	45	2.71318	-5.10256	-5.22362
55	75	55	2.71189	-4.60207	-4.60208
55	75	65	2.77103	-4.51925	-4.33924
55	75	75	3.09222	-4.54003	-4.63963
55	75	85	2.88949	-4.34282	-4.27963
55	85	5	3.29528	-3.65566	-4.35905
55	85	15	2.85047	-3.73393	-4.03649
55	85	25	2.88587	-4.9597	-5.21961
55	85	35	2.85308	-5.1786	-5.36091
55	85	45	3.29468	-5.34366	-5.08401
55	85	55	3.49351	-4.26366	-3.60211
55	85	65	3.21302	-3.40242	-2.90042
55	85	75	3.41344	-3.99114	-4.34952
55	85	85	2.80224	-4.54657	-4.71695
65	5	5	2.68761	-3.17656	-3.26028
65	5	15	2.59165	-3.75319	-3.71285
65	5	25	2.69194	-4.73522	-4.83519
65	5	35	2.63032	-5.0985	-5.19816
65	5	45	2.72025	-5.14279	-5.00558
65	5	55	2.86705	-3.97926	-3.65686
65	5	65	2.88265	-4.80087	-4.50923
65	5	75	3.30587	-4.39126	-4.71641
65	5	85	2.87384	-4.1858	-4.24538
65	15	5	2.87359	-3.42786	-3.35025
65	15	15	2.63235	-4.10479	-4.02438
65	15	25	2.81358	-4.69321	-4.87161
65	15	35	2.71517	-5.08277	-5.23968
65	15	45	2.63347	-4.84364	-4.92247
65	15	55	2.57437	-3.63847	-3.67566
65	15	65	2.73337	-4.74322	-4.92155
65	15	75	2.89513	-4.9557	-5.25239
65	15	85	2.93839	-4.78363	-4.80508
65	25	5	2.57515	-3.1615	-3.14228
65	25	15	2.57211	-4.41693	-4.43768
65	25	25	2.73224	-4.81414	-4.99498
65	25	35	2.79246	-5.09836	-5.33946
65	25	45	2.57432	-4.20204	-4.26561
65	25	55	2.53191	-3.45211	-3.51287
65	25	65	2.89147	-5.04538	-5.22575
65	25	75	2.91185	-5.16757	-5.32834
65	25	85	3.01546	-4.86845	-5.01043
65	35	5	2.8335	-3.50893	-3.27061
65	35	15	3.05238	-4.05489	-3.59621
65	35	25	2.81166	-4.79276	-4.61339
65	35	35	2.91189	-5.13622	-5.35709
65	35	45	2.65266	-4.102	-4.12444
65	35	55	2.55146	-3.80124	-3.80168
65	35	65	2.84983	-5.00222	-5.26143
65	35	75	2.93223	-5.07572	-5.45692
65	35	85	3.03265	-4.83788	-5.03951
65	45	5	2.67519	-3.55103	-3.43362
65	45	15	2.93551	-3.03567	-2.85216
65	45	25	3.4591	-4.44828	-3.58276
65	45	35	3.89744	-6.32407	-5.13849
65	45	45	3.77905	-4.9283	-3.74514
65	45	55	3.69508	-5.17284	-4.0297
65	45	65	3.45145	-5.63453	-5.09415
65	45	75	3.69385	-5.63721	-5.66004
65	45	85	3.22028	-4.80187	-5.31073
65	55	5	2.58487	-3.12364	-3.13663
65	55	15	2.71255	-2.75835	-2.83953
65	55	25	2.92453	-3.52087	-3.18906
65	55	35	3.01129	-5.24404	-4.90462
65	55	45	2.87239	-3.50211	-3.22316
65	55	55	2.89389	-3.84169	-3.50046
65	55	65	2.74747	-5.00866	-4.81228
65	55	75	3.08346	-5.1507	-5.58469
65	55	85	2.98869	-4.26815	-4.6922
65	65	5	2.62062	-3.15526	-3.16157
65	65	15	2.67558	-2.55385	-2.67385
65	65	25	2.69951	-3.04149	-2.93703
65	65	35	2.84196	-5.02332	-4.85321
65	65	45	2.66416	-4.03385	-3.92394
65	65	55	2.57876	-3.84731	-3.8197
65	65	65	2.61239	-5.05779	-5.07645
65	65	75	2.9167	-5.10165	-5.46637
65	65	85	2.83047	-4.76213	-4.9613
65	75	5	2.50026	-2.94013	-3.00759
65	75	15	2.47227	-2.72894	-2.84952
65	75	25	2.61243	-3.49234	-3.55185
65	75	35	2.53785	-4.9348	-5.03202
65	75	45	2.57943	-4.66698	-4.68504
65	75	55	2.63412	-5.04343	-4.96056
65	75	65	2.71187	-4.82007	-4.77925
65	75	75	3.31343	-4.66001	-5.2424
65	75	85	2.68669	-4.16167	-4.09568
65	85	5	2.78578	-3.64445	-3.75596
65	85	15	2.67249	-3.43564	-3.43785
65	85	25	2.58843	-4.81553	-4.89663
65	85	35	1.91172	-5.06615	-5.14638
65	85	45	2.51395	-5.16268	-5.0042
65	85	55	3.27118	-4.96167	-4.24177
65	85	65	3.41222	-4.45163	-3.63043
65	85	75	4.35382	-4.64719	-4.56838
65	85	85	3.09628	-4.03002	-3.88841
75	5	5	2.91086	-2.78174	-2.84555
75	5	15	2.6188	-2.77654	-2.83456
75	5	25	2.61789	-4.35121	-4.33078
75	5	35	2.75548	-5.16081	-5.15801
75	5	45	2.72948	-5.04133	-4.86777
75	5	55	2.64829	-4.58084	-4.47972
75	5	65	2.81303	-5.18684	-5.12483
75	5	75	3.73585	-4.79583	-5.79341
75	5	85	3.39308	-4.09937	-4.57094
75	15	5	2.62005	-3.34286	-3.28834
75	15	15	2.65735	-3.04686	-2.98547
75	15	25	2.56347	-3.80261	-3.79835
75	15	35	2.74103	-4.68378	-4.89482
75	15	45	2.56004	-4.81052	-4.80284
75	15	55	2.55417	-3.90296	-3.89964
75	15	65	2.55462	-4.97682	-4.97315
75	15	75	3.07305	-5.05181	-5.60979
75	15	85	3.05989	-4.80518	-5.31114
75	25	5	2.57397	-3.41213	-3.43485
75	25	15	2.59524	-3.38473	-3.3886
75	25	25	2.57865	-4.18147	-4.20711
75	25	35	2.59339	-4.9331	-4.99531
75	25	45	2.57195	-4.06164	-4.08245
75	25	55	2.47109	-3.39689	-3.41686
75	25	65	2.57104	-4.91311	-4.93312
75	25	75	2.79144	-5.13484	-5.31522
75	25	85	2.67427	-5.07867	-5.20266
75	35	5	2.61708	-3.35415	-3.38022
75	35	15	2.64232	-3.28281	-3.29408
75	35	25	2.81465	-3.66836	-3.53194
75	35	35	3.05288	-5.2363	-5.05811
75	35	45	2.8923	-3.90199	-3.64321
75	35	55	2.89184	-3.88485	-3.58568
75	35	65	2.77104	-4.87145	-4.73145
75	35	75	2.73183	-5.11971	-5.25972
75	35	85	2.67346	-4.92135	-5.04419
75	45	5	2.9583	-4.03436	-3.76085
75	45	15	3.10479	-3.30698	-2.81673
75	45	25	3.6033	-4.32032	-3.35495
75	45	35	4.28595	-6.34466	-4.81318
75	45	45	4.56551	-5.03353	-3.06322
75	45	55	4.55945	-4.98924	-2.98166
75	45	65	3.71424	-5.45923	-4.41683
75	45	75	3.45304	-5.92046	-5.18088
75	45	85	3.11628	-5.34271	-4.98558
75	55	5	2.58235	-3.30126	-3.31893
75	55	15	2.69811	-3.09156	-3.07275
75	55	25	2.68621	-4.22932	-4.13594
75	55	35	2.97627	-4.67484	-4.49287
75	55	45	3.09981	-3.24751	-2.7444
75	55	55	3.14841	-3.29056	-2.69572
75	55	65	3.07627	-4.1842	-3.94222
75	55	75	3.06185	-5.16629	-5.54111
75	55	85	2.74393	-4.50555	-4.65045
75	65	5	2.52018	-3.06657	-3.09305
75	65	15	2.51799	-2.94673	-2.94477
75	65	25	2.65895	-3.20105	-3.13561
75	65	35	2.71874	-3.75067	-3.70378
75	65	45	2.83148	-3.13651	-2.93852
75	65	55	2.81134	-3.20267	-2.94572
75	65	65	2.86132	-4.41943	-4.43085
75	65	75	3.13561	-5.138	-5.63908
75	65	85	2.72248	-4.40258	-4.57293
75	75	5	2.60662	-3.1961	-3.12838
75	75	15	2.53329	-2.80516	-2.82486
75	75	25	2.67358	-3.15397	-3.07306
75	75	35	2.59941	-3.54588	-3.63911
75	75	45	2.56533	-3.28767	-3.27995
75	75	55	2.59696	-4.36368	-4.31914
75	75	65	2.81237	-4.93772	-5.19642
75	75	75	3.57673	-5.0208	-5.92637
75	75	85	2.98802	-4.6021	-4.95935
75	85	5	3.24741	-4.06203	-3.5968
75	85	15	2.95597	-3.42281	-3.18371
75	85	25	2.61629	-4.66186	-4.73902
75	85	35	2.25639	-5.0936	-5.25145
75	85	45	2.31719	-4.99912	-4.98386
75	85	55	2.57253	-4.77409	-4.75389
75	85	65	2.79184	-4.68002	-4.67921
75	85	75	3.87463	-5.376	-5.53639
75	85	85	3.7111	-3.77363	-3.44886
85	5	5	2.78024	-2.78343	-2.84702
85	5	15	2.7007	-2.77847	-2.75045
85	5	25	2.82432	-4.29491	-4.18242
85	5	35	3.25151	-5.37044	-5.23556
85	5	45	3.05721	-5.09548	-4.6539
85	5	55	2.97927	-4.9476	-4.51978
85	5	65	2.81754	-5.20154	-5.13512
85	5	75	3.61786	-5.09519	-5.79401
85	5	85	3.43113	-3.95673	-4.63435
85	15	5	2.69762	-3.69988	-3.84327
85	15	15	2.71795	-2.59838	-2.7539
85	15	25	2.62143	-3.64423	-3.69705
85	15	35	2.92309	-4.79582	-5.06855
85	15	45	2.55897	-3.96506	-3.96517
85	15	55	2.554	-3.82019	-3.81724
85	15	65	2.61389	-4.97245	-5.0296
85	15	75	3.39225	-5.10091	-5.94131
85	15	85	3.14304	-5.05465	-5.64505
85	25	5	2.67449	-3.99614	-4.11946
85	25	15	2.75599	-2.68575	-2.89046
85	25	25	2.57808	-3.01991	-3.04567
85	25	35	2.57581	-4.27699	-4.29957
85	25	45	2.55247	-3.65451	-3.65391
85	25	55	2.55275	-3.39735	-3.39646
85	25	65	2.55147	-4.83843	-4.83801
85	25	75	2.93225	-5.09989	-5.48026
85	25	85	2.93385	-5.12103	-5.4638
85	35	5	2.81311	-4.02158	-4.16365
85	35	15	2.90263	-2.72825	-3.03984
85	35	25	2.76593	-2.92778	-2.94172
85	35	35	3.03565	-3.92488	-3.52697
85	35	45	3.2119	-3.87871	-3.21949
85	35	55	3.17189	-3.80128	-3.18206
85	35	65	2.97106	-4.80956	-4.42955
85	35	75	2.89223	-5.23866	-5.29907
85	35	85	2.73305	-5.12191	-5.22391
85	45	5	3.31555	-4.51884	-4.88254
85	45	15	3.07311	-3.54833	-3.38712
85	45	25	3.79049	-5.03256	-3.97662
85	45	35	4.32763	-6.02346	-4.37189
85	45	45	4.77188	-5.09834	-2.95957
85	45	55	4.86906	-5.08964	-2.77249
85	45	65	4.37745	-5.57731	-3.79172
85	45	75	3.87384	-6.27464	-5.23584
85	45	85	3.25471	-5.4824	-5.38527
85	55	5	3.16682	-3.72528	-4.28578
85	55	15	2.79062	-3.48098	-3.58638
85	55	25	2.86041	-5.1189	-4.9819
85	55	35	2.97004	-5.14071	-4.91077
85	55	45	2.93763	-3.51961	-3.17546
85	55	55	3.61287	-3.98225	-2.96132
85	55	65	3.54353	-4.51127	-3.64048
85	55	75	3.22626	-5.55915	-5.29034
85	55	85	2.98309	-4.9896	-5.24645
85	65	5	2.76179	-3.01339	-3.21665
85	65	15	2.67938	-3.32894	-3.2912
85	65	25	2.69748	-4.24455	-4.26226
85	65	35	2.75978	-3.84902	-3.88434
85	65	45	2.9923	-4.18624	-3.87109
85	65	55	3.2234	-3.60507	-3.09622
85	65	65	2.95427	-3.87587	-3.75516
85	65	75	3.06245	-5.14221	-5.52124
85	65	85	2.77927	-4.14532	-4.36686
85	75	5	2.79766	-3.28943	-3.29329
85	75	15	2.65379	-3.0632	-3.08458
85	75	25	2.67285	-3.42147	-3.34126
85	75	35	2.81543	-3.34509	-3.2039
85	75	45	2.82315	-3.3188	-3.21667
85	75	55	2.64	-3.38379	-3.38102
85	75	65	2.73566	-4.76169	-4.86072
85	75	75	3.13676	-5.12592	-5.63062
85	75	85	3.02257	-4.48257	-4.79323
85	85	5	2.86238	-3.23335	-3.0205
85	85	15	2.99311	-3.72594	-3.36633
85	85	25	2.83551	-4.94256	-4.73888
85	85	35	2.89828	-5.1635	-5.14584
85	85	45	2.78738	-5.15251	-4.98618
85	85	55	2.59267	-4.90598	-4.8667
85	85	65	2.89318	-4.8864	-5.1085
85	85	75	3.49793	-5.13918	-5.90518
85	85	85	3.4292	-3.58048	-4.09613
