5	5	5	3.43263	-5.90123	-5.14204
5	5	15	2.73187	-5.09283	-4.91205
5	5	25	2.75098	-5.1543	-4.9915
5	5	35	3.53649	-5.15546	-5.95145
5	5	45	3.22512	-5.44833	-5.10444
5	5	55	3.86029	-5.83959	-4.54007
5	5	65	3.75358	-5.06204	-4.0814
5	5	75	3.37467	-5.62035	-4.84401
5	5	85	3.23184	-5.69559	-5.25562
5	15	5	2.74626	-5.11624	-5.24266
5	15	15	2.66267	-5.0916	-5.02084
5	15	25	2.59303	-5.14016	-5.09895
5	15	35	2.73456	-5.09603	-5.27481
5	15	45	2.58995	-5.0234	-5.05097
5	15	55	2.80905	-4.67854	-4.54199
5	15	65	3.7185	-3.78534	-3.34338
5	15	75	3.03879	-4.97648	-4.53601
5	15	85	2.97514	-5.46388	-5.16226
5	25	5	2.69577	-5.08594	-5.22283
5	25	15	2.67245	-4.98302	-5.06248
5	25	25	2.59116	-5.0217	-5.00157
5	25	35	2.71123	-5.01958	-5.13937
5	25	45	3.02986	-5.36203	-5.16647
5	25	55	3.62215	-4.22868	-3.74571
5	25	65	3.88207	-3.29761	-3.61266
5	25	75	2.8587	-4.53758	-4.65325
5	25	85	2.65908	-5.16714	-5.24231
5	35	5	2.87265	-5.16206	-5.32444
5	35	15	2.9119	-4.26125	-4.18131
5	35	25	2.79142	-3.63641	-3.53601
5	35	35	3.21345	-4.32965	-4.74841
5	35	45	2.86467	-3.8619	-3.97345
5	35	55	3.19777	-2.79735	-3.3383
5	35	65	2.97583	-3.20463	-3.60382
5	35	75	2.84928	-4.90521	-5.18299
5	35	85	2.8136	-5.10075	-5.40262
5	45	5	3.63584	-5.64365	-5.10524
5	45	15	3.83543	-3.58124	-3.59926
5	45	25	3.29465	-2.93354	-3.13233
5	45	35	2.99465	-4.26213	-4.72492
5	45	45	2.83506	-4.79586	-5.08263
5	45	55	3.25472	-3.85368	-4.55818
5	45	65	2.74677	-3.90865	-4.031
5	45	75	3.12348	-5.10299	-5.5229
5	45	85	3.23544	-5.54162	-5.32557
5	55	5	3.51226	-4.51766	-5.04606
5	55	15	3.77191	-3.07367	-3.85571
5	55	25	3.87989	-3.08919	-4.32355
5	55	35	3.09787	-4.37009	-4.95366
5	55	45	3.03508	-4.90087	-5.34645
5	55	55	2.91708	-4.85643	-5.22251
5	55	65	2.51107	-4.48113	-4.48078
5	55	75	3.11376	-5.00465	-5.46185
5	55	85	3.14812	-5.25418	-5.50419
5	65	5	3.20247	-4.70779	-5.06757
5	65	15	3.31657	-3.49071	-3.84765
5	65	25	3.69366	-3.88568	-4.66346
5	65	35	3.11714	-4.32649	-4.45156
5	65	45	3.41825	-4.30055	-4.96777
5	65	55	2.69863	-4.96004	-5.00612
5	65	65	2.47188	-4.53666	-4.53669
5	65	75	2.79346	-5.02484	-5.22205
5	65	85	3.43469	-5.14294	-5.94052
5	75	5	2.77267	-4.18151	-4.42307
5	75	15	2.51194	-2.7669	-2.90686
5	75	25	3.50909	-3.94275	-4.4407
5	75	35	3.70022	-4.74638	-5.52438
5	75	45	3.72349	-4.21769	-5.30853
5	75	55	2.68243	-4.70048	-4.83182
5	75	65	2.45075	-4.18123	-4.18124
5	75	75	2.6715	-4.79995	-4.9215
5	75	85	3.17151	-5.09673	-5.71709
5	85	5	2.65343	-4.64259	-4.70259
5	85	15	2.51145	-3.58243	-3.62085
5	85	25	2.70426	-4.41423	-4.44942
5	85	35	3.89224	-5.43858	-5.91735
5	85	45	3.9203	-4.91168	-5.28174
5	85	55	3.11967	-5.07402	-4.52268
5	85	65	2.79148	-4.74045	-4.54091
5	85	75	2.65223	-4.9084	-4.93081
5	85	85	2.81142	-5.10858	-5.36899
15	5	5	3.71581	-6.10537	-4.98298
15	5	15	3.27225	-5.33284	-4.61325
15	5	25	3.10786	-5.62965	-5.06968
15	5	35	3.11461	-5.12752	-5.53034
15	5	45	3.10468	-4.78035	-5.0928
15	5	55	2.85842	-4.19223	-3.93165
15	5	65	3.53798	-4.29708	-3.51084
15	5	75	3.81787	-5.45681	-4.23166
15	5	85	3.73742	-6.30339	-5.23782
15	15	5	2.89388	-5.32396	-4.98433
15	15	15	2.74749	-5.01803	-4.82167
15	15	25	2.64026	-5.10746	-5.09825
15	15	35	2.82303	-5.1063	-5.3647
15	15	45	2.80437	-4.69106	-4.92433
15	15	55	2.63904	-3.61934	-3.62677
15	15	65	3.10596	-3.10337	-2.95298
15	15	75	2.97208	-4.01906	-3.66043
15	15	85	2.8512	-5.39658	-5.21723
15	25	5	2.60032	-5.04969	-5.04525
15	25	15	2.57249	-4.963	-4.98176
15	25	25	2.63151	-5.02049	-5.06002
15	25	35	3.23356	-5.06211	-5.72437
15	25	45	2.68753	-5.06354	-4.99911
15	25	55	2.64122	-3.44262	-3.48836
15	25	65	2.6594	-2.5557	-2.61194
15	25	75	2.84441	-3.73054	-3.56207
15	25	85	2.60457	-5.20217	-5.23187
15	35	5	2.59603	-5.10499	-5.10483
15	35	15	2.63198	-4.58248	-4.50177
15	35	25	2.73103	-4.49925	-4.33925
15	35	35	3.57385	-4.26046	-5.24163
15	35	45	2.79393	-4.18008	-4.34641
15	35	55	2.38544	-2.62216	-2.71322
15	35	65	2.2742	-2.58818	-2.66987
15	35	75	2.61428	-4.2378	-4.31384
15	35	85	2.41705	-5.0934	-5.30909
15	45	5	2.99466	-5.58203	-4.90561
15	45	15	3.37224	-4.30284	-3.48208
15	45	25	3.55222	-3.80202	-2.84082
15	45	35	3.45385	-3.71275	-3.98992
15	45	45	2.80185	-4.58099	-4.69496
15	45	55	2.80314	-3.69722	-3.8054
15	45	65	2.54772	-3.73124	-3.73163
15	45	75	2.66771	-4.9375	-5.03851
15	45	85	2.47161	-5.19863	-5.19781
15	55	5	2.82627	-5.04404	-4.84367
15	55	15	2.87787	-3.34807	-3.11687
15	55	25	2.94667	-3.81441	-3.77956
15	55	35	2.94304	-4.02504	-4.17382
15	55	45	2.78188	-4.41008	-4.58924
15	55	55	2.71356	-4.25637	-4.33839
15	55	65	2.59235	-4.59755	-4.55793
15	55	75	2.79232	-4.97829	-5.17796
15	55	85	2.71198	-5.24141	-5.28114
15	65	5	2.63348	-4.60525	-4.68525
15	65	15	2.45335	-3.1481	-3.22686
15	65	25	2.81502	-4.38077	-4.61748
15	65	35	2.89478	-4.3438	-4.48164
15	65	45	3.13433	-4.24707	-4.27138
15	65	55	2.65391	-3.91806	-3.82006
15	65	65	2.47363	-4.73922	-4.71765
15	65	75	2.71488	-4.91365	-5.11104
15	65	85	2.79512	-5.10206	-5.40012
15	75	5	2.49271	-4.00207	-4.06483
15	75	15	2.07141	-2.79128	-2.75169
15	75	25	2.95023	-4.90535	-5.06533
15	75	35	3.13346	-5.1357	-5.27567
15	75	45	2.95433	-4.4826	-4.76294
15	75	55	2.57365	-3.74415	-3.76568
15	75	65	2.47256	-4.65819	-4.65933
15	75	75	2.55147	-4.83254	-4.87336
15	75	85	2.83196	-5.10012	-5.40092
15	85	5	2.59225	-4.50193	-4.50477
15	85	15	2.44988	-3.62323	-3.60369
15	85	25	2.74544	-4.87333	-5.03295
15	85	35	3.25385	-5.21449	-5.65732
15	85	45	3.38028	-4.75122	-5.09967
15	85	55	3.03439	-4.04353	-3.54689
15	85	65	2.83191	-4.254	-4.11489
15	85	75	2.6507	-4.98442	-4.92571
15	85	85	2.65063	-5.11602	-5.19644
25	5	5	4.58064	-5.72951	-3.74556
25	5	15	3.65505	-5.11245	-4.0109
25	5	25	3.51345	-5.7353	-5.05613
25	5	35	3.45505	-5.53838	-5.52
25	5	45	3.05953	-5.06189	-4.88959
25	5	55	3.11753	-3.95222	-3.47471
25	5	65	3.62399	-3.73969	-2.795
25	5	75	4.20513	-5.19428	-3.582
25	5	85	4.64465	-6.9905	-5.10014
25	15	5	3.18637	-3.79807	-3.24518
25	15	15	2.93636	-3.88285	-3.50101
25	15	25	2.77989	-4.88026	-4.97311
25	15	35	3.23787	-5.12546	-5.76429
25	15	45	2.72836	-4.26778	-4.43145
25	15	55	2.6618	-3.19614	-3.14107
25	15	65	2.70701	-2.83165	-2.76067
25	15	75	2.87588	-3.45181	-3.16943
25	15	85	3.09779	-5.27057	-4.82463
25	25	5	2.80895	-4.18056	-3.93082
25	25	15	2.70115	-3.96908	-3.82033
25	25	25	2.8528	-5.07818	-5.29646
25	25	35	3.67722	-5.10172	-6.24681
25	25	45	2.98769	-4.76333	-5.11772
25	25	55	2.5894	-3.09808	-3.18761
25	25	65	2.5787	-2.61827	-2.59256
25	25	75	2.65916	-2.98233	-2.89584
25	25	85	2.79186	-4.95241	-4.85319
25	35	5	2.60152	-4.70704	-4.66706
25	35	15	2.53299	-4.98176	-4.9811
25	35	25	2.73109	-4.7793	-4.83924
25	35	35	3.3531	-4.54008	-5.262
25	35	45	3.06914	-4.2025	-4.4805
25	35	55	2.50782	-2.90053	-2.89488
25	35	65	2.53528	-2.73134	-2.75294
25	35	75	2.65982	-3.54058	-3.59421
25	35	85	2.58484	-4.84141	-5.1508
25	45	5	1.75792	-4.96262	-4.94861
25	45	15	2.6719	-4.38245	-4.26172
25	45	25	3.23223	-4.19165	-3.71004
25	45	35	4.49465	-4.40881	-4.84759
25	45	45	3.76825	-4.26121	-4.31801
25	45	55	3.06525	-3.90517	-3.77462
25	45	65	2.61718	-3.40167	-3.42011
25	45	75	2.5776	-4.84234	-4.86141
25	45	85	1.83317	-5.10563	-5.18594
25	55	5	2.31669	-5.16236	-5.00243
25	55	15	2.71504	-3.85805	-3.67685
25	55	25	2.65465	-4.59326	-4.48963
25	55	35	3.31625	-4.42166	-4.81642
25	55	45	3.18665	-4.19382	-4.55381
25	55	55	2.60313	-3.15484	-3.19724
25	55	65	2.63754	-3.71636	-3.75557
25	55	75	2.63994	-4.81952	-4.71879
25	55	85	2.41196	-5.26004	-5.29936
25	65	5	2.5648	-4.84573	-4.8629
25	65	15	2.52838	-3.6185	-3.63486
25	65	25	2.5727	-4.76356	-4.78156
25	65	35	2.79308	-4.95364	-5.19238
25	65	45	2.73641	-4.65925	-4.72108
25	65	55	2.67772	-3.33192	-3.29051
25	65	65	2.60341	-3.99267	-3.98835
25	65	75	2.58833	-4.66142	-4.67817
25	65	85	2.58387	-5.07011	-5.14144
25	75	5	2.53192	-4.16203	-4.20403
25	75	15	2.25164	-3.41204	-3.43287
25	75	25	2.63091	-5.00614	-5.00613
25	75	35	2.71145	-5.06717	-5.24755
25	75	45	2.67317	-4.70492	-4.82686
25	75	55	2.59728	-3.11953	-3.12541
25	75	65	2.50328	-4.41734	-4.44763
25	75	75	2.59471	-4.79482	-4.85875
25	75	85	2.71292	-5.09828	-5.26005
25	85	5	2.87191	-4.34201	-4.0661
25	85	15	2.59145	-3.80205	-3.62248
25	85	25	2.63023	-5.00543	-5.04543
25	85	35	2.63224	-5.07572	-5.15694
25	85	45	2.67469	-4.71829	-4.80235
25	85	55	2.65791	-3.26843	-3.2953
25	85	65	2.80281	-3.77489	-3.62663
25	85	75	2.9333	-4.93438	-4.63782
25	85	85	2.93235	-5.37628	-5.21797
35	5	5	4.88944	-5.35913	-3.06397
35	5	15	4.37744	-4.72686	-2.94136
35	5	25	3.79269	-5.53485	-4.4149
35	5	35	3.15464	-5.50014	-5.30295
35	5	45	3.0955	-5.08193	-5.22557
35	5	55	3.48082	-4.03563	-4.28212
35	5	65	3.87161	-3.93226	-2.95747
35	5	75	4.31131	-4.98559	-3.3969
35	5	85	4.85638	-6.75271	-4.69643
35	15	5	3.63371	-3.74139	-2.78404
35	15	15	3.56428	-3.62608	-2.77626
35	15	25	3.16432	-4.27222	-3.94147
35	15	35	3.04386	-5.1859	-5.50352
35	15	45	2.80397	-4.50919	-4.70684
35	15	55	2.82515	-3.36153	-3.50146
35	15	65	2.81993	-3.2322	-3.05392
35	15	75	2.96798	-4.44949	-4.19669
35	15	85	3.05884	-4.557	-4.33367
35	25	5	3.24587	-3.50514	-2.98308
35	25	15	2.85609	-3.20602	-2.98714
35	25	25	2.75905	-4.33618	-4.41182
35	25	35	3.0796	-5.0996	-5.62146
35	25	45	2.94688	-4.40579	-4.79453
35	25	55	2.75934	-3.18828	-3.2305
35	25	65	2.67748	-3.06665	-3.06434
35	25	75	2.63854	-3.14107	-3.09517
35	25	85	2.97185	-3.66218	-3.38457
35	35	5	2.6311	-3.3201	-3.31006
35	35	15	2.59501	-4.36124	-4.31964
35	35	25	2.87367	-4.97692	-5.21852
35	35	35	3.37812	-5.06137	-5.76718
35	35	45	3.34892	-4.68341	-5.25854
35	35	55	2.62098	-3.25513	-3.26371
35	35	65	2.71288	-3.02409	-2.94471
35	35	75	2.79461	-3.25582	-3.09303
35	35	85	2.88375	-3.56503	-3.6023
35	45	5	2.50358	-5.11625	-5.0703
35	45	15	2.61127	-4.83327	-4.77347
35	45	25	2.73152	-4.64006	-4.65966
35	45	35	3.61511	-4.93565	-5.63721
35	45	45	3.59	-3.27171	-3.78726
35	45	55	3.09787	-3.90248	-3.64803
35	45	65	2.85593	-3.34487	-3.16161
35	45	75	2.81389	-4.83985	-4.7378
35	45	85	2.97516	-5.3116	-5.35306
35	55	5	2.88069	-5.24933	-4.80573
35	55	15	2.7151	-4.64531	-4.47925
35	55	25	2.79463	-5.20923	-5.08525
35	55	35	3.51307	-4.81344	-5.57301
35	55	45	3.20464	-3.97614	-4.48454
35	55	55	2.76483	-2.72246	-2.75859
35	55	65	2.90513	-2.98455	-2.91288
35	55	75	3.03032	-4.72525	-4.36919
35	55	85	3.3475	-5.53045	-5.35917
35	65	5	2.55402	-4.80495	-4.80239
35	65	15	2.55145	-3.96248	-3.96047
35	65	25	2.55143	-4.97394	-4.97355
35	65	35	2.91262	-5.0506	-5.43059
35	65	45	2.91583	-4.82634	-5.18793
35	65	55	2.69929	-3.28581	-3.42388
35	65	65	2.76464	-2.87219	-3.08783
35	65	75	2.62709	-3.82352	-3.82026
35	65	85	2.59861	-4.65821	-4.69798
35	75	5	2.55275	-4.12249	-4.14281
35	75	15	2.49261	-3.61727	-3.61807
35	75	25	2.57141	-4.91312	-4.93271
35	75	35	2.75186	-5.11526	-5.27604
35	75	45	2.69269	-5.0791	-5.22106
35	75	55	2.75323	-3.41208	-3.61403
35	75	65	2.86327	-3.20561	-3.53657
35	75	75	2.62615	-4.10079	-4.21451
35	75	85	2.57621	-4.93405	-4.9772
35	85	5	3.21191	-4.20201	-3.62321
35	85	15	2.95147	-3.92447	-3.5249
35	85	25	2.71184	-4.83344	-4.71346
35	85	35	2.69304	-5.13933	-5.20133
35	85	45	2.91431	-4.98136	-5.22462
35	85	55	3.13515	-3.3541	-3.89823
35	85	65	2.83195	-3.26247	-3.34243
35	85	75	3.08445	-3.90879	-3.5597
35	85	85	3.27238	-5.53594	-4.95841
45	5	5	4.86153	-5.20635	-2.94001
45	5	15	4.64349	-4.80325	-2.75255
45	5	25	4.234	-5.35293	-3.89103
45	5	35	3.31635	-5.6951	-5.25795
45	5	45	3.13805	-5.46243	-5.28857
45	5	55	3.95557	-4.70089	-5.34051
45	5	65	3.51415	-3.56138	-3.81471
45	5	75	3.85687	-5.06303	-4.00929
45	5	85	4.35711	-6.033	-4.351
45	15	5	3.53408	-4.1115	-3.17443
45	15	15	4.12659	-4.47347	-2.98387
45	15	25	3.81067	-4.67741	-3.73907
45	15	35	3.06378	-5.39683	-5.29009
45	15	45	3.12608	-5.06983	-5.30921
45	15	55	3.3839	-3.88555	-4.34259
45	15	65	2.99342	-3.56648	-3.70368
45	15	75	2.99702	-5.11477	-5.12262
45	15	85	2.94811	-5.1016	-4.84792
45	25	5	3.03202	-4.20052	-3.89213
45	25	15	2.90785	-3.30761	-3.07805
45	25	25	2.95277	-3.75413	-3.87539
45	25	35	2.80206	-5.10215	-5.34089
45	25	45	2.93433	-4.17413	-4.49311
45	25	55	2.88596	-3.11896	-3.31524
45	25	65	2.68987	-3.2806	-3.35004
45	25	75	2.68421	-4.25126	-4.32227
45	25	85	2.81396	-3.86192	-3.8256
45	35	5	2.77334	-3.19085	-3.27878
45	35	15	2.66625	-3.34115	-3.4099
45	35	25	2.79381	-4.74067	-4.99988
45	35	35	3.1589	-5.108	-5.69068
45	35	45	2.87679	-4.4651	-4.66531
45	35	55	2.76045	-3.29364	-3.29186
45	35	65	2.63417	-3.06477	-3.0626
45	35	75	2.83569	-3.5443	-3.42046
45	35	85	2.92385	-3.3043	-3.47151
45	45	5	3.31263	-5.68934	-5.04456
45	45	15	3.03905	-5.26712	-4.97188
45	45	25	3.17728	-5.12999	-5.14901
45	45	35	3.57631	-5.23881	-5.86434
45	45	45	3.07619	-3.4618	-3.863
45	45	55	2.75364	-3.09189	-3.01324
45	45	65	3.01336	-3.76698	-3.34474
45	45	75	3.43568	-5.34272	-4.93809
45	45	85	4.18612	-5.88532	-5.75189
45	55	5	2.73757	-4.87711	-4.69265
45	55	15	2.70211	-4.67042	-4.52412
45	55	25	2.83482	-5.17794	-5.17679
45	55	35	3.43506	-4.93201	-5.77482
45	55	45	2.91108	-3.8951	-4.17434
45	55	55	2.67289	-2.78061	-2.74166
45	55	65	2.85671	-2.97529	-2.71046
45	55	75	3.13073	-4.54171	-4.24202
45	55	85	3.65948	-5.45641	-5.61831
45	65	5	2.6028	-4.01167	-3.96117
45	65	15	2.61688	-3.86174	-3.79699
45	65	25	2.6131	-4.99124	-5.03005
45	65	35	3.11264	-5.12171	-5.64092
45	65	45	2.8015	-5.05587	-5.3035
45	65	55	2.61529	-3.7011	-3.75969
45	65	65	2.63831	-2.59911	-2.67353
45	65	75	2.70363	-3.66804	-3.75543
45	65	85	2.80776	-4.78127	-4.94778
45	75	5	2.57472	-3.67557	-3.69429
45	75	15	2.55436	-3.3785	-3.37692
45	75	25	2.59237	-4.8405	-4.87925
45	75	35	2.73118	-5.11962	-5.27948
45	75	45	2.71994	-5.10149	-5.26944
45	75	55	2.79306	-3.9971	-4.23792
45	75	65	2.87166	-2.70584	-3.02602
45	75	75	2.75934	-2.92117	-3.08127
45	75	85	2.6356	-4.27883	-4.23669
45	85	5	3.65197	-4.19956	-3.21872
45	85	15	3.43152	-4.10247	-3.22292
45	85	25	2.89224	-4.71435	-4.45394
45	85	35	2.69227	-5.13868	-5.19947
45	85	45	2.67552	-5.10235	-5.18596
45	85	55	3.15203	-3.98239	-4.54177
45	85	65	3.35484	-2.81084	-3.44946
45	85	75	3.12417	-3.20924	-3.01291
45	85	85	3.31686	-4.14698	-3.46367
55	5	5	4.34411	-5.35777	-3.61223
55	5	15	4.59476	-4.92678	-2.92331
55	5	25	4.20406	-5.19658	-3.62536
55	5	35	3.68376	-6.03808	-5.3112
55	5	45	3.04823	-5.52946	-5.05168
55	5	55	3.00423	-5.01359	-4.68289
55	5	65	3.36755	-3.97536	-3.99963
55	5	75	3.24472	-5.46459	-4.89824
55	5	85	3.50779	-5.83029	-4.87942
55	15	5	3.57635	-5.06721	-4.12969
55	15	15	4.41296	-5.37332	-3.56536
55	15	25	4.41621	-5.11555	-3.65891
55	15	35	3.8525	-6.08768	-5.44463
55	15	45	2.96241	-5.30919	-5.10595
55	15	55	3.58062	-4.78994	-4.60294
55	15	65	3.32051	-4.633	-4.46923
55	15	75	3.38855	-5.73946	-5.10632
55	15	85	3.20967	-5.57201	-5.12192
55	25	5	2.84029	-4.67574	-4.68457
55	25	15	2.94346	-3.82275	-3.49575
55	25	25	2.86513	-3.36238	-3.34937
55	25	35	2.98138	-5.16094	-5.45254
55	25	45	2.92896	-4.73188	-4.84954
55	25	55	3.20001	-3.33704	-3.66802
55	25	65	3.17747	-3.97413	-4.04022
55	25	75	2.7694	-5.10132	-5.05361
55	25	85	2.91363	-5.11079	-5.04765
55	35	5	2.94465	-4.30769	-4.27523
55	35	15	2.81598	-3.12589	-3.01117
55	35	25	2.87744	-4.24221	-4.40478
55	35	35	3.26939	-5.25336	-5.62957
55	35	45	2.83547	-4.26542	-4.54207
55	35	55	2.86783	-3.35232	-3.45018
55	35	65	2.68842	-3.55326	-3.62612
55	35	75	2.83078	-4.65933	-4.71026
55	35	85	3.05821	-4.79674	-4.87926
55	45	5	4.31512	-6.08946	-5.5239
55	45	15	3.3863	-5.68779	-4.95243
55	45	25	3.26017	-5.29166	-5.11021
55	45	35	3.84385	-5.21859	-6.26419
55	45	45	2.7826	-4.2626	-4.4128
55	45	55	2.59639	-3.38887	-3.39258
55	45	65	2.59203	-3.56419	-3.56394
55	45	75	3.29313	-4.9013	-5.1397
55	45	85	4.252	-5.95173	-5.72285
55	55	5	3.62568	-5.53576	-5.09974
55	55	15	3.24998	-5.00661	-4.57175
55	55	25	3.09705	-5.22304	-5.23801
55	55	35	3.80198	-5.11861	-6.2054
55	55	45	2.7108	-4.12121	-4.16013
55	55	55	2.63461	-3.62921	-3.55039
55	55	65	2.71388	-2.90104	-2.73987
55	55	75	3.41429	-4.62814	-4.84811
55	55	85	4.11191	-5.66443	-5.96477
55	65	5	2.84877	-4.16715	-4.12954
55	65	15	2.74154	-3.77811	-3.71968
55	65	25	2.83542	-4.75366	-4.7916
55	65	35	3.59831	-5.16553	-6.08318
55	65	45	2.6312	-5.10546	-5.17117
55	65	55	2.59691	-4.26154	-4.25854
55	65	65	2.5619	-2.64448	-2.61481
55	65	75	2.82269	-3.68547	-3.93338
55	65	85	3.30872	-5.19733	-5.52365
55	75	5	2.80791	-3.38373	-3.1818
55	75	15	2.61768	-3.24402	-3.22145
55	75	25	2.57414	-4.33836	-4.35662
55	75	35	3.03484	-5.14027	-5.54233
55	75	45	2.6437	-5.12335	-5.17336
55	75	55	2.61615	-4.3033	-4.32401
55	75	65	2.59173	-2.63467	-2.59397
55	75	75	2.76207	-3.1017	-3.05305
55	75	85	2.84999	-4.50956	-4.29441
55	85	5	3.79807	-4.32717	-3.16848
55	85	15	3.9949	-4.49479	-3.05602
55	85	25	3.13223	-4.64813	-4.06813
55	85	35	3.09489	-5.21897	-5.51847
55	85	45	2.68452	-5.14419	-5.15329
55	85	55	2.57378	-4.44431	-4.44249
55	85	65	2.89506	-2.92317	-3.02074
55	85	75	3.36611	-3.94798	-3.25373
55	85	85	3.60084	-4.98745	-4.05865
65	5	5	4.39751	-6.19814	-4.60747
65	5	15	4.65284	-5.67377	-3.63301
65	5	25	4.38381	-5.30959	-3.64534
65	5	35	4.16154	-6.12699	-5.64621
65	5	45	3.18677	-5.69523	-5.10598
65	5	55	2.95764	-5.1278	-4.8021
65	5	65	3.02732	-4.76392	-4.41006
65	5	75	2.91761	-5.36748	-5.07109
65	5	85	3.52703	-5.81055	-5.27321
65	15	5	4.20146	-6.20128	-4.56421
65	15	15	4.61734	-6.23278	-4.25709
65	15	25	4.68392	-6.14471	-4.30431
65	15	35	4.23464	-6.24922	-5.57698
65	15	45	3.08236	-5.47081	-5.06486
65	15	55	3.07806	-5.02781	-4.54092
65	15	65	3.68494	-5.20266	-4.43612
65	15	75	3.70766	-6.08067	-5.21912
65	15	85	4.39228	-6.72894	-5.28568
65	25	5	3.5172	-5.25698	-4.9899
65	25	15	3.42726	-4.524	-4.07568
65	25	25	3.50383	-3.60304	-3.5713
65	25	35	2.77092	-5.16536	-5.35273
65	25	45	2.66987	-4.51538	-4.52648
65	25	55	2.88916	-3.31521	-3.26301
65	25	65	3.13462	-4.45745	-4.09341
65	25	75	3.37814	-5.67665	-5.27713
65	25	85	3.46736	-5.82065	-5.29585
65	35	5	3.43347	-4.764	-5.15357
65	35	15	3.32979	-3.14197	-3.4182
65	35	25	3.86587	-3.83502	-4.61835
65	35	35	3.18606	-5.34905	-5.47394
65	35	45	3.22089	-4.29221	-4.60052
65	35	55	2.88921	-2.99666	-3.26559
65	35	65	2.75915	-3.4849	-3.71036
65	35	75	3.07928	-5.01516	-5.46085
65	35	85	3.13632	-5.08221	-5.38182
65	45	5	3.27079	-5.2753	-5.50744
65	45	15	3.56309	-5.26914	-4.6867
65	45	25	3.76084	-5.10412	-5.64314
65	45	35	3.84386	-5.36958	-6.13047
65	45	45	3.02159	-4.42559	-4.68867
65	45	55	2.82885	-3.9069	-4.1418
65	45	65	2.8784	-4.06489	-4.27181
65	45	75	3.31436	-4.87082	-5.51296
65	45	85	2.77303	-4.9537	-5.89011
65	55	5	3.79441	-5.58388	-5.31657
65	55	15	3.11634	-4.58304	-4.39049
65	55	25	3.2455	-4.68221	-4.92877
65	55	35	4.2668	-5.25816	-6.65146
65	55	45	3.01927	-4.76312	-4.74894
65	55	55	2.94167	-4.42604	-4.09349
65	55	65	2.79496	-3.20897	-3.0693
65	55	75	3.87708	-5.01447	-5.29334
65	55	85	4.10751	-5.69728	-6.00642
65	65	5	3.9771	-5.10438	-4.8847
65	65	15	3.06602	-3.816	-3.3706
65	65	25	3.2354	-4.0096	-4.21256
65	65	35	3.60038	-5.2208	-6.10686
65	65	45	2.71472	-5.12475	-5.20081
65	65	55	2.6599	-4.80808	-4.78324
65	65	65	2.74327	-3.06191	-3.03226
65	65	75	3.10608	-4.00904	-4.51438
65	65	85	4.02881	-5.51791	-6.01174
65	75	5	3.30945	-3.93565	-3.78206
65	75	15	2.75332	-3.22359	-3.13871
65	75	25	2.74088	-3.75947	-3.81655
65	75	35	3.20868	-5.12302	-5.79987
65	75	45	2.73228	-5.21122	-5.17446
65	75	55	2.70154	-4.73198	-4.66247
65	75	65	2.6059	-2.71922	-2.60514
65	75	75	2.83318	-3.65445	-3.59268
65	75	85	3.80713	-5.58594	-5.39672
65	85	5	4.35416	-5.25649	-3.67673
65	85	15	4.05129	-4.34878	-2.91727
65	85	25	3.87859	-4.76443	-3.73111
65	85	35	3.72441	-5.69324	-5.67439
65	85	45	3.18729	-5.59263	-5.24841
65	85	55	2.92621	-5.27679	-4.90248
65	85	65	3.20906	-3.42326	-2.88602
65	85	75	3.46294	-4.77774	-4.07714
65	85	85	4.4367	-6.26029	-5.14343
75	5	5	3.8928	-5.52808	-5.64447
75	5	15	4.09474	-5.61938	-4.78694
75	5	25	3.96546	-5.12805	-4.44169
75	5	35	4.18445	-6.40391	-5.37275
75	5	45	3.46943	-5.91813	-5.04375
75	5	55	3.02266	-5.39404	-4.9621
75	5	65	3.20308	-5.08644	-5.0421
75	5	75	3.30234	-5.54692	-5.27623
75	5	85	3.57096	-5.53424	-5.64452
75	15	5	4.10596	-6.04929	-5.5474
75	15	15	3.5965	-5.86096	-5.2437
75	15	25	3.90933	-5.74667	-4.87574
75	15	35	4.20724	-6.685	-5.31404
75	15	45	3.38514	-5.83492	-5.04645
75	15	55	3.30564	-5.13525	-4.50264
75	15	65	4.06351	-5.25364	-5.25012
75	15	75	3.70847	-5.77778	-5.55363
75	15	85	3.61239	-5.76672	-5.49608
75	25	5	2.95849	-4.94361	-5.06693
75	25	15	3.18555	-4.59319	-4.58364
75	25	25	3.39934	-4.12804	-3.86875
75	25	35	2.9338	-5.37128	-5.25782
75	25	45	2.80805	-4.63507	-4.38562
75	25	55	3.27391	-3.85876	-3.50421
75	25	65	3.15977	-4.24146	-4.38733
75	25	75	3.06763	-5.15178	-5.53493
75	25	85	2.92917	-5.1655	-5.4355
75	35	5	3.38805	-4.96202	-5.51941
75	35	15	3.77839	-3.33361	-4.15938
75	35	25	4.09572	-3.44004	-4.25913
75	35	35	2.92991	-5.29229	-5.45102
75	35	45	3.01746	-4.1401	-3.97109
75	35	55	3.22742	-2.93662	-3.21825
75	35	65	3.30455	-3.74575	-4.35259
75	35	75	3.32119	-5.10129	-5.86823
75	35	85	3.04866	-5.1413	-5.57887
75	45	5	3.92912	-4.8424	-5.99368
75	45	15	4.21336	-4.13876	-5.36469
75	45	25	4.27576	-4.60435	-5.83562
75	45	35	3.69357	-5.2793	-6.06602
75	45	45	3.29041	-4.68348	-5.29966
75	45	55	2.91199	-4.08328	-4.36177
75	45	65	2.98016	-4.29947	-4.56816
75	45	75	3.67426	-4.97127	-5.99371
75	45	85	3.09022	-5.19948	-5.79987
75	55	5	4.36994	-5.3255	-6.01787
75	55	15	3.95174	-4.11991	-5.15648
75	55	25	3.93477	-4.21008	-5.55254
75	55	35	3.91277	-5.1356	-6.49649
75	55	45	3.46133	-5.00447	-5.75156
75	55	55	3.13941	-4.90724	-5.09404
75	55	65	3.02107	-3.9605	-3.78416
75	55	75	4.05909	-5.18772	-5.58054
75	55	85	4.0891	-5.80749	-5.8422
75	65	5	4.77272	-6.12517	-5.10028
75	65	15	3.88733	-4.2968	-4.03249
75	65	25	3.45816	-3.36395	-3.91119
75	65	35	4.22304	-5.36916	-6.52119
75	65	45	3.52228	-5.62235	-5.55678
75	65	55	3.10824	-5.45087	-5.08723
75	65	65	3.17515	-3.90187	-3.52444
75	65	75	3.93574	-5.16488	-5.14136
75	65	85	4.54129	-6.19767	-5.95223
75	75	5	4.34545	-4.92494	-4.63093
75	75	15	3.33108	-3.55722	-3.15366
75	75	25	3.24145	-3.13152	-3.21234
75	75	35	3.51742	-5.01778	-6.15938
75	75	45	2.97742	-5.42798	-5.204
75	75	55	3.14779	-5.37364	-4.90637
75	75	65	3.32876	-3.77249	-3.03489
75	75	75	3.69311	-4.94071	-4.35902
75	75	85	5.00553	-6.35318	-6.20152
75	85	5	4.8015	-5.67154	-5.27228
75	85	15	3.65394	-4.15889	-3.40362
75	85	25	3.47793	-3.86604	-3.66366
75	85	35	3.51941	-5.43986	-5.75625
75	85	45	2.85942	-5.32505	-5.06705
75	85	55	3.21589	-5.56685	-4.92214
75	85	65	3.87865	-4.76006	-3.47205
75	85	75	4.4879	-6.32735	-4.75612
75	85	85	5.24682	-6.58471	-6.13076
85	5	5	3.55269	-5.32064	-5.72143
85	5	15	3.11471	-5.34801	-5.07035
85	5	25	3.23862	-5.25222	-4.80299
85	5	35	3.52079	-5.61587	-5.18586
85	5	45	3.24464	-5.75148	-5.0667
85	5	55	3.21645	-5.68564	-5.02155
85	5	65	3.37304	-5.29884	-4.75926
85	5	75	3.51747	-5.96944	-5.09629
85	5	85	3.87189	-5.63187	-5.87191
85	15	5	3.53667	-5.3052	-5.88362
85	15	15	2.85749	-5.18196	-5.28112
85	15	25	2.71513	-5.07072	-5.03063
85	15	35	2.84158	-5.2517	-5.24191
85	15	45	2.95951	-5.48752	-5.08503
85	15	55	3.43583	-5.16247	-4.6833
85	15	65	4.53312	-4.51486	-4.62492
85	15	75	3.37949	-5.58678	-5.27123
85	15	85	3.33183	-5.43711	-5.54513
85	25	5	3.25849	-5.04384	-5.74766
85	25	15	2.73669	-4.80125	-4.98526
85	25	25	2.71388	-4.42064	-4.5034
85	25	35	2.83273	-5.17275	-5.19424
85	25	45	3.10338	-5.22537	-4.77704
85	25	55	4.19134	-4.09653	-3.8647
85	25	65	4.25238	-3.69772	-4.66051
85	25	75	3.48675	-5.17717	-5.77839
85	25	85	2.91771	-5.18243	-5.42774
85	35	5	3.17513	-4.90245	-5.52652
85	35	15	3.95749	-3.73683	-4.78169
85	35	25	3.70425	-3.52583	-3.83825
85	35	35	3.02746	-5.1181	-5.18091
85	35	45	3.15523	-4.0774	-3.89054
85	35	55	3.52687	-2.87779	-3.63333
85	35	65	3.08762	-3.46892	-3.90048
85	35	75	3.25561	-5.08114	-5.78345
85	35	85	2.8411	-5.12178	-5.3717
85	45	5	4.4839	-5.30643	-6.0105
85	45	15	5.06951	-3.52005	-5.21134
85	45	25	4.21589	-3.6671	-4.88309
85	45	35	3.01869	-5.00358	-5.42718
85	45	45	3.02238	-4.84209	-5.27255
85	45	55	3.20079	-4.19692	-4.56574
85	45	65	3.01839	-4.13503	-4.52191
85	45	75	3.59056	-5.19359	-5.91358
85	45	85	3.80294	-5.44313	-5.93193
85	55	5	4.6207	-4.71326	-6.01721
85	55	15	4.62557	-3.35762	-5.06209
85	55	25	4.30306	-3.31902	-5.02983
85	55	35	3.34985	-4.98717	-5.98636
85	55	45	3.49671	-4.96141	-5.96992
85	55	55	2.96753	-4.81323	-5.22821
85	55	65	2.69476	-4.14284	-4.26338
85	55	75	3.5997	-5.03346	-5.98426
85	55	85	3.51172	-5.31413	-5.8421
85	65	5	5.22781	-5.98549	-5.33351
85	65	15	4.9368	-4.39529	-4.33958
85	65	25	4.21742	-3.63914	-4.10472
85	65	35	3.98625	-5.02422	-6.31858
85	65	45	4.04988	-5.1219	-6.38278
85	65	55	3.19323	-5.35844	-5.40108
85	65	65	3.15451	-4.65538	-4.07676
85	65	75	3.79408	-5.69621	-5.19275
85	65	85	4.67778	-6.15713	-6.11522
85	75	5	4.10111	-4.88627	-4.9466
85	75	15	3.5963	-3.55368	-3.17165
85	75	25	3.61503	-3.33314	-3.46954
85	75	35	4.35544	-4.8661	-6.22568
85	75	45	3.68864	-5.0018	-5.54298
85	75	55	2.84843	-5.18205	-5.19944
85	75	65	2.81164	-3.66027	-3.45998
85	75	75	3.07069	-4.82809	-4.54804
85	75	85	4.15477	-5.77213	-5.99045
85	85	5	3.69623	-5.34362	-5.02322
85	85	15	3.47588	-4.26165	-3.89805
85	85	25	3.14474	-3.93423	-3.73011
85	85	35	4.07218	-5.47733	-6.07689
85	85	45	3.40865	-5.37952	-4.99792
85	85	55	3.3743	-5.84204	-5.02539
85	85	65	3.09072	-4.59723	-4.01733
85	85	75	3.05104	-5.1787	-4.84072
85	85	85	3.65149	-5.62196	-5.56206
