5	5	5	3.35768	-5.06126	-6.21007
5	5	15	2.6456	-4.5833	-4.67733
5	5	25	2.59663	-3.43688	-3.4568
5	5	35	2.73921	-3.12831	-2.88362
5	5	45	3.44392	-3.38462	-3.73335
5	5	55	3.80437	-3.20004	-4.00027
5	5	65	3.38093	-3.46548	-3.84606
5	5	75	2.71527	-4.30695	-4.21171
5	5	85	2.9595	-4.99934	-5.53861
5	15	5	3.07589	-4.65961	-5.40645
5	15	15	2.05784	-2.49562	-2.54528
5	15	25	1.79227	-2.18803	-1.84689
5	15	35	2.37423	-3.2452	-2.58159
5	15	45	3.19628	-5.48296	-4.9553
5	15	55	3.20121	-5.29322	-5.49143
5	15	65	2.91871	-5.28609	-5.40325
5	15	75	2.71469	-4.97725	-4.91146
5	15	85	2.71614	-4.72007	-4.9431
5	25	5	3.2191	-4.8071	-5.41437
5	25	15	2.50025	-3.47461	-3.31904
5	25	25	2.75984	-2.88726	-2.19364
5	25	35	3.16235	-3.27089	-2.24392
5	25	45	2.99323	-4.97767	-4.35554
5	25	55	3.13253	-5.25929	-5.31806
5	25	65	2.80832	-4.86528	-4.85642
5	25	75	2.6436	-4.78285	-4.69662
5	25	85	2.89775	-5.25443	-5.162
5	35	5	3.16713	-5.18646	-5.76165
5	35	15	2.58637	-5.00218	-4.98846
5	35	25	2.8528	-3.61706	-3.25955
5	35	35	3.39532	-3.31625	-2.58762
5	35	45	3.02197	-3.90822	-3.47961
5	35	55	2.80645	-4.62953	-4.57337
5	35	65	2.72263	-4.82474	-4.85286
5	35	75	2.64676	-4.16604	-4.15182
5	35	85	2.66207	-5.03281	-5.19113
5	45	5	3.18752	-5.18614	-5.74173
5	45	15	2.71138	-5.19769	-5.14373
5	45	25	3.10416	-3.96791	-3.41383
5	45	35	3.43601	-3.2235	-2.70196
5	45	45	2.55533	-3.25701	-3.20919
5	45	55	2.42319	-4.74808	-4.85179
5	45	65	2.52116	-4.14629	-4.18827
5	45	75	2.70239	-3.34366	-3.28317
5	45	85	2.78332	-4.92155	-5.00024
5	55	5	3.26877	-5.65541	-5.42191
5	55	15	3.3576	-5.64202	-5.00769
5	55	25	4.12547	-4.76594	-3.51809
5	55	35	4.37767	-4.35283	-2.809
5	55	45	4.23325	-4.50212	-3.21876
5	55	55	3.74391	-5.66685	-4.78729
5	55	65	3.51794	-4.1237	-3.95366
5	55	75	3.23106	-3.73185	-3.39824
5	55	85	3.32476	-5.04458	-5.11799
5	65	5	3.46265	-5.51191	-6.05697
5	65	15	3.48342	-5.21467	-5.54158
5	65	25	3.83719	-4.46431	-4.20981
5	65	35	4.54386	-4.48781	-3.11099
5	65	45	5.0523	-5.30988	-3.5851
5	65	55	4.69819	-5.60316	-4.2416
5	65	65	4.45412	-4.06357	-3.84449
5	65	75	3.7665	-3.42618	-3.40491
5	65	85	3.94476	-4.63789	-5.32729
5	75	5	4.8311	-6.02774	-6.45053
5	75	15	4.09513	-5.48988	-5.01745
5	75	25	4.56848	-4.88674	-3.63957
5	75	35	4.4843	-4.65283	-3.29765
5	75	45	5.317	-6.05463	-4.79742
5	75	55	5.70041	-5.77068	-4.84526
5	75	65	4.71167	-3.92397	-3.6524
5	75	75	3.26886	-3.16078	-2.94135
5	75	85	4.00811	-4.28431	-4.76754
5	85	5	4.31913	-5.54886	-6.57134
5	85	15	3.34945	-4.99575	-4.64758
5	85	25	3.44428	-3.8854	-3.35752
5	85	35	3.23127	-3.64008	-3.14711
5	85	45	4.25783	-3.79657	-4.13842
5	85	55	4.09895	-3.27111	-3.77481
5	85	65	3.2306	-2.94381	-3.4721
5	85	75	2.74139	-2.95669	-3.06018
5	85	85	3.00177	-4.3443	-4.76358
15	5	5	3.32615	-5.1063	-6.56033
15	5	15	2.9631	-4.46309	-5.08036
15	5	25	2.71321	-3.28848	-3.41022
15	5	35	2.81745	-3.26371	-3.35051
15	5	45	3.49183	-3.62167	-4.24167
15	5	55	4.10022	-3.94509	-4.70869
15	5	65	3.66552	-3.44482	-3.91997
15	5	75	3.51305	-3.39842	-3.83581
15	5	85	3.35329	-4.86664	-5.39333
15	15	5	2.39107	-5.0187	-5.92432
15	15	15	1.4609	-3.45998	-3.46242
15	15	25	2.33412	-3.19045	-2.75724
15	15	35	2.81314	-4.17146	-3.74919
15	15	45	2.21901	-5.14764	-5.15922
15	15	55	2.09994	-5.24958	-6.18346
15	15	65	2.63455	-5.16859	-5.71346
15	15	75	2.88851	-5.10863	-5.15684
15	15	85	2.79509	-4.90196	-5.36792
15	25	5	2.61006	-5.27514	-5.73995
15	25	15	2.70168	-4.41837	-3.92159
15	25	25	3.24098	-3.78397	-2.86918
15	25	35	3.03817	-3.33137	-2.41413
15	25	45	2.73583	-4.41373	-4.28801
15	25	55	3.19109	-5.07682	-6.05636
15	25	65	3.22625	-4.58217	-5.53855
15	25	75	2.80826	-4.76082	-4.83563
15	25	85	3.05392	-5.33784	-5.46032
15	35	5	3.21192	-5.44078	-5.60114
15	35	15	3.12227	-5.63702	-5.1177
15	35	25	3.39247	-4.71604	-3.78582
15	35	35	4.25371	-4.07395	-2.51004
15	35	45	3.67211	-4.66547	-3.7346
15	35	55	3.62427	-4.92272	-5.30521
15	35	65	3.56729	-4.0995	-4.56792
15	35	75	3.15941	-4.13365	-4.23046
15	35	85	3.23355	-5.25445	-5.31771
15	45	5	3.20979	-5.67895	-5.54134
15	45	15	3.37342	-5.90437	-5.12795
15	45	25	3.66334	-5.07178	-4.10059
15	45	35	4.73055	-4.01153	-3.19757
15	45	45	3.44628	-3.3248	-2.96347
15	45	55	3.28282	-3.99434	-4.25245
15	45	65	3.12285	-3.57414	-4.03663
15	45	75	2.93287	-3.62364	-3.73179
15	45	85	3.18375	-5.23197	-5.14412
15	55	5	3.70765	-6.20628	-5.40733
15	55	15	4.22113	-6.75595	-5.09046
15	55	25	4.37368	-5.60058	-4.14614
15	55	35	4.96928	-4.04524	-3.4704
15	55	45	4.04068	-3.70605	-3.00032
15	55	55	3.5134	-3.82613	-3.47686
15	55	65	3.24682	-3.41965	-3.2662
15	55	75	3.0284	-3.22646	-3.29545
15	55	85	3.32028	-4.91201	-4.68607
15	65	5	2.9145	-5.44264	-5.89096
15	65	15	3.21738	-5.59478	-5.24135
15	65	25	3.55685	-4.71407	-4.88867
15	65	35	4.14767	-3.80315	-4.18808
15	65	45	4.64057	-5.14244	-4.76979
15	65	55	4.12272	-5.24541	-4.71898
15	65	65	4.58074	-4.23715	-3.62866
15	65	75	4.61242	-3.56324	-3.83873
15	65	85	4.11045	-4.19922	-4.90844
15	75	5	4.09076	-5.8834	-6.70889
15	75	15	4.0331	-5.57355	-5.67692
15	75	25	3.6578	-4.40364	-4.13847
15	75	35	4.05296	-4.4423	-3.8874
15	75	45	4.56681	-5.76654	-6.14098
15	75	55	4.78963	-5.75808	-5.76904
15	75	65	5.56421	-4.76891	-4.55388
15	75	75	4.94236	-3.75254	-4.51766
15	75	85	5.1114	-4.16978	-5.50313
15	85	5	4.31294	-5.28615	-7.48762
15	85	15	3.87417	-4.18826	-5.3848
15	85	25	3.0476	-3.2137	-3.60219
15	85	35	2.92279	-3.48718	-3.55477
15	85	45	3.97434	-4.60181	-5.40145
15	85	55	4.30881	-4.44525	-5.01466
15	85	65	4.3428	-4.1213	-5.27724
15	85	75	4.31296	-3.22766	-4.50238
15	85	85	4.52118	-4.0725	-5.12523
25	5	5	3.9092	-5.1296	-7.56953
25	5	15	4.09204	-4.16282	-5.8116
25	5	25	2.97327	-3.18211	-3.66674
25	5	35	2.61369	-3.64221	-3.68564
25	5	45	3.35142	-4.8673	-5.3869
25	5	55	4.15383	-5.10561	-5.868
25	5	65	4.33263	-4.48365	-5.51204
25	5	75	4.4592	-3.11197	-4.24869
25	5	85	3.468	-3.99203	-5.3443
25	15	5	4.11545	-5.15	-7.09316
25	15	15	2.80454	-4.52168	-5.5541
25	15	25	2.58914	-4.62884	-4.72955
25	15	35	3.21158	-5.34817	-4.52316
25	15	45	2.41209	-5.36717	-4.90437
25	15	55	1.77773	-5.33514	-6.13073
25	15	65	2.49984	-5.11528	-5.93685
25	15	75	2.83595	-4.78441	-5.48633
25	15	85	2.79434	-4.73846	-5.50515
25	25	5	3.30177	-5.09756	-6.39596
25	25	15	2.32621	-4.32675	-4.62078
25	25	25	2.32652	-4.01446	-3.83104
25	25	35	2.58752	-3.23986	-2.64671
25	25	45	2.26125	-4.57686	-4.41681
25	25	55	1.90167	-5.07906	-5.75303
25	25	65	2.30826	-4.67647	-5.25885
25	25	75	2.73109	-4.17881	-4.54043
25	25	85	2.72342	-4.89846	-5.13967
25	35	5	3.24846	-5.64159	-5.36193
25	35	15	3.4709	-6.02281	-5.14913
25	35	25	3.62287	-5.5019	-4.36104
25	35	35	4.14263	-4.22246	-2.67823
25	35	45	3.80292	-5.10817	-3.76661
25	35	55	4.19811	-5.82094	-5.78131
25	35	65	3.58753	-4.25907	-4.54147
25	35	75	2.85973	-3.7504	-3.63521
25	35	85	3.0018	-5.0284	-4.70881
25	45	5	2.88965	-5.44024	-5.23941
25	45	15	3.02939	-5.62365	-5.12638
25	45	25	3.31674	-5.02448	-4.48487
25	45	35	4.03743	-3.3635	-3.1575
25	45	45	3.35969	-4.03052	-3.19175
25	45	55	3.85247	-5.13556	-4.75094
25	45	65	3.6764	-3.39523	-3.91207
25	45	75	3.03852	-3.34196	-3.17878
25	45	85	2.74674	-4.53629	-4.33671
25	55	5	3.3875	-5.85587	-5.35749
25	55	15	3.06815	-5.562	-5.13766
25	55	25	3.87432	-5.18204	-5.24638
25	55	35	5.10394	-3.36041	-4.5125
25	55	45	3.74781	-4.08163	-3.82576
25	55	55	3.45344	-4.49123	-4.35138
25	55	65	3.76592	-3.58422	-3.8405
25	55	75	3.15262	-3.34614	-3.01066
25	55	85	3.28975	-4.70745	-4.16786
25	65	5	3.11719	-5.76906	-5.51598
25	65	15	3.66977	-5.96232	-5.25678
25	65	25	4.21666	-5.18164	-5.70825
25	65	35	4.36868	-3.85883	-5.11771
25	65	45	3.96512	-5.24693	-5.88467
25	65	55	3.64337	-5.43294	-5.46158
25	65	65	3.93339	-4.31791	-4.27155
25	65	75	4.3915	-3.61548	-3.98079
25	65	85	3.77027	-4.18493	-4.09259
25	75	5	3.89161	-6.01023	-6.14034
25	75	15	3.6047	-5.5334	-5.54236
25	75	25	3.89702	-4.49804	-5.21136
25	75	35	3.62717	-4.32957	-5.01851
25	75	45	3.77867	-5.10817	-6.18739
25	75	55	3.62696	-5.16101	-6.03326
25	75	65	4.17167	-4.29329	-5.49469
25	75	75	5.17686	-3.96495	-5.75739
25	75	85	4.98773	-4.07364	-5.18729
25	85	5	3.80717	-5.43915	-7.03637
25	85	15	3.67281	-4.78931	-5.70511
25	85	25	3.28744	-3.11833	-3.73388
25	85	35	2.839	-3.71618	-3.96051
25	85	45	3.75388	-5.00911	-6.2503
25	85	55	3.51587	-5.03877	-5.92472
25	85	65	4.59074	-4.6726	-6.4325
25	85	75	5.39548	-4.00692	-5.84351
25	85	85	5.55721	-4.07489	-5.12888
35	5	5	2.96526	-5.02699	-5.7916
35	5	15	3.21809	-4.12243	-4.94901
35	5	25	2.65884	-2.73219	-3.02065
35	5	35	2.60588	-3.63518	-3.71639
35	5	45	3.00466	-5.2475	-5.26751
35	5	55	3.63103	-5.10056	-5.94137
35	5	65	3.85786	-4.8212	-5.56599
35	5	75	4.17671	-2.9319	-4.33511
35	5	85	3.74154	-3.11577	-4.41487
35	15	5	3.50992	-5.07527	-6.33922
35	15	15	3.654	-4.84146	-5.99585
35	15	25	2.32081	-5.02249	-4.97506
35	15	35	2.70193	-5.09647	-4.69495
35	15	45	3.22414	-5.58796	-5.02639
35	15	55	3.61138	-5.65607	-5.6345
35	15	65	2.91385	-4.71534	-5.21692
35	15	75	2.79309	-4.32277	-5.44239
35	15	85	2.51389	-4.61637	-5.59795
35	25	5	3.48779	-5.0716	-6.51201
35	25	15	3.26061	-4.80459	-5.83627
35	25	25	1.88433	-4.38404	-4.28713
35	25	35	1.93023	-3.54422	-3.41026
35	25	45	2.41606	-4.74481	-4.59119
35	25	55	2.53451	-5.12923	-5.33521
35	25	65	2.38549	-4.68027	-4.85823
35	25	75	2.36105	-3.57707	-3.91745
35	25	85	2.24946	-4.2513	-4.37049
35	35	5	3.26284	-5.15544	-6.17744
35	35	15	2.8338	-5.24346	-5.3308
35	35	25	2.15629	-4.83526	-4.75584
35	35	35	2.30092	-3.38007	-3.15686
35	35	45	2.77795	-4.57953	-4.13483
35	35	55	2.84595	-5.31232	-5.18884
35	35	65	2.88538	-4.54202	-4.34269
35	35	75	2.50487	-3.15239	-2.97318
35	35	85	2.72161	-3.77957	-3.55998
35	45	5	2.7712	-5.11019	-5.39378
35	45	15	2.51609	-5.10203	-5.13053
35	45	25	2.33178	-4.68245	-4.74237
35	45	35	2.20316	-2.52495	-2.66631
35	45	45	2.12336	-3.62625	-3.55021
35	45	55	2.70568	-4.95465	-4.97419
35	45	65	2.77524	-3.52325	-3.40087
35	45	75	2.79695	-3.20281	-2.73605
35	45	85	2.5564	-3.45939	-3.43859
35	55	5	2.94879	-5.26341	-4.96661
35	55	15	2.74306	-5.16195	-5.26168
35	55	25	2.65445	-4.94163	-5.1279
35	55	35	2.67125	-2.58563	-3.1915
35	55	45	2.28542	-3.95796	-4.06886
35	55	55	2.6685	-4.84363	-4.88129
35	55	65	2.81889	-3.83419	-3.80657
35	55	75	3.27947	-3.67224	-2.92906
35	55	85	3.45543	-4.28753	-3.38671
35	65	5	3.83091	-6.13852	-5.40172
35	65	15	3.53897	-5.86271	-5.34155
35	65	25	3.71625	-5.40244	-5.40769
35	65	35	4.47562	-5.17124	-5.51791
35	65	45	2.98902	-5.20401	-5.33164
35	65	55	3.02794	-5.24352	-5.32557
35	65	65	2.95883	-4.58651	-4.78011
35	65	75	3.09824	-4.11188	-3.69751
35	65	85	3.90315	-4.83307	-3.64707
35	75	5	3.61766	-5.85505	-5.49293
35	75	15	3.31433	-5.46584	-5.32096
35	75	25	3.85588	-4.8621	-5.40668
35	75	35	3.45227	-4.30605	-5.1385
35	75	45	3.28263	-5.16319	-5.71243
35	75	55	2.99636	-5.11876	-5.48237
35	75	65	2.75616	-4.56022	-4.78063
35	75	75	3.29795	-4.21737	-4.95286
35	75	85	3.0922	-4.25474	-4.44142
35	85	5	3.32582	-5.49506	-5.75465
35	85	15	3.15585	-4.52751	-4.91033
35	85	25	3.16428	-3.16645	-3.74778
35	85	35	2.69659	-3.96675	-4.14609
35	85	45	3.25203	-5.0839	-5.78294
35	85	55	3.11519	-5.12022	-5.64411
35	85	65	3.53645	-4.6814	-5.58642
35	85	75	4.61428	-4.20246	-5.62454
35	85	85	4.56167	-3.75819	-4.23477
45	5	5	2.63434	-4.58115	-4.86102
45	5	15	2.79902	-3.52173	-3.90696
45	5	25	2.11823	-2.19244	-2.29099
45	5	35	2.15051	-3.34257	-3.32092
45	5	45	2.6489	-5.13811	-5.31832
45	5	55	2.812	-5.18127	-5.38303
45	5	65	2.73148	-4.92243	-4.96524
45	5	75	2.75273	-3.23411	-3.33365
45	5	85	2.93195	-2.81857	-3.13725
45	15	5	2.75156	-5.08274	-5.56259
45	15	15	2.63207	-4.95945	-5.34846
45	15	25	2.37037	-4.8221	-4.74421
45	15	35	2.52641	-4.91023	-4.55202
45	15	45	3.10492	-5.60642	-5.04592
45	15	55	3.41079	-5.70146	-5.34042
45	15	65	3.21349	-5.28086	-4.82125
45	15	75	2.39543	-3.49563	-3.55165
45	15	85	2.17186	-3.99743	-4.39702
45	25	5	2.86146	-5.03112	-5.69471
45	25	15	2.99586	-4.94151	-5.57316
45	25	25	2.16836	-4.75524	-4.67948
45	25	35	1.9035	-4.33965	-4.17855
45	25	45	2.49198	-5.08004	-4.89617
45	25	55	2.84469	-5.29509	-5.1599
45	25	65	2.42104	-4.39272	-4.20232
45	25	75	2.37348	-3.33915	-3.39312
45	25	85	2.4987	-3.52291	-3.70205
45	35	5	3.11084	-4.82539	-5.4886
45	35	15	2.99772	-5.08152	-5.55403
45	35	25	2.17082	-4.95726	-4.95989
45	35	35	1.76507	-3.95473	-3.95331
45	35	45	2.11776	-4.57559	-4.59561
45	35	55	2.47224	-5.09725	-5.15518
45	35	65	2.45236	-4.24376	-4.24158
45	35	75	2.18621	-2.87165	-2.59237
45	35	85	2.76538	-3.11401	-2.87358
45	45	5	2.89576	-4.75206	-5.13675
45	45	15	2.7983	-5.06192	-5.33085
45	45	25	2.41888	-5.02207	-5.0509
45	45	35	1.64682	-2.83907	-2.94056
45	45	45	1.87977	-4.14454	-4.22534
45	45	55	2.36243	-5.06211	-5.14252
45	45	65	2.16945	-3.92105	-3.64223
45	45	75	2.1699	-2.4857	-2.08489
45	45	85	2.62503	-2.77631	-2.71505
45	55	5	3.19258	-4.98687	-5.16927
45	55	15	2.65623	-5.04139	-5.03224
45	55	25	2.63865	-4.94204	-4.99103
45	55	35	2.13175	-3.59523	-3.83797
45	55	45	2.25541	-4.48501	-4.46869
45	55	55	2.45874	-5.01299	-5.15499
45	55	65	2.20939	-4.21717	-4.16042
45	55	75	2.27908	-3.18159	-2.74089
45	55	85	3.067	-3.67433	-3.09392
45	65	5	4.22024	-5.81241	-5.90881
45	65	15	4.03785	-6.24408	-5.28494
45	65	25	3.98838	-6.14724	-5.15457
45	65	35	4.01765	-5.84203	-5.18308
45	65	45	3.31941	-5.75056	-5.21301
45	65	55	3.10837	-5.64202	-5.14327
45	65	65	2.61167	-4.99608	-4.93807
45	65	75	2.66422	-4.57171	-4.45141
45	65	85	2.82248	-4.37516	-4.08915
45	75	5	3.40318	-5.32175	-5.89109
45	75	15	3.19845	-5.40062	-5.30081
45	75	25	3.16288	-4.7022	-4.71398
45	75	35	3.19283	-4.77727	-4.77824
45	75	45	2.82824	-5.26386	-5.24906
45	75	55	2.64061	-5.14977	-5.14105
45	75	65	2.53901	-5.02779	-5.0422
45	75	75	2.5806	-5.04	-5.04957
45	75	85	2.67116	-4.67305	-4.71289
45	85	5	3.11749	-5.06642	-5.44275
45	85	15	2.96595	-4.61033	-4.59223
45	85	25	2.68542	-3.09196	-3.3842
45	85	35	2.30026	-3.75802	-3.73135
45	85	45	2.75367	-5.08638	-5.36673
45	85	55	2.51167	-5.10192	-5.26201
45	85	65	2.59199	-4.80168	-4.86239
45	85	75	2.8119	-4.31241	-4.45157
45	85	85	2.69407	-3.44689	-3.48463
55	5	5	2.69277	-3.74863	-4.10768
55	5	15	2.66061	-3.32118	-3.40325
55	5	25	2.28647	-2.31663	-2.39008
55	5	35	2.32068	-3.13043	-3.17087
55	5	45	2.5206	-5.08032	-5.12806
55	5	55	2.57225	-5.16178	-5.20367
55	5	65	2.61	-4.9821	-4.92374
55	5	75	2.53349	-3.61849	-3.53606
55	5	85	2.73194	-3.22631	-3.04466
55	15	5	2.65505	-4.89959	-5.19556
55	15	15	2.13001	-4.91013	-5.03279
55	15	25	1.93477	-4.2877	-4.35364
55	15	35	2.12317	-4.11298	-4.12385
55	15	45	2.41878	-5.11407	-5.12183
55	15	55	2.59267	-5.34284	-5.32366
55	15	65	3.15309	-5.36445	-4.52409
55	15	75	2.73143	-3.09805	-2.33729
55	15	85	2.81144	-3.14548	-2.82307
55	25	5	2.6703	-4.74281	-5.00074
55	25	15	2.41312	-5.02328	-5.10891
55	25	25	2.3874	-4.77959	-4.7881
55	25	35	1.97478	-4.73517	-4.70864
55	25	45	2.26623	-5.07232	-5.01872
55	25	55	2.5684	-5.12227	-5.24203
55	25	65	2.71069	-4.10763	-3.92452
55	25	75	2.45747	-2.60562	-2.51366
55	25	85	2.58905	-2.91147	-2.96663
55	35	5	2.99753	-4.01591	-4.43498
55	35	15	2.70117	-4.96557	-5.14996
55	35	25	2.49064	-5.04093	-5.12537
55	35	35	1.61336	-4.59761	-4.78175
55	35	45	2.24007	-4.90955	-4.95212
55	35	55	2.46599	-5.08146	-5.26075
55	35	65	2.49057	-4.20243	-4.24323
55	35	75	2.35309	-2.94776	-3.00649
55	35	85	2.75392	-3.0284	-3.08673
55	45	5	3.0953	-3.45781	-4.00035
55	45	15	2.72287	-4.41506	-4.6498
55	45	25	2.37865	-5.0417	-5.17228
55	45	35	1.37255	-4.2608	-4.30567
55	45	45	1.83363	-4.70346	-4.76633
55	45	55	2.08762	-5.05601	-5.11687
55	45	65	1.96888	-3.6211	-3.66395
55	45	75	1.31111	-1.78566	-1.76732
55	45	85	2.69165	-2.86168	-3.00357
55	55	5	4.21668	-4.75403	-5.94006
55	55	15	3.26755	-4.8322	-4.99394
55	55	25	2.90489	-5.18126	-5.0565
55	55	35	2.14922	-4.54125	-4.32469
55	55	45	2.51781	-5.052	-4.93362
55	55	55	2.26197	-5.08896	-5.19177
55	55	65	2.34305	-4.38134	-4.40586
55	55	75	2.02563	-3.36042	-3.34071
55	55	85	2.81263	-3.64092	-3.86055
55	65	5	4.84089	-5.75224	-6.08582
55	65	15	4.56668	-6.62571	-5.48138
55	65	25	4.63973	-7.012	-5.27698
55	65	35	4.66237	-6.56604	-4.68263
55	65	45	3.50421	-6.08271	-5.34114
55	65	55	3.21171	-5.91357	-5.59676
55	65	65	3.01135	-5.48204	-5.04891
55	65	75	2.89109	-5.26917	-4.92946
55	65	85	3.18737	-5.18339	-4.7814
55	75	5	3.72648	-5.17547	-6.24357
55	75	15	3.42704	-5.36133	-5.71693
55	75	25	3.22992	-4.8267	-4.61346
55	75	35	3.28926	-4.03416	-3.58018
55	75	45	2.95264	-5.37559	-5.1568
55	75	55	2.61856	-5.16884	-5.40207
55	75	65	2.57904	-5.12569	-5.10812
55	75	75	2.55781	-5.08518	-5.07843
55	75	85	2.75395	-5.03207	-5.10913
55	85	5	3.07771	-4.69896	-5.39225
55	85	15	3.22354	-4.74509	-5.2718
55	85	25	2.59953	-2.91965	-2.81068
55	85	35	2.69168	-3.32784	-3.14854
55	85	45	2.66535	-5.15816	-5.07443
55	85	55	2.49293	-5.1435	-5.28433
55	85	65	2.55161	-5.02257	-5.02406
55	85	75	2.51237	-4.82176	-4.80045
55	85	85	2.63589	-4.42507	-4.38102
65	5	5	3.01203	-3.28783	-3.52801
65	5	15	3.09743	-3.40985	-3.71786
65	5	25	2.7402	-2.89828	-2.77652
65	5	35	2.80336	-2.92471	-3.1829
65	5	45	2.52264	-4.88773	-5.01295
65	5	55	2.53321	-5.14031	-5.26305
65	5	65	2.5913	-5.14268	-5.10447
65	5	75	2.59283	-4.28183	-4.18087
65	5	85	2.53133	-3.8771	-3.81643
65	15	5	2.87392	-3.94419	-3.9825
65	15	15	2.21308	-4.77219	-4.83095
65	15	25	2.47201	-3.88354	-3.96518
65	15	35	2.54347	-3.91216	-4.12572
65	15	45	1.50829	-5.28733	-5.10533
65	15	55	0.716113	-5.30243	-5.16704
65	15	65	1.6519	-4.8037	-4.58326
65	15	75	2.73351	-3.33934	-2.99968
65	15	85	3.0503	-3.07198	-2.43034
65	25	5	2.67949	-3.98418	-3.9585
65	25	15	2.71757	-5.10317	-5.19918
65	25	25	3.14827	-4.98695	-5.30379
65	25	35	2.84865	-4.73533	-4.93419
65	25	45	2.50129	-5.1055	-5.12368
65	25	55	2.46646	-5.18546	-5.22372
65	25	65	2.59386	-4.52206	-4.44568
65	25	75	2.51625	-2.80926	-2.74651
65	25	85	2.67908	-3.12358	-3.03476
65	35	5	2.80406	-3.24883	-3.50176
65	35	15	2.92626	-3.92799	-4.32008
65	35	25	3.18037	-4.71185	-5.45262
65	35	35	2.18441	-4.55647	-4.97367
65	35	45	2.53193	-4.97883	-5.08433
65	35	55	2.63096	-5.10065	-5.38565
65	35	65	2.56927	-4.52206	-4.58641
65	35	75	2.45019	-3.19886	-3.19808
65	35	85	2.59364	-3.79588	-3.85386
65	45	5	3.07653	-4.2	-4.70452
65	45	15	2.81102	-3.97657	-4.28033
65	45	25	2.85447	-4.37782	-4.74722
65	45	35	2.01859	-4.8017	-4.87259
65	45	45	2.30373	-4.87542	-4.99928
65	45	55	2.39009	-5.09982	-5.36347
65	45	65	2.39377	-4.14201	-4.20766
65	45	75	1.81302	-2.74446	-2.84656
65	45	85	2.67156	-4.00384	-4.12498
65	55	5	3.21628	-5.05731	-5.54247
65	55	15	3.37881	-4.64841	-4.65686
65	55	25	3.33691	-4.58628	-4.13436
65	55	35	2.89265	-5.16049	-4.64707
65	55	45	2.88183	-5.33404	-4.9965
65	55	55	2.4649	-5.19948	-5.36553
65	55	65	2.60759	-4.56115	-4.59458
65	55	75	2.39244	-3.48122	-3.50509
65	55	85	2.72609	-4.39252	-4.55438
65	65	5	4.54516	-6.18042	-5.87917
65	65	15	4.91962	-6.58316	-5.6236
65	65	25	4.80258	-6.42857	-4.41989
65	65	35	4.88865	-6.0748	-3.82049
65	65	45	4.37263	-6.66085	-4.93606
65	65	55	3.51404	-6.28007	-5.70808
65	65	65	2.9608	-5.48187	-5.15854
65	65	75	2.75174	-5.11044	-4.91122
65	65	85	3.19398	-5.31733	-5.29786
65	75	5	3.9374	-5.29651	-6.25696
65	75	15	3.70396	-5.26937	-5.77454
65	75	25	3.00389	-4.50547	-4.38892
65	75	35	3.55329	-3.9418	-2.98247
65	75	45	3.53986	-5.2056	-4.51079
65	75	55	3.02461	-5.55258	-5.76498
65	75	65	2.66951	-5.1695	-5.11842
65	75	75	2.55845	-5.02807	-5.00107
65	75	85	2.71812	-5.16564	-5.19865
65	85	5	3.2158	-4.90376	-5.49978
65	85	15	3.20732	-4.94834	-5.57203
65	85	25	3.03523	-3.73996	-3.47101
65	85	35	3.24337	-3.29795	-2.76767
65	85	45	2.79486	-4.47032	-4.3104
65	85	55	2.558	-5.14411	-5.86111
65	85	65	2.55719	-5.08537	-5.10644
65	85	75	2.53479	-4.98579	-4.98247
65	85	85	2.75368	-5.12463	-5.10158
75	5	5	2.93329	-4.00268	-4.39965
75	5	15	2.84252	-3.86104	-4.02444
75	5	25	2.73532	-2.9796	-2.87953
75	5	35	2.7379	-2.93244	-2.92775
75	5	45	2.61472	-3.99699	-4.0741
75	5	55	2.6728	-5.06635	-5.34537
75	5	65	2.61322	-5.14456	-5.12322
75	5	75	2.49471	-4.72481	-4.6422
75	5	85	2.53667	-4.50524	-4.46049
75	15	5	3.09092	-3.43902	-3.21715
75	15	15	2.79725	-4.60636	-4.38495
75	15	25	2.33394	-3.98441	-3.68319
75	15	35	2.69563	-3.6972	-3.03424
75	15	45	1.43505	-5.23917	-4.92114
75	15	55	2.29384	-5.15891	-5.07889
75	15	65	2.55109	-5.06207	-5.00522
75	15	75	2.45315	-3.94301	-3.92252
75	15	85	2.67089	-3.18585	-3.16487
75	25	5	2.63386	-3.91427	-3.83186
75	25	15	2.98635	-4.74854	-4.27809
75	25	25	3.91332	-4.31018	-4.11115
75	25	35	3.77511	-3.76573	-4.00725
75	25	45	2.82913	-5.03273	-5.09508
75	25	55	2.58471	-5.24374	-5.239
75	25	65	2.66587	-4.90284	-4.92289
75	25	75	2.53183	-3.19565	-3.17652
75	25	85	2.63065	-3.82318	-3.82278
75	35	5	2.50046	-4.28565	-4.42358
75	35	15	2.68189	-3.78907	-4.03887
75	35	25	3.75522	-3.23177	-4.4204
75	35	35	3.40189	-3.54218	-4.462
75	35	45	2.65634	-5.03124	-5.0956
75	35	55	2.60966	-5.10149	-5.18155
75	35	65	2.59043	-4.56322	-4.58696
75	35	75	2.51337	-3.47042	-3.49057
75	35	85	2.63199	-4.43739	-4.51635
75	45	5	2.69464	-4.91568	-5.15926
75	45	15	3.06143	-4.46556	-4.9496
75	45	25	3.4758	-3.37458	-4.2769
75	45	35	2.68794	-4.05539	-4.49111
75	45	45	2.71777	-4.87678	-5.14577
75	45	55	2.65165	-5.08073	-5.28328
75	45	65	2.50985	-4.30208	-4.29025
75	45	75	2.31543	-3.87088	-3.91517
75	45	85	2.71147	-4.76607	-4.94631
75	55	5	2.83766	-5.12262	-5.2466
75	55	15	3.3293	-4.86749	-4.87917
75	55	25	3.68254	-3.9616	-3.64758
75	55	35	3.71962	-4.72595	-3.93816
75	55	45	3.52833	-5.65645	-4.92347
75	55	55	3.01222	-5.39917	-5.44621
75	55	65	2.68802	-4.40238	-4.47682
75	55	75	2.59379	-3.72608	-3.76938
75	55	85	2.83381	-4.9717	-5.21287
75	65	5	3.27054	-5.42262	-5.43323
75	65	15	4.00908	-5.81784	-4.9593
75	65	25	4.37965	-5.46776	-3.86944
75	65	35	4.92069	-5.46241	-3.29695
75	65	45	4.62258	-6.20079	-4.27534
75	65	55	4.00264	-6.66154	-5.87285
75	65	65	3.2986	-5.52241	-5.08329
75	65	75	3.0046	-4.99085	-4.70377
75	65	85	3.19411	-5.4553	-5.33391
75	75	5	3.43001	-5.2321	-5.84594
75	75	15	3.30828	-4.87972	-5.19964
75	75	25	2.96883	-3.7536	-3.44139
75	75	35	3.4915	-3.64615	-2.74539
75	75	45	4.36405	-4.92452	-3.63161
75	75	55	3.92001	-5.97207	-6.16874
75	75	65	2.9098	-5.2517	-5.0111
75	75	75	2.826	-4.9894	-4.92928
75	75	85	3.06109	-5.24606	-5.38086
75	85	5	3.48854	-5.09669	-6.0248
75	85	15	2.95737	-4.99215	-5.35795
75	85	25	2.6925	-3.41834	-3.42054
75	85	35	2.92738	-2.97915	-2.60647
75	85	45	3.00734	-3.4744	-3.25886
75	85	55	3.19487	-4.98125	-5.86901
75	85	65	2.56723	-5.02816	-5.03649
75	85	75	2.58611	-4.9938	-4.96544
75	85	85	2.76168	-5.08933	-5.20135
85	5	5	3.34538	-4.77267	-5.56449
85	5	15	2.63797	-4.33565	-4.29378
85	5	25	2.74476	-3.31117	-3.08145
85	5	35	2.76587	-3.07841	-2.84638
85	5	45	3.00127	-3.54189	-3.63206
85	5	55	3.17614	-4.12268	-4.58516
85	5	65	2.82099	-4.7163	-4.74492
85	5	75	2.56058	-4.92356	-4.98771
85	5	85	2.66008	-5.02751	-5.16082
85	15	5	2.91319	-3.66963	-3.99135
85	15	15	2.06601	-2.72127	-2.63575
85	15	25	2.23892	-3.22208	-2.27893
85	15	35	2.89567	-3.34015	-2.19474
85	15	45	3.19315	-5.45903	-4.7941
85	15	55	2.97799	-5.50478	-5.16193
85	15	65	2.77926	-5.28388	-5.10973
85	15	75	2.63417	-4.80254	-4.74397
85	15	85	2.53095	-4.31406	-4.29434
85	25	5	2.71272	-4.40252	-4.46379
85	25	15	2.38958	-3.828	-3.59209
85	25	25	2.84756	-3.18848	-2.48972
85	25	35	3.20873	-3.16374	-2.69319
85	25	45	2.44434	-4.95478	-4.52586
85	25	55	2.59332	-5.40084	-5.17737
85	25	65	2.71358	-5.16323	-5.08441
85	25	75	2.5136	-4.28047	-4.22268
85	25	85	2.55124	-4.79924	-4.73945
85	35	5	2.73961	-5.04176	-5.21858
85	35	15	2.47018	-4.68528	-4.68593
85	35	25	2.73435	-3.22273	-3.10149
85	35	35	3.1749	-2.755	-3.14061
85	35	45	2.6164	-4.26384	-4.22144
85	35	55	2.70334	-5.19879	-5.09877
85	35	65	2.62876	-4.94439	-4.9438
85	35	75	2.55665	-3.72204	-3.73747
85	35	85	2.59277	-4.78594	-4.78403
85	45	5	2.77983	-5.10949	-5.2768
85	45	15	2.74106	-4.77558	-4.83365
85	45	25	3.26717	-3.09485	-3.34075
85	45	35	3.00152	-3.17081	-3.44359
85	45	45	2.59526	-4.51082	-4.57117
85	45	55	2.57404	-5.05948	-5.14326
85	45	65	2.65436	-4.26286	-4.2881
85	45	75	2.59982	-3.75138	-3.75894
85	45	85	2.73631	-4.97159	-5.15325
85	55	5	3.07439	-5.21765	-5.51636
85	55	15	3.57767	-5.45098	-4.99268
85	55	25	4.33672	-4.08298	-4.02086
85	55	35	4.22186	-4.10713	-3.39408
85	55	45	3.97476	-5.64021	-4.34723
85	55	55	3.27446	-5.55629	-5.18661
85	55	65	2.87355	-3.96328	-4.05787
85	55	75	2.62946	-3.82777	-3.82365
85	55	85	2.76459	-4.94402	-5.11397
85	65	5	3.72442	-5.47381	-5.85802
85	65	15	3.60625	-5.34945	-5.14823
85	65	25	3.99523	-4.3836	-3.92084
85	65	35	4.50961	-4.43404	-2.83163
85	65	45	4.75873	-5.23322	-3.43985
85	65	55	4.43178	-6.12712	-4.81606
85	65	65	3.63187	-4.53085	-3.78166
85	65	75	3.11708	-4.35463	-3.96679
85	65	85	3.18669	-5.30564	-5.15992
85	75	5	3.98596	-5.56811	-6.09015
85	75	15	3.55433	-4.97679	-4.50969
85	75	25	3.14961	-3.70687	-3.23809
85	75	35	3.59678	-3.71638	-2.75834
85	75	45	4.92806	-4.79554	-3.60147
85	75	55	4.79194	-5.42019	-4.64141
85	75	65	4.22007	-4.17413	-3.83356
85	75	75	2.91023	-3.74524	-3.49015
85	75	85	3.44195	-5.38009	-5.05493
85	85	5	3.74086	-5.38133	-6.03206
85	85	15	2.80383	-4.81424	-4.80295
85	85	25	2.76619	-3.3061	-3.0759
85	85	35	2.71192	-2.7868	-2.62763
85	85	45	3.4128	-3.03501	-3.21449
85	85	55	3.50819	-3.22814	-3.89779
85	85	65	3.0205	-3.9808	-4.234
85	85	75	2.81325	-3.90817	-3.91057
85	85	85	3.0303	-5.19505	-5.37713
