5	5	5	2.63184	-5.06158	-5.1012
5	5	15	2.57264	-4.6608	-4.64241
5	5	25	2.59028	-3.69762	-3.55768
5	5	35	2.84904	-3.79772	-3.57733
5	5	45	3.31624	-5.41655	-5.34173
5	5	55	3.01113	-4.98112	-5.00203
5	5	65	2.67896	-5.10204	-5.08999
5	5	75	2.7937	-4.05683	-4.21951
5	5	85	2.59304	-4.7807	-4.78272
5	15	5	3.31305	-5.81187	-5.13309
5	15	15	3.13464	-5.58019	-5.04382
5	15	25	2.63153	-5.00753	-4.92724
5	15	35	2.73183	-4.80458	-4.7438
5	15	45	3.51741	-5.24998	-5.72838
5	15	55	3.47226	-5.96828	-5.11632
5	15	65	3.90537	-6.28684	-5.10919
5	15	75	3.91933	-5.82404	-4.77955
5	15	85	3.75628	-6.19265	-5.11071
5	25	5	2.8083	-5.29715	-5.16159
5	25	15	2.62227	-5.15081	-5.12361
5	25	25	2.55796	-5.08511	-5.07843
5	25	35	2.58146	-4.97867	-4.98823
5	25	45	3.4732	-5.12172	-6.04355
5	25	55	3.10571	-5.4341	-5.28346
5	25	65	3.104	-4.88028	-4.63357
5	25	75	2.91462	-3.879	-3.64228
5	25	85	2.97433	-5.35681	-5.09601
5	35	5	2.65246	-5.1231	-5.20182
5	35	15	2.57511	-5.04249	-5.06562
5	35	25	2.59117	-4.84055	-4.80044
5	35	35	2.63268	-4.44225	-4.40059
5	35	45	3.17329	-5.13491	-5.59263
5	35	55	2.86829	-4.8479	-4.91222
5	35	65	2.8517	-3.27096	-3.21059
5	35	75	2.50389	-3.32076	-3.20978
5	35	85	2.69954	-5.03758	-5.13075
5	45	5	2.85239	-5.24254	-5.26223
5	45	15	2.75148	-5.02204	-4.98287
5	45	25	2.67226	-3.63686	-3.59645
5	45	35	2.75231	-3.12631	-3.28582
5	45	45	2.91315	-4.85302	-5.13168
5	45	55	2.75717	-3.68381	-3.88647
5	45	65	2.4583	-2.45244	-2.57012
5	45	75	2.23425	-3.14877	-3.14446
5	45	85	2.77209	-5.0808	-5.27829
5	55	5	3.63309	-5.90279	-5.30287
5	55	15	3.55506	-5.56283	-4.68526
5	55	25	2.97547	-3.48007	-3.21727
5	55	35	2.89306	-3.54428	-3.72307
5	55	45	2.87386	-5.02358	-5.22234
5	55	55	2.85438	-4.8214	-5.12526
5	55	65	2.57371	-4.07706	-4.05928
5	55	75	2.70805	-4.25149	-4.09151
5	55	85	3.42767	-5.72808	-5.20908
5	65	5	3.12352	-5.36904	-5.35828
5	65	15	2.8279	-4.63484	-4.48202
5	65	25	2.70308	-3.30559	-3.19442
5	65	35	2.85747	-3.32505	-3.57862
5	65	45	2.89271	-5.08764	-5.46836
5	65	55	2.91272	-4.98191	-5.30346
5	65	65	2.57392	-4.79324	-4.81451
5	65	75	2.73277	-4.26165	-4.12257
5	65	85	2.89407	-5.28721	-5.02543
5	75	5	2.63351	-5.07447	-5.15281
5	75	15	2.59716	-4.36481	-4.36354
5	75	25	2.67444	-3.35891	-3.17641
5	75	35	2.95114	-3.25881	-3.21874
5	75	45	3.19433	-4.94466	-5.46702
5	75	55	3.18196	-5.04398	-5.59076
5	75	65	2.55761	-5.06166	-5.06183
5	75	75	2.65433	-4.05694	-4.17461
5	75	85	2.57594	-4.81679	-4.83444
5	85	5	2.63149	-5.08884	-5.12923
5	85	15	2.69226	-4.28143	-4.1426
5	85	25	2.55307	-2.87126	-2.71084
5	85	35	2.57274	-2.89039	-2.86874
5	85	45	3.0144	-4.72385	-5.2269
5	85	55	2.98287	-4.70199	-5.13385
5	85	65	2.57459	-5.00221	-5.02546
5	85	75	2.61204	-3.33988	-3.42077
5	85	85	2.57194	-4.4473	-4.44808
15	5	5	2.79145	-5.26855	-5.14896
15	5	15	2.61225	-4.64178	-4.66221
15	5	25	2.55272	-3.68283	-3.68453
15	5	35	2.73148	-4.3766	-4.51746
15	5	45	3.13387	-5.03739	-5.58021
15	5	55	2.92075	-4.6345	-4.60578
15	5	65	2.93886	-4.85406	-4.56186
15	5	75	2.89355	-4.78007	-4.52255
15	5	85	2.89227	-5.1872	-4.88844
15	15	5	3.71464	-6.19802	-5.19602
15	15	15	3.37472	-5.90162	-5.08371
15	15	25	3.01292	-5.37402	-4.91352
15	15	35	3.15144	-5.31316	-5.23278
15	15	45	4.07867	-5.5328	-6.01643
15	15	55	3.95597	-5.92756	-5.31686
15	15	65	4.31816	-6.16842	-4.66916
15	15	75	4.64441	-5.97284	-4.08143
15	15	85	4.57985	-6.82834	-4.84116
15	25	5	3.11624	-5.4846	-5.28259
15	25	15	2.62468	-5.14984	-5.08789
15	25	25	2.57568	-5.02441	-5.00105
15	25	35	2.67786	-5.10538	-5.21855
15	25	45	3.33598	-5.17663	-5.83568
15	25	55	3.08296	-5.1336	-5.43698
15	25	65	2.97021	-4.80524	-4.57721
15	25	75	3.1603	-3.50677	-3.06334
15	25	85	3.22836	-5.10847	-4.59357
15	35	5	2.80169	-5.24974	-5.22153
15	35	15	2.59922	-5.12377	-5.08846
15	35	25	2.55165	-4.96258	-4.96211
15	35	35	2.69236	-5.00291	-5.06157
15	35	45	3.69668	-5.10384	-6.16056
15	35	55	3.29453	-5.10832	-5.67925
15	35	65	2.69014	-3.44894	-3.51346
15	35	75	2.73435	-2.91004	-2.73251
15	35	85	2.85288	-4.69021	-4.4748
15	45	5	2.73287	-5.10152	-5.28073
15	45	15	2.61196	-5.1421	-5.08291
15	45	25	2.5911	-4.06092	-4.02085
15	45	35	2.73269	-3.63767	-3.45602
15	45	45	3.17231	-4.3689	-4.88761
15	45	55	3.16037	-3.86239	-4.26827
15	45	65	2.38584	-2.66201	-2.7217
15	45	75	2.3853	-2.95462	-2.98528
15	45	85	2.60036	-4.95222	-4.91107
15	55	5	2.37412	-5.22201	-5.14349
15	55	15	3.0335	-5.46365	-4.9029
15	55	25	3.31346	-3.72047	-2.99806
15	55	35	3.15185	-3.25193	-2.69114
15	55	45	3.09344	-4.68413	-4.58251
15	55	55	2.69749	-4.82028	-4.92144
15	55	65	2.59762	-3.83739	-3.83649
15	55	75	2.61598	-3.91507	-3.89819
15	55	85	2.57851	-5.07018	-5.07595
15	65	5	2.81446	-5.28266	-5.26248
15	65	15	2.6691	-4.44486	-4.38248
15	65	25	2.75469	-3.03768	-2.87327
15	65	35	2.73905	-3.19075	-3.08274
15	65	45	2.71631	-4.53413	-4.72966
15	65	55	2.69671	-4.92288	-5.02207
15	65	65	2.7011	-4.98045	-4.9225
15	65	75	2.76351	-4.64235	-4.53242
15	65	85	2.75583	-5.08311	-5.00552
15	75	5	2.65642	-5.10338	-5.20142
15	75	15	2.57353	-4.56357	-4.58364
15	75	25	2.55217	-3.30966	-3.30842
15	75	35	2.67316	-3.76526	-3.76389
15	75	45	2.7165	-4.33023	-4.32719
15	75	55	2.66304	-4.1893	-4.28581
15	75	65	2.62777	-4.90911	-4.9661
15	75	75	2.59134	-4.56441	-4.58761
15	75	85	2.5978	-5.00535	-5.04547
15	85	5	2.67267	-5.09627	-5.2179
15	85	15	2.57388	-4.28146	-4.26429
15	85	25	2.45228	-2.88685	-2.88808
15	85	35	2.69274	-3.68483	-3.82635
15	85	45	3.01402	-4.62095	-5.0436
15	85	55	2.71972	-4.17828	-4.34739
15	85	65	2.57559	-4.70012	-4.72456
15	85	75	2.61522	-4.20123	-4.26531
15	85	85	2.57198	-4.76114	-4.78199
25	5	5	3.09309	-5.47525	-5.21726
25	5	15	2.75389	-4.60233	-4.52519
25	5	25	2.67277	-3.74524	-3.78697
25	5	35	2.7523	-4.91895	-5.00021
25	5	45	3.01625	-5.0937	-5.51892
25	5	55	2.8768	-4.6121	-4.73691
25	5	65	3.19929	-4.02481	-3.79059
25	5	75	3.25598	-4.73405	-4.11931
25	5	85	3.25315	-5.52407	-4.98611
25	15	5	4.33864	-6.90336	-5.19895
25	15	15	3.81683	-6.16258	-5.06677
25	15	25	2.99453	-5.01284	-4.65553
25	15	35	2.89328	-5.27407	-5.2155
25	15	45	3.41789	-5.38879	-5.57236
25	15	55	4.08963	-5.80765	-5.05165
25	15	65	4.39036	-5.62277	-4.03394
25	15	75	4.79351	-5.5907	-3.47236
25	15	85	4.88942	-6.5272	-4.23041
25	25	5	3.60747	-6.02806	-5.26121
25	25	15	3.05806	-5.45393	-5.01692
25	25	25	2.63981	-4.90923	-4.8228
25	25	35	2.8608	-5.0859	-5.34038
25	25	45	3.48458	-5.16656	-5.98591
25	25	55	3.47113	-4.90341	-5.37713
25	25	65	2.93475	-3.91286	-3.62764
25	25	75	2.95764	-3.11608	-2.79194
25	25	85	3.61285	-4.66104	-3.68001
25	35	5	3.0958	-5.35223	-5.37305
25	35	15	2.64972	-5.08821	-5.05452
25	35	25	2.55459	-4.96499	-4.96185
25	35	35	2.63483	-5.00377	-5.10006
25	35	45	3.4969	-5.12502	-5.9248
25	35	55	3.39427	-5.02626	-5.74154
25	35	65	2.78415	-3.5471	-3.6068
25	35	75	2.99107	-3.00885	-2.69046
25	35	85	3.22208	-4.09026	-3.58002
25	45	5	2.91623	-5.13144	-5.41103
25	45	15	2.59558	-5.12253	-5.08604
25	45	25	2.63168	-4.60228	-4.52166
25	45	35	2.73242	-4.44063	-4.37925
25	45	45	3.43212	-4.33993	-5.14004
25	45	55	3.24285	-4.24221	-4.7328
25	45	65	2.89879	-3.08323	-3.02543
25	45	75	2.90018	-3.09757	-3.07086
25	45	85	2.6585	-4.34166	-4.35741
25	55	5	1.97474	-5.13818	-5.12183
25	55	15	1.9319	-4.90246	-4.80243
25	55	25	2.73271	-3.6429	-3.46206
25	55	35	2.81315	-3.08253	-2.82043
25	55	45	3.33267	-4.10997	-4.08992
25	55	55	3.1575	-4.74943	-4.86854
25	55	65	2.85684	-3.81767	-3.75861
25	55	75	2.95719	-3.93843	-3.94192
25	55	85	2.61789	-4.96332	-4.92926
25	65	5	2.40045	-5.24746	-5.12435
25	65	15	2.46186	-4.92603	-4.74285
25	65	25	2.63787	-3.15808	-3.05765
25	65	35	2.65384	-3.68237	-3.61957
25	65	45	2.82067	-4.12227	-4.23423
25	65	55	2.90593	-4.60014	-4.53046
25	65	65	3.17078	-4.61361	-4.39801
25	65	75	3.37671	-5.05036	-4.88788
25	65	85	3.07348	-5.38552	-5.07191
25	75	5	2.59599	-5.10169	-5.18136
25	75	15	2.58547	-4.60203	-4.64285
25	75	25	2.54679	-3.26763	-3.26727
25	75	35	2.57272	-4.37864	-4.39745
25	75	45	2.67874	-4.36656	-4.54287
25	75	55	2.8631	-3.99898	-4.29347
25	75	65	3.16479	-3.88765	-4.40216
25	75	75	2.73538	-4.70145	-4.87797
25	75	85	2.64576	-4.91259	-5.00139
25	85	5	2.61599	-5.10047	-5.24458
25	85	15	2.57267	-4.10242	-4.12323
25	85	25	2.57137	-3.19126	-3.19169
25	85	35	2.61183	-4.78622	-4.84703
25	85	45	2.75436	-4.8742	-5.07728
25	85	55	2.89494	-4.42558	-4.76898
25	85	65	3.12026	-3.7447	-4.33178
25	85	75	2.72455	-4.63901	-4.81048
25	85	85	2.63852	-4.83242	-4.91731
35	5	5	3.47238	-5.95667	-5.15875
35	5	15	2.87323	-4.34282	-4.0666
35	5	25	2.63441	-3.84247	-3.845
35	5	35	2.73211	-5.00427	-5.14447
35	5	45	2.75484	-5.09654	-5.25873
35	5	55	3.04124	-4.78008	-5.1055
35	5	65	3.56108	-3.63363	-3.87342
35	5	75	3.56541	-4.27946	-3.88467
35	5	85	3.79884	-5.59366	-4.79969
35	15	5	4.72592	-7.10969	-5.26137
35	15	15	4.22016	-5.30395	-3.809
35	15	25	3.21587	-4.61048	-4.07285
35	15	35	3.19297	-5.29455	-5.17561
35	15	45	3.19838	-5.45965	-5.36207
35	15	55	3.25687	-5.07657	-5.07222
35	15	65	3.97642	-4.59001	-3.69585
35	15	75	4.37923	-4.47574	-2.85582
35	15	85	4.92195	-5.83031	-3.68358
35	25	5	4.1937	-6.31683	-5.17422
35	25	15	3.80515	-4.30094	-3.35708
35	25	25	2.95274	-3.80939	-3.59161
35	25	35	2.97985	-4.98009	-5.07324
35	25	45	3.28422	-5.2894	-5.64675
35	25	55	2.96621	-4.41354	-4.52353
35	25	65	2.87389	-3.33228	-3.21701
35	25	75	2.92731	-3.05395	-2.75866
35	25	85	3.5923	-4.10908	-3.22862
35	35	5	3.59506	-5.08601	-5.54362
35	35	15	2.75027	-4.06217	-3.98094
35	35	25	2.68356	-3.84578	-3.92603
35	35	35	2.90583	-5.0686	-5.35907
35	35	45	3.46597	-5.1705	-5.96678
35	35	55	3.0483	-4.7567	-5.18457
35	35	65	2.66408	-3.24469	-3.25558
35	35	75	2.71109	-2.77159	-2.65162
35	35	85	3.18773	-3.31171	-3.15503
35	45	5	3.19908	-4.91286	-5.51479
35	45	15	2.56366	-4.66359	-4.67265
35	45	25	2.57622	-4.98304	-4.96304
35	45	35	2.75552	-4.78241	-4.86055
35	45	45	3.57985	-4.6256	-5.46322
35	45	55	2.91413	-4.1235	-4.40129
35	45	65	2.79677	-3.22349	-3.06074
35	45	75	2.69426	-3.07202	-2.96964
35	45	85	2.75824	-3.5598	-3.63261
35	55	5	3.09388	-5.42715	-5.22714
35	55	15	2.69548	-5.30539	-4.98261
35	55	25	2.75206	-4.44213	-4.24219
35	55	35	2.65365	-3.67262	-3.65088
35	55	45	3.25208	-3.80703	-4.2268
35	55	55	3.24217	-4.12828	-3.93525
35	55	65	3.25667	-4.22747	-3.64427
35	55	75	3.51614	-4.26187	-3.45847
35	55	85	3.37522	-5.54239	-4.95819
35	65	5	2.72075	-5.24656	-5.11927
35	65	15	2.61308	-5.12402	-5.00318
35	65	25	2.57072	-3.67766	-3.65772
35	65	35	2.63149	-4.52965	-4.52928
35	65	45	2.77146	-4.27683	-4.33642
35	65	55	3.0059	-4.33943	-4.22462
35	65	65	3.23213	-3.58981	-3.39153
35	65	75	3.35472	-4.196	-4.03311
35	65	85	2.93153	-4.91084	-4.89915
35	75	5	2.6576	-5.14446	-5.12041
35	75	15	2.61272	-4.86366	-4.88368
35	75	25	2.57068	-3.71605	-3.69532
35	75	35	2.59302	-4.74277	-4.78155
35	75	45	2.63508	-4.93523	-5.03281
35	75	55	2.66112	-4.60711	-4.70433
35	75	65	3.16382	-3.26035	-3.80793
35	75	75	3.32737	-4.07904	-4.74514
35	75	85	2.77036	-4.70246	-4.81913
35	85	5	2.59553	-5.10066	-5.18024
35	85	15	2.5744	-4.24327	-4.26406
35	85	25	2.59206	-3.57218	-3.57294
35	85	35	2.65202	-4.96581	-5.06586
35	85	45	2.71571	-5.06815	-5.23163
35	85	55	2.75787	-4.70708	-4.9142
35	85	65	3.59739	-3.1441	-4.14189
35	85	75	3.20279	-4.50011	-5.02518
35	85	85	2.65957	-4.81644	-4.94001
45	5	5	4.09701	-6.33761	-5.02094
45	5	15	3.17554	-4.18257	-3.64828
45	5	25	2.70017	-3.68702	-3.59185
45	5	35	2.81749	-4.75324	-4.89531
45	5	45	2.92253	-5.1216	-5.44852
45	5	55	2.77874	-5.045	-5.02542
45	5	65	3.72739	-4.08918	-3.75545
45	5	75	3.843	-4.23152	-3.54526
45	5	85	3.8565	-4.67202	-3.57093
45	15	5	4.72435	-6.71507	-4.84117
45	15	15	4.32801	-4.67367	-3.19278
45	15	25	3.53316	-3.93066	-3.01316
45	15	35	3.18903	-4.84354	-4.50656
45	15	45	3.32395	-5.49162	-5.48066
45	15	55	3.19334	-5.27765	-5.12771
45	15	65	3.671	-4.32397	-4.18392
45	15	75	3.85113	-3.73881	-3.13124
45	15	85	4.42608	-5.10082	-3.39723
45	25	5	4.76045	-6.16579	-4.76608
45	25	15	4.41231	-4.40167	-2.90114
45	25	25	3.6384	-3.7067	-2.76955
45	25	35	3.10283	-4.10751	-4.04467
45	25	45	3.69661	-5.70658	-5.63557
45	25	55	3.2986	-4.94817	-4.76289
45	25	65	3.4937	-4.02977	-3.50177
45	25	75	3.21051	-3.56298	-3.11372
45	25	85	3.7166	-5.11606	-4.27959
45	35	5	3.6676	-3.8431	-4.23941
45	35	15	3.31246	-3.05884	-3.49436
45	35	25	2.68995	-3.03342	-2.99359
45	35	35	2.945	-4.40013	-4.53383
45	35	45	3.79944	-5.25525	-6.22566
45	35	55	3.02149	-4.68221	-4.59272
45	35	65	2.70902	-3.25826	-3.15018
45	35	75	2.78448	-3.21514	-3.02284
45	35	85	3.17308	-3.21478	-3.576
45	45	5	3.71128	-3.74815	-4.48872
45	45	15	2.95266	-3.35778	-3.59557
45	45	25	2.86415	-4.49952	-4.4505
45	45	35	2.85602	-4.9607	-5.21709
45	45	45	3.78937	-5.0502	-6.0896
45	45	55	2.68104	-4.59429	-4.66058
45	45	65	2.66783	-3.36884	-3.25685
45	45	75	2.78419	-3.1162	-2.88471
45	45	85	3.28549	-3.24588	-3.57386
45	55	5	3.85834	-5.87477	-5.61226
45	55	15	3.10719	-5.3843	-5.08787
45	55	25	2.75967	-4.89584	-4.81929
45	55	35	2.7531	-4.60011	-4.72038
45	55	45	3.59432	-4.79521	-5.79685
45	55	55	2.64719	-3.05163	-3.10534
45	55	65	2.83491	-3.74407	-3.50307
45	55	75	3.53636	-4.08491	-3.10079
45	55	85	3.97485	-5.80281	-4.89779
45	65	5	3.13963	-5.62326	-5.09888
45	65	15	2.80364	-5.10623	-4.86901
45	65	25	2.65489	-4.56172	-4.50188
45	65	35	2.63215	-5.08527	-5.04552
45	65	45	3.09517	-4.77342	-5.15515
45	65	55	2.80318	-4.09534	-3.98347
45	65	65	2.916	-2.95578	-2.67664
45	65	75	3.18231	-3.40294	-2.77167
45	65	85	3.38837	-5.0637	-4.38875
45	75	5	2.7362	-4.79878	-4.77499
45	75	15	2.71803	-4.92519	-4.84695
45	75	25	2.618	-3.94485	-3.88258
45	75	35	2.55886	-4.98038	-4.97376
45	75	45	3.05715	-5.07422	-5.53147
45	75	55	2.67199	-4.8344	-4.89483
45	75	65	2.58475	-3.29436	-3.30154
45	75	75	2.98633	-3.1575	-3.16341
45	75	85	2.78034	-3.96195	-3.85588
45	85	5	2.65879	-4.97784	-4.99597
45	85	15	2.57643	-4.04362	-4.06577
45	85	25	2.61197	-3.53772	-3.51698
45	85	35	2.61326	-4.93523	-4.95481
45	85	45	2.77617	-5.11705	-5.29775
45	85	55	2.60104	-5.11934	-5.08795
45	85	65	2.7421	-3.54185	-3.47328
45	85	75	3.2087	-3.62183	-3.76496
45	85	85	2.8439	-4.41009	-4.24375
55	5	5	4.16569	-4.91011	-3.6122
55	5	15	3.73735	-4.39951	-3.22414
55	5	25	3.20319	-3.76774	-3.20618
55	5	35	3.18831	-4.90098	-4.55619
55	5	45	3.39146	-5.47303	-5.56396
55	5	55	3.21096	-5.67913	-5.1446
55	5	65	3.37779	-4.76825	-3.98167
55	5	75	4.21558	-4.20911	-2.87192
55	5	85	4.39001	-4.51872	-2.97445
55	15	5	4.83803	-6.36065	-4.56513
55	15	15	4.62868	-4.64684	-3.26828
55	15	25	3.81023	-3.8177	-2.98559
55	15	35	3.62484	-4.38459	-4.23182
55	15	45	3.10121	-5.46038	-5.29745
55	15	55	3.03227	-5.49706	-5.14855
55	15	65	3.02548	-4.64992	-4.4614
55	15	75	3.4279	-3.97378	-3.31646
55	15	85	4.5026	-5.60343	-4.11784
55	25	5	4.91448	-6.82724	-5.14869
55	25	15	5.15368	-5.13968	-3.76903
55	25	25	4.23484	-4.09875	-3.46673
55	25	35	4.06914	-4.04866	-4.62869
55	25	45	3.36751	-5.59406	-5.41665
55	25	55	3.99915	-5.85222	-5.40029
55	25	65	3.87366	-4.70672	-4.0112
55	25	75	4.49008	-5.06615	-3.70067
55	25	85	4.68056	-6.53946	-5.38147
55	35	5	4.23212	-4.40459	-4.76111
55	35	15	3.79905	-4.2989	-4.56238
55	35	25	2.8717	-3.11068	-3.23882
55	35	35	3.46928	-3.66776	-4.47828
55	35	45	3.81344	-5.29117	-6.12325
55	35	55	3.39165	-4.61578	-4.50918
55	35	65	3.42003	-3.62295	-3.26533
55	35	75	3.49894	-3.96606	-3.47364
55	35	85	3.91058	-4.8168	-4.94311
55	45	5	3.73631	-3.39316	-4.0759
55	45	15	3.27443	-3.37542	-3.60731
55	45	25	3.06806	-3.66299	-3.52988
55	45	35	3.17212	-4.86926	-5.1896
55	45	45	4.09059	-5.13043	-6.61994
55	45	55	2.84019	-4.44326	-4.64976
55	45	65	2.62129	-3.22932	-3.19703
55	45	75	2.6958	-3.10535	-3.06444
55	45	85	3.61993	-3.56649	-4.14252
55	55	5	4.30428	-5.80871	-6.00666
55	55	15	3.47845	-5.33537	-5.6132
55	55	25	2.852	-5.13149	-4.90053
55	55	35	3.09853	-4.93051	-5.27014
55	55	45	3.5004	-5.06039	-5.96644
55	55	55	2.73153	-3.45925	-3.51929
55	55	65	2.69382	-3.07204	-3.01324
55	55	75	2.71472	-3.42749	-3.38598
55	55	85	3.63544	-5.26169	-5.21848
55	65	5	3.43962	-5.33772	-5.45644
55	65	15	3.0768	-4.86556	-4.94382
55	65	25	2.77095	-4.6804	-4.57788
55	65	35	2.91573	-5.27629	-5.15855
55	65	45	3.65987	-5.27279	-5.65843
55	65	55	2.84548	-4.0775	-3.92794
55	65	65	3.07512	-3.18421	-2.72111
55	65	75	3.23509	-3.3733	-2.69003
55	65	85	3.39639	-4.82698	-4.22241
55	75	5	3.41626	-5.22657	-5.13098
55	75	15	2.90193	-4.20194	-4.07164
55	75	25	2.70722	-3.91847	-3.83141
55	75	35	2.74215	-5.01361	-5.11671
55	75	45	3.12477	-5.16697	-5.60778
55	75	55	2.80839	-5.16519	-5.19987
55	75	65	2.58654	-3.73332	-3.69874
55	75	75	3.10318	-3.08443	-2.65308
55	75	85	3.5208	-4.49913	-3.74151
55	85	5	2.92434	-4.39989	-4.4652
55	85	15	2.74573	-3.73989	-3.80179
55	85	25	2.61193	-3.44645	-3.44659
55	85	35	2.74451	-4.94681	-4.92188
55	85	45	3.20591	-5.20948	-5.64434
55	85	55	2.68876	-5.21588	-5.12384
55	85	65	2.77403	-4.17864	-4.03653
55	85	75	3.38511	-3.41849	-2.74684
55	85	85	3.04171	-3.43487	-3.01354
65	5	5	3.89525	-4.94846	-4.43492
65	5	15	3.64118	-3.68876	-3.65084
65	5	25	3.21074	-3.55909	-3.32759
65	5	35	3.07792	-4.37152	-4.33202
65	5	45	3.35825	-5.76153	-5.23917
65	5	55	3.90067	-6.41001	-5.10442
65	5	65	4.36569	-6.19568	-4.50305
65	5	75	4.85959	-4.3744	-3.53401
65	5	85	4.37133	-4.54738	-3.65876
65	15	5	4.01316	-6.0446	-5.13059
65	15	15	3.86643	-4.59888	-3.81426
65	15	25	4.19631	-4.23717	-3.21686
65	15	35	3.73112	-4.45921	-3.84731
65	15	45	3.138	-5.54015	-5.22322
65	15	55	2.90441	-5.39036	-5.04776
65	15	65	3.24719	-5.13325	-4.80622
65	15	75	3.38318	-4.03367	-3.95695
65	15	85	3.593	-5.44748	-5.26283
65	25	5	3.85999	-5.84906	-5.49529
65	25	15	4.34303	-5.20079	-4.7636
65	25	25	5.19101	-5.15218	-4.56453
65	25	35	4.54537	-4.28872	-4.65651
65	25	45	3.55333	-5.76902	-5.42413
65	25	55	3.45794	-5.76028	-5.15039
65	25	65	3.73085	-4.87245	-4.67067
65	25	75	3.86682	-4.83238	-4.81615
65	25	85	4.34761	-6.01258	-5.79228
65	35	5	3.67306	-5.21996	-5.69791
65	35	15	4.40971	-5.09993	-5.83101
65	35	25	4.29268	-3.75118	-4.9166
65	35	35	4.28166	-3.47246	-4.69582
65	35	45	3.98472	-5.5903	-5.98656
65	35	55	3.48006	-4.85318	-5.27934
65	35	65	2.95748	-3.18477	-3.45778
65	35	75	2.90381	-3.75802	-3.98267
65	35	85	3.81594	-5.11035	-6.09112
65	45	5	3.53942	-4.7448	-5.3316
65	45	15	4.15427	-4.47765	-5.31529
65	45	25	4.02055	-3.1862	-4.1556
65	45	35	4.19225	-4.45901	-5.54279
65	45	45	4.05889	-5.27926	-6.41316
65	45	55	3.41946	-4.36487	-5.06702
65	45	65	2.94022	-3.16445	-3.53042
65	45	75	2.71791	-3.50023	-3.60705
65	45	85	3.63149	-4.66493	-5.46537
65	55	5	2.86185	-5.2548	-5.88882
65	55	15	2.97598	-5.16977	-5.52126
65	55	25	3.29504	-5.1105	-5.43867
65	55	35	3.34045	-4.90895	-5.57399
65	55	45	3.98427	-5.15563	-6.50638
65	55	55	3.07989	-4.30213	-4.67095
65	55	65	2.74818	-3.46844	-3.4648
65	55	75	2.85458	-3.72377	-3.66731
65	55	85	3.37543	-4.82406	-5.34125
65	65	5	3.81634	-5.21885	-6.17559
65	65	15	3.30548	-4.88086	-5.61044
65	65	25	2.77189	-4.48102	-4.62866
65	65	35	3.01945	-5.04012	-5.34294
65	65	45	3.77583	-5.23734	-6.06053
65	65	55	2.97423	-4.36437	-4.14078
65	65	65	3.18299	-4.11521	-3.61273
65	65	75	3.34398	-3.49232	-2.77949
65	65	85	3.41909	-4.89417	-4.58689
65	75	5	4.47236	-5.80245	-6.12297
65	75	15	3.68581	-4.19906	-4.93506
65	75	25	3.04472	-3.97283	-3.82685
65	75	35	3.43374	-5.1508	-4.99285
65	75	45	3.63387	-5.56113	-5.72312
65	75	55	3.07722	-5.59922	-5.12342
65	75	65	3.3154	-4.98143	-4.25717
65	75	75	3.69888	-3.76186	-2.65403
65	75	85	4.37715	-5.3171	-3.85662
65	85	5	3.64776	-4.88432	-4.79784
65	85	15	3.60472	-3.51973	-3.92301
65	85	25	2.94904	-3.40162	-3.71486
65	85	35	3.26108	-4.68194	-4.69999
65	85	45	3.36429	-5.65143	-5.42062
65	85	55	3.3123	-5.83968	-5.12562
65	85	65	3.43279	-5.14276	-4.30117
65	85	75	4.16876	-3.96765	-2.93802
65	85	85	3.83596	-3.95507	-3.15318
75	5	5	3.64071	-5.4035	-5.16225
75	5	15	3.73714	-3.96994	-4.34789
75	5	25	3.25348	-3.40352	-3.10552
75	5	35	3.24625	-4.2232	-3.64479
75	5	45	3.51137	-5.8867	-5.28709
75	5	55	3.15543	-5.70199	-5.1064
75	5	65	3.17379	-5.28204	-5.06481
75	5	75	4.2175	-3.38602	-3.9117
75	5	85	3.52908	-4.69469	-4.22913
75	15	5	3.27909	-5.46594	-5.34987
75	15	15	3.82467	-5.04879	-5.18563
75	15	25	3.44546	-4.29209	-3.74693
75	15	35	3.3622	-4.25225	-3.68346
75	15	45	3.33689	-5.74606	-5.20326
75	15	55	3.28263	-5.76274	-5.13274
75	15	65	4.17564	-5.68205	-5.46586
75	15	75	4.3839	-4.88925	-5.64132
75	15	85	3.61876	-5.33646	-5.80327
75	25	5	2.92468	-5.18034	-5.34668
75	25	15	3.27761	-4.65923	-5.18162
75	25	25	3.94607	-4.40117	-5.41584
75	25	35	3.71034	-4.56377	-4.91131
75	25	45	3.4826	-5.75325	-5.32083
75	25	55	3.71591	-5.93778	-5.23064
75	25	65	4.00876	-5.09285	-5.40657
75	25	75	3.32071	-4.58884	-4.68571
75	25	85	3.45787	-5.27518	-5.77483
75	35	5	3.42225	-5.10091	-5.97048
75	35	15	3.89954	-4.6804	-5.94883
75	35	25	4.74523	-4.00184	-5.91582
75	35	35	4.4906	-3.63472	-4.56639
75	35	45	3.91276	-6.00562	-5.49514
75	35	55	3.35161	-4.81079	-4.91281
75	35	65	3.20758	-3.36729	-3.68934
75	35	75	3.03903	-4.06432	-4.39095
75	35	85	3.43285	-5.06515	-5.94333
75	45	5	3.45623	-5.12017	-5.68377
75	45	15	4.64864	-4.93876	-6.19477
75	45	25	4.74795	-3.23754	-4.74083
75	45	35	4.67599	-3.9654	-5.31809
75	45	45	3.54079	-5.17414	-5.94438
75	45	55	3.60005	-4.14395	-5.06794
75	45	65	3.0081	-3.01337	-3.42778
75	45	75	2.71284	-3.56204	-3.6841
75	45	85	3.55065	-4.9735	-5.97309
75	55	5	3.4574	-5.27446	-5.89287
75	55	15	3.58785	-5.0357	-5.76369
75	55	25	3.71828	-4.50392	-5.58713
75	55	35	3.63628	-4.79997	-5.80273
75	55	45	3.94591	-5.2237	-6.33801
75	55	55	3.97034	-4.34189	-5.68072
75	55	65	3.07366	-4.06564	-4.22826
75	55	75	2.93446	-4.34406	-4.00509
75	55	85	3.53579	-5.41437	-5.14957
75	65	5	3.61617	-5.21791	-5.95393
75	65	15	3.36624	-4.78094	-5.56494
75	65	25	2.90906	-4.19848	-4.56009
75	65	35	3.15103	-4.47805	-5.07806
75	65	45	4.01382	-5.11774	-6.57894
75	65	55	3.41061	-4.54349	-5.35989
75	65	65	2.77841	-4.11444	-4.24183
75	65	75	2.80723	-3.2234	-3.04753
75	65	85	3.06498	-4.88323	-4.61237
75	75	5	4.23284	-6.20707	-5.56701
75	75	15	3.55383	-4.86111	-4.70309
75	75	25	3.09245	-3.57762	-3.59842
75	75	35	2.87095	-3.9088	-3.9888
75	75	45	3.85183	-5.39955	-6.09955
75	75	55	3.3903	-5.68279	-5.31875
75	75	65	3.43782	-5.6243	-4.74414
75	75	75	3.65505	-4.0349	-2.97106
75	75	85	4.31702	-5.67916	-4.07642
75	85	5	4.07474	-5.55673	-5.59394
75	85	15	3.69626	-3.88405	-4.14127
75	85	25	2.85625	-3.162	-3.0832
75	85	35	2.95063	-3.97266	-3.81227
75	85	45	2.99103	-5.25261	-5.37262
75	85	55	2.79431	-5.34248	-5.10484
75	85	65	2.95262	-5.02289	-4.62265
75	85	75	3.33515	-3.32766	-2.76596
75	85	85	3.34154	-4.19677	-3.53912
85	5	5	2.61505	-5.03225	-5.07029
85	5	15	2.81548	-4.45989	-4.5171
85	5	25	2.89113	-3.50843	-3.10847
85	5	35	3.02703	-3.7752	-3.2952
85	5	45	3.23222	-5.63387	-5.23506
85	5	55	2.80507	-5.26186	-5.0767
85	5	65	2.65171	-4.92204	-4.94273
85	5	75	2.89319	-3.47284	-3.77421
85	5	85	2.59426	-4.5933	-4.59613
85	15	5	2.83305	-5.25985	-5.18108
85	15	15	2.87464	-5.09756	-5.05598
85	15	25	2.73667	-4.51652	-4.49175
85	15	35	3.07861	-4.58525	-4.09565
85	15	45	4.05576	-6.37608	-5.35208
85	15	55	3.79106	-6.12333	-5.16017
85	15	65	3.65586	-5.74284	-5.24608
85	15	75	3.97408	-5.33764	-5.5603
85	15	85	3.59271	-5.85693	-5.25778
85	25	5	2.90464	-5.19192	-5.36314
85	25	15	2.83463	-5.06249	-5.26288
85	25	25	2.67391	-5.03202	-5.15007
85	25	35	2.6367	-4.63733	-4.71165
85	25	45	3.28916	-5.26898	-5.63165
85	25	55	3.56714	-5.82695	-5.23243
85	25	65	3.63896	-4.90577	-5.06545
85	25	75	3.2773	-4.8581	-4.85864
85	25	85	2.88545	-5.12138	-5.387
85	35	5	2.77641	-5.12242	-5.32584
85	35	15	2.83437	-4.84167	-5.04474
85	35	25	3.27285	-4.31135	-4.95276
85	35	35	3.37263	-3.90502	-4.04503
85	35	45	3.80168	-5.89021	-5.52677
85	35	55	3.32543	-4.86942	-4.66783
85	35	65	3.32111	-3.42604	-3.96412
85	35	75	2.74031	-4.01726	-4.11287
85	35	85	3.05497	-5.08898	-5.58507
85	45	5	3.21465	-5.34128	-5.52489
85	45	15	3.45625	-5.0228	-5.52683
85	45	25	3.55352	-3.35404	-3.91407
85	45	35	3.93428	-3.17888	-4.35885
85	45	45	3.15876	-5.12514	-5.62782
85	45	55	3.04085	-3.866	-4.30661
85	45	65	2.83933	-2.71147	-3.0553
85	45	75	2.56962	-3.62255	-3.60205
85	45	85	3.12827	-5.1369	-5.59649
85	55	5	3.95419	-5.58182	-5.82023
85	55	15	3.27785	-4.9604	-5.2044
85	55	25	3.01267	-3.97078	-4.37161
85	55	35	3.55226	-4.35865	-5.35822
85	55	45	2.85666	-5.07183	-5.41739
85	55	55	3.37754	-4.66138	-5.40891
85	55	65	2.73796	-4.14173	-4.16846
85	55	75	3.04632	-4.7351	-4.23508
85	55	85	3.5678	-5.66724	-5.08484
85	65	5	3.37017	-5.27413	-5.67574
85	65	15	2.85909	-4.84387	-5.05862
85	65	25	2.7723	-3.95746	-4.13627
85	65	35	3.31187	-4.23048	-4.94925
85	65	45	3.49462	-5.09518	-6.07877
85	65	55	3.70308	-4.94207	-6.05332
85	65	65	2.786	-4.80925	-4.83781
85	65	75	2.72509	-3.83171	-3.65778
85	65	85	2.87017	-4.8164	-4.74199
85	75	5	2.99573	-5.27411	-5.31023
85	75	15	2.79446	-4.66369	-4.58226
85	75	25	2.63197	-3.55573	-3.35563
85	75	35	2.75183	-3.28478	-3.28399
85	75	45	3.49142	-5.14997	-6.00956
85	75	55	3.4207	-5.10196	-5.9716
85	75	65	2.58287	-5.01365	-4.99908
85	75	75	2.67754	-3.38734	-3.42176
85	75	85	2.75847	-4.58598	-4.50177
85	85	5	2.77193	-5.14037	-5.16034
85	85	15	2.83589	-4.10458	-3.88213
85	85	25	2.43545	-2.89002	-2.66565
85	85	35	2.61143	-2.86675	-2.84515
85	85	45	3.41266	-5.05662	-5.91658
85	85	55	2.71679	-5.10205	-5.26889
85	85	65	2.5559	-4.84167	-4.84643
85	85	75	2.61245	-3.01489	-3.09618
85	85	85	2.57472	-4.01866	-4.04267
