5	5	5	3.45264	-5.90122	-5.16201
5	5	15	2.73105	-5.09282	-4.91285
5	5	25	2.75382	-5.15554	-4.99275
5	5	35	3.47702	-5.11598	-5.83157
5	5	45	3.22792	-5.42873	-5.08643
5	5	55	3.86021	-5.83962	-4.54001
5	5	65	3.77358	-5.08204	-4.1014
5	5	75	3.39546	-5.62114	-4.86397
5	5	85	3.27185	-5.69561	-5.21564
5	15	5	2.74627	-5.13624	-5.22267
5	15	15	2.70268	-5.0916	-5.06085
5	15	25	2.59263	-5.14015	-5.09854
5	15	35	2.67464	-5.09608	-5.21487
5	15	45	2.58915	-5.025	-5.05177
5	15	55	2.82945	-4.67937	-4.56233
5	15	65	3.65851	-3.78574	-3.28258
5	15	75	3.07759	-4.97648	-4.57479
5	15	85	2.97513	-5.46385	-5.16221
5	25	5	2.69656	-5.08594	-5.22362
5	25	15	2.63245	-4.98302	-5.02247
5	25	25	2.61116	-5.0017	-4.98157
5	25	35	2.93163	-5.09957	-5.39976
5	25	45	3.02906	-5.36243	-5.15887
5	25	55	3.66211	-4.22868	-3.80567
5	25	65	3.80208	-3.31761	-3.59267
5	25	75	2.87828	-4.55758	-4.63284
5	25	85	2.67868	-5.14674	-5.22151
5	35	5	2.87305	-5.16206	-5.32404
5	35	15	2.8715	-4.20085	-4.16131
5	35	25	2.91262	-3.73761	-3.53601
5	35	35	3.31225	-4.44845	-4.88801
5	35	45	2.88307	-3.8823	-3.97185
5	35	55	3.29737	-2.83696	-3.49825
5	35	65	2.85663	-3.10582	-3.40341
5	35	75	2.89246	-4.96682	-5.22458
5	35	85	2.81399	-5.10075	-5.36262
5	45	5	3.61545	-5.66325	-5.12524
5	45	15	3.75505	-3.56045	-3.59966
5	45	25	3.29384	-2.93313	-3.15193
5	45	35	3.03505	-4.44253	-4.84572
5	45	45	2.83786	-4.79745	-5.08343
5	45	55	3.01515	-3.81368	-4.27772
5	45	65	2.71197	-3.91185	-3.9938
5	45	75	3.12909	-5.12502	-5.54373
5	45	85	3.27624	-5.542	-5.26555
5	55	5	3.45268	-4.55806	-5.06606
5	55	15	3.4111	-3.07086	-3.49331
5	55	25	3.87871	-3.09	-4.32395
5	55	35	3.09745	-4.61047	-5.11446
5	55	45	3.03747	-4.92086	-5.36485
5	55	55	2.93709	-4.87643	-5.26249
5	55	65	2.57147	-4.50154	-4.48119
5	55	75	3.17497	-5.04549	-5.46228
5	55	85	3.16896	-5.29499	-5.52421
5	65	5	3.10288	-4.74779	-5.04717
5	65	15	3.11656	-3.5143	-3.67125
5	65	25	3.71406	-3.8461	-4.72388
5	65	35	3.05715	-4.5465	-4.69157
5	65	45	3.43905	-4.28175	-4.96817
5	65	55	2.69826	-4.95964	-4.98606
5	65	65	2.55147	-4.55586	-4.55629
5	65	75	2.77666	-5.02643	-5.20325
5	65	85	3.43868	-5.16655	-5.92052
5	75	5	2.83267	-4.26189	-4.48346
5	75	15	2.73194	-3.0881	-3.00807
5	75	25	3.51429	-3.9064	-4.42275
5	75	35	3.61862	-4.76478	-5.50437
5	75	45	3.72429	-4.2209	-5.31094
5	75	55	2.68364	-4.70088	-4.83182
5	75	65	2.55114	-4.18122	-4.18124
5	75	75	2.67268	-4.76072	-4.8823
5	75	85	3.17151	-5.09634	-5.7167
5	85	5	2.63383	-4.64298	-4.68258
5	85	15	2.57385	-3.70563	-3.66325
5	85	25	2.79186	-4.49585	-4.45304
5	85	35	3.81105	-5.3574	-5.89737
5	85	45	3.90069	-4.91528	-5.30494
5	85	55	3.11964	-5.07404	-4.52265
5	85	65	2.85149	-4.69964	-4.56011
5	85	75	2.65307	-4.9072	-4.92925
5	85	85	2.79185	-5.10893	-5.30895
15	5	5	3.71583	-6.12537	-5.00298
15	5	15	3.27225	-5.35284	-4.63325
15	5	25	3.11105	-5.63366	-5.07369
15	5	35	3.11464	-5.1475	-5.55032
15	5	45	3.10268	-4.78075	-5.0908
15	5	55	2.85844	-4.19271	-3.93212
15	5	65	3.54038	-4.29708	-3.51284
15	5	75	3.83827	-5.47559	-4.23084
15	5	85	3.81785	-6.30374	-5.15777
15	15	5	2.87429	-5.30396	-4.98392
15	15	15	2.7475	-5.01803	-4.82168
15	15	25	2.64026	-5.10748	-5.09827
15	15	35	2.92303	-5.10626	-5.46466
15	15	45	2.80077	-4.69066	-4.91953
15	15	55	2.63914	-3.61856	-3.62632
15	15	65	3.08556	-3.10337	-2.93258
15	15	75	2.97249	-4.03946	-3.66123
15	15	85	2.9116	-5.39657	-5.15682
15	25	5	2.60152	-5.04969	-5.04485
15	25	15	2.55249	-4.963	-4.96175
15	25	25	2.61151	-5.00049	-5.06002
15	25	35	3.25356	-5.12211	-5.66437
15	25	45	2.62752	-5.00353	-4.99671
15	25	55	2.66166	-3.46267	-3.50874
15	25	65	2.7194	-2.6561	-2.65154
15	25	75	2.84321	-3.75014	-3.58127
15	25	85	2.72497	-5.22217	-5.13227
15	35	5	2.61603	-5.12499	-5.10403
15	35	15	2.61198	-4.58248	-4.52177
15	35	25	2.69143	-4.43965	-4.33924
15	35	35	3.51345	-4.43966	-5.20123
15	35	45	2.77393	-4.16208	-4.34321
15	35	55	2.62589	-2.80217	-2.93357
15	35	65	2.4738	-2.84938	-2.93027
15	35	75	2.65429	-4.43901	-4.45505
15	35	85	2.67666	-5.1338	-5.1691
15	45	5	3.29466	-5.60203	-4.90561
15	45	15	3.39263	-4.30324	-3.46165
15	45	25	3.51182	-3.76122	-2.84042
15	45	35	3.43465	-4.11275	-4.30912
15	45	45	2.80305	-4.56658	-4.69695
15	45	55	2.72281	-3.69686	-3.74537
15	45	65	2.54732	-3.73244	-3.73243
15	45	75	2.66851	-4.93908	-5.0397
15	45	85	2.65201	-5.27942	-5.1986
15	55	5	2.97068	-5.12324	-4.86167
15	55	15	2.90387	-3.36967	-3.09767
15	55	25	2.94627	-3.81441	-3.77996
15	55	35	3.00304	-4.14504	-4.33382
15	55	45	2.78187	-4.41448	-4.59245
15	55	55	2.71399	-4.23643	-4.31842
15	55	65	2.57235	-4.57675	-4.55713
15	55	75	2.77192	-4.95788	-5.17794
15	55	85	2.89157	-5.30136	-5.24147
15	65	5	2.61669	-4.60525	-4.66565
15	65	15	2.57384	-3.2893	-3.32805
15	65	25	2.83514	-4.40075	-4.63746
15	65	35	2.99478	-4.58382	-4.66166
15	65	45	3.05433	-4.19188	-4.29499
15	65	55	2.63435	-3.91887	-3.84045
15	65	65	2.61363	-4.73962	-4.71805
15	65	75	2.73446	-4.91244	-5.09025
15	65	85	2.79432	-5.10086	-5.34011
15	75	5	2.61313	-4.10207	-4.14403
15	75	15	2.55149	-3.11247	-3.05287
15	75	25	2.97106	-4.92663	-5.06661
15	75	35	3.05346	-5.0753	-5.29528
15	75	45	2.89432	-4.429	-4.76894
15	75	55	2.57327	-3.74379	-3.7657
15	75	65	2.61255	-4.63817	-4.69932
15	75	75	2.59181	-4.81127	-4.85175
15	75	85	2.83196	-5.10011	-5.40091
15	85	5	2.59345	-4.52193	-4.52436
15	85	15	2.57227	-3.70564	-3.68529
15	85	25	2.73065	-4.83975	-5.01978
15	85	35	3.27386	-5.21367	-5.6565
15	85	45	3.40028	-4.77242	-5.10087
15	85	55	3.03443	-4.06361	-3.58697
15	85	65	2.85191	-4.294	-4.15489
15	85	75	2.6523	-4.98362	-4.92491
15	85	85	2.67144	-5.13521	-5.17563
25	5	5	4.58146	-5.7299	-3.74435
25	5	15	3.65509	-5.17285	-4.07131
25	5	25	3.51346	-5.7345	-5.05533
25	5	35	3.45505	-5.538	-5.51963
25	5	45	3.06073	-5.06187	-4.89078
25	5	55	3.11753	-3.95225	-3.47474
25	5	65	3.62399	-3.7605	-2.81581
25	5	75	4.20513	-5.19468	-3.58239
25	5	85	4.62506	-7.05047	-5.21971
25	15	5	3.18837	-3.79807	-3.24318
25	15	15	2.93633	-3.90325	-3.52133
25	15	25	2.77989	-4.88066	-4.97351
25	15	35	3.11787	-5.12548	-5.64431
25	15	45	2.72876	-4.26818	-4.43225
25	15	55	2.76179	-3.19615	-3.24102
25	15	65	2.72781	-2.83246	-2.78068
25	15	75	2.89587	-3.49181	-3.18945
25	15	85	3.13779	-5.39054	-4.92461
25	25	5	2.81295	-4.18056	-3.92522
25	25	15	2.70116	-3.96908	-3.82034
25	25	25	2.8528	-5.07818	-5.29646
25	25	35	3.53722	-5.12172	-6.06681
25	25	45	2.96929	-4.74333	-5.11892
25	25	55	2.56942	-3.11807	-3.16754
25	25	65	2.5987	-2.59826	-2.59255
25	25	75	2.67915	-3.00232	-2.91584
25	25	85	2.85266	-5.05362	-4.9136
25	35	5	2.60192	-4.70704	-4.66746
25	35	15	2.55299	-4.96176	-4.96109
25	35	25	2.75109	-4.7993	-4.83924
25	35	35	3.3331	-4.62008	-5.322
25	35	45	3.15034	-4.2425	-4.4785
25	35	55	2.48789	-2.90053	-2.95481
25	35	65	2.53568	-2.85094	-2.85214
25	35	75	2.65981	-3.50017	-3.59381
25	35	85	2.70444	-4.96221	-5.092
25	45	5	2.25832	-5.02263	-5.00822
25	45	15	2.67191	-4.36245	-4.24172
25	45	25	3.27263	-4.23205	-3.71043
25	45	35	4.39465	-4.50881	-4.86759
25	45	45	3.78865	-4.2676	-4.3436
25	45	55	3.02487	-3.90484	-3.73465
25	45	65	2.61838	-3.40206	-3.42051
25	45	75	2.598	-4.84355	-4.84302
25	45	85	2.27317	-5.06885	-5.14916
25	55	5	2.60469	-5.06317	-4.96244
25	55	15	2.70624	-3.81925	-3.65765
25	55	25	2.65465	-4.59286	-4.48924
25	55	35	3.29626	-4.40165	-4.77641
25	55	45	3.20665	-4.2034	-4.563
25	55	55	2.56317	-3.15499	-3.15739
25	55	65	2.63714	-3.77635	-3.77517
25	55	75	2.63954	-4.81915	-4.71882
25	55	85	2.65236	-5.23926	-5.27898
25	65	5	2.57081	-4.84494	-4.86249
25	65	15	2.57376	-3.6389	-3.65523
25	65	25	2.57293	-4.74317	-4.76116
25	65	35	2.77308	-4.91365	-5.13239
25	65	45	2.73681	-4.66205	-4.72428
25	65	55	2.67772	-3.31162	-3.2706
25	65	65	2.58341	-4.05226	-4.06796
25	65	75	2.58714	-4.66062	-4.67776
25	65	85	2.60066	-5.0869	-5.12144
25	75	5	2.59232	-4.28203	-4.32323
25	75	15	2.55178	-3.55205	-3.57288
25	75	25	2.63103	-5.00576	-5.00575
25	75	35	2.71146	-5.06757	-5.22795
25	75	45	2.67397	-4.70813	-4.83086
25	75	55	2.59726	-3.18001	-3.1859
25	75	65	2.5833	-4.41775	-4.44804
25	75	75	2.61471	-4.81403	-4.87756
25	75	85	2.71292	-5.09825	-5.26003
25	85	5	2.89312	-4.40201	-4.10409
25	85	15	2.73145	-3.98205	-3.80246
25	85	25	2.63183	-5.00305	-5.04306
25	85	35	2.63224	-5.07573	-5.15695
25	85	45	2.67509	-4.71868	-4.80275
25	85	55	2.65792	-3.28856	-3.31544
25	85	65	2.78281	-3.77489	-3.60664
25	85	75	2.93449	-4.91278	-4.61621
25	85	85	2.95277	-5.35625	-5.15795
35	5	5	4.88986	-5.37873	-3.08236
35	5	15	4.3775	-4.78766	-3.00211
35	5	25	3.79269	-5.53685	-4.4169
35	5	35	3.15464	-5.50006	-5.30287
35	5	45	3.0959	-5.08193	-5.22597
35	5	55	3.48082	-4.03563	-4.28213
35	5	65	3.87122	-3.93267	-2.95747
35	5	75	4.35131	-5.02559	-3.39769
35	5	85	4.83598	-6.91187	-4.83599
35	15	5	3.65532	-3.76259	-2.78483
35	15	15	3.56442	-3.62609	-2.77619
35	15	25	3.16432	-4.27343	-3.94267
35	15	35	3.10386	-5.18588	-5.5635
35	15	45	2.80357	-4.50919	-4.70683
35	15	55	2.82513	-3.36153	-3.50144
35	15	65	2.81954	-3.23181	-3.05392
35	15	75	2.96758	-4.44951	-4.19712
35	15	85	3.03844	-4.79661	-4.55327
35	25	5	3.22627	-3.48794	-2.98188
35	25	15	2.85609	-3.20602	-2.98713
35	25	25	2.75905	-4.33659	-4.41223
35	25	35	3.0996	-5.09961	-5.66147
35	25	45	2.94568	-4.40579	-4.79293
35	25	55	2.75932	-3.22828	-3.27048
35	25	65	2.67748	-3.10665	-3.10434
35	25	75	2.65855	-3.22108	-3.15517
35	25	85	2.99145	-4.16218	-3.84497
35	35	5	2.63191	-3.32213	-3.31127
35	35	15	2.59501	-4.36124	-4.31962
35	35	25	2.87367	-4.97692	-5.21852
35	35	35	3.45812	-5.06137	-5.82718
35	35	45	3.36932	-4.68341	-5.25894
35	35	55	2.64097	-3.23513	-3.24369
35	35	65	2.69328	-2.98449	-2.92471
35	35	75	2.81423	-3.27504	-3.09263
35	35	85	2.90375	-3.82583	-3.8027
35	45	5	2.34399	-5.03947	-5.03151
35	45	15	2.61127	-4.81327	-4.75345
35	45	25	2.73152	-4.63966	-4.65926
35	45	35	3.61511	-5.03565	-5.73721
35	45	45	3.5916	-3.29371	-3.81046
35	45	55	3.09828	-3.90207	-3.64763
35	45	65	2.85554	-3.34447	-3.16162
35	45	75	2.81389	-4.82144	-4.71939
35	45	85	2.99516	-5.2912	-5.35265
35	55	5	2.90149	-5.20859	-4.82499
35	55	15	2.71151	-4.64611	-4.48005
35	55	25	2.79504	-5.20884	-5.08484
35	55	35	3.49307	-4.83345	-5.57302
35	55	45	3.22504	-3.99814	-4.50654
35	55	55	2.78484	-2.72258	-2.77871
35	55	65	2.90514	-2.96455	-2.93288
35	55	75	3.02992	-4.74484	-4.38917
35	55	85	3.3479	-5.53088	-5.3788
35	65	5	2.55442	-4.82494	-4.82239
35	65	15	2.55348	-3.9425	-3.94006
35	65	25	2.55133	-4.97357	-4.97317
35	65	35	2.93263	-5.05059	-5.43059
35	65	45	2.91623	-4.80594	-5.16793
35	65	55	2.68012	-3.28681	-3.4045
35	65	65	2.76465	-2.9718	-3.16784
35	65	75	2.62709	-3.84432	-3.82106
35	65	85	2.57863	-4.67822	-4.69798
35	75	5	2.55315	-4.06289	-4.06241
35	75	15	2.55228	-3.47727	-3.47766
35	75	25	2.57144	-4.91313	-4.93271
35	75	35	2.77186	-5.11486	-5.29563
35	75	45	2.69311	-5.07831	-5.22026
35	75	55	2.75323	-3.41213	-3.61409
35	75	65	2.88328	-3.36521	-3.69616
35	75	75	2.66656	-4.18199	-4.2953
35	75	85	2.5954	-4.93405	-4.97637
35	85	5	3.21231	-4.22201	-3.6448
35	85	15	2.95148	-3.98567	-3.58607
35	85	25	2.71184	-4.83144	-4.71146
35	85	35	2.73304	-5.13932	-5.24133
35	85	45	2.91431	-4.98136	-5.22463
35	85	55	3.13515	-3.35417	-3.89828
35	85	65	2.83195	-3.34368	-3.42364
35	85	75	3.08406	-3.90961	-3.5601
35	85	85	3.27358	-5.57633	-4.97879
45	5	5	4.84155	-5.18716	-2.94002
45	5	15	4.64349	-4.84364	-2.79292
45	5	25	4.23399	-5.35416	-3.87224
45	5	35	3.31635	-5.69506	-5.25791
45	5	45	3.13765	-5.46243	-5.28817
45	5	55	3.95557	-4.7009	-5.34051
45	5	65	3.49455	-3.56178	-3.79511
45	5	75	3.83686	-5.04505	-4.01052
45	5	85	4.37713	-6.03343	-4.41141
45	15	5	3.51529	-4.0955	-3.17802
45	15	15	4.12659	-4.47387	-2.98414
45	15	25	3.81063	-4.67862	-3.74025
45	15	35	3.08378	-5.39687	-5.31013
45	15	45	3.12648	-5.06983	-5.30961
45	15	55	3.36387	-3.88555	-4.32255
45	15	65	3.01342	-3.56648	-3.72368
45	15	75	2.99702	-5.11478	-5.12262
45	15	85	2.94852	-5.12202	-4.84794
45	25	5	3.0348	-4.20491	-3.89612
45	25	15	2.90825	-3.30804	-3.07803
45	25	25	2.95276	-3.75413	-3.87538
45	25	35	2.80206	-5.10217	-5.32092
45	25	45	2.93353	-4.17413	-4.49231
45	25	55	2.88597	-3.07896	-3.27525
45	25	65	2.68987	-3.3006	-3.37004
45	25	75	2.70421	-4.21126	-4.26227
45	25	85	2.85473	-3.84272	-3.86559
45	35	5	2.77254	-3.20286	-3.29
45	35	15	2.66626	-3.36121	-3.42992
45	35	25	2.8138	-4.72067	-4.97987
45	35	35	3.1189	-5.10801	-5.63068
45	35	45	2.87639	-4.46511	-4.66451
45	35	55	2.76042	-3.33364	-3.33184
45	35	65	2.63418	-3.10557	-3.1034
45	35	75	2.81569	-3.4451	-3.34126
45	35	85	2.90346	-3.2655	-3.37232
45	45	5	3.33423	-5.65695	-4.99177
45	45	15	3.03905	-5.24716	-4.97191
45	45	25	3.19728	-5.14999	-5.14901
45	45	35	3.59713	-5.23922	-5.88434
45	45	45	3.07579	-3.4618	-3.86219
45	45	55	2.75363	-3.11189	-3.03321
45	45	65	3.01336	-3.76618	-3.34394
45	45	75	3.43568	-5.36232	-4.95769
45	45	85	4.16611	-5.86531	-5.75187
45	55	5	2.75797	-4.8175	-4.63225
45	55	15	2.70174	-4.66849	-4.52258
45	55	25	2.8352	-5.17792	-5.17639
45	55	35	3.51507	-4.93201	-5.85441
45	55	45	2.91189	-3.8975	-4.17754
45	55	55	2.67301	-2.78106	-2.74219
45	55	65	2.8567	-2.97527	-2.71045
45	55	75	3.13074	-4.54171	-4.24202
45	55	85	3.63951	-5.43606	-5.57797
45	65	5	2.60279	-4.01246	-3.96197
45	65	15	2.61689	-3.82173	-3.75698
45	65	25	2.61311	-4.99124	-5.01004
45	65	35	3.11264	-5.12171	-5.66091
45	65	45	2.8015	-5.05627	-5.3035
45	65	55	2.61609	-3.70195	-3.75973
45	65	65	2.63834	-2.59913	-2.67353
45	65	75	2.70365	-3.66807	-3.75543
45	65	85	2.80817	-4.82209	-4.96817
45	75	5	2.57472	-3.67598	-3.6947
45	75	15	2.55434	-3.3389	-3.33733
45	75	25	2.59237	-4.84009	-4.87884
45	75	35	2.75118	-5.11961	-5.27948
45	75	45	2.72074	-5.10148	-5.27063
45	75	55	2.79344	-3.99669	-4.2379
45	75	65	2.8717	-2.6859	-3.00603
45	75	75	2.75972	-3.06354	-3.22368
45	75	85	2.63601	-4.33965	-4.29713
45	85	5	3.61318	-4.25956	-3.27992
45	85	15	3.43154	-4.08128	-3.2017
45	85	25	2.89224	-4.71035	-4.44994
45	85	35	2.69227	-5.13868	-5.19907
45	85	45	2.67552	-5.10234	-5.18595
45	85	55	3.152	-3.98238	-4.54174
45	85	65	3.35484	-2.79084	-3.42947
45	85	75	3.10377	-3.21244	-2.9949
45	85	85	3.29686	-4.2882	-3.62488
55	5	5	4.36372	-5.341	-3.57504
55	5	15	4.61475	-4.9484	-2.92488
55	5	25	4.22447	-5.19657	-3.60493
55	5	35	3.70337	-6.03761	-5.29112
55	5	45	3.04704	-5.52947	-5.05048
55	5	55	3.00422	-5.01357	-4.6829
55	5	65	3.32756	-3.97536	-3.95963
55	5	75	3.24391	-5.46418	-4.89704
55	5	85	3.5678	-5.81038	-4.91949
55	15	5	3.61556	-5.10721	-4.1297
55	15	15	4.39139	-5.35254	-3.56456
55	15	25	4.4362	-5.15636	-3.6797
55	15	35	3.8725	-6.0877	-5.38464
55	15	45	2.96242	-5.30921	-5.10595
55	15	55	3.58065	-4.78994	-4.60296
55	15	65	3.30051	-4.633	-4.44923
55	15	75	3.38856	-5.73948	-5.10633
55	15	85	3.19005	-5.57207	-5.10236
55	25	5	2.83749	-4.67614	-4.68177
55	25	15	2.94186	-3.82283	-3.4942
55	25	25	2.86465	-3.40198	-3.38929
55	25	35	3.02138	-5.16097	-5.45257
55	25	45	2.92735	-4.73188	-4.84793
55	25	55	3.19999	-3.25704	-3.58801
55	25	65	3.17747	-3.95413	-4.02022
55	25	75	2.7698	-5.10132	-5.05401
55	25	85	2.93361	-5.13079	-5.08763
55	35	5	2.94464	-4.30729	-4.27442
55	35	15	2.83556	-3.14602	-3.01086
55	35	25	2.87741	-4.26221	-4.42475
55	35	35	3.24938	-5.25336	-5.58956
55	35	45	2.85667	-4.30622	-4.56247
55	35	55	2.86783	-3.23232	-3.33018
55	35	65	2.6684	-3.45246	-3.52531
55	35	75	2.82999	-4.53973	-4.58987
55	35	85	3.15821	-4.75554	-4.89806
55	45	5	4.31473	-6.08788	-5.52153
55	45	15	3.40589	-5.70803	-4.95227
55	45	25	3.22055	-5.25246	-5.11059
55	45	35	3.82343	-5.23738	-6.22379
55	45	45	2.78222	-4.26302	-4.4116
55	45	55	2.5968	-3.38887	-3.393
55	45	65	2.59242	-3.58539	-3.58474
55	45	75	3.29392	-4.90291	-5.1221
55	45	85	4.2328	-5.99055	-5.72167
55	55	5	3.64687	-5.65696	-5.19933
55	55	15	3.24956	-5.00515	-4.5707
55	55	25	3.09705	-5.22264	-5.23801
55	55	35	3.76197	-5.1186	-6.1654
55	55	45	2.71001	-4.10121	-4.13933
55	55	55	2.63461	-3.60919	-3.53039
55	55	65	2.73428	-2.92184	-2.74026
55	55	75	3.41509	-4.62933	-4.8477
55	55	85	4.13312	-5.66605	-5.98476
55	65	5	2.86879	-4.18675	-4.12913
55	65	15	2.74154	-3.81691	-3.75847
55	65	25	2.83542	-4.75362	-4.79157
55	65	35	3.63831	-5.16553	-6.12317
55	65	45	2.6364	-5.10546	-5.17637
55	65	55	2.5969	-4.26157	-4.25859
55	65	65	2.5819	-2.66408	-2.63482
55	65	75	2.82512	-3.68748	-3.93422
55	65	85	3.30754	-5.21615	-5.54445
55	75	5	2.80833	-3.42454	-3.22343
55	75	15	2.61803	-3.44404	-3.42142
55	75	25	2.57414	-4.33756	-4.35582
55	75	35	3.03484	-5.14027	-5.54233
55	75	45	2.6433	-5.12334	-5.17296
55	75	55	2.61618	-4.30332	-4.32402
55	75	65	2.59173	-2.67467	-2.63398
55	75	75	2.76166	-3.04169	-2.99265
55	75	85	2.85042	-4.56998	-4.35483
55	85	5	3.79809	-4.3288	-3.1693
55	85	15	3.99531	-4.5552	-3.11604
55	85	25	3.13184	-4.66694	-4.08734
55	85	35	3.15489	-5.21896	-5.57846
55	85	45	2.70412	-5.14419	-5.17289
55	85	55	2.5938	-4.46432	-4.4625
55	85	65	2.89548	-2.94357	-3.04073
55	85	75	3.3681	-3.94877	-3.25574
55	85	85	3.62084	-5.02991	-4.08148
65	5	5	4.39791	-6.199	-4.60872
65	5	15	4.63281	-5.63378	-3.61303
65	5	25	4.34421	-5.27118	-3.64655
65	5	35	4.12195	-6.12779	-5.66661
65	5	45	3.18837	-5.69523	-5.10598
65	5	55	2.95803	-5.1282	-4.80209
65	5	65	3.06732	-4.78392	-4.47006
65	5	75	2.91718	-5.36788	-5.07108
65	5	85	3.50744	-5.81098	-5.23319
65	15	5	4.20026	-6.20089	-4.56261
65	15	15	4.61734	-6.23204	-4.25635
65	15	25	4.68391	-6.14474	-4.30434
65	15	35	4.13462	-6.2292	-5.49696
65	15	45	3.08317	-5.4708	-5.06487
65	15	55	3.07809	-5.02781	-4.54094
65	15	65	3.64494	-5.20266	-4.39612
65	15	75	3.70726	-6.08067	-5.21873
65	15	85	4.37185	-6.72895	-5.24525
65	25	5	3.4772	-5.25698	-4.94991
65	25	15	3.42646	-4.52402	-4.07487
65	25	25	3.50382	-3.62304	-3.59129
65	25	35	2.85089	-5.16577	-5.27311
65	25	45	2.67106	-4.51538	-4.52767
65	25	55	2.92916	-3.35521	-3.26301
65	25	65	3.13462	-4.43745	-4.07341
65	25	75	3.39734	-5.67665	-5.29632
65	25	85	3.44735	-5.82065	-5.27585
65	35	5	3.37266	-4.7848	-5.07356
65	35	15	3.32579	-3.14199	-3.41421
65	35	25	3.86585	-3.85502	-4.63832
65	35	35	3.14561	-5.34985	-5.37429
65	35	45	3.19929	-4.23141	-4.57973
65	35	55	2.91001	-2.95746	-3.2056
65	35	65	2.83915	-3.4633	-3.70876
65	35	75	3.09807	-5.03475	-5.45925
65	35	85	2.97631	-5.04221	-5.22181
65	45	5	3.85079	-5.37568	-5.52502
65	45	15	3.62109	-5.30874	-4.68509
65	45	25	3.73998	-5.08333	-5.62308
65	45	35	3.86463	-5.34999	-6.13083
65	45	45	3.02156	-4.40517	-4.66826
65	45	55	2.82838	-3.9073	-4.14132
65	45	65	2.83841	-4.0421	-4.20981
65	45	75	3.41436	-4.8888	-5.51094
65	45	85	3.19263	-5.03131	-5.88732
65	55	5	3.72323	-5.48546	-5.25775
65	55	15	3.12712	-4.5834	-4.39002
65	55	25	3.24587	-4.7022	-4.94875
65	55	35	4.20681	-5.25818	-6.59148
65	55	45	3.04009	-4.76311	-4.76973
65	55	55	2.94157	-4.42604	-4.09338
65	55	65	2.85456	-3.22897	-3.0893
65	55	75	3.8771	-4.9949	-5.31376
65	55	85	4.16912	-5.73691	-5.98684
65	65	5	4.01715	-5.18438	-4.92312
65	65	15	3.04621	-3.77802	-3.35259
65	65	25	3.2356	-4.0296	-4.23253
65	65	35	3.60039	-5.2208	-6.02686
65	65	45	2.71472	-5.12475	-5.20041
65	65	55	2.65946	-4.80729	-4.78278
65	65	65	2.72366	-3.0619	-3.01185
65	65	75	3.10685	-4.02981	-4.51559
65	65	85	4.00837	-5.53787	-6.01174
65	75	5	3.30946	-3.93645	-3.78207
65	75	15	2.77373	-3.20398	-3.09869
65	75	25	2.7609	-3.78025	-3.81733
65	75	35	3.46868	-5.10302	-5.99986
65	75	45	2.73268	-5.21122	-5.17446
65	75	55	2.70154	-4.73198	-4.66248
65	75	65	2.68671	-2.77963	-2.68554
65	75	75	2.85398	-3.61524	-3.55308
65	75	85	3.80754	-5.58634	-5.33712
65	85	5	4.35256	-5.25809	-3.67596
65	85	15	4.05209	-4.39041	-2.95848
65	85	25	3.87937	-4.76923	-3.73509
65	85	35	3.72562	-5.71402	-5.63398
65	85	45	3.16849	-5.57303	-5.24881
65	85	55	2.92663	-5.23719	-4.8625
65	85	65	3.18786	-3.40246	-2.84562
65	85	75	3.46378	-4.77935	-4.07876
65	85	85	4.45672	-6.2191	-5.12307
75	5	5	3.89279	-5.52765	-5.64285
75	5	15	4.09433	-5.57939	-4.74657
75	5	25	3.96549	-5.12889	-4.44253
75	5	35	4.22462	-6.40414	-5.41297
75	5	45	3.46983	-5.91773	-5.04454
75	5	55	3.00316	-5.39404	-4.94218
75	5	65	3.20348	-5.08564	-5.0413
75	5	75	3.30397	-5.54733	-5.27785
75	5	85	3.49059	-5.53392	-5.56456
75	15	5	4.1056	-6.04933	-5.547
75	15	15	3.59647	-5.86095	-5.24371
75	15	25	3.90931	-5.74624	-4.87535
75	15	35	4.36729	-6.68506	-5.27369
75	15	45	3.38674	-5.83492	-5.04407
75	15	55	3.30568	-5.13525	-4.50268
75	15	65	4.04351	-5.25364	-5.22932
75	15	75	3.70771	-5.77819	-5.55326
75	15	85	3.63236	-5.76675	-5.51605
75	25	5	2.95889	-4.94361	-5.06733
75	25	15	3.18515	-4.59318	-4.58323
75	25	25	3.39893	-4.10802	-3.82833
75	25	35	2.99459	-5.37128	-5.23861
75	25	45	2.80965	-4.63507	-4.38642
75	25	55	3.23432	-3.89876	-3.58461
75	25	65	3.17978	-4.26186	-4.34773
75	25	75	3.04593	-5.15178	-5.51323
75	25	85	2.88874	-5.1651	-5.37548
75	35	5	3.34845	-4.96202	-5.47941
75	35	15	3.83799	-3.39361	-4.15898
75	35	25	4.0745	-3.42044	-4.25752
75	35	35	3.08936	-5.29269	-5.37087
75	35	45	3.01865	-4.16051	-3.9899
75	35	55	3.20622	-3.01542	-3.31824
75	35	65	3.26415	-3.72575	-4.29219
75	35	75	3.3412	-5.08129	-5.86743
75	35	85	3.06866	-5.1413	-5.57887
75	45	5	3.61032	-4.8828	-5.85327
75	45	15	4.27216	-4.19838	-5.3835
75	45	25	4.27373	-4.60475	-5.83358
75	45	35	3.67347	-5.27929	-5.98673
75	45	45	3.29122	-4.68349	-5.2993
75	45	55	2.952	-4.12288	-4.40136
75	45	65	2.92015	-4.33866	-4.54696
75	45	75	3.75386	-4.94964	-5.99167
75	45	85	3.07143	-5.17988	-5.77947
75	55	5	4.28998	-5.44428	-6.01782
75	55	15	3.94733	-4.12067	-5.15366
75	55	25	3.93317	-4.23009	-5.57054
75	55	35	3.93307	-5.13639	-6.43601
75	55	45	3.41852	-5.00447	-5.70637
75	55	55	3.1394	-4.90685	-5.09359
75	55	65	3.02147	-4.00131	-3.82457
75	55	75	4.05871	-5.18688	-5.5601
75	55	85	4.00988	-5.80664	-5.78297
75	65	5	4.77235	-6.20436	-5.13908
75	65	15	3.90616	-4.23601	-3.95048
75	65	25	3.47812	-3.38397	-3.91119
75	65	35	4.26302	-5.40956	-6.48156
75	65	45	3.51868	-5.62235	-5.54918
75	65	55	3.10821	-5.45087	-5.0872
75	65	65	3.17517	-3.82189	-3.44484
75	65	75	3.99614	-5.18447	-5.14095
75	65	85	4.56128	-6.19766	-5.97226
75	75	5	4.34386	-4.88414	-4.59054
75	75	15	3.33108	-3.49842	-3.09446
75	75	25	3.26186	-3.15156	-3.21198
75	75	35	3.59742	-5.11818	-6.03978
75	75	45	3.01544	-5.46799	-5.20039
75	75	55	3.16779	-5.39366	-4.90634
75	75	65	3.34877	-3.77249	-3.05488
75	75	75	3.6731	-4.84069	-4.27941
75	75	85	5.00636	-6.37358	-6.16154
75	85	5	4.8419	-5.71193	-5.29229
75	85	15	3.65432	-4.09887	-3.34363
75	85	25	3.47672	-3.86404	-3.66326
75	85	35	3.61907	-5.5195	-5.6963
75	85	45	2.87902	-5.34465	-5.06785
75	85	55	3.25588	-5.54685	-4.92209
75	85	65	3.89906	-4.78047	-3.47245
75	85	75	4.4875	-6.32735	-4.75573
75	85	85	5.22642	-6.56274	-6.08997
85	5	5	3.5531	-5.32063	-5.721
85	5	15	3.09669	-5.34999	-5.04995
85	5	25	3.23902	-5.25018	-4.80419
85	5	35	3.54058	-5.69557	-5.22597
85	5	45	3.24464	-5.77268	-5.0839
85	5	55	3.21607	-5.68524	-5.02149
85	5	65	3.35343	-5.29844	-4.73925
85	5	75	3.53747	-5.96946	-5.11509
85	5	85	3.8727	-5.6319	-5.87271
85	15	5	3.49664	-5.28519	-5.86361
85	15	15	2.85751	-5.18194	-5.28112
85	15	25	2.71433	-5.06993	-5.02904
85	15	35	2.88161	-5.27176	-5.22197
85	15	45	2.96392	-5.48752	-5.08824
85	15	55	3.4358	-5.16247	-4.68318
85	15	65	4.57392	-4.51486	-4.66572
85	15	75	3.37829	-5.58675	-5.27001
85	15	85	3.31145	-5.43713	-5.52475
85	25	5	3.25809	-5.04384	-5.74726
85	25	15	2.73669	-4.80125	-4.98526
85	25	25	2.71388	-4.42064	-4.5034
85	25	35	2.83273	-5.21275	-5.17423
85	25	45	3.10698	-5.22538	-4.77343
85	25	55	4.21134	-4.07654	-3.82465
85	25	65	4.15438	-3.59812	-4.58291
85	25	75	3.48432	-5.17716	-5.77595
85	25	85	2.95812	-5.20284	-5.40776
85	35	5	3.17593	-4.92245	-5.50652
85	35	15	3.97709	-3.77683	-4.76129
85	35	25	3.72426	-3.50623	-3.87786
85	35	35	3.14745	-5.1977	-5.1005
85	35	45	3.15523	-4.057	-3.91054
85	35	55	3.52651	-2.77739	-3.53336
85	35	65	3.02282	-3.41052	-3.75728
85	35	75	3.2544	-5.08074	-5.76226
85	35	85	2.8611	-5.12178	-5.3917
85	45	5	4.42309	-5.16563	-5.9105
85	45	15	4.91075	-3.50207	-5.17054
85	45	25	4.20706	-3.70587	-4.87548
85	45	35	3.01906	-5.02397	-5.40716
85	45	45	3.06238	-4.8821	-5.27176
85	45	55	3.18042	-4.19692	-4.54613
85	45	65	2.99959	-4.13784	-4.50471
85	45	75	3.61101	-5.21324	-5.91322
85	45	85	3.7826	-5.42316	-5.93197
85	55	5	4.59908	-4.89204	-6.1568
85	55	15	4.50477	-3.33881	-4.96208
85	55	25	4.31905	-3.31942	-5.04583
85	55	35	3.45144	-5.04716	-5.94756
85	55	45	3.53753	-4.96144	-5.94795
85	55	55	3.00757	-4.81323	-5.22817
85	55	65	2.69438	-4.12286	-4.22297
85	55	75	3.58101	-5.01515	-5.98513
85	55	85	3.511	-5.29334	-5.82134
85	65	5	5.1278	-6.06548	-5.27351
85	65	15	4.77719	-4.31809	-4.22239
85	65	25	4.19305	-3.63914	-4.08033
85	65	35	4.04625	-5.22461	-6.19898
85	65	45	4.04909	-5.1219	-6.37998
85	65	55	3.19406	-5.35884	-5.40107
85	65	65	3.17573	-4.63619	-4.05676
85	65	75	3.81491	-5.69744	-5.19356
85	65	85	4.63739	-6.17633	-6.09482
85	75	5	3.99951	-4.86548	-4.90581
85	75	15	3.6751	-3.55407	-3.15245
85	75	25	3.61464	-3.33192	-3.46832
85	75	35	4.07504	-4.9257	-6.12568
85	75	45	3.67023	-4.983	-5.53979
85	75	55	2.86841	-5.12204	-5.15944
85	75	65	2.83168	-3.6003	-3.39998
85	75	75	3.07397	-4.82776	-4.54804
85	75	85	4.15479	-5.77133	-5.97004
85	85	5	3.67664	-5.36401	-5.04321
85	85	15	3.49672	-4.30089	-3.91804
85	85	25	3.1531	-3.94101	-3.73773
85	85	35	3.99224	-5.47735	-5.87692
85	85	45	3.40745	-5.38113	-4.99753
85	85	55	3.35437	-5.82204	-5.02539
85	85	65	3.17112	-4.61683	-4.03693
85	85	75	3.05344	-5.1803	-4.84272
85	85	85	3.59269	-5.60078	-5.52085
