5	5	5	0.442733	-0.989745	-0.872566
5	5	15	1.27374	-2.64627	-2.60175
5	5	25	2.64844	-3.7068	-2.88597
5	5	35	0.402473	-0.616498	-0.371636
5	5	45	-0.0720159	-0.343525	0.041506
5	5	55	-0.659031	-1.21149	-0.567109
5	5	65	-6.49934	-4.72127	-3.91104
5	5	75	-6.53935	-6.05033	-5.8027
5	5	85	-1.43239	-2.2004	-1.31975
5	15	5	0.962719	0.463653	-0.759075
5	15	15	1.08503	2.05058	-1.6893
5	15	25	2.36457	3.30988	-1.90989
5	15	35	0.5963	0.721392	-0.184526
5	15	45	0.168604	-0.134169	-0.0113439
5	15	55	-0.554195	-0.241938	-0.346478
5	15	65	-4.07424	0.569251	-2.4581
5	15	75	-3.68726	2.5779	-2.9509
5	15	85	-0.586305	1.53556	-1.36574
5	25	5	1.63261	1.48934	-1.95162
5	25	15	3.02575	2.82839	-3.5294
5	25	25	3.31072	2.4763	-1.26769
5	25	35	1.78598	0.792248	0.343139
5	25	45	0.665867	-0.0514238	0.0783404
5	25	55	-0.711026	-0.434727	-1.14168
5	25	65	-3.55255	-0.449974	-3.83793
5	25	75	-2.2572	0.609594	-2.8177
5	25	85	0.279757	0.627392	-0.837205
5	35	5	1.2269	0.833142	-0.928059
5	35	15	1.27689	-0.0848093	-1.09702
5	35	25	3.19201	-2.37095	-0.124493
5	35	35	2.69787	-1.71817	0.571557
5	35	45	0.942126	-0.34775	-0.0691354
5	35	55	0.00790773	-0.0674892	-0.564638
5	35	65	-1.94751	-2.79275	-2.87486
5	35	75	0.522288	-2.83481	-1.71443
5	35	85	1.02429	-0.150665	-0.666668
5	45	5	0.615241	-0.0393597	-0.218691
5	45	15	0.908781	-0.627028	-0.569947
5	45	25	3.59811	-2.06848	0.612679
5	45	35	2.18102	-1.07165	0.55116
5	45	45	0.702158	0.115491	-0.403387
5	45	55	0.393065	0.0377952	-1.3427
5	45	65	-2.03838	-0.0127862	-4.70738
5	45	75	0.400422	-1.28526	-1.83059
5	45	85	0.614688	-0.353173	-0.355864
5	55	5	0.691923	-0.219241	-0.36584
5	55	15	1.3433	0.252783	-1.48601
5	55	25	3.04157	2.51122	-1.66159
5	55	35	2.06557	2.11912	-0.0323344
5	55	45	0.876505	0.48566	-0.472487
5	55	55	0.555972	0.903613	-0.798214
5	55	65	-1.083	2.25714	-1.99551
5	55	75	0.0110352	4.36243	-1.37075
5	55	85	0.631471	0.614256	-0.280501
5	65	5	1.36808	-2.51034	-1.3903
5	65	15	2.30348	-3.55805	-2.86429
5	65	25	3.7084	-4.46863	-2.82084
5	65	35	3.51454	-3.39969	-0.597778
5	65	45	1.27662	-1.01627	-0.488119
5	65	55	0.247774	-1.19772	-1.43493
5	65	65	-1.62604	-1.20298	-2.96259
5	65	75	0.308052	-2.37029	-2.40465
5	65	85	2.20756	-3.1197	0.299426
5	75	5	1.62996	-5.45264	-1.57497
5	75	15	3.11366	-8.03973	0.72568
5	75	25	3.1941	-9.92131	-1.35336
5	75	35	3.27006	-7.89888	-2.81344
5	75	45	-0.189357	-2.81815	0.165838
5	75	55	-2.25693	-4.14341	-0.153329
5	75	65	-4.84055	-7.59499	0.138135
5	75	75	-3.18716	-8.68353	-4.65914
5	75	85	1.86378	-8.98294	-3.34323
5	85	5	0.484776	-2.30915	-0.722085
5	85	15	1.82987	-5.68434	-0.732314
5	85	25	3.51791	-8.58147	-2.82794
5	85	35	1.16153	-4.04847	-0.510255
5	85	45	-0.0967168	-1.20568	-0.0398315
5	85	55	-1.76866	-2.86199	-0.660024
5	85	65	-5.12933	-6.22956	-1.74262
5	85	75	-4.3448	-7.42469	-4.88799
5	85	85	-1.5423	-6.53061	-2.15926
15	5	5	0.0596582	-0.545587	-0.714059
15	5	15	2.78983	-2.18201	-1.94023
15	5	25	5.99853	-4.08497	-2.95192
15	5	35	1.6339	-1.51144	-0.309423
15	5	45	0.0244442	-0.424467	0.322681
15	5	55	-0.0117004	-1.10762	-0.150057
15	5	65	1.26745	-3.82083	-5.80935
15	5	75	0.463867	-3.45214	-3.61443
15	5	85	0.475848	-1.18116	-1.72937
15	15	5	0.219897	-0.409272	-1.21908
15	15	15	2.383	1.37007	-1.90169
15	15	25	4.35374	3.06027	-2.32362
15	15	35	1.69824	1.65333	0.102461
15	15	45	-0.408621	-0.224493	0.565295
15	15	55	-0.141336	-0.648419	-0.502507
15	15	65	-0.21811	2.03283	-3.38225
15	15	75	-0.820006	2.83056	-3.09277
15	15	85	0.249614	0.664454	-1.77014
15	25	5	1.22865	0.532271	-1.85838
15	25	15	3.62531	2.69735	-3.51203
15	25	25	5.7007	3.43356	-3.18069
15	25	35	2.3055	1.86446	0.547135
15	25	45	0.141042	0.245441	1.22679
15	25	55	0.302261	-0.804233	-0.800055
15	25	65	-0.23245	-0.274947	-3.62395
15	25	75	-0.627926	0.915693	-3.123
15	25	85	0.969435	-0.141167	-1.90963
15	35	5	1.65823	-0.133145	-1.45431
15	35	15	4.03451	-0.433447	-2.07405
15	35	25	5.49414	-1.87752	-2.16465
15	35	35	4.49292	-2.93055	-1.57397
15	35	45	2.18017	-1.43957	-0.0527473
15	35	55	0.991915	-0.70833	-0.283049
15	35	65	2.48846	-3.4221	-2.05919
15	35	75	2.62425	-3.00314	-2.61953
15	35	85	2.6519	-2.33792	-1.50411
15	45	5	1.38544	-0.507111	-0.648861
15	45	15	5.37093	-0.560305	0.658816
15	45	25	8.40351	-0.278009	1.77615
15	45	35	6.69568	-0.7921	-1.75967
15	45	45	2.62372	-0.421311	-0.507938
15	45	55	2.40232	-0.255405	-0.915315
15	45	65	5.42656	-1.6315	-2.64243
15	45	75	5.45121	-0.872619	-3.3789
15	45	85	3.0802	-1.03208	-1.55889
15	55	5	1.85961	0.82872	-1.04195
15	55	15	5.30976	0.900101	-1.36924
15	55	25	7.58622	1.84249	-1.37907
15	55	35	5.60061	3.82301	-2.23732
15	55	45	2.99964	2.12405	-0.847132
15	55	55	1.68003	1.28396	-0.284033
15	55	65	3.93519	2.26763	0.157564
15	55	75	3.96414	2.74555	-2.17579
15	55	85	3.39186	2.81468	-2.05094
15	65	5	2.9033	-1.62025	-1.58488
15	65	15	5.34722	-1.97817	-2.55901
15	65	25	6.45939	-1.74233	-3.59273
15	65	35	5.87281	0.0511162	-1.35461
15	65	45	4.1244	0.712492	-0.448227
15	65	55	3.24475	0.905683	-1.07858
15	65	65	4.43594	0.533937	-0.707671
15	65	75	3.82771	-0.418394	-2.26163
15	65	85	3.85974	-0.933978	-1.51616
15	75	5	2.35054	-2.77482	-1.41889
15	75	15	3.15777	-4.88	0.615641
15	75	25	4.79253	-6.60777	-2.41212
15	75	35	3.73934	-4.52134	-1.54928
15	75	45	1.76216	-1.70365	0.401212
15	75	55	0.31446	-2.05125	0.573704
15	75	65	-0.506815	-6.52836	-0.184101
15	75	75	-1.76363	-6.90491	-3.39053
15	75	85	1.20436	-3.86589	-2.48056
15	85	5	0.932009	-1.73914	-1.13277
15	85	15	3.02191	-4.19132	-0.162421
15	85	25	5.19193	-5.99358	-2.21585
15	85	35	3.17852	-4.21514	-0.981656
15	85	45	0.58384	-1.48737	0.498568
15	85	55	0.474333	-1.63985	-0.102496
15	85	65	-0.0586879	-5.71038	-1.85669
15	85	75	-2.1286	-6.99383	-3.6542
15	85	85	1.6276	-3.79625	-2.08247
25	5	5	-0.0449071	-0.665969	-1.67785
25	5	15	1.36717	-1.55198	-3.01559
25	5	25	2.86516	-2.22927	-1.34103
25	5	35	0.137702	-1.16817	2.25509
25	5	45	0.164452	-0.776303	1.20775
25	5	55	0.80756	-1.2498	-0.663619
25	5	65	3.84093	-1.97486	-2.89862
25	5	75	0.907517	-1.13557	-1.27228
25	5	85	0.0361358	-0.404871	-1.19675
25	15	5	-1.00201	-1.65467	-3.25215
25	15	15	0.828464	0.731626	-2.90743
25	15	25	1.67348	2.53001	-0.0350974
25	15	35	-1.26425	1.71833	3.3338
25	15	45	-0.979631	0.135468	1.9961
25	15	55	0.845331	-0.287634	-1.64016
25	15	65	2.15037	2.15762	-2.91346
25	15	75	0.557701	1.59592	-2.24436
25	15	85	-0.405438	-0.398061	-1.90984
25	25	5	-0.966395	-1.63812	-4.12662
25	25	15	0.201117	-1.11908	-5.86402
25	25	25	1.02018	-0.187435	-0.908186
25	25	35	-0.515164	-0.0957079	4.17381
25	25	45	-0.683636	0.546398	3.10424
25	25	55	1.64235	-0.984508	-1.72239
25	25	65	3.24615	-1.35536	-3.51796
25	25	75	1.17043	-0.546877	-2.65565
25	25	85	0.0843436	-1.14643	-1.80048
25	35	5	0.694017	-1.65988	-3.32577
25	35	15	3.43169	-2.77038	-3.85793
25	35	25	6.06726	-4.0434	-1.61649
25	35	35	4.11954	-3.38894	0.709358
25	35	45	1.81967	-1.42993	0.508574
25	35	55	1.96758	-1.57512	0.449266
25	35	65	4.84118	-4.4827	-0.662197
25	35	75	3.39778	-3.83042	-2.17354
25	35	85	1.58392	-1.99694	-1.42949
25	45	5	2.04225	-1.4676	-2.95904
25	45	15	7.18714	-1.17914	0.351245
25	45	25	9.83371	1.47188	2.55063
25	45	35	9.02303	1.20733	-2.90374
25	45	45	4.39048	-0.119162	-0.822409
25	45	55	3.39528	-0.551039	0.453434
25	45	65	8.16146	-1.99626	0.64574
25	45	75	6.51733	-1.64518	-3.67393
25	45	85	3.7837	-1.2207	-3.08221
25	55	5	1.70382	-0.248658	-3.65388
25	55	15	7.07362	0.142254	-2.46195
25	55	25	9.49111	0.17941	-1.30331
25	55	35	7.3721	2.83461	-2.86578
25	55	45	3.79576	3.05493	-1.03204
25	55	55	3.12458	2.2233	0.970339
25	55	65	7.07823	2.42103	1.95263
25	55	75	6.3733	1.46268	-2.04748
25	55	85	2.95085	1.5792	-2.55907
25	65	5	1.84447	-0.600003	-4.1422
25	65	15	6.20191	-0.705348	-5.63878
25	65	25	8.04616	0.782623	-3.99769
25	65	35	5.77913	2.34601	-1.3328
25	65	45	3.14774	2.19437	0.00682574
25	65	55	3.44372	1.08588	-0.403299
25	65	65	5.78054	1.58274	-0.00606423
25	65	75	5.26206	1.49115	-0.0846472
25	65	85	1.55288	0.740799	-0.840385
25	75	5	-0.160343	-0.482374	-2.93536
25	75	15	2.5386	-3.1324	-3.65749
25	75	25	5.58452	-5.58507	-2.47343
25	75	35	2.28896	-3.14127	0.901728
25	75	45	0.927287	-0.660785	0.907704
25	75	55	1.41331	-0.765641	-0.742903
25	75	65	3.82607	-4.77053	-1.29858
25	75	75	2.39883	-3.2626	-0.213904
25	75	85	1.54645	-1.45277	-1.28311
25	85	5	-0.440065	-0.165641	-1.13982
25	85	15	1.23676	-2.94713	-2.54086
25	85	25	2.59045	-4.84142	-1.21457
25	85	35	0.808834	-3.37795	1.42289
25	85	45	0.284756	-1.20036	1.1837
25	85	55	0.78792	-1.42369	-0.237678
25	85	65	3.71892	-4.92001	-1.96631
25	85	75	1.81023	-3.39646	-0.87598
25	85	85	0.7797	-1.24367	-0.827379
35	5	5	-0.267754	0.388791	-1.01774
35	5	15	-2.50075	2.70447	-0.770938
35	5	25	-6.09275	3.65773	2.2418
35	5	35	-1.20394	1.01117	1.28638
35	5	45	0.391058	-0.404059	0.706971
35	5	55	0.717324	-0.83063	-0.933103
35	5	65	0.579132	-0.923466	-3.79172
35	5	75	-0.333327	0.231925	-0.857861
35	5	85	-0.0631993	0.148157	-0.78911
35	15	5	-1.55753	0.489815	-2.26778
35	15	15	-4.28359	3.85586	0.210764
35	15	25	-5.80649	5.7304	2.36671
35	15	35	-1.98766	2.63685	2.45282
35	15	45	0.122546	0.208055	1.09498
35	15	55	1.03446	0.508139	-1.33975
35	15	65	0.23115	3.26411	-3.6253
35	15	75	-0.220782	2.56427	-1.79665
35	15	85	-0.637978	-0.0172325	-1.95749
35	25	5	-3.25048	-3.39895	-3.90649
35	25	15	-6.12791	-4.13349	-3.94711
35	25	25	-7.89345	-2.35864	-0.397827
35	25	35	-2.91856	-1.13966	4.92017
35	25	45	0.102064	-0.858407	3.45491
35	25	55	1.78658	-1.602	-2.83602
35	25	65	1.7301	-2.15161	-4.69763
35	25	75	-0.555821	-3.03182	-2.0489
35	25	85	-2.24435	-3.71054	-1.75735
35	35	5	-2.46796	-4.47751	-1.70253
35	35	15	-4.6591	-7.01883	-2.287
35	35	25	-3.85644	-8.47459	-2.37376
35	35	35	0.125324	-6.53634	0.561716
35	35	45	0.594154	-2.23197	1.77202
35	35	55	1.87028	-1.84957	-0.140373
35	35	65	2.20885	-5.29994	-0.579301
35	35	75	0.0818855	-6.38172	-0.0916672
35	35	85	-1.29138	-4.54107	-0.975085
35	45	5	-0.771941	-2.72667	-1.9352
35	45	15	-4.73773	-5.97248	-3.73206
35	45	25	-1.74191	-6.624	-3.1775
35	45	35	3.01775	-3.59833	-1.94029
35	45	45	1.0337	-1.0094	0.723166
35	45	55	2.02108	-0.966088	0.320845
35	45	65	3.7645	-2.68886	1.51679
35	45	75	0.810504	-3.75373	1.125
35	45	85	0.305608	-2.66652	0.131473
35	55	5	0.391293	-0.668291	-2.61974
35	55	15	-4.42432	-0.199322	-6.46641
35	55	25	-0.579316	2.95164	-5.03305
35	55	35	2.94183	3.66156	-2.12389
35	55	45	1.09248	1.02643	0.245443
35	55	55	2.34418	1.62835	0.0734647
35	55	65	4.24369	2.8698	1.62976
35	55	75	1.7641	2.75775	2.39642
35	55	85	0.160005	1.12124	1.33057
35	65	5	0.387704	1.91837	-3.45927
35	65	15	-0.674892	3.94653	-6.80203
35	65	25	2.26481	4.68183	-4.10862
35	65	35	3.67134	3.67011	-0.0851162
35	65	45	2.39853	1.54723	0.986828
35	65	55	3.6842	0.567148	-1.18972
35	65	65	2.96426	2.38646	-0.263694
35	65	75	1.73824	2.8245	2.90054
35	65	85	0.956547	2.27324	3.03326
35	75	5	0.445264	1.20771	-3.31211
35	75	15	-1.21332	-0.364721	-6.26588
35	75	25	-0.908225	-2.50581	-2.74574
35	75	35	1.15365	-1.54316	1.26651
35	75	45	1.27011	-0.444363	0.908026
35	75	55	2.35705	-1.70998	-1.82126
35	75	65	4.22833	-5.81128	-1.06926
35	75	75	2.4702	-4.20158	2.08169
35	75	85	0.895832	-0.126764	0.854816
35	85	5	-0.484451	0.503732	-1.45318
35	85	15	-2.19668	-1.3374	-2.87692
35	85	25	-4.79448	-2.93264	-0.273815
35	85	35	-0.750224	-1.51203	1.03583
35	85	45	0.534322	-0.686434	0.540119
35	85	55	1.2759	-1.68824	-1.03812
35	85	65	1.80224	-5.46617	-2.38357
35	85	75	0.372493	-3.77032	-0.087164
35	85	85	0.00510013	-0.0455042	-0.376004
45	5	5	-0.0876807	0.511339	-0.099314
45	5	15	-2.86232	1.94113	-0.723211
45	5	25	-6.57502	3.98883	-0.85323
45	5	35	-1.26432	0.712586	-0.325715
45	5	45	0.503084	-0.297846	0.0138402
45	5	55	0.569998	-0.377975	-0.904539
45	5	65	1.29599	1.45684	-5.08875
45	5	75	-0.40334	0.236745	-2.38582
45	5	85	-0.401312	0.282706	-0.396503
45	15	5	-0.969134	0.353276	-0.695771
45	15	15	-3.25992	3.86317	0.865997
45	15	25	-4.88922	6.52353	0.388723
45	15	35	-0.988222	3.5721	-0.235131
45	15	45	0.346873	0.73146	0.354438
45	15	55	0.881415	0.981939	-0.592149
45	15	65	1.95106	4.80395	-3.47724
45	15	75	0.458846	4.74132	-3.75384
45	15	85	-0.499475	1.13912	-1.1928
45	25	5	-3.71044	-3.55137	-2.17967
45	25	15	-6.32683	-3.34863	-1.79575
45	25	25	-6.9448	-1.04105	-1.06841
45	25	35	-2.74658	-1.05574	0.630043
45	25	45	-0.0476365	-0.636115	1.85021
45	25	55	1.41262	-0.775681	-2.2029
45	25	65	1.54162	0.0453378	-3.24927
45	25	75	2.81547	-1.65391	-4.27277
45	25	85	-3.18147	-4.61414	-1.39626
45	35	5	-3.29498	-3.8668	0.119143
45	35	15	-5.48111	-5.73805	-0.87133
45	35	25	-5.94814	-6.23531	-3.65359
45	35	35	-4.47153	-4.9918	-2.46269
45	35	45	-1.22963	-2.1396	-0.627858
45	35	55	0.0994526	-1.94703	-0.0756262
45	35	65	-1.25631	-4.30263	0.944646
45	35	75	-1.26152	-6.86002	0.219985
45	35	85	-2.83123	-5.25143	-0.0689087
45	45	5	-1.41011	-1.64894	-0.279629
45	45	15	-5.64569	-3.40782	-3.53057
45	45	25	-6.60141	-4.31734	-4.50793
45	45	35	-3.50412	-2.91005	-2.3659
45	45	45	-0.684321	-1.15115	-0.629523
45	45	55	0.253437	-0.643253	-0.303679
45	45	65	-0.993463	-1.33026	0.97504
45	45	75	-2.63552	-2.60278	2.89217
45	45	85	-1.28796	-2.3015	1.66082
45	55	5	-1.19281	-0.26225	-0.182103
45	55	15	-5.71025	-2.26204	-4.7924
45	55	25	-5.23265	-0.104736	-4.41971
45	55	35	-2.50689	0.989058	-2.20184
45	55	45	0.286776	0.189716	-0.4895
45	55	55	0.325662	0.452376	-0.218724
45	55	65	-0.742514	1.40351	1.0984
45	55	75	-1.27655	3.12248	3.05982
45	55	85	-0.727766	0.816175	1.62543
45	65	5	-0.250594	0.55955	0.0697055
45	65	15	-2.94811	1.63161	-2.37413
45	65	25	-2.37514	2.58049	-3.32392
45	65	35	-0.467025	1.44784	-2.00023
45	65	45	1.85874	0.0373659	-0.615924
45	65	55	2.03834	-0.591972	-0.755356
45	65	65	0.829098	0.3763	0.135975
45	65	75	0.866946	1.36492	2.90644
45	65	85	0.353325	1.91137	3.449
45	75	5	0.440487	0.783963	0.043767
45	75	15	-2.08164	-0.623209	-2.46277
45	75	25	-1.36579	-2.01697	-2.85333
45	75	35	1.63798	-1.78038	-1.29524
45	75	45	1.88865	-0.747426	0.399109
45	75	55	3.18354	-2.7423	-1.02016
45	75	65	5.07562	-6.76756	-0.966183
45	75	75	2.56492	-4.90075	0.25384
45	75	85	0.961895	-0.579752	1.40741
45	85	5	0.0316999	0.141133	-0.0593124
45	85	15	-2.43756	-0.367211	-1.17993
45	85	25	-3.31173	-2.86213	-1.86079
45	85	35	-0.0743961	-1.86857	-0.672412
45	85	45	0.690509	-0.559613	-0.231985
45	85	55	1.25628	-1.77532	-0.749105
45	85	65	3.61793	-5.20949	-1.94664
45	85	75	1.31563	-4.45099	-1.39161
45	85	85	-0.0847612	-0.259844	-0.533121
55	5	5	0.154264	0.287651	-0.0262833
55	5	15	0.208948	1.85499	-1.25993
55	5	25	3.08998	3.84905	-3.74966
55	5	35	2.8229	2.108	-1.36092
55	5	45	0.621236	0.134984	-0.229397
55	5	55	1.54724	-0.16473	-0.636143
55	5	65	7.78345	1.62295	-2.16491
55	5	75	5.76209	1.45608	-3.29815
55	5	85	0.625725	0.326503	-0.307542
55	15	5	0.658204	0.259052	-0.563211
55	15	15	0.733901	2.00744	0.201369
55	15	25	2.76674	5.88619	-1.67727
55	15	35	3.60724	5.25023	-2.20877
55	15	45	1.80012	2.13327	-0.277686
55	15	55	2.2107	1.93582	0.0590633
55	15	65	5.60973	4.73475	-2.43377
55	15	75	5.07842	5.08568	-3.63079
55	15	85	1.60436	1.89327	-0.926997
55	25	5	-0.579765	-3.03695	-1.22243
55	25	15	-1.69098	-4.47988	-2.02013
55	25	25	0.171915	-0.961597	-2.75945
55	25	35	1.71063	2.36147	-1.17765
55	25	45	1.51371	1.20899	0.635959
55	25	55	3.05889	1.72937	-0.742461
55	25	65	6.49792	2.17953	-2.5222
55	25	75	6.45581	-1.6174	-2.71247
55	25	85	0.168025	-3.2997	-0.274179
55	35	5	-1.44223	-2.45619	-0.0202359
55	35	15	-2.45661	-4.71246	-1.85559
55	35	25	-3.71119	-5.97955	-3.90389
55	35	35	-1.88149	-3.80455	-2.27946
55	35	45	-0.318376	-0.778883	-1.13492
55	35	55	0.335492	-0.651653	-0.408102
55	35	65	1.35916	-4.05111	1.28421
55	35	75	2.75309	-6.86861	1.77752
55	35	85	-1.46912	-4.18315	0.807264
55	45	5	-1.2352	-1.93521	-0.718619
55	45	15	-2.43199	-2.90953	-5.14397
55	45	25	-2.32241	-3.81508	-4.8749
55	45	35	-0.593167	-1.74615	-1.72341
55	45	45	-0.309131	-0.646256	-0.933014
55	45	55	-0.362117	-0.704392	-0.225074
55	45	65	0.832695	-1.17239	0.941587
55	45	75	3.28658	-3.02976	4.51371
55	45	85	-0.197593	-1.75326	1.60295
55	55	5	-0.727526	-0.228638	-0.0506589
55	55	15	-2.43538	-1.86053	-4.71283
55	55	25	-1.84141	-0.144654	-3.79056
55	55	35	-0.535571	0.273338	-1.66456
55	55	45	-0.73442	-0.350396	-1.53636
55	55	55	-0.312022	0.134768	-0.453518
55	55	65	0.699077	1.24568	0.705904
55	55	75	2.54502	2.69815	2.95891
55	55	85	0.286364	1.10122	2.19397
55	65	5	-0.484554	0.315731	0.382716
55	65	15	-1.04669	1.35006	-2.02797
55	65	25	-0.736442	1.40376	-2.95332
55	65	35	-0.0353268	0.06968	-1.93555
55	65	45	0.546529	-1.0512	-1.70364
55	65	55	1.68434	-1.52975	-1.19987
55	65	65	2.96305	-0.84812	-0.34678
55	65	75	3.23353	1.11714	1.61685
55	65	85	0.540175	0.466237	2.93048
55	75	5	0.319794	0.015357	0.465842
55	75	15	0.220005	-0.852064	-1.32526
55	75	25	1.34237	-2.16134	-3.34715
55	75	35	2.7926	-3.07474	-2.20726
55	75	45	1.95548	-1.94868	-0.993988
55	75	55	3.45197	-3.53898	-0.817808
55	75	65	5.54911	-6.07443	-1.94679
55	75	75	4.22482	-5.55115	-1.88131
55	75	85	1.34752	-0.995152	1.12539
55	85	5	0.322952	0.211211	0.431805
55	85	15	0.352552	-0.618719	-0.857951
55	85	25	1.48138	-2.52356	-2.66077
55	85	35	2.57003	-2.64195	-1.15397
55	85	45	0.954157	-0.921497	-0.569094
55	85	55	2.26387	-1.96866	-0.194344
55	85	65	5.24342	-4.27618	-0.277903
55	85	75	4.05899	-4.11943	-2.43901
55	85	85	0.919867	-0.793495	-0.0509298
65	5	5	0.301619	0.0185965	-0.0389734
65	5	15	2.64995	0.855187	-1.4664
65	5	25	7.1173	2.44658	-3.01304
65	5	35	5.35071	2.16823	-3.46345
65	5	45	2.49599	1.17681	-1.88248
65	5	55	4.29613	0.937261	-0.533255
65	5	65	9.58833	2.22316	-0.358793
65	5	75	5.50644	1.54651	-1.31158
65	5	85	0.289362	0.120544	0.120391
65	15	5	1.16299	0.12049	-0.203869
65	15	15	2.24575	2.17618	-0.819722
65	15	25	4.63654	4.3815	-2.86401
65	15	35	4.48712	4.42696	-2.74881
65	15	45	2.62975	3.16577	-2.14628
65	15	55	3.97534	4.21037	-0.752735
65	15	65	7.65648	5.64652	-1.89554
65	15	75	4.50967	4.43248	-0.992702
65	15	85	1.62913	0.864242	0.00108579
65	25	5	1.14792	-0.907303	-0.824828
65	25	15	2.64246	-1.02447	-3.50301
65	25	25	4.35117	1.03928	-3.04765
65	25	35	3.59414	2.29253	-1.46396
65	25	45	1.84703	1.62638	-1.95096
65	25	55	2.90415	2.73804	-2.24904
65	25	65	7.03655	2.98982	-3.01703
65	25	75	6.1778	-0.191024	0.576874
65	25	85	2.588	-0.966397	2.29417
65	35	5	0.352776	-1.90167	-0.799483
65	35	15	1.99695	-3.75461	-2.81452
65	35	25	1.52634	-3.77994	-2.4511
65	35	35	0.670582	-1.39889	-1.17549
65	35	45	0.0396774	0.074696	-1.79911
65	35	55	-0.301685	-1.16849	-2.6229
65	35	65	2.46269	-3.17322	-0.452304
65	35	75	3.91555	-4.84308	2.1818
65	35	85	0.720111	-3.03663	1.75885
65	45	5	-0.0171894	-1.87739	-0.841104
65	45	15	2.08699	-2.40606	-3.0352
65	45	25	0.588848	-1.93097	-2.19066
65	45	35	0.212051	-0.594923	-0.920348
65	45	45	-0.507693	-0.334485	-1.49095
65	45	55	-1.0348	-0.896535	-2.21755
65	45	65	0.531149	-1.34098	-0.455904
65	45	75	3.30608	-2.31423	3.16942
65	45	85	0.564646	-1.65441	1.85023
65	55	5	-0.153985	-0.666383	-0.483379
65	55	15	2.43112	0.439392	-3.92654
65	55	25	0.648816	1.02581	-2.36455
65	55	35	-0.360935	-0.201248	-0.80486
65	55	45	-1.24597	-0.956283	-1.96253
65	55	55	-1.79506	-0.0859368	-2.406
65	55	65	0.0569251	0.306423	-0.758813
65	55	75	2.34392	1.76564	2.83367
65	55	85	0.489669	0.421843	2.52504
65	65	5	0.0582036	-0.304246	0.0800272
65	65	15	0.896414	0.706173	-3.07431
65	65	25	0.673033	0.628584	-2.8729
65	65	35	0.278691	-0.776619	-1.35832
65	65	45	-0.705444	-1.79099	-2.47869
65	65	55	-1.15491	-1.83669	-4.41382
65	65	65	0.916005	-1.72513	-2.98606
65	65	75	0.92402	0.55984	3.13807
65	65	85	-0.539618	-0.00012305	4.52936
65	75	5	0.261886	-0.0639445	-0.0768583
65	75	15	1.67487	-1.87082	-2.19773
65	75	25	2.2474	-3.85363	-3.24316
65	75	35	2.22616	-3.20844	-2.10548
65	75	45	0.702754	-2.11801	-1.92694
65	75	55	2.14081	-3.37699	-2.6863
65	75	65	4.16857	-5.97629	-3.26585
65	75	75	2.52647	-4.82216	0.906057
65	75	85	0.257945	-1.75327	2.27733
65	85	5	0.318903	0.0983809	0.138435
65	85	15	1.79239	-1.11282	-1.92447
65	85	25	4.35818	-2.8492	-3.39018
65	85	35	3.53341	-2.55891	-2.37513
65	85	45	1.88253	-1.57169	-1.72794
65	85	55	2.64394	-2.33357	-0.924031
65	85	65	5.71634	-3.90857	-1.08785
65	85	75	2.87721	-3.58953	-0.45905
65	85	85	-0.161228	-0.754325	0.694312
75	5	5	0.628977	0.0366753	-0.543114
75	5	15	2.495	0.184152	-3.20455
75	5	25	4.16288	0.50144	-1.67558
75	5	35	2.6369	0.611349	-1.86502
75	5	45	1.47317	-0.527496	-2.74776
75	5	55	0.64472	-1.80251	-3.76219
75	5	65	-0.418529	-3.99604	-1.21977
75	5	75	-2.23745	-3.65485	0.73592
75	5	85	-0.50302	-0.886464	0.903564
75	15	5	0.868886	-0.363412	-0.183257
75	15	15	2.47825	3.25199	-3.74671
75	15	25	2.81594	3.70576	-2.10345
75	15	35	2.63929	2.68377	-1.54981
75	15	45	0.910006	0.642168	-2.45808
75	15	55	-0.136267	2.12907	-4.17885
75	15	65	-0.710221	3.88245	-3.41847
75	15	75	-1.99189	2.62179	0.9564
75	15	85	0.0249372	0.403037	1.41966
75	25	5	1.83448	0.398326	-1.61119
75	25	15	3.6699	0.951592	-4.57467
75	25	25	3.51271	1.66929	-1.75068
75	25	35	2.19373	1.42964	0.426539
75	25	45	0.965654	1.86204	-2.19254
75	25	55	-0.256802	3.43731	-6.85153
75	25	65	0.187144	3.63882	-4.56595
75	25	75	0.510754	1.86005	2.15844
75	25	85	1.71209	-0.276037	3.06256
75	35	5	1.0233	-0.749677	-1.10204
75	35	15	2.07647	-2.5069	-2.3761
75	35	25	0.68314	-2.70541	-0.400691
75	35	35	0.764957	-0.558262	0.222982
75	35	45	0.428061	0.820174	-1.37053
75	35	55	-1.46799	-0.0257247	-4.61458
75	35	65	-2.32669	-1.58477	-4.39963
75	35	75	0.106482	-2.73404	1.05918
75	35	85	0.844869	-1.30048	2.04601
75	45	5	1.13547	-1.67068	-1.68484
75	45	15	1.12063	-1.80832	-2.33887
75	45	25	-0.58166	-1.19625	-0.0896199
75	45	35	-0.397345	-0.37035	0.142022
75	45	45	-0.0405197	0.0793955	-1.15516
75	45	55	-1.96987	-0.261466	-2.92221
75	45	65	-3.56172	-0.824985	-3.73134
75	45	75	-1.29078	-0.687462	0.385666
75	45	85	0.584747	-0.612369	1.0318
75	55	5	0.698631	-0.891115	-0.989269
75	55	15	1.06668	0.0276439	-2.77604
75	55	25	-0.380061	1.11369	-0.850419
75	55	35	-0.398662	0.0157706	-0.404404
75	55	45	-0.63985	-0.560498	-1.6754
75	55	55	-2.44819	1.02236	-3.3292
75	55	65	-4.07836	2.10114	-3.65146
75	55	75	-2.75381	2.0619	0.423959
75	55	85	0.0285861	0.10659	0.990279
75	65	5	0.301218	-0.867777	-1.75404
75	65	15	0.14604	-0.407361	-3.98863
75	65	25	-0.560832	-0.639535	-1.27188
75	65	35	-0.404012	-1.74217	0.0765608
75	65	45	-0.783173	-1.87293	-2.39132
75	65	55	-3.29966	-1.27818	-5.45693
75	65	65	-4.95332	-1.62752	-3.85866
75	65	75	-4.216	-1.25537	1.85525
75	65	85	-1.18404	-0.790173	2.96376
75	75	5	0.623611	-0.926044	-1.22919
75	75	15	1.57008	-3.77295	-3.33065
75	75	25	0.84161	-5.24265	-2.0104
75	75	35	0.262775	-3.75492	-1.30008
75	75	45	0.00238613	-2.11688	-2.29615
75	75	55	-1.41823	-4.25831	-4.12365
75	75	65	-4.57861	-7.62863	-1.17363
75	75	75	-3.73124	-5.88807	-0.207073
75	75	85	-0.522046	-2.0989	1.21369
75	85	5	0.406745	-0.469848	-0.682884
75	85	15	1.73841	-2.53879	-2.95423
75	85	25	2.29791	-3.67635	-2.12257
75	85	35	1.70999	-2.47851	-1.61609
75	85	45	0.763347	-1.49808	-2.18802
75	85	55	-0.119961	-3.59413	-2.35574
75	85	65	-1.56486	-6.98956	0.133797
75	85	75	-2.42527	-5.47823	0.739386
75	85	85	-0.599304	-1.76247	0.953999
85	5	5	0.789719	-0.960192	-0.911177
85	5	15	-0.0256058	-0.8342	-2.72118
85	5	25	-0.742428	-0.585038	-1.9775
85	5	35	0.202631	-0.494264	-0.631287
85	5	45	0.253596	-0.637684	-0.831364
85	5	55	-1.45691	-2.09485	-1.43305
85	5	65	-7.37057	-5.42072	0.494529
85	5	75	-7.34468	-5.05399	-3.39101
85	5	85	-1.46197	-1.34339	-0.890055
85	15	5	0.915339	0.576046	-1.05271
85	15	15	0.750296	2.9979	-3.16569
85	15	25	0.243621	2.84513	-1.23455
85	15	35	0.576493	1.14766	-0.367333
85	15	45	0.172032	-0.131123	-0.575005
85	15	55	-1.94342	-0.15705	-1.83211
85	15	65	-7.11192	-0.738951	-1.31838
85	15	75	-5.45949	0.540885	-1.78271
85	15	85	-0.715346	0.948555	-0.514288
85	25	5	2.51421	1.89234	-2.53523
85	25	15	2.36597	1.98002	-3.69454
85	25	25	1.28564	1.82187	-1.01556
85	25	35	1.57229	0.913375	0.599366
85	25	45	1.08588	0.426777	-1.16504
85	25	55	-1.78908	0.224379	-3.11775
85	25	65	-5.15502	0.255006	-4.0115
85	25	75	-3.65877	1.24117	-1.87878
85	25	85	0.280646	0.880719	0.50188
85	35	5	1.49401	0.356008	-1.30764
85	35	15	0.641189	-0.776886	-1.31965
85	35	25	0.389428	-2.85075	-0.647704
85	35	35	0.886942	-0.625458	0.801754
85	35	45	0.748952	0.761304	-0.650048
85	35	55	-1.20221	-0.103591	-1.9369
85	35	65	-4.06777	-2.40034	-3.56362
85	35	75	-1.26315	-1.80318	-1.0789
85	35	85	0.748976	-0.0624173	-0.0782186
85	45	5	0.886967	-0.313371	-0.565583
85	45	15	0.106713	-0.918124	-0.860719
85	45	25	-0.739356	-1.58579	-0.0672031
85	45	35	0.108206	-0.388534	0.455964
85	45	45	0.359833	-0.022178	-0.425878
85	45	55	-1.0133	0.33996	-1.70326
85	45	65	-5.83954	0.305338	-3.06974
85	45	75	-3.16102	-0.68345	-1.37492
85	45	85	0.17318	-0.357083	-0.235208
85	55	5	0.524923	-0.993099	-0.908262
85	55	15	-0.199242	-0.0456452	-1.58916
85	55	25	-0.638225	1.61585	-1.16656
85	55	35	0.138912	0.392679	-0.175708
85	55	45	0.090322	-0.0289871	-0.66138
85	55	55	-0.821861	0.827778	-1.41974
85	55	65	-3.56695	2.10123	-1.8222
85	55	75	-2.53858	1.8639	-0.897722
85	55	85	-0.0400563	0.257718	-0.306499
85	65	5	0.0278241	-1.78702	-1.92711
85	65	15	-0.886162	-1.83817	-2.96802
85	65	25	-0.343278	-2.73604	-1.29225
85	65	35	0.271203	-2.43969	-0.305574
85	65	45	-0.0373268	-1.62544	-0.986681
85	65	55	-2.02637	-0.921072	-2.34335
85	65	65	-5.51876	-1.35207	-3.23705
85	65	75	-3.66588	-1.99927	-0.661578
85	65	85	-1.07546	-2.14514	0.66425
85	75	5	0.131806	-2.32447	-1.10921
85	75	15	0.12256	-5.61358	-1.30136
85	75	25	1.02827	-8.90361	-1.70364
85	75	35	0.14646	-6.13721	-1.98064
85	75	45	-1.9315	-3.05095	-1.58055
85	75	55	-3.81931	-4.51781	0.181067
85	75	65	-5.97717	-6.08362	0.510111
85	75	75	-3.2835	-6.68457	-2.90984
85	75	85	-1.22669	-4.15377	-1.3905
85	85	5	-0.226678	-1.93086	-0.995161
85	85	15	-0.197371	-4.35687	-2.51044
85	85	25	-0.521893	-5.86296	-1.65812
85	85	35	-0.931996	-2.98622	-1.27817
85	85	45	-0.800096	-1.99732	-1.34304
85	85	55	-3.30175	-4.4537	-0.13695
85	85	65	-5.55934	-6.17108	0.620307
85	85	75	-4.62257	-5.8728	-2.1283
85	85	85	-2.0294	-3.5535	-1.14892
