5	5	5	3.00338	-5.10316	-5.42206
5	5	15	3.65869	-5.16484	-6.14517
5	5	25	2.7919	-4.86406	-4.8208
5	5	35	2.93779	-3.49565	-3.23833
5	5	45	3.15489	-3.19537	-2.67163
5	5	55	3.11954	-3.18314	-3.17542
5	5	65	3.90629	-5.06643	-5.95442
5	5	75	3.79976	-4.42065	-4.67195
5	5	85	2.99051	-4.07108	-4.00769
5	15	5	2.93549	-4.74125	-5.08169
5	15	15	3.21347	-4.62004	-5.20242
5	15	25	2.71744	-4.20086	-4.08724
5	15	35	2.77186	-3.24004	-3.07929
5	15	45	2.91424	-3.27241	-2.90922
5	15	55	2.98352	-3.74267	-3.67502
5	15	65	3.93147	-5.22951	-6.05172
5	15	75	3.69243	-4.86839	-5.59823
5	15	85	2.80839	-5.04379	-5.13446
5	25	5	3.01548	-3.71083	-3.97449
5	25	15	3.03266	-3.92679	-4.04762
5	25	25	2.79744	-3.9112	-3.71039
5	25	35	2.81916	-3.85084	-3.58295
5	25	45	3.10201	-3.60494	-3.66206
5	25	55	3.00066	-5.02769	-5.06151
5	25	65	3.09833	-5.1089	-5.53183
5	25	75	3.34075	-5.04302	-5.71025
5	25	85	2.98667	-4.32207	-4.59689
5	35	5	3.36195	-5.05646	-4.73293
5	35	15	3.50515	-4.94809	-4.39886
5	35	25	3.16034	-4.64227	-4.07701
5	35	35	2.79695	-3.335	-3.21116
5	35	45	3.30594	-3.75354	-4.46679
5	35	55	3.05812	-4.75593	-5.1806
5	35	65	3.04912	-5.18127	-5.51379
5	35	75	3.27796	-5.18239	-5.50769
5	35	85	3.08873	-3.98084	-3.87135
5	45	5	3.57945	-5.48547	-5.02526
5	45	15	3.83431	-6.05982	-5.08745
5	45	25	4.19932	-6.24397	-4.60566
5	45	35	3.53601	-4.02819	-3.41235
5	45	45	3.10834	-4.22392	-4.38123
5	45	55	3.29921	-4.97113	-5.07932
5	45	65	3.3055	-5.59956	-5.39321
5	45	75	3.27725	-5.30205	-5.10742
5	45	85	3.36411	-4.15584	-3.96773
5	55	5	4.57338	-5.80703	-6.14603
5	55	15	4.19297	-6.40123	-5.37581
5	55	25	3.74275	-5.75044	-4.85573
5	55	35	3.63244	-3.75224	-3.64884
5	55	45	3.52601	-4.74197	-5.06655
5	55	55	3.40157	-4.87635	-5.6021
5	55	65	3.39463	-5.4642	-5.57579
5	55	75	3.78047	-4.79402	-4.91938
5	55	85	4.33487	-4.28972	-4.55821
5	65	5	5.78126	-6.73668	-6.4588
5	65	15	5.04003	-6.6698	-5.99067
5	65	25	4.58427	-6.05393	-5.37668
5	65	35	3.81963	-4.17742	-3.58827
5	65	45	3.40298	-4.13811	-3.86359
5	65	55	4.11948	-5.01838	-5.69559
5	65	65	3.61382	-5.33902	-5.83622
5	65	75	4.49071	-4.74681	-5.37688
5	65	85	5.33257	-5.16966	-5.29517
5	75	5	4.42351	-5.4249	-6.27459
5	75	15	4.3459	-5.53124	-6.41763
5	75	25	3.94901	-5.33477	-5.50617
5	75	35	4.12666	-4.61831	-3.8178
5	75	45	3.74789	-3.80169	-2.89852
5	75	55	4.82427	-4.89428	-4.50193
5	75	65	4.19462	-5.95407	-5.80567
5	75	75	4.22307	-4.1739	-4.94235
5	75	85	4.11847	-4.39804	-5.26869
5	85	5	3.96906	-5.50306	-5.53988
5	85	15	4.60901	-5.76747	-6.49346
5	85	25	4.02672	-5.2898	-4.70858
5	85	35	3.47913	-3.94455	-3.20996
5	85	45	3.78916	-3.83277	-2.84172
5	85	55	4.86565	-4.78203	-3.86901
5	85	65	4.24674	-5.65748	-5.72662
5	85	75	3.84266	-3.89556	-3.79997
5	85	85	3.84471	-4.27804	-4.05492
15	5	5	3.31829	-4.43765	-4.8704
15	5	15	4.01371	-5.19693	-6.47825
15	5	25	3.39084	-4.40385	-5.24003
15	5	35	2.72925	-3.14606	-3.32262
15	5	45	2.63124	-3.04231	-3.04244
15	5	55	2.83274	-3.29448	-3.25597
15	5	65	3.95622	-4.20732	-4.60461
15	5	75	4.27114	-3.85299	-3.66169
15	5	85	3.24191	-3.27332	-3.30568
15	15	5	2.77196	-4.95733	-5.13639
15	15	15	3.5115	-4.98081	-5.90113
15	15	25	2.80786	-4.58244	-4.79844
15	15	35	2.75516	-3.41524	-3.21779
15	15	45	2.97192	-3.30428	-2.92357
15	15	55	2.97906	-3.39905	-3.13386
15	15	65	3.44723	-4.01324	-4.11877
15	15	75	3.06319	-3.38602	-3.67866
15	15	85	2.89516	-4.38096	-4.60006
15	25	5	2.85185	-4.73923	-4.68002
15	25	15	3.21262	-5.17599	-5.13438
15	25	25	3.13744	-3.6156	-3.03402
15	25	35	2.91611	-3.86564	-3.5019
15	25	45	2.91546	-3.34481	-3.2216
15	25	55	2.63826	-4.67939	-4.7042
15	25	65	3.19347	-5.13105	-5.85105
15	25	75	3.37234	-5.1591	-5.72023
15	25	85	2.71468	-4.79408	-4.87605
15	35	5	2.64266	-5.05487	-5.08644
15	35	15	2.90745	-4.92824	-4.85261
15	35	25	2.94908	-4.30658	-3.92134
15	35	35	2.919	-2.79896	-2.83647
15	35	45	3.65871	-2.79246	-3.85854
15	35	55	2.80664	-4.30711	-4.56277
15	35	65	2.93456	-5.0563	-5.48032
15	35	75	3.32905	-4.84174	-5.58377
15	35	85	2.77506	-4.50125	-4.68247
15	45	5	3.55731	-5.85703	-5.09555
15	45	15	3.73656	-6.13372	-5.15138
15	45	25	4.2874	-6.4879	-4.85554
15	45	35	4.41617	-4.44204	-3.98532
15	45	45	4.46552	-3.60343	-4.27708
15	45	55	3.57749	-4.05508	-4.5607
15	45	65	2.97702	-4.79429	-4.98029
15	45	75	3.55587	-5.10238	-5.50722
15	45	85	3.33785	-4.5217	-4.10447
15	55	5	3.72478	-5.31363	-5.68554
15	55	15	3.50316	-5.79735	-5.34444
15	55	25	3.48398	-5.78273	-5.30751
15	55	35	4.1792	-4.17447	-4.27774
15	55	45	3.40471	-3.80857	-3.77424
15	55	55	3.41629	-4.34249	-4.88373
15	55	65	3.12224	-5.21423	-5.22303
15	55	75	3.31551	-4.18158	-4.66607
15	55	85	3.99673	-3.7373	-4.7021
15	65	5	4.38185	-5.10944	-6.10227
15	65	15	3.53704	-5.6597	-5.52492
15	65	25	3.72513	-5.64496	-5.37185
15	65	35	3.7052	-3.99902	-3.82345
15	65	45	3.36242	-3.64688	-3.65092
15	65	55	3.93185	-3.96917	-4.34834
15	65	65	4.04144	-5.5563	-5.78668
15	65	75	4.65949	-4.40197	-4.91044
15	65	85	5.16472	-4.16444	-5.59854
15	75	5	5.21785	-5.27604	-6.10286
15	75	15	3.99142	-5.64004	-5.99962
15	75	25	3.83838	-5.18236	-5.86803
15	75	35	3.40962	-4.11683	-4.12973
15	75	45	3.26037	-3.35258	-2.92671
15	75	55	4.28063	-4.0411	-4.31151
15	75	65	3.98624	-5.42266	-5.47547
15	75	75	4.89144	-3.70552	-4.71754
15	75	85	5.04033	-3.66204	-4.79015
15	85	5	4.16544	-4.373	-4.8434
15	85	15	4.12223	-5.43468	-6.33307
15	85	25	4.11269	-4.66514	-5.86002
15	85	35	2.99731	-3.39809	-3.63706
15	85	45	2.67576	-3.11071	-3.03124
15	85	55	3.12121	-4.30523	-4.49503
15	85	65	3.97956	-4.81732	-5.43368
15	85	75	4.18546	-3.40319	-3.67357
15	85	85	4.55186	-3.63045	-3.75927
25	5	5	3.41703	-3.73989	-4.3539
25	5	15	3.50146	-5.12286	-5.97962
25	5	25	3.68661	-4.14589	-5.27362
25	5	35	2.70378	-3.03062	-3.14141
25	5	45	2.57122	-3.26602	-3.22596
25	5	55	2.71365	-4.20038	-4.28259
25	5	65	3.51225	-4.0631	-4.34273
25	5	75	3.55968	-4.57528	-4.04983
25	5	85	3.15947	-3.50242	-3.13487
25	15	5	2.69328	-4.76112	-4.8189
25	15	15	3.45197	-5.08636	-5.98541
25	15	25	3.50071	-4.48195	-5.27159
25	15	35	2.69965	-3.36805	-3.17666
25	15	45	2.81149	-3.24331	-3.08257
25	15	55	2.81229	-3.51888	-3.38008
25	15	65	2.87269	-3.22393	-3.34311
25	15	75	2.69476	-3.1966	-3.21528
25	15	85	2.55606	-3.34255	-3.33836
25	25	5	2.65153	-4.90687	-4.84637
25	25	15	3.87348	-5.54039	-5.85953
25	25	25	3.51994	-4.20083	-3.56652
25	25	35	3.13821	-3.55365	-2.97603
25	25	45	2.93119	-3.5835	-3.44325
25	25	55	2.63102	-4.73484	-4.73845
25	25	65	2.07184	-5.00144	-5.12144
25	25	75	2.07227	-4.8924	-4.97357
25	25	85	2.59113	-4.90562	-4.86557
25	35	5	2.65464	-5.13868	-5.03507
25	35	15	2.86662	-5.10558	-5.03238
25	35	25	2.78109	-4.05311	-3.88954
25	35	35	2.83054	-2.91946	-2.76134
25	35	45	2.89965	-2.73649	-2.99139
25	35	55	2.61462	-4.12318	-4.1644
25	35	65	2.35341	-4.97393	-5.01394
25	35	75	2.53986	-4.6214	-4.76224
25	35	85	2.60028	-4.53998	-4.56004
25	45	5	2.59438	-4.9932	-4.9896
25	45	15	2.89787	-5.16694	-5.4209
25	45	25	2.8145	-5.18008	-5.19148
25	45	35	3.09936	-3.9026	-4.04234
25	45	45	3.45712	-2.71531	-3.37614
25	45	55	2.95283	-3.83596	-3.83671
25	45	65	2.75305	-4.84695	-4.84776
25	45	75	2.74744	-4.02154	-4.10314
25	45	85	2.60843	-3.75643	-3.83687
25	55	5	2.6306	-4.83804	-4.91798
25	55	15	3.13148	-5.09953	-5.69986
25	55	25	2.78106	-5.12104	-5.3118
25	55	35	3.43532	-4.17654	-4.69989
25	55	45	3.09688	-2.92928	-2.98783
25	55	55	3.01503	-3.20366	-3.31966
25	55	65	2.85505	-4.31751	-4.5583
25	55	75	2.77386	-3.67433	-3.91589
25	55	85	2.55144	-3.25611	-3.37651
25	65	5	3.06983	-4.44714	-4.88794
25	65	15	3.01503	-5.11866	-5.54187
25	65	25	2.85863	-5.1035	-5.3683
25	65	35	3.07749	-4.00397	-4.44566
25	65	45	2.85629	-2.85106	-2.87069
25	65	55	3.43186	-3.20772	-3.3277
25	65	65	3.25503	-4.04361	-3.78803
25	65	75	3.37423	-3.77866	-3.48187
25	65	85	3.37224	-3.36084	-3.78245
25	75	5	4.63304	-4.5725	-5.05291
25	75	15	3.6766	-5.6942	-5.61901
25	75	25	3.83665	-5.9024	-5.5472
25	75	35	3.11708	-4.49843	-4.70449
25	75	45	2.73387	-3.38948	-3.20673
25	75	55	3.17624	-3.99007	-4.40487
25	75	65	3.48423	-4.81897	-4.73298
25	75	75	4.56024	-4.22273	-3.62315
25	75	85	4.29389	-3.87364	-3.4133
25	85	5	4.01556	-4.04375	-4.58003
25	85	15	3.23949	-5.44999	-5.41272
25	85	25	3.37265	-4.9364	-5.68922
25	85	35	2.72905	-3.78883	-3.78446
25	85	45	2.59307	-3.45549	-3.41432
25	85	55	2.75426	-4.89812	-5.09653
25	85	65	3.37751	-4.79191	-5.60704
25	85	75	3.17437	-3.35237	-3.58025
25	85	85	3.71757	-3.74614	-3.30207
35	5	5	3.06156	-3.46934	-3.51882
35	5	15	3.02415	-5.18351	-5.4328
35	5	25	2.94032	-4.64941	-4.94337
35	5	35	2.51446	-3.0194	-3.04012
35	5	45	2.47284	-3.55443	-3.59529
35	5	55	2.65179	-5.02841	-5.00891
35	5	65	2.89355	-4.97957	-5.19878
35	5	75	2.67534	-4.59801	-4.59776
35	5	85	2.69793	-3.58956	-3.48353
35	15	5	2.73586	-4.18511	-4.36031
35	15	15	3.13903	-5.09745	-5.65511
35	15	25	3.22287	-4.36451	-4.87038
35	15	35	2.51524	-3.08367	-3.00623
35	15	45	2.62992	-3.4378	-3.45828
35	15	55	2.65033	-4.52334	-4.4642
35	15	65	2.63233	-4.52409	-4.60362
35	15	75	2.59519	-4.11618	-4.11688
35	15	85	2.55362	-2.93831	-2.93661
35	25	5	2.57129	-4.867	-4.84679
35	25	15	3.21514	-5.27528	-5.57759
35	25	25	3.7015	-4.94173	-4.65256
35	25	35	3.41564	-4.20924	-3.39146
35	25	45	3.58918	-4.48056	-3.64112
35	25	55	2.9119	-4.9809	-4.65852
35	25	65	2.65307	-5.04803	-5.04683
35	25	75	2.37386	-4.96409	-4.92366
35	25	85	2.55199	-4.90282	-4.90352
35	35	5	2.59145	-4.95773	-4.99732
35	35	15	3.09664	-5.21694	-5.40173
35	35	25	3.11275	-4.36319	-4.28009
35	35	35	2.91098	-3.84002	-3.57592
35	35	45	2.94735	-2.95427	-2.9209
35	35	55	2.70426	-4.4381	-4.32811
35	35	65	2.63788	-5.0604	-5.09438
35	35	75	2.59273	-4.92051	-4.88164
35	35	85	2.56676	-4.4591	-4.43869
35	45	5	2.61457	-4.63401	-4.6904
35	45	15	3.21584	-5.10313	-5.7631
35	45	25	2.58909	-5.10146	-5.13306
35	45	35	2.64145	-4.23919	-4.32547
35	45	45	2.69744	-2.65772	-2.75672
35	45	55	2.79604	-3.85675	-3.73585
35	45	65	2.79314	-5.20214	-5.04406
35	45	75	2.65473	-4.07993	-4.02189
35	45	85	2.57321	-3.69451	-3.65254
35	55	5	2.57116	-4.33569	-4.35554
35	55	15	3.41309	-5.09946	-5.98139
35	55	25	2.77312	-5.12208	-5.30403
35	55	35	2.8042	-4.36112	-4.45421
35	55	45	2.73489	-2.754	-2.6978
35	55	55	2.77271	-3.05269	-2.99231
35	55	65	2.65316	-4.33439	-4.39317
35	55	75	2.55321	-3.15509	-3.17695
35	55	85	2.45134	-3.23941	-3.23935
35	65	5	2.64982	-4.16672	-4.10672
35	65	15	3.13102	-5.13676	-5.63676
35	65	25	2.76222	-5.10199	-5.27319
35	65	35	2.68197	-4.46282	-4.55217
35	65	45	2.55117	-2.81992	-2.82007
35	65	55	2.81147	-3.33371	-3.31416
35	65	65	2.91151	-4.28079	-4.12047
35	65	75	3.05465	-3.60554	-3.14913
35	65	85	2.77103	-3.37347	-3.15348
35	75	5	3.99742	-4.82963	-3.74403
35	75	15	4.07782	-6.29458	-5.40858
35	75	25	3.89903	-6.18557	-5.24637
35	75	35	3.39391	-5.34205	-4.74412
35	75	45	3.13148	-4.13923	-3.59969
35	75	55	2.8523	-4.91456	-5.05505
35	75	65	2.83235	-4.97735	-5.01708
35	75	75	2.91587	-3.83487	-3.63172
35	75	85	3.47824	-3.79117	-2.94479
35	85	5	3.21128	-3.87529	-3.73586
35	85	15	3.11198	-5.37559	-5.33623
35	85	25	3.19628	-5.34393	-5.30508
35	85	35	2.74989	-4.37806	-4.1841
35	85	45	2.60077	-4.21559	-4.16689
35	85	55	2.73845	-5.01094	-5.18476
35	85	65	2.80273	-5.02814	-5.25897
35	85	75	2.65443	-4.12636	-4.14942
35	85	85	2.96451	-3.89103	-3.59919
45	5	5	2.69834	-3.23807	-3.17078
45	5	15	2.93226	-5.31034	-5.22992
45	5	25	2.93249	-4.72014	-4.58435
45	5	35	2.60653	-3.22948	-3.1061
45	5	45	2.50406	-3.88538	-3.87492
45	5	55	2.63518	-5.08388	-5.12694
45	5	65	2.6942	-5.12142	-5.26192
45	5	75	2.63673	-4.68482	-4.6816
45	5	85	2.65853	-3.94841	-3.88255
45	15	5	2.61901	-3.59684	-3.64967
45	15	15	2.62405	-5.07659	-5.14599
45	15	25	2.69992	-4.12667	-4.1855
45	15	35	2.37923	-2.69336	-2.75892
45	15	45	2.44285	-3.32203	-3.29372
45	15	55	2.65455	-5.03315	-5.01653
45	15	65	2.83441	-5.10103	-5.02109
45	15	75	2.6336	-4.59965	-4.54045
45	15	85	2.63317	-2.97245	-2.89114
45	25	5	2.71641	-4.78248	-4.90036
45	25	15	2.99476	-5.10452	-5.54643
45	25	25	2.74078	-4.3223	-4.47075
45	25	35	2.71632	-4.00644	-3.93013
45	25	45	3.21677	-4.58407	-4.0466
45	25	55	3.31435	-5.51202	-4.7905
45	25	65	3.25348	-5.46972	-5.01055
45	25	75	2.89508	-5.11248	-4.8129
45	25	85	2.57673	-4.48635	-4.46315
45	35	5	2.81631	-4.58248	-4.63892
45	35	15	3.27467	-5.27774	-5.63977
45	35	25	2.84313	-4.64309	-4.69279
45	35	35	2.80044	-4.22604	-4.15226
45	35	45	2.71715	-3.11099	-3.06987
45	35	55	2.7575	-4.67613	-4.51212
45	35	65	2.73945	-5.20084	-5.11324
45	35	75	2.59752	-4.74459	-4.78135
45	35	85	2.59636	-4.24171	-4.19975
45	45	5	2.82053	-3.79826	-4.0488
45	45	15	3.52442	-5.1069	-6.06479
45	45	25	2.95128	-5.08406	-5.47806
45	45	35	2.62864	-4.7445	-4.81475
45	45	45	2.61403	-2.93258	-3.01154
45	45	55	2.5735	-3.99644	-4.01561
45	45	65	2.69361	-5.10791	-5.12694
45	45	75	2.63777	-4.40454	-4.32398
45	45	85	2.56007	-3.34595	-3.3383
45	55	5	2.6711	-3.69353	-3.81345
45	55	15	3.29308	-5.09267	-5.83461
45	55	25	2.96873	-5.10207	-5.51967
45	55	35	2.68661	-4.62197	-4.75754
45	55	45	2.69396	-2.70476	-2.76767
45	55	55	2.65227	-3.43271	-3.5339
45	55	65	2.69274	-4.83359	-4.97508
45	55	75	2.57685	-3.50022	-3.4857
45	55	85	2.51266	-3.00097	-3.00063
45	65	5	2.99104	-3.9264	-3.68638
45	65	15	3.95225	-5.38674	-6.18791
45	65	25	3.52785	-5.422	-5.7588
45	65	35	2.92285	-5.04205	-5.05386
45	65	45	2.61432	-2.82602	-2.84852
45	65	55	2.57425	-3.97268	-3.9959
45	65	65	2.65226	-4.73824	-4.81947
45	65	75	2.59748	-3.60627	-3.5727
45	65	85	2.75112	-3.12352	-2.92358
45	75	5	4.18423	-5.19627	-3.56308
45	75	15	5.10342	-7.07415	-5.64175
45	75	25	5.06664	-7.08994	-5.58955
45	75	35	3.66109	-5.86445	-4.7689
45	75	45	3.39429	-5.18964	-4.39131
45	75	55	3.01632	-5.4976	-5.0405
45	75	65	3.07195	-5.38427	-5.2244
45	75	75	3.0731	-5.00242	-4.48088
45	75	85	3.55985	-4.59134	-3.58252
45	85	5	2.89465	-4.4817	-4.1781
45	85	15	3.29777	-5.59762	-5.29167
45	85	25	3.27116	-5.59788	-5.12578
45	85	35	2.95748	-4.90446	-4.54368
45	85	45	2.66307	-4.32044	-4.29647
45	85	55	2.60166	-5.09559	-5.09822
45	85	65	2.60014	-5.08352	-5.11897
45	85	75	2.65484	-4.64008	-4.578
45	85	85	2.68531	-4.32529	-4.23103
55	5	5	2.65775	-3.63094	-3.56423
55	5	15	3.13065	-5.46198	-5.28397
55	5	25	3.28369	-4.97208	-4.52344
55	5	35	3.01508	-3.62202	-3.56212
55	5	45	2.94882	-4.03661	-4.30202
55	5	55	2.6688	-5.08841	-5.19947
55	5	65	2.59813	-5.10519	-5.14478
55	5	75	2.6345	-4.88459	-4.80236
55	5	85	2.61624	-4.33552	-4.27198
55	15	5	2.79425	-3.30004	-3.09765
55	15	15	2.88096	-5.25054	-5.20463
55	15	25	2.89977	-3.88726	-4.14507
55	15	35	3.15795	-2.91204	-3.43335
55	15	45	2.77198	-3.70412	-3.84404
55	15	55	2.70343	-5.15992	-5.17104
55	15	65	2.73493	-5.22265	-5.16379
55	15	75	2.63296	-4.8627	-4.86324
55	15	85	2.65248	-3.23383	-3.13325
55	25	5	2.79433	-4.54027	-4.41867
55	25	15	2.97558	-5.29313	-5.275
55	25	25	2.93595	-4.66176	-4.96576
55	25	35	3.19921	-4.12166	-4.64978
55	25	45	2.80397	-4.33909	-4.43114
55	25	55	2.81848	-5.0505	-4.95544
55	25	65	2.87727	-5.28157	-5.124
55	25	75	2.97311	-5.07924	-4.69962
55	25	85	2.81517	-4.17405	-3.95084
55	35	5	3.10958	-4.62652	-4.35051
55	35	15	3.49073	-5.56966	-5.5604
55	35	25	3.16355	-5.3093	-5.14657
55	35	35	2.9245	-4.8725	-4.91304
55	35	45	2.78034	-3.84172	-3.70302
55	35	55	2.73435	-4.72089	-4.70173
55	35	65	2.75587	-5.1382	-5.17743
55	35	75	2.70193	-4.90663	-4.88065
55	35	85	2.82566	-4.1287	-4.01756
55	45	5	2.74253	-3.23363	-3.3258
55	45	15	3.10016	-5.09348	-5.63478
55	45	25	2.9449	-5.10491	-5.49284
55	45	35	2.67913	-4.99329	-5.11569
55	45	45	2.61351	-3.32171	-3.38336
55	45	55	2.57264	-4.44096	-4.46096
55	45	65	2.63424	-5.07143	-5.15143
55	45	75	2.64133	-4.50676	-4.58566
55	45	85	2.60289	-3.40359	-3.43789
55	55	5	2.83426	-2.82786	-3.10888
55	55	15	3.3985	-5.0568	-5.90223
55	55	25	3.24924	-5.10329	-5.7989
55	55	35	2.6007	-4.84205	-4.89087
55	55	45	2.59268	-3.01524	-3.05606
55	55	55	2.61145	-4.03904	-4.05941
55	55	65	2.71589	-5.03997	-5.2047
55	55	75	2.58617	-3.84105	-3.87594
55	55	85	2.55285	-2.92707	-2.92759
55	65	5	3.09234	-3.74207	-3.40085
55	65	15	4.0939	-5.73392	-5.9567
55	65	25	3.94993	-5.6619	-5.82072
55	65	35	3.09746	-5.28207	-5.02845
55	65	45	2.75225	-3.59284	-3.51327
55	65	55	2.67144	-4.6133	-4.6537
55	65	65	2.89383	-5.04867	-5.27145
55	65	75	2.60353	-4.37667	-4.38917
55	65	85	2.65172	-3.27009	-3.16982
55	75	5	4.32512	-5.79256	-4.13848
55	75	15	5.57225	-7.25215	-5.91254
55	75	25	5.45983	-7.33934	-5.61294
55	75	35	4.50202	-6.74806	-5.08702
55	75	45	3.89306	-5.91805	-4.89847
55	75	55	3.01305	-5.43652	-5.09773
55	75	65	3.07384	-5.27987	-5.40185
55	75	75	2.8967	-5.25602	-4.9184
55	75	85	3.69874	-5.53903	-4.39134
55	85	5	2.88552	-4.96613	-4.63167
55	85	15	3.2972	-5.43664	-5.45206
55	85	25	3.95565	-6.06307	-5.38484
55	85	35	3.60606	-5.37329	-4.56503
55	85	45	3.22788	-4.96726	-4.70007
55	85	55	2.66504	-5.17499	-5.11379
55	85	65	2.58236	-5.12838	-5.12442
55	85	75	2.61855	-5.08798	-5.0213
55	85	85	2.77464	-5.25281	-5.03004
65	5	5	2.64216	-4.43168	-4.42064
65	5	15	2.85145	-5.19305	-5.25265
65	5	25	3.11694	-5.11771	-4.89106
65	5	35	3.08645	-3.41405	-3.36226
65	5	45	3.01168	-3.52908	-3.70924
65	5	55	2.76158	-5.03605	-5.19432
65	5	65	2.60443	-5.13391	-5.12299
65	5	75	2.64157	-5.11135	-5.06363
65	5	85	2.58661	-4.83512	-4.8013
65	15	5	2.77568	-3.28968	-3.14583
65	15	15	2.75465	-4.95369	-4.9317
65	15	25	2.72227	-3.74886	-3.78572
65	15	35	3.15446	-2.67089	-3.22781
65	15	45	3.27403	-3.32899	-4.04843
65	15	55	2.74123	-5.08201	-5.22702
65	15	65	2.65546	-5.16488	-5.16296
65	15	75	2.69828	-5.00763	-4.94369
65	15	85	2.59415	-3.59869	-3.5565
65	25	5	3.29621	-4.1073	-3.5632
65	25	15	3.57937	-5.82581	-5.12563
65	25	25	3.481	-5.54545	-5.02744
65	25	35	3.95474	-4.43847	-5.07891
65	25	45	3.46307	-4.42101	-4.68581
65	25	55	2.85717	-5.23377	-5.15933
65	25	65	2.03525	-5.08377	-5.08363
65	25	75	2.51375	-4.80267	-4.68412
65	25	85	3.01419	-3.59873	-3.17733
65	35	5	3.15137	-3.73831	-3.45925
65	35	15	3.25733	-5.53046	-5.27017
65	35	25	3.15474	-5.15753	-5.36906
65	35	35	3.32446	-4.94095	-5.41735
65	35	45	3.00368	-4.24409	-4.41103
65	35	55	2.79876	-5.00559	-5.21169
65	35	65	2.63273	-5.11779	-5.13909
65	35	75	2.64204	-4.48081	-4.42378
65	35	85	2.87519	-3.45882	-3.21649
65	45	5	2.84506	-3.07134	-3.30022
65	45	15	2.83144	-5.01972	-5.22907
65	45	25	2.9527	-5.05323	-5.35225
65	45	35	2.88195	-5.12374	-5.32405
65	45	45	2.67681	-4.07576	-4.15827
65	45	55	2.67433	-4.83436	-4.91526
65	45	65	2.69594	-5.07402	-5.21568
65	45	75	2.64175	-4.34475	-4.4286
65	45	85	2.62081	-3.1828	-3.23996
65	55	5	2.83629	-2.89218	-3.12889
65	55	15	3.15965	-4.82703	-5.30896
65	55	25	2.8161	-4.70428	-4.96438
65	55	35	2.65728	-4.9845	-5.08584
65	55	45	2.59282	-3.36111	-3.40031
65	55	55	2.65158	-4.44657	-4.50684
65	55	65	2.78154	-5.06929	-5.29884
65	55	75	2.70635	-4.162	-4.31613
65	55	85	2.64326	-2.81029	-2.90199
65	65	5	3.25881	-3.92368	-3.86117
65	65	15	4.10122	-5.66112	-5.80215
65	65	25	4.03449	-5.78201	-5.22369
65	65	35	3.49304	-5.90209	-5.08401
65	65	45	2.87189	-4.31765	-4.03688
65	65	55	2.83146	-4.80072	-5.00031
65	65	65	3.32229	-5.06082	-5.7912
65	65	75	2.63084	-4.66161	-4.69981
65	65	85	2.74	-3.71942	-3.7432
65	75	5	3.85212	-5.84317	-4.82472
65	75	15	5.21831	-6.69008	-5.90924
65	75	25	5.1403	-7.35031	-5.40193
65	75	35	4.66416	-7.09244	-5.06237
65	75	45	4.15389	-6.20008	-4.63807
65	75	55	3.29228	-5.65029	-5.18906
65	75	65	3.55667	-5.47191	-5.71667
65	75	75	2.94434	-5.40225	-5.03062
65	75	85	2.90872	-5.28223	-4.92973
65	85	5	2.81054	-5.1869	-5.00827
65	85	15	3.44722	-5.41736	-5.64198
65	85	25	3.74075	-6.02231	-5.33109
65	85	35	4.14509	-6.01309	-4.54185
65	85	45	3.73087	-4.67783	-3.6597
65	85	55	2.98077	-5.32449	-5.13474
65	85	65	2.92048	-5.26856	-5.30234
65	85	75	2.73979	-5.28951	-5.10243
65	85	85	2.70418	-5.23089	-5.07886
75	5	5	2.70476	-5.09461	-4.98226
75	5	15	3.18684	-5.27223	-5.5223
75	5	25	2.76239	-5.16205	-5.09258
75	5	35	2.95367	-3.82136	-3.50455
75	5	45	2.71419	-2.95277	-2.78962
75	5	55	2.7212	-4.52096	-4.51238
75	5	65	2.72328	-5.23043	-5.14242
75	5	75	2.73812	-5.24102	-5.11011
75	5	85	2.8534	-5.24221	-4.98423
75	15	5	2.66604	-3.57042	-3.45662
75	15	15	3.26504	-4.51994	-4.7693
75	15	25	2.85516	-3.9743	-3.85195
75	15	35	2.78135	-3.04427	-2.85491
75	15	45	2.85375	-3.26433	-3.40322
75	15	55	2.77412	-5.10885	-4.9898
75	15	65	2.63642	-5.1249	-5.16089
75	15	75	2.70468	-5.19151	-5.12622
75	15	85	2.58585	-4.05311	-4.02341
75	25	5	2.85438	-2.93358	-2.71203
75	25	15	3.73927	-5.40744	-4.62503
75	25	25	3.72496	-5.96164	-4.80553
75	25	35	3.4172	-4.61855	-3.8749
75	25	45	3.35712	-4.29865	-4.25295
75	25	55	2.71609	-5.18874	-5.10862
75	25	65	2.25487	-5.14249	-5.18414
75	25	75	2.29482	-4.90246	-4.90541
75	25	85	2.59236	-2.99927	-2.99815
75	35	5	3.07775	-3.36558	-3.2474
75	35	15	3.47151	-5.22053	-4.91846
75	35	25	3.43125	-5.67578	-5.0037
75	35	35	3.53884	-5.44293	-5.29776
75	35	45	3.09919	-4.74645	-4.764
75	35	55	2.73528	-5.02401	-5.04413
75	35	65	2.7153	-5.16108	-5.20531
75	35	75	2.66814	-4.46164	-4.42475
75	35	85	2.75403	-3.03526	-2.88023
75	45	5	2.7151	-3.71716	-3.85399
75	45	15	3.14611	-4.56008	-4.72695
75	45	25	2.96451	-4.34864	-4.42753
75	45	35	3.16547	-5.02371	-5.38919
75	45	45	3.02052	-4.67907	-4.90212
75	45	55	2.70158	-5.06685	-5.08776
75	45	65	2.70797	-5.10693	-5.28941
75	45	75	2.72149	-4.58599	-4.7076
75	45	85	2.61284	-3.35808	-3.35992
75	55	5	2.92534	-3.81336	-3.92802
75	55	15	3.32598	-4.85845	-5.13806
75	55	25	3.06117	-4.40849	-4.46023
75	55	35	2.80317	-4.74485	-4.90737
75	55	45	2.65857	-4.1836	-4.28628
75	55	55	2.75646	-4.80196	-4.92564
75	55	65	2.94721	-5.11759	-5.47112
75	55	75	2.75362	-4.30367	-4.46182
75	55	85	2.66682	-3.04752	-3.08192
75	65	5	3.56992	-5.11126	-4.62004
75	65	15	4.66955	-5.98648	-6.12677
75	65	25	3.94419	-5.63855	-4.62516
75	65	35	4.0177	-5.95576	-4.53899
75	65	45	3.15181	-5.05985	-4.50022
75	65	55	3.17484	-4.98938	-5.36883
75	65	65	3.34967	-5.15073	-5.82498
75	65	75	3.172	-4.64367	-5.22006
75	65	85	2.72422	-3.80688	-3.73278
75	75	5	3.46174	-5.60275	-5.25343
75	75	15	4.63373	-5.96461	-6.13965
75	75	25	4.4389	-6.70846	-5.01768
75	75	35	4.59707	-6.57885	-4.53766
75	75	45	4.1844	-5.61299	-3.98128
75	75	55	4.04167	-5.76976	-5.36156
75	75	65	3.98894	-5.58271	-6.04562
75	75	75	3.26227	-5.47274	-5.40012
75	75	85	3.0792	-5.30895	-5.04486
75	85	5	3.44754	-5.83388	-5.25972
75	85	15	4.12786	-5.64804	-6.11614
75	85	25	3.64899	-6.04035	-5.09627
75	85	35	4.38665	-6.29581	-4.50308
75	85	45	4.23274	-4.66133	-2.98123
75	85	55	3.8237	-5.52462	-4.77277
75	85	65	3.40076	-5.40831	-5.64339
75	85	75	3.2894	-5.69013	-5.2119
75	85	85	3.08369	-5.46703	-5.06644
85	5	5	3.28782	-5.61333	-5.12349
85	5	15	4.13884	-5.76254	-5.90922
85	5	25	3.2401	-5.5785	-5.03432
85	5	35	3.25384	-4.12268	-3.50091
85	5	45	3.0641	-3.12191	-2.65043
85	5	55	2.76769	-3.61587	-3.64001
85	5	65	3.10854	-5.14412	-5.5939
85	5	75	3.08822	-5.25719	-5.32405
85	5	85	3.08355	-5.43545	-5.02035
85	15	5	2.7594	-4.38051	-4.46635
85	15	15	3.22114	-4.48207	-4.90651
85	15	25	2.96349	-4.40763	-4.28721
85	15	35	2.78275	-3.13171	-2.88089
85	15	45	2.79679	-3.195	-2.98924
85	15	55	2.96217	-4.64086	-4.44187
85	15	65	3.08583	-5.23861	-5.49347
85	15	75	2.72575	-5.14703	-5.19171
85	15	85	2.60692	-4.54297	-4.55621
85	25	5	2.7361	-2.92122	-2.9047
85	25	15	3.21869	-3.87192	-4.29399
85	25	25	3.13869	-5.06977	-4.5302
85	25	35	3.41912	-4.46289	-3.67567
85	25	45	2.97644	-4.06089	-3.83711
85	25	55	2.85088	-5.18883	-4.95793
85	25	65	2.82447	-5.18269	-5.32787
85	25	75	2.70059	-4.88367	-4.99031
85	25	85	2.64198	-3.52207	-3.49216
85	35	5	3.20088	-4.10317	-3.74581
85	35	15	3.66118	-4.6979	-4.4591
85	35	25	3.31949	-5.0938	-4.45155
85	35	35	2.95606	-4.58087	-4.21603
85	35	45	2.91887	-4.78043	-4.69996
85	35	55	2.85941	-5.1187	-5.10461
85	35	65	2.96081	-5.32216	-5.2495
85	35	75	2.91771	-5.12363	-4.76791
85	35	85	2.81834	-3.27965	-3.10296
85	45	5	3.04658	-4.4121	-4.83759
85	45	15	3.24638	-4.85261	-4.56448
85	45	25	3.50088	-4.87508	-4.05755
85	45	35	3.15441	-4.2984	-3.98095
85	45	45	2.90163	-4.93835	-4.80731
85	45	55	2.90567	-5.03128	-5.14262
85	45	65	2.8108	-5.14285	-5.3146
85	45	75	2.96704	-4.66848	-4.95156
85	45	85	2.87591	-3.37895	-3.48116
85	55	5	3.78265	-4.96912	-5.83563
85	55	15	3.61341	-5.68694	-5.24359
85	55	25	3.50533	-4.88293	-4.92522
85	55	35	3.02858	-3.90762	-4.05718
85	55	45	2.92422	-4.72438	-4.92478
85	55	55	3.0472	-4.82153	-5.29689
85	55	65	2.96269	-5.20925	-5.4025
85	55	75	3.25663	-4.19201	-4.67759
85	55	85	3.1918	-3.24612	-3.65713
85	65	5	4.22208	-5.64681	-5.70452
85	65	15	5.09911	-6.57453	-6.1209
85	65	25	4.60968	-6.20386	-4.87883
85	65	35	4.27322	-5.05009	-3.83928
85	65	45	3.96002	-5.25525	-4.30175
85	65	55	3.92128	-5.53094	-5.64656
85	65	65	4.04087	-5.56626	-6.11403
85	65	75	3.68113	-4.85708	-5.23688
85	65	85	3.37226	-4.26246	-3.89004
85	75	5	3.35321	-5.40515	-5.54437
85	75	15	4.81267	-5.83423	-6.56167
85	75	25	4.51744	-6.37852	-4.90779
85	75	35	4.63122	-5.95997	-3.93766
85	75	45	4.34187	-5.11919	-3.49222
85	75	55	4.41915	-5.25525	-5.03206
85	75	65	4.09833	-5.71064	-6.03136
85	75	75	3.39523	-5.34833	-5.45942
85	75	85	3.15806	-5.04751	-4.82439
85	85	5	4.00387	-6.06735	-5.50202
85	85	15	5.131	-6.75172	-6.02717
85	85	25	4.31565	-6.32397	-4.80189
85	85	35	4.614	-5.59938	-3.62036
85	85	45	4.59897	-4.73736	-2.812
85	85	55	4.22974	-4.79753	-4.16041
85	85	65	3.98567	-5.56545	-6.06201
85	85	75	3.66042	-5.48887	-5.58434
85	85	85	3.53625	-5.77185	-4.85662
