5	5	5	6.23962	-3.57343	-3.74997
5	5	15	4.95901	-3.36697	-3.48589
5	5	25	4.28579	-3.10952	-4.17769
5	5	35	5.0159	-3.16166	-5.35806
5	5	45	5.37133	-3.1021	-5.13139
5	5	55	4.27579	-3.0749	-4.62374
5	5	65	3.84925	-2.84205	-3.56585
5	5	75	5.26102	-2.21978	-5.4799
5	5	85	6.58244	-2.84933	-5.40191
5	15	5	5.50168	-3.28134	-3.91004
5	15	15	4.89137	-1.89615	-3.96267
5	15	25	5.06451	-0.388812	-4.54244
5	15	35	4.78218	-1.18103	-4.71854
5	15	45	4.29773	-1.76532	-4.08631
5	15	55	2.83754	-0.027957	-3.70769
5	15	65	2.86147	0.732703	-5.00956
5	15	75	4.375	-1.53068	-5.80745
5	15	85	6.97383	-4.03798	-4.86072
5	25	5	6.35066	-2.65526	-4.25673
5	25	15	5.27957	-0.0444158	-4.06017
5	25	25	4.34613	1.73835	-4.31646
5	25	35	3.76351	1.56041	-3.6953
5	25	45	3.23667	1.37544	-2.7865
5	25	55	1.70412	1.17822	-2.19862
5	25	65	1.50688	-0.315456	-4.76902
5	25	75	4.25432	-2.81636	-5.94869
5	25	85	7.42283	-2.84528	-5.10204
5	35	5	6.51725	-3.1496	-4.14876
5	35	15	3.75611	-0.812045	-3.85103
5	35	25	1.80693	-0.37071	-5.23299
5	35	35	0.851804	-0.213833	-5.11008
5	35	45	1.2003	0.158026	-3.10564
5	35	55	0.74648	-0.323033	-1.66953
5	35	65	0.841376	-1.7591	-3.11463
5	35	75	3.91406	-2.80185	-4.492
5	35	85	6.72245	-3.10573	-4.68147
5	45	5	5.38463	-3.99353	-2.37336
5	45	15	2.55411	-2.23814	-3.11114
5	45	25	-0.503796	-4.36037	-6.20673
5	45	35	-2.14172	-5.08281	-6.78765
5	45	45	-3.48727	-5.40322	-4.4434
5	45	55	0.288231	-4.62874	-2.28684
5	45	65	2.26359	-4.32485	-2.40882
5	45	75	3.40809	-5.03454	-3.35341
5	45	85	5.87178	-5.01516	-3.32273
5	55	5	2.83537	-2.87434	-1.61797
5	55	15	1.71813	-2.47775	-2.38193
5	55	25	-1.80529	-4.74305	-4.95792
5	55	35	-2.67301	-5.31491	-5.33814
5	55	45	-1.78986	-5.73958	-4.03582
5	55	55	2.63823	-5.85726	-2.90847
5	55	65	2.39109	-4.18527	-1.83878
5	55	75	2.62751	-4.47058	-2.61183
5	55	85	3.54566	-3.54593	-1.71073
5	65	5	2.28565	-2.26534	-1.86788
5	65	15	2.2345	-2.64992	-2.78601
5	65	25	-1.34762	-4.64736	-4.80928
5	65	35	-2.37141	-5.22739	-4.66458
5	65	45	-0.498362	-6.72758	-4.09948
5	65	55	2.20267	-6.29935	-3.37747
5	65	65	0.942097	-4.03644	-2.5377
5	65	75	1.96989	-2.68103	-2.24014
5	65	85	2.78617	-2.26078	-1.59736
5	75	5	2.72106	-1.22799	-1.96759
5	75	15	3.20957	-2.98366	-3.88236
5	75	25	0.883662	-4.14317	-4.41997
5	75	35	-1.25367	-5.37373	-3.71455
5	75	45	0.831414	-7.66417	-3.06396
5	75	55	2.92846	-7.11098	-3.59357
5	75	65	2.48169	-5.21877	-3.69207
5	75	75	2.47224	-2.54557	-2.0987
5	75	85	3.01214	-0.596491	-1.4067
5	85	5	5.02698	-2.12206	-3.28345
5	85	15	4.02321	-3.02476	-3.21632
5	85	25	3.45914	-3.7394	-3.90655
5	85	35	3.05007	-4.72381	-4.21695
5	85	45	3.81476	-5.45061	-3.84
5	85	55	4.39103	-5.4276	-4.09409
5	85	65	4.30102	-4.85461	-3.79043
5	85	75	5.16674	-3.20534	-4.02754
5	85	85	5.75217	-0.773454	-3.95278
15	5	5	6.91267	-0.973857	-5.50036
15	5	15	4.71409	-2.41662	-2.84279
15	5	25	3.78166	-3.51662	-2.43255
15	5	35	3.40441	-3.70125	-2.83468
15	5	45	3.18324	-2.42313	-3.6079
15	5	55	2.2514	-2.3433	-6.58394
15	5	65	2.49313	-1.77289	-8.14692
15	5	75	4.84019	-0.423558	-8.49776
15	5	85	6.02219	-0.115549	-7.31318
15	15	5	8.76828	0.757793	-5.02128
15	15	15	7.27906	0.496583	-4.40454
15	15	25	5.43471	-0.817214	-3.47866
15	15	35	4.67653	0.734247	-3.34842
15	15	45	4.67645	1.98409	-3.87988
15	15	55	3.02868	2.07735	-6.23003
15	15	65	3.59572	0.817247	-9.34154
15	15	75	5.1603	1.21495	-8.78811
15	15	85	7.76505	1.30659	-6.27343
15	25	5	8.00902	0.745054	-5.00747
15	25	15	6.07158	2.5705	-3.59138
15	25	25	4.1203	3.23711	-2.85602
15	25	35	3.99967	3.96689	-2.17849
15	25	45	3.32143	3.45162	-2.69779
15	25	55	2.89754	3.3963	-4.78659
15	25	65	4.19654	-2.06238	-9.27102
15	25	75	5.44759	-2.04349	-9.29399
15	25	85	7.68293	0.0579529	-7.22345
15	35	5	7.70084	-1.77638	-4.778
15	35	15	6.93118	-0.0291705	-3.90292
15	35	25	4.8667	1.88265	-3.79764
15	35	35	4.5625	2.66897	-3.42882
15	35	45	3.76545	2.53284	-2.82194
15	35	55	2.60858	1.83481	-4.1111
15	35	65	3.46533	-3.54118	-7.81378
15	35	75	5.45216	-3.59294	-9.13199
15	35	85	6.84835	-2.40431	-6.22137
15	45	5	6.32417	-4.41611	-3.96119
15	45	15	5.56301	-3.44799	-2.93698
15	45	25	3.28715	-2.60548	-3.74206
15	45	35	-0.254586	-4.46327	-5.49082
15	45	45	-0.00287196	-2.55818	-2.1303
15	45	55	1.81416	-2.90975	-2.33269
15	45	65	2.92302	-4.79145	-5.45349
15	45	75	4.91128	-5.30658	-6.84859
15	45	85	6.57343	-5.02798	-5.11616
15	55	5	3.98934	-3.97248	-2.43207
15	55	15	3.19763	-3.0962	-2.0657
15	55	25	1.36252	-2.95057	-2.55199
15	55	35	-1.4178	-4.53659	-3.73511
15	55	45	-0.482508	-3.53655	-1.91889
15	55	55	1.86352	-3.96202	-2.8914
15	55	65	3.15222	-5.42615	-4.30369
15	55	75	4.08168	-5.84095	-4.47789
15	55	85	4.94777	-4.95087	-3.18266
15	65	5	3.35464	-3.34259	-2.09556
15	65	15	2.81713	-2.95584	-2.35712
15	65	25	1.3125	-3.17739	-2.50364
15	65	35	-0.986806	-4.31206	-2.74351
15	65	45	-1.48157	-5.33323	-3.73193
15	65	55	1.59072	-6.0906	-3.69826
15	65	65	2.62896	-5.95172	-4.57658
15	65	75	4.58263	-5.72035	-5.44079
15	65	85	3.87292	-3.94371	-2.99914
15	75	5	4.04123	-4.68103	-4.5728
15	75	15	2.80881	-5.01632	-3.14431
15	75	25	0.344281	-4.92381	-1.17404
15	75	35	-3.38107	-6.75873	-0.223229
15	75	45	-3.53558	-8.12798	-2.53769
15	75	55	2.15244	-8.39773	-4.63808
15	75	65	2.37938	-6.92188	-5.94032
15	75	75	4.03118	-5.22991	-6.55927
15	75	85	4.78851	-4.24539	-5.36972
15	85	5	5.88057	-4.60105	-5.95523
15	85	15	3.57222	-4.49338	-4.11418
15	85	25	2.46604	-4.17826	-2.3265
15	85	35	-0.0752202	-5.60506	-0.820525
15	85	45	-1.73492	-7.72632	-2.07494
15	85	55	1.63839	-7.16137	-5.05964
15	85	65	1.39295	-5.13788	-6.6598
15	85	75	3.49534	-4.22439	-7.43605
15	85	85	5.75138	-2.96763	-7.14287
25	5	5	2.82294	-3.55224	-5.72767
25	5	15	2.69834	-3.82893	-3.34403
25	5	25	1.86016	-4.01836	-0.885734
25	5	35	0.679118	-4.54817	1.64325
25	5	45	-0.0532913	-4.36367	0.0410165
25	5	55	-0.478126	-4.81739	-5.09529
25	5	65	-0.635169	-5.13523	-7.91332
25	5	75	1.20207	-5.14288	-9.10506
25	5	85	2.15417	-4.71145	-8.01622
25	15	5	5.10398	1.17753	-4.61602
25	15	15	5.8407	1.20024	-4.20706
25	15	25	3.31392	0.358016	-0.699409
25	15	35	2.03863	-0.489503	1.08175
25	15	45	1.3023	-0.437355	-0.832403
25	15	55	0.56679	-2.54135	-4.20479
25	15	65	0.94238	-5.03787	-7.60375
25	15	75	1.58498	-4.80059	-8.12639
25	15	85	3.30575	-2.41948	-6.36504
25	25	5	5.54184	2.63712	-4.20468
25	25	15	4.87577	3.29694	-3.25257
25	25	25	3.11036	2.4577	-0.825135
25	25	35	2.05584	1.55349	0.38948
25	25	45	2.21701	1.30196	-0.932838
25	25	55	2.41115	-0.536519	-3.50089
25	25	65	2.49124	-5.02464	-7.53057
25	25	75	3.28205	-4.57609	-7.89912
25	25	85	5.0003	0.684989	-6.32868
25	35	5	6.72233	0.326036	-4.96472
25	35	15	6.44329	0.320461	-4.08967
25	35	25	4.87854	0.950525	-1.73162
25	35	35	4.80636	1.1104	-0.714379
25	35	45	4.22433	1.58806	-2.40651
25	35	55	2.82221	0.279964	-4.09854
25	35	65	3.89339	-4.69215	-8.39271
25	35	75	4.00606	-3.95154	-8.47298
25	35	85	5.73671	-0.105898	-6.70528
25	45	5	5.80541	-3.52084	-4.45251
25	45	15	5.62848	-3.31724	-3.75471
25	45	25	4.75122	-2.893	-2.32675
25	45	35	4.13797	-2.31171	-1.23134
25	45	45	2.18401	-0.984575	-1.68304
25	45	55	1.94839	-1.32278	-2.10722
25	45	65	3.6047	-4.10218	-6.80839
25	45	75	4.23476	-4.37084	-8.21678
25	45	85	5.2065	-3.42307	-5.33916
25	55	5	4.06734	-3.6905	-2.91246
25	55	15	3.73357	-3.55055	-2.32504
25	55	25	3.34529	-3.49265	-1.78152
25	55	35	2.24824	-3.02147	-0.748048
25	55	45	0.624588	-2.1144	-0.826311
25	55	55	1.17454	-1.7519	-1.24652
25	55	65	1.84102	-3.35238	-4.00721
25	55	75	3.53209	-4.57383	-5.94377
25	55	85	3.63549	-3.38565	-3.37823
25	65	5	3.44104	-3.61206	-2.67028
25	65	15	3.49706	-4.07742	-2.29023
25	65	25	2.45251	-3.19815	-0.758667
25	65	35	1.32496	-2.76588	-0.733999
25	65	45	-0.0944798	-3.58961	-2.48104
25	65	55	0.26111	-2.39173	-1.77838
25	65	65	2.00187	-1.95229	-4.18208
25	65	75	2.68995	-3.09921	-4.77589
25	65	85	3.48951	-3.34851	-3.31326
25	75	5	-0.693789	-7.22925	-4.62401
25	75	15	-0.51647	-6.77039	-1.3577
25	75	25	-1.32564	-5.89296	0.869289
25	75	35	-2.99097	-6.81471	1.34799
25	75	45	-1.83676	-7.78304	-1.58607
25	75	55	-0.121577	-6.62448	-4.4609
25	75	65	0.0734063	-2.74044	-6.03152
25	75	75	2.14356	-3.66677	-6.87268
25	75	85	1.71762	-5.47255	-6.20407
25	85	5	-1.18619	-7.39726	-6.3974
25	85	15	-1.60733	-7.34649	-3.39501
25	85	25	-0.748947	-5.95294	0.967621
25	85	35	-2.28381	-6.95267	2.70531
25	85	45	-0.604379	-7.95526	-0.538667
25	85	55	0.94637	-7.19111	-5.43706
25	85	65	-0.238041	-4.96326	-8.55454
25	85	75	0.900008	-5.01298	-9.12183
25	85	85	0.741306	-5.87499	-7.70272
35	5	5	-1.26844	-3.19601	-2.93396
35	5	15	-0.0178407	-1.89345	-1.34367
35	5	25	0.36772	-2.46077	-0.516579
35	5	35	1.29509	-3.61482	0.752299
35	5	45	2.63063	-3.54741	-0.19102
35	5	55	0.985729	-3.82161	-4.78094
35	5	65	-1.38359	-5.05858	-8.42383
35	5	75	-1.943	-5.22714	-7.92525
35	5	85	-1.51932	-4.91747	-5.80388
35	15	5	0.234763	-1.64342	-1.75621
35	15	15	0.385325	-0.783691	-0.694053
35	15	25	0.647919	-0.962084	-0.042745
35	15	35	1.03857	-1.24774	0.359787
35	15	45	0.946609	-1.14762	0.182075
35	15	55	1.39382	-2.81273	-2.96712
35	15	65	-0.565353	-5.04423	-6.45301
35	15	75	0.261591	-5.12392	-6.22327
35	15	85	0.353603	-4.05044	-4.26153
35	25	5	1.92271	-0.172502	-2.25951
35	25	15	1.00279	-0.0454943	-1.04611
35	25	25	1.3959	0.0557958	-0.243384
35	25	35	1.5026	0.13498	0.401046
35	25	45	1.4661	-0.209224	0.0943013
35	25	55	1.35986	-1.89452	-2.22599
35	25	65	0.99309	-4.97632	-5.87257
35	25	75	0.828244	-4.92211	-6.10851
35	25	85	1.20466	-2.26657	-3.21255
35	35	5	4.51282	-1.72745	-4.05498
35	35	15	3.62848	-1.25849	-2.70192
35	35	25	3.05928	-0.90982	-1.30462
35	35	35	4.23799	-1.07561	0.805167
35	35	45	3.80335	-0.863351	-0.196645
35	35	55	2.87834	-1.50545	-2.59468
35	35	65	2.52378	-4.57967	-6.1571
35	35	75	2.10283	-4.45529	-6.19189
35	35	85	3.59474	-1.51392	-4.56604
35	45	5	3.96449	-2.1352	-3.70367
35	45	15	2.74434	-1.09893	-2.09319
35	45	25	3.16035	-2.07401	-1.82403
35	45	35	5.38368	-3.0791	-0.380277
35	45	45	3.83473	-1.8401	-0.826735
35	45	55	2.08665	-1.33841	-1.44737
35	45	65	3.26556	-3.47419	-5.26281
35	45	75	3.38249	-3.06018	-5.02829
35	45	85	4.44687	-2.89814	-4.83578
35	55	5	1.91091	-1.46276	-1.73624
35	55	15	1.21689	-1.00879	-0.730861
35	55	25	2.08803	-1.83515	-1.13541
35	55	35	3.81448	-2.97026	-1.08963
35	55	45	2.39634	-2.25868	-0.391107
35	55	55	1.21201	-0.775996	-0.498568
35	55	65	2.61512	-1.99444	-3.6435
35	55	75	3.5643	-2.32387	-4.54144
35	55	85	3.06101	-2.09607	-3.37529
35	65	5	0.955121	-0.639247	-0.941627
35	65	15	0.736793	-0.867547	-0.353728
35	65	25	1.18421	-1.33626	-0.544658
35	65	35	2.14586	-2.1221	-1.07413
35	65	45	1.64643	-2.2232	-1.24492
35	65	55	0.771801	-0.629237	-0.907872
35	65	65	1.67887	1.50839	-3.64781
35	65	75	2.61078	0.425164	-4.78261
35	65	85	1.9751	-1.06475	-2.35488
35	75	5	-1.90364	-4.00813	-2.22715
35	75	15	-1.27129	-2.33976	-0.148164
35	75	25	-0.532248	-3.04668	-0.147067
35	75	35	0.735074	-4.87143	-0.669448
35	75	45	2.7147	-6.08015	-2.47263
35	75	55	1.22048	-4.07545	-2.88271
35	75	65	-0.380513	3.13496	-6.46101
35	75	75	0.222235	1.64653	-6.20387
35	75	85	-0.893596	-2.79527	-4.54743
35	85	5	-3.80541	-6.00254	-4.27238
35	85	15	-2.30421	-3.88047	-1.2973
35	85	25	-0.861367	-2.95853	0.544082
35	85	35	0.573047	-4.54867	1.35207
35	85	45	3.68712	-6.07682	-2.20613
35	85	55	2.00288	-5.93679	-5.80185
35	85	65	-1.31401	-0.805517	-9.67019
35	85	75	-2.93563	-3.50366	-9.10306
35	85	85	-3.40671	-5.58378	-6.41069
45	5	5	-1.19129	-3.36623	-3.09314
45	5	15	-1.31103	-2.35989	-2.13094
45	5	25	0.224776	-2.2016	-1.70854
45	5	35	2.7736	-3.60514	-1.58479
45	5	45	4.32999	-4.07979	-0.920702
45	5	55	3.67311	-3.22831	-3.04706
45	5	65	0.846807	-3.59365	-5.96941
45	5	75	-2.49013	-4.97875	-7.54093
45	5	85	-2.35222	-4.6799	-5.53653
45	15	5	-0.943007	-2.47413	-1.90732
45	15	15	-0.371915	-1.82423	-1.41604
45	15	25	0.702526	-1.85256	-1.12597
45	15	35	1.62385	-2.00709	-0.814548
45	15	45	2.18453	-2.02698	-0.182746
45	15	55	1.88664	-2.33223	-1.93852
45	15	65	-0.883139	-4.47606	-5.03717
45	15	75	-2.06016	-5.05004	-5.37419
45	15	85	-0.405135	-3.84729	-3.64841
45	25	5	-0.360669	-2.77393	-2.01589
45	25	15	0.3195	-2.29867	-1.6708
45	25	25	1.79908	-2.37859	-1.93919
45	25	35	1.99644	-1.40952	-1.38701
45	25	45	1.84477	-0.816243	-0.192822
45	25	55	1.91331	-1.6859	-1.43337
45	25	65	-1.03471	-4.58779	-4.85222
45	25	75	-1.91548	-5.09623	-5.28332
45	25	85	-0.907211	-4.28397	-3.62651
45	35	5	1.03671	-2.93793	-2.70505
45	35	15	1.79114	-2.00341	-1.8569
45	35	25	2.72329	-2.14837	-2.31612
45	35	35	2.95735	-1.55136	-1.55104
45	35	45	2.66407	-1.42736	-0.659786
45	35	55	2.16119	-1.28874	-1.39712
45	35	65	0.26878	-3.67471	-3.89841
45	35	75	0.345222	-3.39636	-3.7816
45	35	85	1.2983	-3.67562	-3.64728
45	45	5	1.51621	-2.21265	-2.43155
45	45	15	1.53635	-1.31954	-1.36227
45	45	25	3.08722	-1.79187	-2.89086
45	45	35	4.10192	-2.73522	-2.16932
45	45	45	4.51478	-3.23998	-1.46507
45	45	55	2.62491	-2.11771	-0.995191
45	45	65	1.85498	-2.48611	-3.13612
45	45	75	1.95319	-2.56248	-3.87189
45	45	85	2.59426	-3.09635	-4.19626
45	55	5	0.805471	-0.633635	-0.984804
45	55	15	0.675163	-0.889024	-1.52982
45	55	25	2.56101	-1.65843	-3.05889
45	55	35	5.08497	-2.64952	-2.76065
45	55	45	5.13879	-3.94633	-1.85118
45	55	55	2.66507	-1.78588	-0.909217
45	55	65	1.43259	-0.486686	-2.58598
45	55	75	2.69937	0.17404	-4.42277
45	55	85	2.00659	-0.973046	-2.86155
45	65	5	0.257625	0.10344	-0.626535
45	65	15	0.0910409	-0.184018	-1.24782
45	65	25	1.76762	-1.45423	-3.14112
45	65	35	4.71817	-2.16937	-3.45987
45	65	45	5.8525	-2.53654	-2.35043
45	65	55	2.31167	-0.445648	-0.964081
45	65	65	2.02145	2.54796	-3.13957
45	65	75	2.38106	3.36313	-4.24458
45	65	85	1.69145	1.30108	-2.68642
45	75	5	-0.367724	-1.37365	-1.12736
45	75	15	-0.675979	-0.298555	-1.56748
45	75	25	0.992163	-1.84792	-3.20802
45	75	35	4.27645	-3.05305	-4.28344
45	75	45	5.79518	-4.23596	-3.4359
45	75	55	4.09291	-2.07092	-2.4543
45	75	65	2.18565	2.61914	-4.30598
45	75	75	0.74362	2.70622	-5.89176
45	75	85	0.146315	-0.444609	-3.75441
45	85	5	-2.66301	-3.87937	-3.90435
45	85	15	-1.81203	-1.57797	-2.29691
45	85	25	0.166576	-2.81155	-2.39258
45	85	35	3.79938	-4.34454	-2.67333
45	85	45	5.89335	-5.88268	-2.8664
45	85	55	4.67036	-4.26256	-4.59727
45	85	65	2.05032	-1.60865	-7.76512
45	85	75	-1.11258	-2.79695	-8.94775
45	85	85	-2.92211	-5.11194	-6.86992
55	5	5	-0.765416	-1.70125	-2.7082
55	5	15	-0.552014	-3.32796	-4.96366
55	5	25	1.64403	-4.62545	-6.23203
55	5	35	4.38367	-5.11112	-5.5628
55	5	45	4.3657	-4.42788	-2.57596
55	5	55	5.06	-3.61487	-3.76279
55	5	65	2.95914	-1.96833	-3.0305
55	5	75	0.533892	-3.39145	-4.57867
55	5	85	-1.42826	-3.5204	-4.03847
55	15	5	-0.436543	-1.93827	-1.77444
55	15	15	-0.779679	-3.3278	-3.74656
55	15	25	1.31773	-4.35694	-4.57758
55	15	35	3.34316	-4.30314	-3.04864
55	15	45	3.23469	-3.63325	-1.00634
55	15	55	2.33855	-2.51951	-1.90143
55	15	65	1.5595	-2.38267	-2.53541
55	15	75	-0.63212	-3.65308	-3.74485
55	15	85	-0.615902	-2.37346	-1.84427
55	25	5	-1.7426	-3.48913	-2.37728
55	25	15	-1.239	-3.57033	-3.59395
55	25	25	1.47321	-4.8482	-4.80812
55	25	35	2.1116	-3.6829	-3.9068
55	25	45	1.1217	-3.24585	-1.82475
55	25	55	1.30644	-2.96519	-2.45917
55	25	65	0.373738	-3.52021	-2.43822
55	25	75	-1.70816	-4.70379	-2.8395
55	25	85	-2.5047	-4.53897	-1.55292
55	35	5	-2.28736	-4.21786	-1.9964
55	35	15	-0.501173	-3.87983	-4.05794
55	35	25	1.84181	-4.59869	-5.44172
55	35	35	2.42534	-4.49028	-5.32614
55	35	45	0.752351	-4.06287	-3.34644
55	35	55	0.841389	-3.7063	-2.77504
55	35	65	0.749756	-3.35195	-2.0613
55	35	75	-1.72419	-3.6806	-0.504316
55	35	85	-2.81657	-5.6167	-1.19127
55	45	5	-1.02693	-3.54165	-2.29404
55	45	15	0.253843	-2.91597	-3.87837
55	45	25	2.67206	-2.94803	-5.12169
55	45	35	3.85	-2.86896	-5.80008
55	45	45	4.06741	-3.72196	-3.28467
55	45	55	3.02649	-3.10756	-1.77537
55	45	65	0.752897	-1.67441	-1.07773
55	45	75	-0.27706	-2.00353	-1.45899
55	45	85	-0.817222	-3.93855	-2.38785
55	55	5	-0.305715	-1.83134	-2.22062
55	55	15	0.839962	-1.68964	-4.34596
55	55	25	3.65709	-2.01491	-6.40832
55	55	35	5.71664	-0.164713	-5.78948
55	55	45	6.43792	-2.20614	-4.23899
55	55	55	4.38656	-1.8888	-1.98972
55	55	65	1.09439	-0.337887	-0.929837
55	55	75	0.257454	-0.759664	-1.92098
55	55	85	0.624627	-1.21805	-2.92406
55	65	5	0.0507918	0.046524	-2.12691
55	65	15	0.266987	0.635504	-5.7422
55	65	25	3.29256	-0.376602	-7.85574
55	65	35	5.87136	-0.880299	-6.30595
55	65	45	8.40148	0.293438	-4.99468
55	65	55	4.82159	0.934747	-2.53605
55	65	65	1.2107	1.09473	-1.42283
55	65	75	0.950835	1.07314	-1.95658
55	65	85	1.06475	1.44731	-2.69929
55	75	5	0.92536	1.3516	-2.44439
55	75	15	-0.251407	2.08861	-6.49675
55	75	25	3.7926	0.913545	-9.13645
55	75	35	5.95671	-1.834	-7.93145
55	75	45	7.56049	-0.868186	-5.21754
55	75	55	7.31874	-0.860565	-3.61516
55	75	65	3.7641	0.113813	-2.77704
55	75	75	1.75779	0.826589	-3.05871
55	75	85	2.40939	1.79642	-3.6741
55	85	5	0.248791	0.681742	-4.75634
55	85	15	0.230911	0.442007	-6.60782
55	85	25	3.43305	-3.51962	-8.52033
55	85	35	6.36527	-5.48903	-7.49844
55	85	45	7.1371	-5.0063	-5.64597
55	85	55	6.83965	-4.17572	-5.18283
55	85	65	5.65258	-2.61108	-4.78235
55	85	75	2.69982	-2.17443	-5.24295
55	85	85	1.0641	-2.20656	-4.86814
65	5	5	1.18125	-2.15559	-2.72918
65	5	15	2.54195	-4.50492	-7.2215
65	5	25	3.07759	-5.08865	-8.31717
65	5	35	4.03794	-4.72881	-6.29229
65	5	45	4.64792	-3.8812	-4.3013
65	5	55	5.4247	-3.6861	-4.24367
65	5	65	3.37589	-2.23624	-2.60992
65	5	75	1.98539	-2.00011	-1.92788
65	5	85	0.80166	-2.29261	-1.9406
65	15	5	0.101933	-1.07392	-1.06938
65	15	15	-0.572866	-4.43292	-5.19439
65	15	25	0.499324	-4.90106	-5.8727
65	15	35	2.0287	-3.98841	-4.17927
65	15	45	3.29601	-3.36561	-2.35482
65	15	55	2.8068	-2.53414	-2.1936
65	15	65	1.7383	-1.89029	-1.61211
65	15	75	0.665064	-1.5033	-1.30264
65	15	85	-0.069821	-1.30068	-0.804684
65	25	5	-1.17322	-2.66071	-2.39332
65	25	15	-1.8438	-4.39198	-5.02662
65	25	25	-1.02277	-4.3843	-5.72756
65	25	35	0.389074	-3.64847	-4.15713
65	25	45	0.448276	-3.37392	-2.90878
65	25	55	0.224751	-3.25011	-2.35486
65	25	65	-0.683738	-3.4267	-1.29941
65	25	75	-1.25263	-2.36579	-0.690137
65	25	85	-1.14851	-2.28989	-0.879332
65	35	5	-2.45835	-4.99782	-3.58492
65	35	15	-1.88933	-4.45465	-5.07847
65	35	25	-2.02214	-4.91533	-7.02298
65	35	35	-1.55961	-4.86971	-6.72103
65	35	45	-2.88292	-5.17446	-4.52296
65	35	55	-3.86014	-6.2317	-3.57615
65	35	65	-3.32623	-5.2249	-0.446509
65	35	75	-3.47757	-3.82849	0.304423
65	35	85	-3.01218	-3.80988	-0.528242
65	45	5	-1.30177	-4.18143	-3.11906
65	45	15	0.226913	-4.73678	-5.63679
65	45	25	0.021527	-4.78108	-6.15828
65	45	35	-0.612541	-4.78216	-5.99273
65	45	45	-0.535127	-5.29558	-4.80244
65	45	55	-1.40774	-5.1297	-2.31618
65	45	65	-1.33924	-2.44401	0.262835
65	45	75	-1.38654	-1.83353	-0.0944687
65	45	85	-2.7301	-3.83875	-1.18625
65	55	5	-0.824001	-2.85474	-2.88749
65	55	15	0.92092	-4.19325	-5.48036
65	55	25	2.07573	-3.3367	-6.89382
65	55	35	2.09519	-2.75284	-6.12236
65	55	45	3.92316	-1.39309	-4.91356
65	55	55	2.20802	-0.858833	-1.77679
65	55	65	0.320494	-0.525039	-0.166345
65	55	75	-0.311752	-0.655414	-0.688547
65	55	85	-1.00548	-2.02451	-1.40758
65	65	5	-0.413879	-1.1253	-1.66811
65	65	15	1.06883	-0.904712	-8.23954
65	65	25	3.1889	0.0102437	-8.5695
65	65	35	3.73993	0.598185	-6.20212
65	65	45	4.89681	2.03349	-4.53623
65	65	55	2.50924	1.36835	-1.69994
65	65	65	0.714781	0.279349	-0.446152
65	65	75	0.142118	-0.00241555	-0.281516
65	65	85	-0.180633	-0.102951	-1.17838
65	75	5	0.438613	-0.148396	-2.18453
65	75	15	1.51308	-0.744913	-9.66871
65	75	25	3.24015	0.398618	-9.99588
65	75	35	5.00007	-0.0354417	-8.58621
65	75	45	6.63832	-0.423456	-5.33411
65	75	55	6.52883	-0.429894	-3.44427
65	75	65	3.89002	-1.96488	-1.75173
65	75	75	1.7312	-0.931715	-0.904987
65	75	85	1.11734	-0.33171	-1.22533
65	85	5	3.37296	-1.83385	-5.09118
65	85	15	3.25648	-3.55289	-9.52877
65	85	25	4.17217	-4.88241	-9.99935
65	85	35	5.48377	-4.88032	-8.23636
65	85	45	7.11901	-4.49654	-5.74093
65	85	55	7.35272	-3.82887	-5.09084
65	85	65	5.65546	-2.67821	-3.971
65	85	75	4.17752	-2.43609	-2.97457
65	85	85	2.87673	-2.25231	-3.12137
75	5	5	3.70973	-2.96613	-3.27786
75	5	15	3.64705	-3.34554	-6.18411
75	5	25	2.69969	-4.59529	-8.10618
75	5	35	4.09958	-3.51185	-5.02428
75	5	45	4.32276	-2.56247	-4.1327
75	5	55	4.89301	-2.81168	-3.3511
75	5	65	2.56327	-1.49012	-1.52509
75	5	75	2.15385	-1.54456	-0.474895
75	5	85	4.21165	-3.18682	-2.01311
75	15	5	0.788309	-1.43381	-1.32909
75	15	15	1.11883	-3.5136	-4.25347
75	15	25	0.695941	-4.42937	-5.87522
75	15	35	1.52644	-2.46401	-3.27236
75	15	45	1.48186	-1.61674	-1.72449
75	15	55	1.4908	-0.921198	-1.09058
75	15	65	0.576258	-0.715733	-0.56199
75	15	75	1.01597	-1.28808	-0.756301
75	15	85	1.53282	-1.80816	-1.1239
75	25	5	-0.504034	-2.72691	-2.51707
75	25	15	-0.845843	-4.05772	-4.43517
75	25	25	-0.302563	-3.61112	-5.1169
75	25	35	0.137387	-1.53306	-2.06178
75	25	45	0.00495793	-1.06391	-1.13246
75	25	55	-0.0786272	-0.798669	-0.568364
75	25	65	-0.52528	-1.17594	-0.626304
75	25	75	-0.0271827	-1.28012	-0.843261
75	25	85	0.682489	-2.07181	-1.28201
75	35	5	-1.27088	-5.56833	-4.48827
75	35	15	-2.41157	-5.09319	-6.02962
75	35	25	-2.34502	-4.27484	-6.54981
75	35	35	-2.65736	-4.0601	-4.85728
75	35	45	-3.57001	-4.29187	-3.22148
75	35	55	-3.82314	-4.29605	-2.2237
75	35	65	-4.05058	-4.45837	-1.31176
75	35	75	-3.53166	-3.95429	-0.83135
75	35	85	-1.61221	-4.25449	-1.5096
75	45	5	0.57437	-4.71899	-3.63974
75	45	15	-0.64348	-4.73054	-5.90975
75	45	25	-1.58925	-5.01821	-6.69398
75	45	35	-3.04866	-4.43683	-5.0496
75	45	45	-3.29453	-4.03157	-3.74114
75	45	55	-2.85632	-3.60726	-1.45578
75	45	65	-1.59991	-2.19118	-0.492402
75	45	75	-1.76746	-2.84976	-0.400052
75	45	85	-0.702552	-4.17698	-0.762443
75	55	5	0.706292	-2.444	-2.17239
75	55	15	1.46395	-4.3292	-4.95315
75	55	25	0.788973	-4.92924	-5.82096
75	55	35	-1.11986	-4.02336	-4.50474
75	55	45	-0.99832	-2.198	-1.83282
75	55	55	-0.206259	-1.30553	-0.575157
75	55	65	-0.0709834	-0.685752	-0.110892
75	55	75	-0.260347	-0.892391	-0.384744
75	55	85	0.241551	-1.96673	-0.648934
75	65	5	0.609797	-1.29365	-1.40207
75	65	15	0.805233	-4.88731	-7.37767
75	65	25	0.712837	-4.49823	-6.42306
75	65	35	0.221076	-2.9733	-3.68738
75	65	45	0.766946	-0.989081	-1.88437
75	65	55	0.497624	-0.481761	-0.540626
75	65	65	0.504827	-0.260601	-0.228444
75	65	75	0.282815	-0.435204	-0.131667
75	65	85	0.356768	-0.311472	-0.469392
75	75	5	1.51344	-0.694249	-1.79169
75	75	15	1.47539	-4.00368	-8.34862
75	75	25	2.37951	-3.09892	-8.4495
75	75	35	3.68047	-3.73084	-5.45396
75	75	45	5.00519	-3.35237	-3.84191
75	75	55	4.62272	-3.46173	-2.32498
75	75	65	3.40535	-2.77254	-0.902333
75	75	75	1.95909	-1.10204	-0.214789
75	75	85	1.75406	-0.540854	-0.519023
75	85	5	4.63187	-2.66214	-4.0559
75	85	15	2.80096	-3.57271	-7.63563
75	85	25	2.92706	-3.38153	-9.24762
75	85	35	4.75096	-4.38182	-6.32146
75	85	45	6.28705	-4.33858	-4.99831
75	85	55	6.25076	-3.87164	-4.25502
75	85	65	4.84344	-3.22066	-2.84769
75	85	75	3.75702	-2.15132	-1.47246
75	85	85	5.47556	-3.30552	-2.05504
85	5	5	5.20188	-3.86497	-3.68799
85	5	15	4.64394	-2.75144	-4.24312
85	5	25	3.95811	-2.78619	-6.08365
85	5	35	4.01137	-3.45075	-5.08486
85	5	45	4.15397	-3.25001	-3.82305
85	5	55	4.53081	-3.54476	-2.75566
85	5	65	2.41733	-1.71547	-1.23519
85	5	75	3.25995	-2.16066	-1.76843
85	5	85	5.91606	-3.76847	-2.96739
85	15	5	2.66727	-2.35602	-1.82234
85	15	15	3.07495	-2.0665	-3.077
85	15	25	3.3894	-1.98049	-4.03384
85	15	35	2.33911	-1.88695	-2.88071
85	15	45	1.76665	-1.11753	-1.688
85	15	55	1.17762	-0.488102	-0.704996
85	15	65	0.743922	-0.475901	-0.45495
85	15	75	2.51086	-1.81646	-2.11842
85	15	85	3.84071	-2.55842	-2.71251
85	25	5	1.64767	-1.79446	-1.85352
85	25	15	2.24382	-1.89339	-2.97362
85	25	25	2.63041	-1.12688	-4.23088
85	25	35	0.911062	-0.584652	-1.8025
85	25	45	0.649482	-0.392993	-0.814752
85	25	55	0.291725	-0.436295	-0.337274
85	25	65	0.15717	-0.633324	-0.633377
85	25	75	2.05493	-1.64506	-2.05192
85	25	85	2.867	-2.10242	-2.25697
85	35	5	1.58015	-3.72218	-3.48992
85	35	15	-0.071309	-3.15096	-5.31629
85	35	25	-0.656542	-2.90033	-6.93809
85	35	35	-1.63908	-3.08169	-5.16871
85	35	45	-1.97958	-3.03216	-2.56799
85	35	55	-1.97616	-2.62604	-0.907154
85	35	65	-1.09487	-1.67543	-0.952107
85	35	75	-0.499813	-2.98577	-1.58126
85	35	85	2.78662	-2.9114	-1.79898
85	45	5	3.00926	-3.50812	-2.38056
85	45	15	-0.385177	-3.49681	-4.86525
85	45	25	-2.36642	-4.93699	-7.38502
85	45	35	-3.10179	-4.55343	-5.72508
85	45	45	-3.58557	-4.53411	-3.67153
85	45	55	-1.6067	-3.79526	-1.08024
85	45	65	0.32627	-2.17342	-0.335583
85	45	75	0.247915	-2.47886	-0.973802
85	45	85	2.90368	-3.46928	-0.998422
85	55	5	2.65526	-2.86947	-1.92914
85	55	15	0.771443	-3.92017	-3.96394
85	55	25	-1.71018	-5.10998	-5.42682
85	55	35	-1.7328	-4.87086	-5.07516
85	55	45	-0.666077	-4.26961	-3.90097
85	55	55	-0.0407613	-3.27788	-0.858565
85	55	65	0.303979	-1.72047	-0.12344
85	55	75	0.762808	-1.40293	-0.507895
85	55	85	2.02905	-2.05358	-1.03272
85	65	5	1.41197	-1.27818	-1.32526
85	65	15	2.33579	-3.76312	-4.89298
85	65	25	-0.94015	-5.11218	-5.45334
85	65	35	0.135167	-4.68603	-4.77464
85	65	45	-0.0137348	-3.0362	-2.4058
85	65	55	0.0383542	-1.65047	-0.793961
85	65	65	0.393492	-0.964137	-0.289449
85	65	75	0.804787	-0.748089	-0.270423
85	65	85	0.953182	-0.621213	-0.562543
85	75	5	2.62558	-0.998151	-1.81065
85	75	15	3.31681	-3.68097	-4.54443
85	75	25	1.95453	-5.23062	-6.03571
85	75	35	2.4837	-4.66515	-4.63799
85	75	45	3.84421	-4.11151	-3.09479
85	75	55	3.94396	-4.16405	-2.55881
85	75	65	3.61036	-3.5869	-1.08037
85	75	75	2.99812	-2.20056	-0.0824373
85	75	85	2.89277	-0.359783	-0.842364
85	85	5	6.23332	-3.04561	-3.87658
85	85	15	4.42831	-3.25669	-4.669
85	85	25	3.59759	-3.79442	-7.07831
85	85	35	4.53611	-4.17429	-4.88973
85	85	45	5.67706	-4.6761	-4.10768
85	85	55	5.32544	-4.92791	-3.33602
85	85	65	5.1188	-4.61153	-2.64899
85	85	75	5.20125	-3.28803	-2.30789
85	85	85	6.34396	-2.79292	-2.82809
