5	5	5	1.41381	-4.27072	-4.61512
5	5	15	1.75014	-4.48041	-4.76525
5	5	25	2.57398	-5.07635	-5.43837
5	5	35	2.42832	-4.12607	-4.23632
5	5	45	2.06215	-2.60199	-2.59441
5	5	55	3.11745	-2.94181	-3.56814
5	5	65	3.57511	-4.97306	-6.35734
5	5	75	3.09651	-5.10922	-5.98625
5	5	85	1.57738	-4.76153	-5.13226
5	15	5	0.676109	-3.31482	-3.57848
5	15	15	1.04934	-3.9096	-4.35233
5	15	25	2.15478	-4.98271	-5.22836
5	15	35	1.21617	-3.34007	-3.34846
5	15	45	1.16917	-1.54114	-1.5399
5	15	55	2.51008	-2.79889	-3.01752
5	15	65	3.89289	-4.61965	-6.30591
5	15	75	3.46652	-5.10205	-6.17369
5	15	85	2.37682	-4.96249	-5.21414
5	25	5	1.18814	-3.55441	-3.57614
5	25	15	1.88799	-4.2118	-4.31263
5	25	25	2.1915	-5.05307	-5.31626
5	25	35	1.88478	-3.95834	-3.92272
5	25	45	1.87471	-2.96405	-2.60357
5	25	55	3.23225	-3.89912	-3.25911
5	25	65	4.06903	-5.12698	-5.80977
5	25	75	3.65819	-5.40102	-5.98164
5	25	85	2.61351	-5.04124	-5.07094
5	35	5	2.87183	-4.81605	-4.51734
5	35	15	2.73415	-5.23135	-5.07618
5	35	25	2.82387	-5.41999	-5.22082
5	35	35	3.59117	-5.58213	-4.45811
5	35	45	4.11779	-5.30668	-3.71384
5	35	55	4.66179	-5.39442	-3.13121
5	35	65	5.49009	-7.26862	-5.67263
5	35	75	4.77976	-7.00569	-5.63944
5	35	85	3.45543	-5.70165	-4.90995
5	45	5	2.96786	-4.23687	-4.48008
5	45	15	2.62708	-5.09691	-5.14329
5	45	25	2.65964	-5.16521	-5.18108
5	45	35	2.79696	-4.80694	-4.60059
5	45	45	2.88254	-4.58353	-4.25675
5	45	55	2.85389	-4.16142	-3.89115
5	45	65	3.95521	-5.40488	-5.27456
5	45	75	3.8179	-5.77074	-5.07203
5	45	85	3.14387	-4.69244	-4.4255
5	55	5	3.146	-4.12619	-4.73445
5	55	15	2.66297	-5.06548	-5.22954
5	55	25	2.65922	-5.22394	-5.16603
5	55	35	2.61867	-4.80525	-4.72459
5	55	45	2.57975	-3.99089	-3.94379
5	55	55	2.78748	-3.02885	-2.73272
5	55	65	2.76368	-4.25131	-4.13874
5	55	75	2.97497	-4.07808	-4.22487
5	55	85	3.10111	-3.10138	-3.60214
5	65	5	3.36537	-3.73408	-4.45084
5	65	15	2.54656	-5.05198	-5.16676
5	65	25	2.61777	-5.16128	-5.26786
5	65	35	2.69089	-4.74099	-4.60445
5	65	45	2.47066	-2.911	-2.68951
5	65	55	2.27666	-2.5364	-2.42941
5	65	65	1.7422	-3.20034	-3.77277
5	65	75	2.84671	-3.04402	-3.95092
5	65	85	3.7472	-2.67572	-3.79701
5	75	5	1.91131	-4.6179	-5.07783
5	75	15	2.50606	-5.40648	-5.14295
5	75	25	3.15111	-5.65744	-5.13983
5	75	35	2.89278	-5.45706	-4.62028
5	75	45	1.67593	-4.7478	-4.02782
5	75	55	0.135227	-3.71773	-3.29571
5	75	65	-1.55486	-5.7581	-5.20525
5	75	75	-0.0592338	-4.88346	-5.03482
5	75	85	1.65095	-4.53273	-5.0499
5	85	5	1.25874	-4.75162	-5.17826
5	85	15	1.67999	-5.04927	-5.13637
5	85	25	2.58552	-5.18615	-5.22041
5	85	35	2.68564	-4.81241	-4.82414
5	85	45	2.78695	-3.17449	-3.44263
5	85	55	2.5077	-3.76821	-3.96604
5	85	65	1.77548	-5.4315	-5.99631
5	85	75	1.87985	-5.07659	-5.65446
5	85	85	1.15531	-4.73748	-5.14283
15	5	5	1.32727	-4.37032	-4.83759
15	5	15	1.60154	-4.78033	-5.32682
15	5	25	2.4172	-5.0802	-5.69813
15	5	35	2.64004	-4.26353	-4.49762
15	5	45	2.56582	-2.96807	-3.08399
15	5	55	2.92178	-2.80435	-3.03565
15	5	65	2.8592	-3.89379	-4.26375
15	5	75	2.82871	-4.98551	-5.44028
15	5	85	2.36195	-4.98125	-5.52779
15	15	5	0.964674	-4.2792	-4.52218
15	15	15	1.56858	-4.56952	-5.1732
15	15	25	3.01384	-5.07367	-6.23585
15	15	35	2.13026	-3.76206	-3.95206
15	15	45	1.78169	-2.1266	-2.25344
15	15	55	2.95745	-2.56485	-3.02317
15	15	65	3.27904	-3.27675	-4.04495
15	15	75	3.10373	-4.6958	-5.39701
15	15	85	2.33017	-5.00166	-5.18822
15	25	5	1.74422	-4.43966	-4.50508
15	25	15	2.42415	-4.90154	-5.34889
15	25	25	2.80188	-5.08602	-5.92132
15	25	35	2.543	-4.32188	-4.36151
15	25	45	2.57301	-3.74619	-3.40834
15	25	55	3.33055	-3.99705	-3.35533
15	25	65	4.45436	-4.67731	-4.64038
15	25	75	3.90307	-5.32515	-4.98806
15	25	85	2.83154	-5.02203	-4.93051
15	35	5	2.9919	-5.27926	-4.8446
15	35	15	2.94379	-5.4091	-5.44996
15	35	25	3.0516	-5.47546	-5.59547
15	35	35	2.88379	-5.33261	-5.00726
15	35	45	3.76982	-5.88711	-4.54857
15	35	55	4.0276	-5.7493	-4.04441
15	35	65	5.17908	-6.93038	-5.00356
15	35	75	5.01185	-7.23568	-5.49976
15	35	85	4.07488	-6.34241	-5.07084
15	45	5	3.05913	-4.4229	-4.45806
15	45	15	2.75948	-5.25798	-5.23271
15	45	25	2.7187	-5.28838	-5.4215
15	45	35	2.70464	-5.17417	-5.06406
15	45	45	2.7497	-5.24904	-5.0312
15	45	55	2.96485	-4.99147	-4.61044
15	45	65	3.68791	-5.40774	-4.93843
15	45	75	4.43209	-6.45477	-5.43936
15	45	85	3.8321	-5.22247	-4.30868
15	55	5	3.13754	-3.80974	-4.40565
15	55	15	2.68755	-5.11391	-5.22863
15	55	25	2.56272	-5.17078	-5.2239
15	55	35	2.64336	-4.77628	-4.88522
15	55	45	2.54126	-4.24186	-4.25245
15	55	55	2.60984	-3.46431	-3.42509
15	55	65	2.72864	-3.65358	-3.41748
15	55	75	2.97235	-3.80334	-3.53242
15	55	85	3.17241	-3.11226	-3.45398
15	65	5	3.94286	-3.62334	-5.03239
15	65	15	2.83102	-5.16476	-5.36056
15	65	25	2.70029	-5.18641	-5.28733
15	65	35	2.63526	-4.88502	-4.88411
15	65	45	2.39527	-3.31904	-3.29529
15	65	55	2.35393	-2.58164	-2.33898
15	65	65	2.31791	-2.26152	-2.23547
15	65	75	2.59159	-2.46647	-2.7096
15	65	85	4.11015	-2.47286	-4.17295
15	75	5	2.35855	-3.65154	-5.361
15	75	15	0.691479	-5.01087	-5.27623
15	75	25	-0.18651	-5.20204	-5.04614
15	75	35	1.4726	-4.12188	-3.64619
15	75	45	1.87976	-2.43424	-1.95659
15	75	55	2.03498	-1.92527	-1.61988
15	75	65	2.00739	-4.18278	-3.88761
15	75	75	2.17024	-3.87467	-4.54142
15	75	85	3.09475	-3.77548	-5.34305
15	85	5	0.816059	-3.74608	-4.70972
15	85	15	1.59638	-4.98181	-5.16055
15	85	25	1.70681	-5.15758	-5.24238
15	85	35	1.9917	-3.88276	-4.06511
15	85	45	2.63615	-2.87921	-2.62341
15	85	55	3.21717	-3.30818	-2.68454
15	85	65	2.51214	-5.02476	-4.84133
15	85	75	2.49754	-5.12103	-5.76109
15	85	85	2.011	-4.68948	-5.48134
25	5	5	2.26687	-3.88153	-4.29371
25	5	15	2.33265	-4.93518	-5.56843
25	5	25	2.27102	-5.08785	-6.10452
25	5	35	2.73779	-4.5584	-4.80613
25	5	45	2.58582	-3.36901	-3.449
25	5	55	2.86842	-3.28294	-3.37422
25	5	65	3.21507	-3.15431	-3.49089
25	5	75	3.16233	-4.10225	-4.67695
25	5	85	3.30237	-4.38918	-5.1418
25	15	5	2.13231	-4.41973	-4.65005
25	15	15	2.40554	-4.96683	-6.35793
25	15	25	2.68724	-5.07695	-6.45165
25	15	35	3.06262	-4.20116	-4.89286
25	15	45	2.36804	-3.12836	-3.18025
25	15	55	2.96277	-3.37031	-3.50196
25	15	65	3.31165	-3.18616	-3.76336
25	15	75	2.74267	-3.37807	-3.6402
25	15	85	2.57776	-4.50049	-4.7898
25	25	5	2.57027	-4.50086	-4.46825
25	25	15	3.04426	-4.9144	-6.12058
25	25	25	3.22488	-5.11983	-7.24434
25	25	35	3.11724	-4.68199	-5.0742
25	25	45	3.31241	-4.37132	-3.8555
25	25	55	3.74705	-4.67495	-4.09837
25	25	65	4.54697	-5.65862	-5.36173
25	25	75	4.01015	-5.30077	-4.01968
25	25	85	3.14966	-4.77108	-4.35977
25	35	5	3.57697	-4.99765	-4.13693
25	35	15	3.1322	-5.25882	-5.57766
25	35	25	3.4773	-5.48155	-6.20626
25	35	35	3.08687	-5.42741	-5.24045
25	35	45	3.22098	-5.55071	-4.99151
25	35	55	3.52655	-5.75081	-4.79767
25	35	65	4.98613	-6.53939	-5.35007
25	35	75	4.72838	-7.11632	-5.12604
25	35	85	4.50447	-6.71403	-4.90634
25	45	5	3.58524	-4.15096	-3.13726
25	45	15	2.87192	-5.07895	-5.03318
25	45	25	3.13591	-5.66762	-5.62422
25	45	35	3.04133	-5.56707	-5.15674
25	45	45	3.30815	-5.79495	-5.08271
25	45	55	3.10341	-5.48505	-5.03286
25	45	65	3.97354	-5.98941	-5.42562
25	45	75	4.48661	-6.85511	-5.18822
25	45	85	4.4795	-5.72419	-3.94511
25	55	5	2.71999	-3.20661	-3.21645
25	55	15	2.54111	-4.97283	-5.0627
25	55	25	2.70498	-5.21872	-5.56222
25	55	35	2.83233	-5.30212	-5.12687
25	55	45	2.70219	-5.03145	-4.90146
25	55	55	2.60371	-4.83236	-4.64202
25	55	65	2.63114	-4.41117	-4.33322
25	55	75	2.76376	-4.47361	-4.26079
25	55	85	2.7384	-2.8407	-2.69651
25	65	5	2.83328	-3.25968	-3.47907
25	65	15	2.435	-5.01923	-5.15735
25	65	25	2.37751	-5.1489	-5.32486
25	65	35	2.64135	-4.99309	-4.94544
25	65	45	2.46587	-3.84964	-3.77666
25	65	55	2.20266	-3.3366	-3.22673
25	65	65	2.54792	-2.90452	-2.87219
25	65	75	2.41293	-2.4562	-2.40241
25	65	85	2.65307	-2.64877	-2.66659
25	75	5	2.89481	-2.50998	-3.15425
25	75	15	0.709654	-4.84686	-5.13535
25	75	25	0.0494952	-5.0019	-5.36781
25	75	35	1.73083	-4.48326	-4.52887
25	75	45	1.39881	-2.01891	-2.02528
25	75	55	1.99501	-1.95083	-1.94735
25	75	65	2.95488	-3.39783	-2.91721
25	75	75	2.8784	-3.71169	-3.11513
25	75	85	2.93282	-2.89328	-3.06929
25	85	5	2.30492	-2.84753	-3.49735
25	85	15	1.08058	-4.71209	-5.0458
25	85	25	1.24717	-5.05679	-5.5936
25	85	35	2.22658	-3.49842	-3.7616
25	85	45	2.38234	-2.65645	-2.66076
25	85	55	3.1113	-3.0635	-2.53325
25	85	65	3.61742	-4.73413	-4.00387
25	85	75	2.94997	-5.62945	-5.36655
25	85	85	3.38152	-4.28765	-5.23146
35	5	5	2.89103	-2.81791	-3.19303
35	5	15	2.4726	-4.74258	-5.61295
35	5	25	2.44118	-5.07007	-6.67818
35	5	35	3.50628	-4.24174	-5.33789
35	5	45	3.1039	-3.4632	-4.02795
35	5	55	3.8135	-4.08138	-5.10105
35	5	65	3.86773	-3.92584	-4.19333
35	5	75	3.87235	-3.78901	-3.91631
35	5	85	3.39151	-3.24545	-3.5476
35	15	5	2.64085	-3.42621	-3.81565
35	15	15	3.04488	-4.61892	-6.15296
35	15	25	2.74474	-5.15955	-7.44167
35	15	35	3.56871	-4.24301	-5.1717
35	15	45	3.02962	-4.13739	-4.40556
35	15	55	4.09251	-4.99486	-5.68349
35	15	65	4.73328	-5.27136	-5.71634
35	15	75	3.67983	-4.10851	-4.63455
35	15	85	3.04297	-3.48181	-4.04615
35	25	5	3.37044	-3.8665	-3.51375
35	25	15	3.7081	-4.97016	-6.21387
35	25	25	3.2243	-5.33546	-6.74178
35	25	35	3.33017	-4.64497	-5.05069
35	25	45	3.08149	-4.06014	-3.62079
35	25	55	4.32379	-6.00318	-5.18455
35	25	65	5.52496	-6.68215	-6.28329
35	25	75	4.52655	-5.81257	-4.63111
35	25	85	3.94599	-4.28203	-3.3181
35	35	5	3.64378	-4.22863	-3.08597
35	35	15	4.07685	-4.55205	-4.90481
35	35	25	4.02396	-5.26235	-6.44985
35	35	35	3.4406	-5.43862	-5.71689
35	35	45	2.85145	-5.20078	-4.94773
35	35	55	3.80806	-5.78601	-5.52115
35	35	65	5.08732	-6.66321	-5.96898
35	35	75	4.77949	-7.02772	-5.0008
35	35	85	4.64694	-6.02845	-4.10091
35	45	5	3.87171	-4.09386	-2.77483
35	45	15	3.15772	-3.7058	-3.51623
35	45	25	3.45753	-5.50024	-5.94348
35	45	35	3.64141	-6.00993	-5.45561
35	45	45	3.61456	-6.00635	-5.10245
35	45	55	4.26677	-6.67084	-5.28407
35	45	65	4.78299	-6.723	-5.72446
35	45	75	4.60738	-6.87844	-4.99225
35	45	85	4.72174	-5.96969	-3.94145
35	55	5	2.64851	-2.69427	-2.57638
35	55	15	2.48125	-3.83335	-3.9003
35	55	25	2.57038	-5.25297	-5.85869
35	55	35	2.96743	-5.47413	-5.33927
35	55	45	3.03597	-5.57607	-5.05837
35	55	55	3.35711	-5.7417	-5.14921
35	55	65	3.81608	-5.57726	-5.74716
35	55	75	3.4469	-5.46245	-4.91501
35	55	85	2.98537	-3.35181	-2.88231
35	65	5	2.63449	-2.91737	-2.67114
35	65	15	2.35909	-4.7279	-4.70208
35	65	25	2.38987	-5.12149	-5.44195
35	65	35	2.4284	-5.08341	-5.20104
35	65	45	2.52067	-4.56255	-4.55118
35	65	55	2.47686	-4.70165	-4.70241
35	65	65	3.20586	-4.26127	-4.52288
35	65	75	2.55273	-3.42195	-3.19708
35	65	85	2.51795	-2.61194	-2.42501
35	75	5	2.1347	-2.41375	-2.16889
35	75	15	2.16771	-4.77495	-4.85596
35	75	25	2.19137	-5.16106	-5.45313
35	75	35	2.38874	-4.98245	-5.08194
35	75	45	1.97323	-3.55803	-3.62544
35	75	55	2.13689	-3.47911	-3.66341
35	75	65	3.31695	-3.25895	-3.83725
35	75	75	2.82199	-2.84827	-2.16632
35	75	85	2.51722	-2.43912	-1.90862
35	85	5	2.77185	-2.32035	-2.38803
35	85	15	2.29099	-4.76577	-5.07819
35	85	25	2.19389	-5.17846	-5.65025
35	85	35	2.48106	-4.44082	-4.8563
35	85	45	2.30097	-2.55566	-2.68976
35	85	55	2.85121	-3.48355	-3.62415
35	85	65	3.31234	-4.00936	-3.43626
35	85	75	2.5019	-5.06372	-3.8819
35	85	85	2.98344	-2.95565	-2.50918
45	5	5	4.03891	-2.44331	-3.81526
45	5	15	3.67088	-4.34922	-5.42247
45	5	25	2.71304	-5.23948	-5.96882
45	5	35	3.2118	-4.8079	-5.2806
45	5	45	3.84841	-3.7204	-4.68311
45	5	55	4.2514	-4.83044	-5.74437
45	5	65	4.26139	-5.93171	-5.01067
45	5	75	4.05739	-5.31807	-4.10281
45	5	85	3.63909	-3.108	-3.3059
45	15	5	3.7541	-2.52188	-3.86751
45	15	15	3.29488	-4.0579	-5.45028
45	15	25	3.13179	-4.92453	-6.53656
45	15	35	4.17841	-4.35067	-5.62139
45	15	45	4.54611	-4.37931	-5.52551
45	15	55	5.38975	-5.80959	-7.12045
45	15	65	5.63509	-6.76388	-6.26548
45	15	75	4.23409	-5.33905	-5.28132
45	15	85	3.60877	-3.19636	-3.50534
45	25	5	3.5917	-3.2692	-3.30231
45	25	15	3.86377	-3.96454	-4.913
45	25	25	2.51666	-4.89443	-6.27421
45	25	35	4.33247	-4.87064	-5.59265
45	25	45	5.54362	-5.31946	-5.64294
45	25	55	5.71135	-6.47458	-6.95965
45	25	65	5.9488	-6.60742	-6.94763
45	25	75	5.21039	-5.79028	-5.92472
45	25	85	3.92232	-3.91213	-3.47383
45	35	5	4.25665	-4.41506	-3.15337
45	35	15	4.48268	-3.8755	-3.9241
45	35	25	4.08477	-4.32783	-5.32387
45	35	35	3.35988	-4.9631	-5.5918
45	35	45	3.63834	-4.92675	-5.40987
45	35	55	3.54929	-5.32516	-6.07474
45	35	65	4.42918	-5.71098	-6.43617
45	35	75	4.63933	-5.91258	-5.5163
45	35	85	3.93275	-4.79874	-4.03247
45	45	5	4.14838	-4.21588	-2.62174
45	45	15	3.86516	-3.39614	-3.08195
45	45	25	4.50691	-3.96538	-4.77436
45	45	35	3.97952	-5.46939	-5.54101
45	45	45	3.40763	-5.32835	-5.0201
45	45	55	3.57821	-5.72092	-5.67109
45	45	65	4.02268	-6.12705	-5.69038
45	45	75	3.67181	-5.51156	-4.87393
45	45	85	3.89992	-4.4319	-3.59459
45	55	5	2.81754	-2.8833	-2.49642
45	55	15	3.00482	-2.96927	-2.91387
45	55	25	4.03171	-4.48225	-5.36585
45	55	35	3.61949	-5.21164	-6.06316
45	55	45	2.82589	-5.00851	-5.24469
45	55	55	2.73866	-5.12407	-5.48621
45	55	65	3.3921	-5.28402	-5.92799
45	55	75	2.91336	-5.24397	-5.02435
45	55	85	3.13725	-3.82292	-3.24003
45	65	5	2.73909	-3.14687	-2.59883
45	65	15	2.69489	-3.89542	-3.81074
45	65	25	2.84079	-4.985	-5.49602
45	65	35	3.03354	-5.0844	-6.19642
45	65	45	2.82733	-4.96207	-5.38595
45	65	55	2.69496	-4.90045	-5.42499
45	65	65	3.10862	-4.89962	-5.62208
45	65	75	2.61171	-4.54119	-4.424
45	65	85	2.75341	-3.25761	-2.79524
45	75	5	2.70935	-2.6244	-2.81732
45	75	15	2.25372	-4.96414	-4.91147
45	75	25	2.06797	-5.05125	-5.79847
45	75	35	2.62727	-5.06151	-5.75814
45	75	45	2.68168	-4.74165	-4.96155
45	75	55	2.7335	-4.77322	-5.25581
45	75	65	2.64942	-4.05477	-4.47559
45	75	75	2.18891	-2.64347	-2.40147
45	75	85	2.136	-2.55909	-2.17113
45	85	5	3.15265	-2.00466	-2.82945
45	85	15	2.56519	-4.65007	-5.07116
45	85	25	2.35136	-5.35436	-5.71441
45	85	35	2.77143	-4.96159	-5.24579
45	85	45	2.73749	-4.04084	-4.23687
45	85	55	2.83067	-4.70398	-4.71815
45	85	65	2.97754	-4.24481	-3.91008
45	85	75	2.22946	-2.66396	-1.96073
45	85	85	2.51784	-2.29767	-1.95797
55	5	5	5.01023	-2.18345	-4.28959
55	5	15	3.69707	-4.00451	-4.43835
55	5	25	3.1228	-5.30833	-5.44497
55	5	35	3.4739	-5.20223	-5.57926
55	5	45	4.10371	-4.57917	-4.98615
55	5	55	3.78652	-5.78044	-5.30648
55	5	65	3.64358	-6.43493	-5.9188
55	5	75	4.4377	-6.49629	-5.00181
55	5	85	5.31992	-4.15914	-4.30618
55	15	5	5.29132	-2.85302	-4.5469
55	15	15	4.09209	-3.02764	-4.35692
55	15	25	3.36483	-4.70484	-5.66045
55	15	35	4.48465	-4.37379	-5.52244
55	15	45	5.35212	-3.64121	-5.55502
55	15	55	5.09196	-5.64776	-6.98834
55	15	65	3.94263	-5.99669	-6.5231
55	15	75	4.25942	-5.70475	-5.55384
55	15	85	5.63557	-3.89087	-4.95388
55	25	5	4.82295	-3.08409	-4.13944
55	25	15	4.69899	-3.21564	-4.26552
55	25	25	4.0466	-3.83657	-4.6733
55	25	35	5.15568	-3.92967	-5.32105
55	25	45	5.72288	-4.1752	-5.91588
55	25	55	5.57442	-5.81433	-7.35791
55	25	65	5.04521	-5.95764	-7.47935
55	25	75	4.56173	-5.50388	-5.87034
55	25	85	4.61558	-3.73583	-4.61113
55	35	5	3.74814	-3.28409	-3.19186
55	35	15	4.31114	-3.491	-3.71508
55	35	25	4.50542	-3.54894	-4.0884
55	35	35	5.04901	-3.8826	-5.05515
55	35	45	5.18241	-4.30451	-5.57692
55	35	55	4.8227	-5.03606	-6.7732
55	35	65	4.47522	-5.19727	-7.47339
55	35	75	4.70623	-5.0629	-6.65965
55	35	85	4.08122	-3.93171	-4.43834
55	45	5	2.80335	-2.86264	-2.73794
55	45	15	3.41582	-3.24281	-3.29834
55	45	25	4.59973	-3.44056	-4.07497
55	45	35	4.75791	-3.92616	-4.23608
55	45	45	4.39003	-3.86502	-4.4859
55	45	55	3.91428	-4.8534	-5.73085
55	45	65	4.5399	-5.34065	-7.19245
55	45	75	3.98758	-4.30384	-5.59954
55	45	85	3.20211	-3.21563	-3.70191
55	55	5	2.67043	-2.74565	-2.64649
55	55	15	3.13245	-3.07544	-2.83162
55	55	25	4.66661	-3.82688	-3.4716
55	55	35	3.66488	-3.85453	-4.16808
55	55	45	3.10263	-3.73932	-4.15914
55	55	55	2.63818	-4.87288	-5.34007
55	55	65	3.00977	-5.12121	-6.16359
55	55	75	3.2498	-4.68242	-5.44485
55	55	85	2.68036	-3.19205	-3.24221
55	65	5	2.85428	-3.34877	-2.86324
55	65	15	3.08674	-3.8076	-3.17032
55	65	25	3.74194	-3.84563	-4.43147
55	65	35	3.11672	-4.38092	-5.10086
55	65	45	2.23116	-4.57924	-4.88526
55	65	55	2.30705	-4.9981	-5.37971
55	65	65	2.02463	-5.1204	-5.46441
55	65	75	2.3102	-4.62204	-4.68812
55	65	85	2.5715	-3.71884	-3.47939
55	75	5	2.48588	-3.83992	-3.77436
55	75	15	1.69088	-5.0602	-4.99775
55	75	25	1.88947	-5.07106	-5.48889
55	75	35	3.0923	-5.09584	-6.05791
55	75	45	2.13088	-4.94079	-5.22818
55	75	55	1.99573	-4.97763	-5.24091
55	75	65	1.80294	-4.9388	-4.90162
55	75	75	1.70132	-3.9808	-3.30402
55	75	85	2.50716	-4.19641	-3.76986
55	85	5	2.79722	-1.92858	-3.03107
55	85	15	1.96752	-4.50953	-4.59474
55	85	25	1.99156	-5.37689	-5.58245
55	85	35	3.0786	-5.41934	-6.01591
55	85	45	2.58893	-5.00122	-4.87106
55	85	55	2.33855	-5.45644	-5.21566
55	85	65	2.34431	-5.46146	-4.6738
55	85	75	2.23768	-3.5291	-2.50901
55	85	85	2.16905	-1.93007	-2.20761
65	5	5	3.34688	-2.49564	-2.84089
65	5	15	2.72919	-3.53178	-3.33985
65	5	25	3.26937	-4.34331	-4.48857
65	5	35	2.56002	-4.50036	-4.5672
65	5	45	2.65693	-4.55724	-4.0011
65	5	55	2.16329	-5.38684	-5.24805
65	5	65	1.77483	-5.58158	-5.78634
65	5	75	2.53881	-5.51522	-5.14445
65	5	85	2.92457	-3.80866	-3.67528
65	15	5	4.07987	-2.38331	-3.82834
65	15	15	3.60021	-2.8674	-3.17265
65	15	25	3.35222	-3.86498	-3.98148
65	15	35	2.80887	-3.57204	-3.72297
65	15	45	3.1284	-3.26721	-3.73098
65	15	55	2.21716	-4.79476	-5.27596
65	15	65	2.23087	-5.13719	-5.9808
65	15	75	2.96792	-5.23918	-5.68364
65	15	85	3.78447	-3.67568	-4.68689
65	25	5	4.14327	-2.49278	-4.13252
65	25	15	3.81384	-2.70267	-3.64305
65	25	25	4.12924	-3.68917	-3.50796
65	25	35	4.52982	-4.33966	-4.20894
65	25	45	4.50972	-3.13998	-4.82646
65	25	55	3.45487	-4.47447	-5.61451
65	25	65	2.90494	-5.13357	-6.84928
65	25	75	3.32387	-5.00068	-6.04034
65	25	85	4.33943	-3.31456	-5.09009
65	35	5	3.45872	-2.90336	-3.58953
65	35	15	3.95137	-3.61026	-4.18302
65	35	25	4.79351	-4.3127	-4.10943
65	35	35	5.46588	-4.0542	-4.33347
65	35	45	5.55449	-3.66059	-4.57466
65	35	55	4.94903	-4.67014	-5.94621
65	35	65	3.81593	-5.50974	-7.06824
65	35	75	3.21471	-4.92185	-6.01991
65	35	85	3.60222	-3.85199	-4.70627
65	45	5	2.59235	-2.91019	-3.0696
65	45	15	3.13379	-4.15642	-4.75118
65	45	25	3.4634	-3.74582	-4.2928
65	45	35	4.57553	-3.45574	-3.86836
65	45	45	4.76176	-3.16512	-4.34393
65	45	55	4.51254	-3.97539	-5.28067
65	45	65	4.14409	-5.11617	-7.28514
65	45	75	4.02004	-4.50545	-5.96162
65	45	85	3.16068	-3.25603	-3.90831
65	55	5	2.54992	-3.12155	-3.12157
65	55	15	2.7688	-3.41298	-3.23229
65	55	25	3.7764	-3.66227	-3.15635
65	55	35	3.70013	-3.42307	-3.31565
65	55	45	3.58028	-2.88334	-3.66281
65	55	55	2.84084	-3.98682	-4.52513
65	55	65	3.69295	-5.09283	-7.23696
65	55	75	3.942	-4.22329	-5.70539
65	55	85	2.54202	-3.06407	-3.27758
65	65	5	2.42001	-3.31385	-2.9744
65	65	15	2.68427	-3.30779	-3.06576
65	65	25	2.81596	-3.01753	-3.05391
65	65	35	2.88007	-3.03842	-3.19305
65	65	45	2.45447	-3.28871	-3.58606
65	65	55	2.00963	-4.74676	-4.92791
65	65	65	2.86347	-5.09666	-6.60149
65	65	75	2.72873	-4.682	-5.13425
65	65	85	2.11664	-3.33404	-3.14106
65	75	5	1.01042	-4.35597	-3.91537
65	75	15	2.05694	-5.00842	-4.92846
65	75	25	2.45139	-4.96458	-5.16497
65	75	35	2.43396	-5.03073	-5.33153
65	75	45	1.88677	-4.94277	-4.96393
65	75	55	2.23947	-4.9256	-5.1256
65	75	65	1.76256	-5.14074	-5.50476
65	75	75	1.00415	-4.52482	-4.4126
65	75	85	0.888582	-4.15284	-3.81203
65	85	5	1.28768	-2.16429	-2.14422
65	85	15	1.54074	-4.4443	-4.40472
65	85	25	2.16282	-4.89778	-5.00099
65	85	35	2.12663	-4.57981	-4.86102
65	85	45	1.32582	-4.36148	-4.40562
65	85	55	1.80011	-5.17961	-5.21967
65	85	65	0.664332	-4.88197	-5.14555
65	85	75	0.960467	-4.16521	-4.03012
65	85	85	1.02485	-2.82645	-2.7047
75	5	5	2.32087	-2.59084	-2.55202
75	5	15	2.12673	-3.70641	-3.72869
75	5	25	2.57612	-4.98341	-4.64495
75	5	35	2.46577	-3.69677	-3.29763
75	5	45	1.66505	-3.21282	-3.15331
75	5	55	1.59541	-4.56604	-4.74606
75	5	65	2.40323	-5.04161	-6.44879
75	5	75	1.97036	-5.09804	-5.33948
75	5	85	2.13329	-4.24564	-4.32762
75	15	5	2.14343	-1.83208	-2.27601
75	15	15	1.98149	-2.45916	-2.52237
75	15	25	2.72035	-4.44336	-3.961
75	15	35	1.82748	-2.54165	-2.24086
75	15	45	1.95774	-2.59196	-2.59322
75	15	55	1.90215	-4.4076	-4.68807
75	15	65	2.59289	-5.09589	-6.3251
75	15	75	2.42284	-5.09805	-5.63773
75	15	85	2.24905	-3.98067	-4.31773
75	25	5	2.74167	-1.98636	-2.82973
75	25	15	2.07687	-2.15398	-2.41603
75	25	25	2.84034	-3.5007	-2.83794
75	25	35	2.18956	-2.64345	-2.00345
75	25	45	2.156	-2.55802	-2.5193
75	25	55	2.31995	-4.04142	-4.30148
75	25	65	2.74095	-5.13464	-6.35864
75	25	75	2.78385	-5.08149	-5.68797
75	25	85	2.74996	-3.90158	-4.39315
75	35	5	2.84823	-3.26389	-3.48803
75	35	15	2.86066	-4.20023	-4.38088
75	35	25	2.95716	-4.45688	-4.49278
75	35	35	3.43862	-3.64263	-3.01431
75	35	45	4.45005	-3.78501	-3.22111
75	35	55	4.35317	-4.82463	-4.26031
75	35	65	3.14802	-6.66683	-6.18723
75	35	75	2.2152	-5.74228	-5.81798
75	35	85	3.67601	-4.79884	-5.08748
75	45	5	2.45541	-3.35582	-3.39306
75	45	15	2.38263	-4.92631	-4.99806
75	45	25	2.90752	-4.60228	-4.9046
75	45	35	3.25947	-3.53101	-3.58043
75	45	45	3.55003	-3.31372	-3.51586
75	45	55	3.47478	-3.43591	-3.95459
75	45	65	3.17389	-5.42824	-5.94338
75	45	75	3.20571	-4.8678	-5.44036
75	45	85	2.89996	-3.56085	-3.86045
75	55	5	2.0909	-3.12556	-3.10645
75	55	15	2.59174	-4.45893	-4.45878
75	55	25	2.65034	-4.30608	-4.34453
75	55	35	3.09917	-4.2567	-4.23352
75	55	45	3.42395	-3.28396	-3.53545
75	55	55	2.90823	-3.0264	-3.47799
75	55	65	2.67872	-4.99667	-5.83611
75	55	75	3.17689	-3.90367	-4.65922
75	55	85	2.05584	-2.60741	-2.67725
75	65	5	1.82569	-3.0993	-3.00035
75	65	15	2.56727	-3.93892	-3.8802
75	65	25	2.61291	-3.92602	-3.94729
75	65	35	2.65359	-3.32006	-3.41803
75	65	45	2.53864	-2.5407	-2.70032
75	65	55	1.95751	-4.1804	-4.33718
75	65	65	2.55093	-5.07497	-6.03934
75	65	75	3.01563	-4.34178	-4.88204
75	65	85	1.91414	-2.88365	-2.74853
75	75	5	-0.999814	-5.48471	-4.08502
75	75	15	2.1647	-5.55891	-4.86091
75	75	25	2.81512	-5.12508	-5.02596
75	75	35	2.55396	-4.98076	-5.03792
75	75	45	2.07334	-4.85807	-4.8999
75	75	55	1.98603	-4.82024	-4.88254
75	75	65	1.90348	-5.09416	-5.84617
75	75	75	1.34552	-5.36229	-5.33465
75	75	85	-1.36271	-5.45404	-4.38218
75	85	5	0.903385	-2.96587	-2.90909
75	85	15	1.85673	-4.35992	-4.44473
75	85	25	2.38792	-4.90135	-5.00091
75	85	35	2.15195	-4.42054	-4.44293
75	85	45	1.64991	-3.68103	-3.70065
75	85	55	2.18137	-4.98002	-5.23961
75	85	65	1.68323	-4.93963	-5.42682
75	85	75	1.03551	-4.58279	-4.80096
75	85	85	0.531985	-3.76486	-3.751
85	5	5	1.50647	-3.03283	-3.17578
85	5	15	1.65076	-3.91638	-4.05809
85	5	25	2.39267	-5.05259	-5.03501
85	5	35	2.23228	-3.82141	-3.64286
85	5	45	1.65018	-2.35267	-2.27216
85	5	55	2.34424	-3.99725	-4.27762
85	5	65	3.59048	-5.11924	-6.86682
85	5	75	2.70484	-5.10289	-5.70006
85	5	85	1.66866	-4.68171	-4.88323
85	15	5	1.4938	-1.9427	-2.10489
85	15	15	1.51249	-3.26495	-3.36655
85	15	25	2.25664	-4.91252	-4.79407
85	15	35	0.906734	-2.29353	-2.15579
85	15	45	1.16604	-1.73217	-1.73203
85	15	55	2.4386	-3.44189	-3.74189
85	15	65	3.64724	-5.09302	-6.98063
85	15	75	3.01975	-5.08204	-5.97697
85	15	85	2.00051	-4.42086	-4.66216
85	25	5	2.04378	-2.30283	-2.54377
85	25	15	1.26588	-3.20705	-3.24949
85	25	25	2.24951	-4.65	-4.69042
85	25	35	1.64191	-3.28246	-2.88244
85	25	45	1.76496	-2.27963	-1.77962
85	25	55	2.58295	-3.65464	-3.61507
85	25	65	3.52531	-5.32601	-6.61003
85	25	75	3.2197	-5.18237	-5.8685
85	25	85	2.4154	-4.66202	-4.79481
85	35	5	3.12935	-4.03963	-3.78214
85	35	15	2.89796	-5.2319	-5.00089
85	35	25	3.01681	-5.45379	-4.97365
85	35	35	3.43156	-4.67366	-3.68887
85	35	45	4.0285	-4.40441	-2.85079
85	35	55	4.44512	-5.05329	-3.21936
85	35	65	4.49619	-7.1065	-6.16376
85	35	75	3.45852	-5.98508	-5.54364
85	35	85	3.4945	-5.30283	-4.6296
85	45	5	2.56511	-4.10958	-4.15651
85	45	15	2.62803	-5.03007	-5.17681
85	45	25	2.73528	-5.10505	-5.20682
85	45	35	2.72237	-4.25833	-4.18661
85	45	45	2.91378	-3.90221	-3.69907
85	45	55	3.17647	-3.57695	-3.19057
85	45	65	3.30617	-5.5283	-5.87057
85	45	75	2.9762	-5.20293	-5.21743
85	45	85	2.72024	-4.22847	-4.24879
85	55	5	2.33509	-3.31044	-3.43395
85	55	15	2.58908	-4.99114	-5.04654
85	55	25	2.61865	-5.06318	-5.1026
85	55	35	2.63974	-4.57833	-4.57388
85	55	45	2.73754	-3.60975	-3.58491
85	55	55	2.71111	-2.6784	-2.639
85	55	65	2.89563	-4.8245	-5.5053
85	55	75	2.96713	-4.05053	-4.28275
85	55	85	2.40654	-2.635	-2.75193
85	65	5	2.24543	-3.13935	-3.09608
85	65	15	2.64718	-4.93057	-4.88381
85	65	25	2.75951	-4.89126	-4.93438
85	65	35	2.69244	-4.22708	-4.24739
85	65	45	2.57621	-2.62334	-2.72069
85	65	55	2.32534	-3.33252	-3.42273
85	65	65	1.80233	-4.72393	-5.54271
85	65	75	2.25409	-3.93906	-4.19596
85	65	85	2.004	-2.5341	-2.50757
85	75	5	1.85687	-5.10648	-4.51355
85	75	15	3.14158	-5.77164	-5.12028
85	75	25	3.15592	-5.66124	-5.04221
85	75	35	2.77549	-5.20176	-5.15936
85	75	45	2.21483	-4.85128	-4.90842
85	75	55	1.53409	-4.89093	-4.97719
85	75	65	-0.653279	-5.89953	-5.64956
85	75	75	-2.86036	-6.48182	-5.18136
85	75	85	-1.02539	-5.26603	-4.13803
85	85	5	1.21147	-3.88907	-3.9893
85	85	15	1.29944	-4.68545	-4.71513
85	85	25	2.43941	-5.19411	-5.12178
85	85	35	2.60425	-4.64771	-4.80212
85	85	45	2.29337	-3.38002	-3.50261
85	85	55	2.74348	-4.43837	-4.85877
85	85	65	3.19262	-5.16479	-6.70842
85	85	75	1.5765	-5.20627	-5.51303
85	85	85	1.0547	-4.83406	-4.67781
