5	5	5	2.6704	-3.42044	-3.49817
5	5	15	2.57464	-2.99247	-2.97363
5	5	25	2.81392	-3.58635	-3.32473
5	5	35	4.07678	-5.70299	-5.25889
5	5	45	4.66646	-6.16609	-5.95148
5	5	55	3.67565	-5.73807	-5.25207
5	5	65	3.10877	-5.29123	-4.99757
5	5	75	2.97472	-4.96937	-5.10707
5	5	85	3.7212	-5.08004	-6.1676
5	15	5	2.71037	-3.93829	-3.93523
5	15	15	2.75449	-2.88265	-2.72208
5	15	25	2.87469	-3.01288	-2.69083
5	15	35	3.44312	-4.7337	-4.36242
5	15	45	3.87036	-5.72969	-5.49516
5	15	55	3.24759	-5.18789	-4.75147
5	15	65	2.88239	-4.78571	-4.58642
5	15	75	2.79427	-5.11714	-5.19624
5	15	85	3.63392	-4.97162	-5.93365
5	25	5	2.64641	-5.07908	-5.12559
5	25	15	2.62401	-3.72837	-3.74123
5	25	25	2.56471	-2.60636	-2.59268
5	25	35	2.84593	-3.84954	-3.71623
5	25	45	2.78084	-4.95385	-4.80827
5	25	55	2.7036	-4.08561	-3.98922
5	25	65	2.69642	-3.87964	-3.77863
5	25	75	2.63654	-5.03442	-4.99028
5	25	85	3.00119	-5.10773	-5.54344
5	35	5	2.66414	-5.12322	-5.19189
5	35	15	2.6122	-4.03679	-4.01657
5	35	25	2.90166	-2.81546	-2.90643
5	35	35	2.87032	-3.29653	-3.10128
5	35	45	2.84092	-4.5051	-4.33659
5	35	55	2.63962	-3.7383	-3.73727
5	35	65	2.55602	-3.33847	-3.33861
5	35	75	2.59251	-4.87967	-4.8394
5	35	85	3.05404	-5.12079	-5.58115
5	45	5	2.58183	-5.10419	-5.09041
5	45	15	2.73593	-4.08522	-4.02283
5	45	25	3.68648	-3.4633	-3.08864
5	45	35	3.62302	-3.83642	-2.89016
5	45	45	3.81724	-4.7869	-3.64656
5	45	55	4.01612	-4.66039	-3.24203
5	45	65	3.15133	-3.78144	-3.22135
5	45	75	2.71411	-4.53132	-4.45004
5	45	85	2.81615	-5.16045	-5.30118
5	55	5	3.04703	-5.47392	-5.18606
5	55	15	3.36848	-4.71456	-4.73975
5	55	25	3.4639	-3.8367	-3.48954
5	55	35	3.60705	-4.8387	-3.98706
5	55	45	4.42501	-6.0987	-4.39403
5	55	55	4.63816	-4.96195	-2.96184
5	55	65	4.21016	-4.40459	-2.79863
5	55	75	3.70471	-4.72073	-3.97558
5	55	85	3.34773	-5.58132	-5.40303
5	65	5	3.40551	-5.51029	-5.14818
5	65	15	3.50762	-4.16426	-4.1876
5	65	25	3.63263	-4.14922	-3.76015
5	65	35	3.19113	-5.45007	-4.98144
5	65	45	3.74176	-5.80726	-4.95595
5	65	55	4.51125	-4.96881	-3.30068
5	65	65	4.26345	-4.62174	-2.97233
5	65	75	3.71376	-4.5919	-3.73011
5	65	85	3.23933	-5.39446	-5.46811
5	75	5	2.99097	-4.30097	-4.42291
5	75	15	3.03854	-3.28981	-3.21697
5	75	25	2.78918	-3.39893	-3.371
5	75	35	2.92845	-4.37305	-4.32473
5	75	45	3.0663	-3.84272	-4.07716
5	75	55	3.09113	-4.16836	-3.989
5	75	65	2.78887	-3.17758	-3.08911
5	75	75	2.88487	-3.70327	-3.85835
5	75	85	3.19845	-5.20616	-5.59332
5	85	5	2.85039	-4.5114	-4.59182
5	85	15	2.60824	-3.24031	-3.233
5	85	25	2.68601	-3.15732	-3.06348
5	85	35	3.26499	-3.51238	-3.76168
5	85	45	3.48072	-3.35593	-3.85914
5	85	55	3.35955	-3.34511	-3.73395
5	85	65	2.6825	-3.41986	-3.38749
5	85	75	2.99594	-4.89996	-4.98272
5	85	85	3.70514	-5.11011	-6.21482
15	5	5	2.82053	-4.24338	-4.46955
15	5	15	2.64001	-3.42808	-3.39698
15	5	25	2.73336	-3.66456	-3.6457
15	5	35	3.49549	-4.78286	-5.46253
15	5	45	3.87025	-5.57082	-5.91962
15	5	55	3.87553	-5.76972	-5.4005
15	5	65	3.06758	-5.22731	-5.09467
15	5	75	3.28811	-5.11314	-5.31746
15	5	85	4.14929	-5.1981	-6.58892
15	15	5	3.03231	-4.40238	-4.16045
15	15	15	2.815	-3.75	-3.56996
15	15	25	3.11552	-3.24263	-2.80072
15	15	35	3.75591	-4.99057	-4.82729
15	15	45	4.18159	-5.73973	-5.99998
15	15	55	3.53439	-5.26496	-5.48245
15	15	65	2.81017	-4.66281	-4.47366
15	15	75	3.15602	-5.11855	-5.40107
15	15	85	3.71996	-5.27775	-5.96424
15	25	5	2.68994	-5.1647	-5.17067
15	25	15	2.70289	-4.34849	-4.27766
15	25	25	2.60685	-2.66905	-2.65481
15	25	35	3.16316	-4.16554	-3.7942
15	25	45	3.91837	-5.86574	-5.52569
15	25	55	3.31266	-4.45947	-4.30108
15	25	65	2.85048	-3.93325	-3.75114
15	25	75	2.79616	-4.75206	-4.75389
15	25	85	3.50229	-5.14472	-6.00795
15	35	5	2.80706	-5.21202	-5.24803
15	35	15	2.66636	-4.39598	-4.28155
15	35	25	2.77358	-2.81652	-2.67397
15	35	35	3.40997	-3.66472	-3.01793
15	35	45	3.41226	-4.76912	-4.71754
15	35	55	2.82472	-3.33932	-3.28502
15	35	65	2.67197	-3.48562	-3.43379
15	35	75	2.70853	-4.34554	-4.48223
15	35	85	3.20751	-5.2086	-5.64667
15	45	5	2.95022	-5.45714	-5.10604
15	45	15	3.1883	-5.03885	-4.48247
15	45	25	3.45891	-3.6266	-2.92114
15	45	35	4.08657	-4.69458	-3.22839
15	45	45	4.43218	-5.71263	-4.2101
15	45	55	4.14583	-4.59202	-3.25382
15	45	65	3.76279	-4.29512	-3.14439
15	45	75	3.26262	-4.71404	-4.171
15	45	85	3.56694	-5.56782	-5.64165
15	55	5	2.98069	-5.40853	-5.10507
15	55	15	2.9862	-5.03672	-4.64174
15	55	25	3.02619	-3.91071	-3.72292
15	55	35	3.46527	-5.60127	-4.98131
15	55	45	4.43817	-6.57513	-5.02511
15	55	55	4.60777	-5.60294	-3.55715
15	55	65	4.30525	-4.61329	-2.94969
15	55	75	3.74332	-4.61008	-3.71027
15	55	85	3.59	-5.70148	-5.51386
15	65	5	3.12415	-5.50884	-5.06804
15	65	15	3.64421	-5.13186	-4.32461
15	65	25	3.66989	-5.17546	-4.27615
15	65	35	4.43628	-6.6564	-5.23713
15	65	45	4.37054	-6.66146	-5.19346
15	65	55	4.90158	-6.1072	-4.41574
15	65	65	4.75122	-5.52501	-3.75192
15	65	75	4.16946	-4.63336	-3.93596
15	65	85	3.22367	-5.54447	-5.27903
15	75	5	3.28449	-4.83691	-5.10004
15	75	15	3.3384	-3.57186	-3.4116
15	75	25	3.45114	-4.26727	-3.94075
15	75	35	3.75736	-5.68885	-5.45405
15	75	45	3.4701	-5.53454	-5.22036
15	75	55	3.78851	-5.19802	-5.11092
15	75	65	3.56719	-3.95537	-3.98699
15	75	75	3.69635	-3.33508	-4.28788
15	75	85	2.91441	-5.12546	-5.38111
15	85	5	2.98327	-4.34695	-4.64834
15	85	15	2.82805	-3.14417	-3.35853
15	85	25	2.80005	-3.44147	-3.60794
15	85	35	3.4168	-4.54816	-5.16825
15	85	45	3.83627	-4.78964	-5.54201
15	85	55	3.53685	-4.34532	-4.8286
15	85	65	3.03999	-3.20193	-3.15937
15	85	75	3.70045	-4.46536	-5.04465
15	85	85	3.74822	-5.22225	-6.1195
25	5	5	3.39697	-4.3627	-5.08614
25	5	15	3.019	-3.96605	-4.27319
25	5	25	2.79827	-4.08286	-4.12931
25	5	35	3.65188	-4.92921	-5.70926
25	5	45	3.02304	-5.09292	-5.61611
25	5	55	3.61949	-5.03848	-5.93091
25	5	65	4.0158	-4.70882	-5.67973
25	5	75	4.11983	-4.96623	-6.12003
25	5	85	3.95405	-5.1458	-6.42444
25	15	5	3.19908	-4.7227	-4.96913
25	15	15	2.97138	-4.38803	-4.16119
25	15	25	3.2418	-3.57459	-3.13091
25	15	35	3.98349	-5.24296	-5.19209
25	15	45	3.80035	-5.63971	-5.93523
25	15	55	3.22431	-4.94458	-5.35814
25	15	65	3.09876	-4.21891	-4.73335
25	15	75	3.31946	-4.51927	-5.20528
25	15	85	4.02582	-5.17974	-6.48894
25	25	5	3.10986	-5.54116	-5.17914
25	25	15	3.11635	-5.24142	-4.80554
25	25	25	3.33541	-3.69488	-2.99063
25	25	35	3.95926	-5.12262	-4.27519
25	25	45	5.31557	-6.68943	-6.16778
25	25	55	4.11665	-5.1411	-5.0903
25	25	65	2.93687	-3.51759	-3.50564
25	25	75	3.25647	-4.10877	-4.17441
25	25	85	4.05544	-5.61956	-6.08315
25	35	5	3.12906	-5.65406	-5.12801
25	35	15	3.34875	-5.37964	-4.66201
25	35	25	3.41271	-3.50642	-2.68476
25	35	35	4.06714	-4.76637	-3.61511
25	35	45	4.69557	-5.87669	-5.9348
25	35	55	4.07865	-4.05205	-4.39567
25	35	65	3.05017	-3.34519	-3.19401
25	35	75	2.97583	-3.75625	-4.0563
25	35	85	3.53945	-5.45862	-5.71503
25	45	5	3.23864	-5.7668	-5.1248
25	45	15	3.87918	-6.19007	-4.86217
25	45	25	4.60913	-4.55967	-3.10968
25	45	35	4.36684	-5.54676	-4.21442
25	45	45	4.39137	-6.07349	-5.20333
25	45	55	4.20877	-4.49553	-4.29473
25	45	65	3.4695	-3.48675	-3.27875
25	45	75	3.3607	-4.03361	-3.95204
25	45	85	3.15504	-5.3895	-5.42793
25	55	5	3.02545	-5.53394	-5.10437
25	55	15	2.96046	-5.11004	-4.82268
25	55	25	3.79631	-4.88005	-5.10292
25	55	35	3.47137	-5.49086	-5.50228
25	55	45	3.57964	-5.65717	-5.4592
25	55	55	4.26521	-5.66848	-5.00654
25	55	65	3.81554	-4.63293	-3.79662
25	55	75	4.12711	-4.89467	-3.80597
25	55	85	3.64945	-5.97773	-5.28418
25	65	5	3.24963	-5.69538	-5.00676
25	65	15	3.49401	-5.27925	-4.70542
25	65	25	3.59914	-4.94324	-4.60975
25	65	35	3.64522	-5.7376	-5.49977
25	65	45	3.85353	-6.10514	-5.35074
25	65	55	3.64816	-5.38848	-4.82293
25	65	65	3.9777	-5.32563	-4.52312
25	65	75	4.44895	-5.77191	-4.44219
25	65	85	3.51975	-5.88456	-5.22672
25	75	5	3.19825	-4.96023	-4.61002
25	75	15	3.31147	-3.41148	-3.62905
25	75	25	3.26753	-4.05036	-4.63342
25	75	35	3.40285	-5.127	-5.85148
25	75	45	3.17069	-5.24216	-5.57768
25	75	55	3.55047	-4.9624	-5.31776
25	75	65	4.14099	-4.42553	-4.88789
25	75	75	4.01942	-3.41889	-4.31105
25	75	85	3.11292	-5.32315	-5.37777
25	85	5	3.41521	-4.26762	-4.75944
25	85	15	2.9541	-2.97538	-3.23177
25	85	25	2.80176	-3.44398	-3.73068
25	85	35	3.71349	-5.01312	-6.09551
25	85	45	3.45104	-5.05938	-5.67937
25	85	55	4.0067	-4.77916	-5.71324
25	85	65	4.34735	-3.23392	-4.34384
25	85	75	4.25687	-3.81934	-5.06503
25	85	85	3.78509	-5.3839	-5.97972
35	5	5	3.67722	-4.76139	-5.60781
35	5	15	3.02761	-4.10247	-4.49737
35	5	25	2.85278	-4.43826	-4.37998
35	5	35	3.91181	-5.23002	-5.86842
35	5	45	3.83861	-5.58303	-5.74345
35	5	55	4.19306	-4.96401	-6.2748
35	5	65	4.58276	-4.17359	-5.71888
35	5	75	4.34067	-4.40024	-6.10504
35	5	85	3.51228	-5.13264	-5.97219
35	15	5	3.94989	-4.94247	-6.29974
35	15	15	2.91527	-4.72765	-5.04866
35	15	25	2.60368	-3.70774	-3.70035
35	15	35	3.14701	-4.83563	-4.99961
35	15	45	3.96504	-5.44696	-6.07775
35	15	55	3.58787	-5.02301	-5.75018
35	15	65	3.63026	-3.95662	-5.00104
35	15	75	3.59264	-4.20925	-5.25085
35	15	85	3.78582	-5.09518	-6.32997
35	25	5	3.68943	-5.40235	-5.93994
35	25	15	3.33049	-5.59251	-5.16783
35	25	25	3.47508	-4.20518	-3.36146
35	25	35	3.75657	-5.52408	-4.56176
35	25	45	5.13664	-6.7542	-5.97106
35	25	55	4.45636	-5.72199	-5.30546
35	25	65	3.51265	-4.01563	-3.77643
35	25	75	3.41133	-3.44439	-3.78397
35	25	85	4.03302	-5.20956	-6.45156
35	35	5	2.92704	-5.24198	-5.3388
35	35	15	2.79485	-5.0821	-4.84496
35	35	25	2.97245	-3.41615	-3.03491
35	35	35	3.33596	-4.70154	-4.08143
35	35	45	3.73598	-5.74398	-5.52077
35	35	55	3.71628	-4.62378	-4.26333
35	35	65	3.29626	-3.41002	-3.22804
35	35	75	2.91304	-2.98837	-3.02635
35	35	85	3.75263	-5.33698	-5.97618
35	45	5	3.35345	-5.84185	-5.04428
35	45	15	3.15168	-5.48204	-4.8827
35	45	25	3.09264	-3.87244	-3.57405
35	45	35	3.17786	-5.1337	-4.63973
35	45	45	4.05548	-5.71186	-5.7699
35	45	55	3.91712	-5.02154	-5.05789
35	45	65	3.07672	-3.57208	-3.29162
35	45	75	3.19186	-3.82083	-3.42121
35	45	85	3.45103	-5.69389	-5.35387
35	55	5	3.22183	-5.68613	-5.02814
35	55	15	3.43457	-5.62284	-5.14478
35	55	25	4.55831	-5.65765	-5.82412
35	55	35	3.34632	-5.57654	-5.29098
35	55	45	3.27589	-5.3803	-5.50348
35	55	55	3.73591	-5.33722	-5.6764
35	55	65	3.32106	-4.95853	-4.59416
35	55	75	3.34142	-4.80766	-4.13927
35	55	85	3.38257	-5.7629	-5.2121
35	65	5	3.28506	-5.70367	-5.07364
35	65	15	4.19125	-5.37765	-5.14585
35	65	25	4.4171	-5.06724	-5.78931
35	65	35	3.65347	-5.42379	-5.85342
35	65	45	3.04063	-5.28433	-5.40674
35	65	55	3.35992	-5.12453	-5.72613
35	65	65	2.83796	-5.13171	-5.21445
35	65	75	2.86402	-4.82184	-4.75446
35	65	85	3.07871	-5.47733	-5.19285
35	75	5	3.736	-5.33753	-4.6103
35	75	15	3.72603	-3.68932	-4.24576
35	75	25	3.12756	-4.13767	-4.3797
35	75	35	3.35496	-5.18614	-5.7879
35	75	45	2.84284	-5.10326	-5.39143
35	75	55	3.15634	-4.80237	-5.40602
35	75	65	3.79633	-4.31119	-5.47641
35	75	75	3.48357	-3.70433	-4.31665
35	75	85	3.30459	-5.58712	-5.33278
35	85	5	3.11128	-3.95115	-4.29189
35	85	15	3.10284	-2.93175	-3.35853
35	85	25	2.97967	-3.66373	-4.05052
35	85	35	3.4511	-5.09975	-5.95967
35	85	45	3.44184	-5.12169	-5.97167
35	85	55	4.0803	-5.0428	-6.13047
35	85	65	4.96592	-3.53361	-5.1469
35	85	75	4.31066	-3.42405	-4.49006
35	85	85	3.33199	-5.43796	-5.48824
45	5	5	3.01628	-4.8213	-5.28647
45	5	15	2.97717	-4.09692	-4.44289
45	5	25	2.63037	-4.17669	-4.09543
45	5	35	3.56945	-5.53088	-5.55003
45	5	45	3.7758	-5.86276	-5.48516
45	5	55	3.83825	-5.26443	-5.38685
45	5	65	3.45429	-3.41845	-3.7977
45	5	75	3.87265	-3.50307	-4.74387
45	5	85	3.07666	-4.98198	-5.50675
45	15	5	3.33825	-4.96144	-5.74866
45	15	15	2.65826	-4.81283	-4.87926
45	15	25	2.65508	-4.20485	-4.10167
45	15	35	2.94656	-5.17949	-5.1863
45	15	45	3.54859	-5.27414	-5.89813
45	15	55	3.19545	-4.67881	-4.88561
45	15	65	2.95913	-3.21924	-3.53361
45	15	75	3.59265	-3.31982	-4.31902
45	15	85	2.89785	-5.06839	-5.37276
45	25	5	3.74309	-5.06231	-6.13356
45	25	15	2.6828	-5.05844	-5.19022
45	25	25	2.5755	-4.05853	-4.03419
45	25	35	2.73949	-4.8804	-4.93518
45	25	45	3.29769	-5.21863	-5.71282
45	25	55	3.01653	-4.5854	-4.64272
45	25	65	2.7741	-3.29979	-3.2376
45	25	75	3.47156	-3.21924	-3.77873
45	25	85	3.55543	-5.06499	-5.86779
45	35	5	3.42153	-4.70263	-5.57146
45	35	15	2.55969	-4.9821	-4.99066
45	35	25	2.63153	-3.35985	-3.44028
45	35	35	2.61312	-4.42649	-4.48846
45	35	45	2.79149	-5.08884	-5.28923
45	35	55	2.7527	-4.28187	-4.18261
45	35	65	2.7351	-2.93488	-2.69165
45	35	75	2.81464	-3.03191	-2.96792
45	35	85	3.49264	-4.8053	-5.66368
45	45	5	3.27833	-5.32112	-4.92842
45	45	15	2.77581	-5.24204	-5.02683
45	45	25	2.71198	-4.05683	-4.13779
45	45	35	2.61507	-4.7807	-4.80394
45	45	45	2.69305	-5.06158	-5.16041
45	45	55	2.67463	-4.6832	-4.72201
45	45	65	2.67348	-3.75964	-3.61685
45	45	75	2.92906	-3.89656	-3.55613
45	45	85	3.85182	-5.43653	-5.77733
45	55	5	3.88827	-6.38588	-5.11433
45	55	15	3.73332	-6.12244	-5.10153
45	55	25	3.67359	-5.41844	-4.93941
45	55	35	3.21386	-5.64945	-5.11149
45	55	45	3.43267	-5.91188	-5.1527
45	55	55	2.87186	-5.19977	-5.16061
45	55	65	2.79428	-5.10993	-4.98759
45	55	75	2.65623	-4.78859	-4.68339
45	55	85	3.18181	-5.47562	-5.08722
45	65	5	2.886	-5.27917	-5.21867
45	65	15	3.70038	-5.28575	-4.82448
45	65	25	3.75861	-4.04297	-4.3223
45	65	35	3.11516	-5.37762	-5.21601
45	65	45	2.70705	-5.15513	-5.20234
45	65	55	2.78383	-5.19279	-5.2432
45	65	65	2.65307	-5.1199	-5.13873
45	65	75	2.57344	-4.97024	-4.98783
45	65	85	2.8771	-5.08725	-5.40197
45	75	5	3.52887	-5.48848	-4.93222
45	75	15	3.74284	-3.60843	-3.82426
45	75	25	2.97923	-3.41484	-3.59104
45	75	35	2.89786	-5.05635	-5.31031
45	75	45	2.81737	-5.10568	-5.36416
45	75	55	2.81401	-5.063	-5.28402
45	75	65	2.73163	-4.84055	-4.94089
45	75	75	2.67123	-4.4208	-4.46059
45	75	85	3.47222	-5.39344	-5.65303
45	85	5	2.87956	-3.72419	-3.96807
45	85	15	3.01972	-2.65224	-3.11172
45	85	25	2.69491	-3.34904	-3.44885
45	85	35	3.04998	-5.05836	-5.55782
45	85	45	2.85546	-5.18173	-5.32611
45	85	55	2.99424	-5.08204	-5.16524
45	85	65	3.45384	-3.83723	-4.17765
45	85	75	3.19306	-3.26666	-3.58623
45	85	85	3.11587	-4.97213	-5.29449
55	5	5	2.81706	-4.85865	-5.00143
55	5	15	2.67365	-3.81378	-3.93611
55	5	25	2.56811	-3.88919	-3.86981
55	5	35	2.94881	-5.22426	-5.26383
55	5	45	3.41158	-5.78121	-5.22172
55	5	55	3.47347	-5.70364	-4.94288
55	5	65	3.53224	-3.91884	-3.01846
55	5	75	3.07505	-3.01475	-2.85152
55	5	85	2.93225	-4.46293	-4.72251
55	15	5	2.89472	-4.94012	-5.20284
55	15	15	2.57395	-4.8969	-4.87888
55	15	25	2.57196	-4.48155	-4.50166
55	15	35	2.95206	-5.16236	-5.12257
55	15	45	3.13471	-5.44307	-5.34193
55	15	55	2.92589	-4.67326	-4.42447
55	15	65	2.82669	-3.06849	-2.91447
55	15	75	2.94305	-3.17475	-3.30355
55	15	85	2.83826	-4.61569	-4.85005
55	25	5	2.97352	-4.26182	-4.52257
55	25	15	2.61519	-4.94132	-4.92131
55	25	25	2.61477	-4.55866	-4.61679
55	25	35	2.59368	-5.00405	-5.04266
55	25	45	2.83513	-5.10294	-5.38057
55	25	55	2.61513	-4.58362	-4.64358
55	25	65	2.57516	-3.3329	-3.32964
55	25	75	3.01399	-3.88641	-3.98346
55	25	85	3.11233	-4.56607	-4.72718
55	35	5	3.14004	-4.17945	-4.76814
55	35	15	2.5546	-4.70023	-4.70342
55	35	25	2.63247	-4.18132	-4.26246
55	35	35	2.57237	-4.76075	-4.78197
55	35	45	2.65151	-5.11634	-5.17669
55	35	55	2.63349	-4.32189	-4.26428
55	35	65	2.5715	-3.02766	-2.88807
55	35	75	2.87228	-3.82438	-3.86317
55	35	85	3.13553	-4.60245	-5.18361
55	45	5	3.4619	-4.91529	-4.86613
55	45	15	2.79444	-4.73404	-4.53745
55	45	25	2.73278	-4.55964	-4.5814
55	45	35	2.61227	-4.9072	-4.88845
55	45	45	2.61145	-5.10853	-5.14895
55	45	55	2.59303	-4.64218	-4.64258
55	45	65	2.55185	-3.68283	-3.68365
55	45	75	2.69066	-4.49503	-4.35506
55	45	85	3.29464	-5.25777	-5.48058
55	55	5	3.07433	-5.20313	-5.15844
55	55	15	3.48576	-5.42202	-4.58316
55	55	25	3.9993	-5.24644	-4.16272
55	55	35	3.77904	-6.02674	-4.84196
55	55	45	3.75504	-6.23881	-5.15562
55	55	55	3.27264	-5.80121	-5.08242
55	55	65	3.11109	-5.47282	-4.91288
55	55	75	2.67143	-5.05314	-5.01276
55	55	85	3.03702	-5.13156	-5.37596
55	65	5	2.62604	-5.0595	-5.05416
55	65	15	2.99204	-4.83429	-4.56998
55	65	25	3.07278	-3.38026	-3.10233
55	65	35	2.91284	-4.81251	-4.57401
55	65	45	2.8951	-5.42304	-5.16301
55	65	55	2.77027	-5.27825	-5.10466
55	65	65	2.60035	-5.04962	-5.00051
55	65	75	2.61784	-5.10535	-5.15856
55	65	85	3.18386	-5.10411	-5.75607
55	75	5	2.81533	-5.08392	-5.22366
55	75	15	2.79063	-3.5481	-3.59477
55	75	25	2.76498	-2.98014	-2.81305
55	75	35	2.7638	-4.5635	-4.51243
55	75	45	2.65916	-5.12797	-5.18076
55	75	55	2.57441	-5.08337	-5.10404
55	75	65	2.55163	-4.96251	-4.96216
55	75	75	2.63116	-5.0217	-4.98157
55	75	85	3.47468	-5.12102	-5.92136
55	85	5	2.76395	-3.78279	-3.95225
55	85	15	2.56332	-2.71657	-2.82458
55	85	25	2.41358	-2.98523	-3.00055
55	85	35	2.73464	-4.98855	-5.04423
55	85	45	2.71409	-5.16319	-5.20028
55	85	55	2.63547	-5.14287	-5.10565
55	85	65	2.67144	-4.14125	-4.02085
55	85	75	2.67145	-3.55644	-3.47601
55	85	85	3.11191	-4.3085	-4.82761
65	5	5	3.38066	-4.82777	-5.01337
65	5	15	2.58274	-3.65968	-3.6425
65	5	25	2.61725	-3.76005	-3.77876
65	5	35	2.55603	-4.94377	-4.92694
65	5	45	2.2124	-5.11937	-5.27904
65	5	55	2.6523	-5.00281	-4.88248
65	5	65	3.15264	-4.06325	-3.46205
65	5	75	3.29346	-3.56284	-2.82043
65	5	85	3.69183	-4.34993	-4.32912
65	15	5	2.67951	-4.39292	-4.51246
65	15	15	2.63751	-4.23959	-4.23878
65	15	25	2.67949	-4.6607	-4.58031
65	15	35	2.71846	-5.09827	-4.98409
65	15	45	2.69411	-5.18214	-5.12323
65	15	55	2.7231	-4.92323	-4.80209
65	15	65	2.67386	-3.16087	-3.07726
65	15	75	2.75628	-3.7848	-3.61958
65	15	85	2.91944	-4.16144	-4.23382
65	25	5	2.75772	-4.07564	-4.11463
65	25	15	2.58543	-3.84633	-3.86406
65	25	25	2.59179	-4.70702	-4.72881
65	25	35	2.62238	-4.91738	-4.97323
65	25	45	2.71618	-5.10216	-5.26067
65	25	55	2.59594	-4.60569	-4.64326
65	25	65	2.57366	-3.28925	-3.30806
65	25	75	2.59267	-4.37873	-4.41708
65	25	85	2.77321	-4.44264	-4.54127
65	35	5	2.67526	-4.4471	-4.53138
65	35	15	2.5989	-3.74461	-3.79051
65	35	25	2.58286	-4.63806	-4.66975
65	35	35	2.59453	-4.81118	-4.85457
65	35	45	2.6528	-5.1001	-5.20176
65	35	55	2.57312	-4.102	-4.12408
65	35	65	2.57146	-3.19165	-3.15206
65	35	75	2.61146	-4.78662	-4.84699
65	35	85	2.63235	-4.93418	-5.01529
65	45	5	2.76034	-4.55203	-4.68132
65	45	15	2.81554	-3.78361	-3.64808
65	45	25	2.95518	-4.41402	-4.13814
65	45	35	2.87195	-5.20365	-4.92453
65	45	45	2.99267	-5.41522	-5.21686
65	45	55	2.75347	-4.68193	-4.52437
65	45	65	2.57269	-3.70564	-3.6865
65	45	75	2.69266	-4.83975	-4.98139
65	45	85	3.01385	-5.09367	-5.53649
65	55	5	3.24353	-5.18196	-4.83125
65	55	15	3.64766	-4.91753	-3.99652
65	55	25	4.24673	-5.04348	-3.47279
65	55	35	4.56466	-6.20199	-4.23083
65	55	45	4.61944	-7.10534	-5.15776
65	55	55	3.69466	-6.08458	-5.0234
65	55	65	3.37351	-5.45323	-4.63412
65	55	75	3.17308	-5.53486	-5.23452
65	55	85	3.43426	-5.40751	-5.60995
65	65	5	3.0309	-4.76317	-5.07714
65	65	15	2.77924	-3.69266	-3.69232
65	65	25	2.95561	-3.07431	-2.83169
65	65	35	3.0982	-4.16596	-3.66043
65	65	45	3.22795	-5.69253	-5.17721
65	65	55	2.93793	-5.36552	-4.9852
65	65	65	2.61973	-4.88962	-4.82232
65	65	75	2.83505	-5.08226	-5.31828
65	65	85	3.5235	-5.10629	-6.0651
65	75	5	3.01314	-5.00634	-5.37953
65	75	15	2.61329	-3.44708	-3.45596
65	75	25	2.62126	-2.61694	-2.59256
65	75	35	2.89307	-3.76044	-3.62082
65	75	45	2.95126	-5.34888	-5.23186
65	75	55	2.70612	-5.17146	-5.02768
65	75	65	2.59342	-5.00339	-4.96229
65	75	75	2.69158	-5.02056	-5.12001
65	75	85	3.31436	-5.06331	-5.78397
65	85	5	3.24912	-4.18247	-4.798
65	85	15	2.60458	-2.78217	-2.87226
65	85	25	2.4215	-2.85681	-2.89213
65	85	35	2.58606	-4.40841	-4.41982
65	85	45	2.69749	-5.13387	-5.18986
65	85	55	2.55879	-5.08333	-5.08845
65	85	65	2.63117	-4.60171	-4.52172
65	85	75	2.6911	-4.35932	-4.41925
65	85	85	3.83388	-4.52089	-5.44043
75	5	5	3.54308	-4.08764	-4.27799
75	5	15	2.93968	-3.82651	-3.7278
75	5	25	2.8947	-3.56046	-3.53924
75	5	35	2.83398	-5.04193	-4.8822
75	5	45	2.49349	-5.088	-5.36993
75	5	55	2.29509	-5.04181	-5.0058
75	5	65	2.65149	-4.34209	-4.24166
75	5	75	2.7923	-3.7917	-3.67044
75	5	85	3.65394	-4.0285	-4.60719
75	15	5	3.00347	-4.14423	-4.41898
75	15	15	2.86731	-3.34301	-3.27351
75	15	25	3.17314	-4.14999	-3.93754
75	15	35	3.05191	-5.18921	-4.74113
75	15	45	2.96234	-5.48609	-5.12215
75	15	55	2.70911	-5.14804	-4.9824
75	15	65	2.72905	-3.84165	-3.65806
75	15	75	2.65228	-4.59048	-4.48925
75	15	85	3.01463	-4.29922	-4.59721
75	25	5	2.69874	-4.60597	-4.74228
75	25	15	2.7619	-3.23656	-3.42985
75	25	25	2.93229	-4.09358	-4.37552
75	25	35	2.66937	-4.65505	-4.76555
75	25	45	2.59734	-5.08212	-5.1225
75	25	55	2.5547	-4.84448	-4.84244
75	25	65	2.55209	-3.63564	-3.63606
75	25	75	2.57171	-4.74195	-4.76115
75	25	85	2.75344	-4.9336	-5.1328
75	35	5	2.85443	-4.70775	-5.0109
75	35	15	3.1158	-3.16049	-3.72396
75	35	25	2.73257	-4.41787	-4.5972
75	35	35	2.64382	-4.81498	-4.90572
75	35	45	2.61484	-5.0995	-5.16071
75	35	55	2.59309	-4.26241	-4.30402
75	35	65	2.55188	-3.55246	-3.55247
75	35	75	2.59147	-4.98578	-4.98616
75	35	85	2.6931	-5.06761	-5.20955
75	45	5	2.91549	-4.71869	-5.04314
75	45	15	3.23965	-3.34902	-3.8367
75	45	25	3.16479	-4.01615	-3.74737
75	45	35	3.29727	-5.23281	-4.65896
75	45	45	3.23561	-5.67627	-5.22076
75	45	55	2.97228	-4.48203	-4.10324
75	45	65	2.71188	-3.96244	-3.84252
75	45	75	2.65189	-5.02304	-5.04389
75	45	85	2.81424	-5.13574	-5.27894
75	55	5	3.11757	-5.06313	-4.94637
75	55	15	3.90573	-4.57794	-3.63725
75	55	25	4.31042	-4.46576	-2.79698
75	55	35	4.81352	-5.7419	-3.64356
75	55	45	4.99066	-7.37567	-5.18011
75	55	55	4.4203	-5.52792	-3.78557
75	55	65	3.81358	-5.25085	-4.15179
75	55	75	3.0927	-5.31411	-5.05498
75	55	85	3.21667	-5.27721	-5.54202
75	65	5	3.00903	-4.32844	-4.65225
75	65	15	2.89948	-3.3364	-3.23845
75	65	25	2.94758	-3.05266	-2.78025
75	65	35	2.93721	-3.53358	-3.18902
75	65	45	3.63406	-5.88562	-4.9458
75	65	55	3.56726	-4.1336	-3.28654
75	65	65	3.06613	-3.99166	-3.56272
75	65	75	2.78047	-4.90026	-4.9545
75	65	85	3.12389	-5.12912	-5.64669
75	75	5	3.33098	-4.80504	-5.4189
75	75	15	2.66465	-3.21799	-3.20286
75	75	25	2.67898	-2.75828	-2.71281
75	75	35	2.97024	-3.27383	-2.93542
75	75	45	3.30647	-5.40345	-4.97759
75	75	55	2.84802	-4.18391	-3.95694
75	75	65	2.6184	-3.88583	-3.82122
75	75	75	2.8365	-5.03979	-5.31857
75	75	85	3.40123	-5.10492	-5.94762
75	85	5	3.37058	-4.10153	-4.8397
75	85	15	2.79845	-3.12026	-3.16565
75	85	25	2.83466	-3.13242	-2.97044
75	85	35	2.79935	-3.66052	-3.553
75	85	45	2.87969	-4.99626	-5.23319
75	85	55	2.62633	-4.70461	-4.71431
75	85	65	2.59176	-5.00096	-4.96106
75	85	75	2.73172	-4.79988	-4.81928
75	85	85	3.55523	-4.70139	-5.46283
85	5	5	3.01212	-3.17225	-3.35205
85	5	15	3.03487	-3.94351	-3.54278
85	5	25	3.2161	-3.74503	-3.12081
85	5	35	3.5553	-5.50246	-4.77821
85	5	45	3.90043	-5.79405	-5.69506
85	5	55	2.94351	-5.40065	-5.02986
85	5	65	2.85724	-5.05686	-4.75584
85	5	75	2.89284	-4.7597	-4.70053
85	5	85	3.55643	-4.91657	-5.79761
85	15	5	2.8803	-3.99575	-4.16419
85	15	15	2.89769	-2.91898	-2.69515
85	15	25	3.07159	-3.21136	-2.85251
85	15	35	3.15431	-4.79085	-4.42755
85	15	45	2.94873	-5.2525	-5.25801
85	15	55	2.70038	-4.96946	-4.82179
85	15	65	2.69444	-4.6225	-4.4802
85	15	75	2.61229	-5.04566	-5.06528
85	15	85	3.15185	-4.77263	-5.29262
85	25	5	2.72429	-4.80797	-4.97396
85	25	15	2.7993	-3.28756	-3.52293
85	25	25	2.90406	-2.99564	-3.28341
85	25	35	2.79098	-3.85019	-3.97907
85	25	45	2.62359	-4.72562	-4.69553
85	25	55	2.63754	-4.86728	-4.82318
85	25	65	2.57355	-3.96128	-3.94052
85	25	75	2.61228	-4.99436	-5.0132
85	25	85	2.73266	-5.05141	-5.2298
85	35	5	2.65568	-5.07924	-5.1827
85	35	15	3.13146	-3.41228	-3.99218
85	35	25	3.29653	-3.38884	-4.08578
85	35	35	2.78238	-4.24463	-4.34849
85	35	45	2.59477	-4.93551	-4.97428
85	35	55	2.59434	-4.06405	-4.10404
85	35	65	2.55278	-3.45813	-3.4573
85	35	75	2.61157	-4.93285	-4.95311
85	35	85	2.65233	-5.09531	-5.19564
85	45	5	2.77802	-4.94216	-5.12754
85	45	15	3.6557	-3.41674	-4.35623
85	45	25	3.52459	-3.62834	-3.83162
85	45	35	3.38126	-4.17292	-3.59399
85	45	45	3.67396	-5.93718	-5.01832
85	45	55	3.45276	-4.48201	-3.62366
85	45	65	2.87271	-3.86606	-3.58611
85	45	75	2.69198	-4.73147	-4.79157
85	45	85	2.73555	-5.11976	-5.2634
85	55	5	3.34111	-5.26399	-5.28913
85	55	15	3.53105	-4.04907	-4.3189
85	55	25	4.021	-3.94515	-3.09477
85	55	35	4.50201	-5.03556	-3.53842
85	55	45	4.88157	-7.00029	-4.79317
85	55	55	4.64562	-5.11273	-3.06492
85	55	65	4.17639	-4.56408	-3.02456
85	55	75	3.31289	-4.95768	-4.51707
85	55	85	3.15448	-5.48011	-5.32267
85	65	5	3.08929	-4.66946	-4.83188
85	65	15	2.96924	-3.44703	-3.56005
85	65	25	2.87424	-3.22768	-3.11275
85	65	35	2.98891	-4.45082	-4.21714
85	65	45	3.65518	-5.3721	-4.59452
85	65	55	4.17117	-4.25381	-2.80866
85	65	65	3.71362	-3.79343	-2.75805
85	65	75	3.12226	-4.11115	-4.06289
85	65	85	2.96375	-5.26611	-5.34316
85	75	5	2.88294	-4.47136	-4.66462
85	75	15	2.68953	-3.17993	-3.24902
85	75	25	2.64261	-3.05335	-3.04276
85	75	35	2.77185	-3.27478	-3.21478
85	75	45	3.17694	-4.15965	-3.993
85	75	55	2.99897	-3.1905	-3.05121
85	75	65	2.78324	-3.08428	-3.03601
85	75	75	2.83816	-4.29654	-4.53138
85	75	85	3.12846	-5.12842	-5.64153
85	85	5	3.1192	-4.66763	-5.0246
85	85	15	2.65565	-3.2571	-3.27641
85	85	25	2.75533	-3.10733	-2.94312
85	85	35	2.91385	-3.17624	-3.29345
85	85	45	3.36904	-3.70509	-4.38872
85	85	55	2.63329	-3.29952	-3.33526
85	85	65	2.65919	-4.32023	-4.42482
85	85	75	2.89626	-4.959	-5.25903
85	85	85	3.45981	-5.04391	-5.82634
