5	5	5	-0.368872	0.0633479	-0.12728
5	5	15	0.144523	-0.160394	3.93656
5	5	25	0.0572198	0.218728	0.0588131
5	5	35	0.680516	-0.28116	-4.30492
5	5	45	-0.538495	-0.659104	-4.44649
5	5	55	-0.66712	-0.619208	4.19847
5	5	65	-0.318852	-0.48356	3.29217
5	5	75	-0.146155	-0.198903	-0.397348
5	5	85	-0.282072	0.181235	-3.2031
5	15	5	-0.436723	-7.01173	0.141688
5	15	15	-0.511305	-3.34193	2.60476
5	15	25	-0.458797	-0.135338	-0.27744
5	15	35	0.145255	1.08603	-2.71526
5	15	45	-0.471992	1.93487	-3.3043
5	15	55	-1.2991	1.35447	4.4985
5	15	65	-0.540802	0.328307	2.70643
5	15	75	-0.244129	-0.204379	0.0912766
5	15	85	-0.655625	-3.928	-2.11381
5	25	5	0.0609568	-7.06792	-1.03759
5	25	15	-0.0625842	-3.45423	1.87244
5	25	25	-0.228837	-0.202459	0.198163
5	25	35	-0.165787	1.20813	-1.4782
5	25	45	-0.332401	4.21418	-1.99826
5	25	55	-0.211936	4.89311	3.09359
5	25	65	-0.18818	1.21172	1.39404
5	25	75	-0.0399997	-1.08729	-0.898837
5	25	85	0.585666	-3.6869	-2.49997
5	35	5	0.961209	-2.9342	-0.756421
5	35	15	-0.429912	-2.38382	4.13964
5	35	25	0.0542565	-1.00309	1.99379
5	35	35	-0.225383	1.18409	-0.198738
5	35	45	0.309393	4.85429	-1.90812
5	35	55	-0.0694763	6.0307	1.84754
5	35	65	-0.298755	1.65938	1.04519
5	35	75	0.252795	-1.46159	-2.16821
5	35	85	0.191301	-2.00109	-3.66745
5	45	5	1.24436	1.11855	0.0975616
5	45	15	0.430871	0.200516	5.8809
5	45	25	-0.536472	-0.84136	2.29263
5	45	35	0.0139066	0.829066	-1.33729
5	45	45	0.970361	4.05936	-2.09354
5	45	55	0.686496	4.08603	2.3207
5	45	65	0.224065	1.10474	1.86241
5	45	75	0.776412	-0.525345	-2.53255
5	45	85	0.800451	-1.55585	-5.69803
5	55	5	0.777855	-0.00856311	0.432891
5	55	15	-0.226372	0.629461	5.21136
5	55	25	0.135662	1.04414	2.59295
5	55	35	-0.157617	-0.327549	-1.49415
5	55	45	0.690344	-2.82781	-2.12935
5	55	55	0.448015	-3.34924	2.27999
5	55	65	0.166043	-0.398773	1.34446
5	55	75	0.584408	0.546497	-2.23617
5	55	85	0.25616	0.819853	-5.70529
5	65	5	0.239528	2.49581	-0.152659
5	65	15	-0.343575	2.02515	3.97504
5	65	25	0.0602303	1.39874	1.50949
5	65	35	-0.0183629	-1.49466	-0.747048
5	65	45	-0.266905	-5.45903	-2.27761
5	65	55	0.510135	-4.92541	2.07681
5	65	65	-0.0610292	-1.41574	0.994839
5	65	75	0.0393586	1.14989	-1.83461
5	65	85	0.353505	2.65964	-4.1278
5	75	5	0.423306	6.78976	-0.321136
5	75	15	0.466568	3.26474	2.1172
5	75	25	0.488786	0.514332	0.0813924
5	75	35	0.0236203	-1.25923	-1.41115
5	75	45	-0.251104	-4.66782	-3.04382
5	75	55	0.662153	-4.42674	2.90488
5	75	65	0.281667	-1.49628	1.62018
5	75	75	0.165697	0.668121	-0.573244
5	75	85	0.122889	3.51056	-2.4224
5	85	5	0.391672	6.34541	-0.0189698
5	85	15	0.0269763	3.2556	2.05681
5	85	25	0.202843	0.11107	-0.374918
5	85	35	0.241217	-1.48744	-3.5313
5	85	45	0.377624	-2.43411	-3.05734
5	85	55	-0.420545	-2.04173	4.54762
5	85	65	-0.0993934	-1.3636	2.65043
5	85	75	-0.0784516	0.300431	-0.0239433
5	85	85	0.691183	3.53884	-1.95641
15	5	5	2.87479	0.253386	-0.349744
15	5	15	2.6947	0.0962928	2.25797
15	5	25	0.72124	0.262481	0.508778
15	5	35	-1.88633	-0.039728	-1.76573
15	5	45	-6.87144	0.298327	-1.28859
15	5	55	-6.86874	-0.129633	1.70933
15	5	65	-2.14168	-0.0844734	1.9924
15	5	75	0.638419	-0.0240091	-0.2512
15	5	85	2.8681	0.263968	-2.9289
15	15	5	-1.33944	-5.85149	0.226899
15	15	15	0.750699	-2.12949	1.55147
15	15	25	0.565089	-0.285672	0.247034
15	15	35	-0.853551	0.00185387	-0.720331
15	15	45	-5.63924	-1.22161	-0.298413
15	15	55	-5.84675	-1.1823	1.67055
15	15	65	-0.664391	-0.0422514	0.879798
15	15	75	0.883063	-0.671097	-0.435626
15	15	85	0.891671	-2.76726	-1.47876
15	25	5	-3.17837	-3.77703	-0.443171
15	25	15	-0.297874	-1.61387	0.26435
15	25	25	0.302636	-0.221936	0.0771353
15	25	35	0.147026	0.115781	-0.556466
15	25	45	-2.9336	0.893884	-0.160957
15	25	55	-3.43673	0.380512	0.267736
15	25	65	0.300777	0.239874	0.292465
15	25	75	0.562435	-0.588963	-0.431384
15	25	85	0.119199	-1.62544	-0.292394
15	35	5	-5.96494	0.961446	-0.733391
15	35	15	-1.28213	0.393874	0.622071
15	35	25	0.271015	-0.346529	0.626489
15	35	35	0.34322	0.765111	0.255277
15	35	45	-0.335135	3.51298	-0.635154
15	35	55	-1.24809	3.5063	0.134054
15	35	65	0.637044	0.705464	-0.00384055
15	35	75	0.173722	-0.423584	-0.903632
15	35	85	-1.49417	-0.000470054	-0.76364
15	45	5	-7.29784	1.58048	0.126686
15	45	15	-3.51502	0.498175	2.64313
15	45	25	-0.814371	-0.0682503	1.39227
15	45	35	0.866699	0.588832	-0.814841
15	45	45	1.75772	2.67537	-2.412
15	45	55	1.94598	3.71208	2.05248
15	45	65	1.49086	1.21081	1.42902
15	45	75	-0.548292	-0.000982157	-1.21018
15	45	85	-3.67427	-0.0606641	-2.69422
15	55	5	-6.45667	-1.80728	-0.199908
15	55	15	-2.8697	-0.738463	1.59396
15	55	25	-0.714565	0.403935	0.993782
15	55	35	1.08911	-0.544639	-0.850699
15	55	45	2.33941	-3.63155	-2.11167
15	55	55	2.15814	-2.72623	1.57718
15	55	65	1.28801	-0.404669	0.668664
15	55	75	-0.232168	0.504197	-1.43496
15	55	85	-3.25228	-1.21902	-2.70067
15	65	5	-6.34909	-0.791778	-0.96488
15	65	15	-2.07898	-0.509842	0.575972
15	65	25	0.319576	-0.0516616	0.410509
15	65	35	0.41103	-0.886615	0.0489971
15	65	45	-1.0902	-4.36184	-0.637311
15	65	55	-0.73786	-3.66537	1.15468
15	65	65	0.498639	-0.75442	0.377934
15	65	75	0.477749	0.388748	-0.764074
15	65	85	-1.83883	-0.322301	-1.46811
15	75	5	-3.89572	3.59781	-0.354985
15	75	15	-0.759447	1.42902	0.250336
15	75	25	0.47423	0.0848275	0.0126555
15	75	35	0.430184	-0.587115	-0.318401
15	75	45	-3.20556	-1.51787	-0.576895
15	75	55	-3.59817	-1.36092	0.887201
15	75	65	0.579818	-0.250299	0.463323
15	75	75	0.785668	0.181685	-0.252823
15	75	85	-0.0935262	1.46641	-0.596484
15	85	5	-1.2478	5.16871	-0.452036
15	85	15	0.874007	2.43147	0.985779
15	85	25	0.80885	0.503834	-0.0951268
15	85	35	-0.28636	0.202755	-0.933815
15	85	45	-4.89574	0.894053	-0.541268
15	85	55	-5.35997	0.939468	0.971902
15	85	65	-0.289439	-0.0190914	1.1487
15	85	75	0.388212	0.330191	-0.388725
15	85	85	0.835082	2.4679	-1.31619
25	5	5	6.45473	1.51173	-1.11656
25	5	15	4.03752	0.523735	1.40577
25	5	25	0.639221	0.366873	0.598988
25	5	35	-2.16999	0.353682	-0.928799
25	5	45	-5.73908	0.446383	-0.174491
25	5	55	-5.36085	0.853135	1.42154
25	5	65	-2.02156	-0.242969	0.996433
25	5	75	1.48775	-0.319656	-1.20651
25	5	85	4.30989	0.508388	-2.57706
25	15	5	1.51526	-4.31257	0.219715
25	15	15	1.81752	-1.58336	0.306031
25	15	25	0.486359	-0.271606	0.190103
25	15	35	-1.09723	-0.391519	-0.196843
25	15	45	-3.52583	-3.39339	1.12602
25	15	55	-3.36566	-2.91844	1.01769
25	15	65	-0.817317	-0.775196	0.0558644
25	15	75	0.687552	-0.553291	-0.293726
25	15	85	1.81495	-1.27135	0.0308914
25	25	5	-0.84743	-1.59221	0.049231
25	25	15	-0.0334097	-0.49188	-0.11243
25	25	25	0.426563	-0.163921	0.0597542
25	25	35	-0.125495	-0.226862	0.152556
25	25	45	-1.71177	-0.798972	0.0694936
25	25	55	-1.17376	-0.922197	0.177076
25	25	65	0.100077	-0.00428206	-0.446136
25	25	75	0.372998	0.0576369	0.109098
25	25	85	0.278113	-0.454243	0.294967
25	35	5	-3.09331	3.9772	-0.147701
25	35	15	-1.47227	1.2667	-0.213382
25	35	25	-0.190591	0.351516	-0.00407419
25	35	35	0.190305	0.537623	0.17082
25	35	45	0.197088	3.42947	0.24298
25	35	55	0.0681608	3.50942	-0.22085
25	35	65	0.289644	0.454023	0.00697004
25	35	75	-0.226305	0.226211	0.18228
25	35	85	-0.660979	1.07405	0.486468
25	45	5	-5.39258	2.6158	0.199448
25	45	15	-3.76677	1.29427	1.8243
25	45	25	-0.750806	-0.0153933	0.544395
25	45	35	0.914235	0.612119	-0.855733
25	45	45	3.56651	2.23889	-0.897963
25	45	55	4.17334	2.48152	0.771457
25	45	65	1.4712	0.848575	0.627468
25	45	75	-0.63571	-0.0367827	-0.404514
25	45	85	-3.0619	0.866519	-1.16416
25	55	5	-5.40065	-2.90658	-0.0873293
25	55	15	-3.07741	-0.989913	1.08532
25	55	25	-0.711876	0.0823545	0.545139
25	55	35	1.67562	-0.402156	-0.756157
25	55	45	4.97226	-2.7769	-0.968961
25	55	55	4.78425	-2.82968	0.0388596
25	55	65	1.71287	-0.58579	0.811488
25	55	75	-0.58767	0.0153503	-0.425757
25	55	85	-2.92728	-1.40067	-1.31585
25	65	5	-2.99813	-3.35102	-0.77039
25	65	15	-1.47216	-1.77812	-0.629635
25	65	25	0.0540651	-0.453056	-0.0308042
25	65	35	0.631779	-0.938112	0.551926
25	65	45	1.56933	-3.53981	-0.625338
25	65	55	1.66742	-3.0405	-0.89505
25	65	65	0.429979	-0.411628	-0.097563
25	65	75	-0.022751	-0.548352	-0.0123511
25	65	85	-0.857734	-1.24209	-0.0155938
25	75	5	-1.70652	0.862318	-1.00219
25	75	15	-0.362171	0.0559229	-0.492478
25	75	25	0.0751257	-0.126695	-0.0977967
25	75	35	0.20233	0.14921	0.317496
25	75	45	-0.0019312	0.609954	-0.694974
25	75	55	-0.475815	1.02225	-0.117042
25	75	65	0.150102	0.2476	-0.339259
25	75	75	0.110556	-0.0583815	0.174598
25	75	85	0.379957	0.350276	-0.139827
25	85	5	1.61887	4.31005	-0.761739
25	85	15	1.00362	1.84066	-0.755679
25	85	25	-0.078685	0.85927	0.0644164
25	85	35	-0.665371	0.976698	0.243428
25	85	45	-2.80162	2.2961	-0.767192
25	85	55	-3.07318	3.02824	-0.141043
25	85	65	-0.12506	0.908898	0.304857
25	85	75	0.651233	0.22721	-0.234921
25	85	85	1.6354	1.80831	-0.785207
35	5	5	8.04114	0.71817	-1.25925
35	5	15	4.43263	0.288914	1.5144
35	5	25	0.591813	0.348429	0.486619
35	5	35	-1.67217	0.230848	-1.24088
35	5	45	-3.84826	0.274815	-1.07653
35	5	55	-4.05749	0.688905	1.87909
35	5	65	-1.59126	-0.160058	0.977721
35	5	75	1.33847	-0.0346395	-0.727824
35	5	85	4.54553	0.0906539	-2.33304
35	15	5	6.18484	-3.04213	-0.541073
35	15	15	2.54333	-1.15098	0.1768
35	15	25	0.487302	-0.039834	0.175855
35	15	35	-0.952895	-0.386533	-0.341392
35	15	45	-0.978443	-3.35996	0.400818
35	15	55	-0.434469	-3.69871	1.33028
35	15	65	-0.818617	-0.674924	0.20046
35	15	75	0.309331	-0.1261	-0.46162
35	15	85	2.13902	-0.848817	-0.0748702
35	25	5	3.46815	-0.296148	0.196528
35	25	15	0.187919	-0.0245626	-0.343679
35	25	25	0.0365547	0.136625	-0.169586
35	25	35	-0.236655	-0.252941	0.138361
35	25	45	1.31155	-1.06317	0.0984469
35	25	55	1.9657	-1.25048	0.469941
35	25	65	-0.244315	-0.174129	0.0807701
35	25	75	-0.119039	-0.0599871	-0.0481079
35	25	85	0.795059	-0.134932	0.136077
35	35	5	1.54527	4.71728	0.340248
35	35	15	-0.639816	1.6707	0.32398
35	35	25	-0.347321	0.483942	0.0275872
35	35	35	-0.00833153	0.508661	0.183929
35	35	45	3.41004	2.07412	-0.360988
35	35	55	3.39985	2.04333	0.0401661
35	35	65	0.167563	0.449998	-0.18632
35	35	75	-0.167421	0.674667	0.209644
35	35	85	-0.217423	1.89825	-0.00556897
35	45	5	-2.33763	3.10269	0.00560703
35	45	15	-2.3528	1.58895	1.66547
35	45	25	-0.842235	-0.0806325	0.534655
35	45	35	1.73985	0.182043	-1.40428
35	45	45	5.45783	2.23942	-1.14148
35	45	55	5.54034	1.59343	0.885194
35	45	65	1.12617	-0.17591	0.604665
35	45	75	-0.769352	-0.0950647	-0.721454
35	45	85	-2.71672	1.85609	-1.83085
35	55	5	-2.03197	-2.84733	-0.031171
35	55	15	-1.88691	-1.70254	1.10393
35	55	25	-0.425015	-0.000913801	0.199673
35	55	35	2.08057	-0.142073	-1.64586
35	55	45	6.21346	-1.89629	-2.0002
35	55	55	5.8675	-1.16783	0.631411
35	55	65	0.914438	-0.182438	0.597332
35	55	75	-0.569823	-0.242631	-0.582648
35	55	85	-2.03902	-2.02776	-1.34064
35	65	5	1.96325	-4.22001	-0.411563
35	65	15	-0.431496	-1.78734	-0.123333
35	65	25	-0.383075	-0.542614	0.025622
35	65	35	0.43461	-0.276524	-0.105929
35	65	45	5.09135	-2.14481	-0.601326
35	65	55	3.44938	-1.53819	-0.415607
35	65	65	0.265295	-0.106911	-0.286378
35	65	75	-0.302584	-0.494625	-0.0452663
35	65	85	-0.1268	-1.731	0.161153
35	75	5	3.88749	-0.477376	-1.11847
35	75	15	0.473896	-0.0793594	-0.579033
35	75	25	-0.317917	0.241906	-0.455943
35	75	35	0.0760999	0.492308	-0.710973
35	75	45	2.95296	2.0439	-1.22771
35	75	55	1.76755	2.57727	-0.133523
35	75	65	0.0201891	0.0252223	-0.152967
35	75	75	0.130174	-0.0593829	-0.254794
35	75	85	1.27814	-0.122003	0.168475
35	85	5	5.98758	3.06359	-0.820593
35	85	15	1.3596	1.1945	-0.373858
35	85	25	-0.0691345	0.378126	0.230861
35	85	35	-0.745727	1.21935	-0.88604
35	85	45	0.0793552	3.6227	-1.00412
35	85	55	-1.17961	4.32478	0.482237
35	85	65	-0.41064	0.699151	-0.0704531
35	85	75	0.366601	0.20829	-0.175709
35	85	85	2.51267	0.883628	-0.362208
45	5	5	6.3261	0.596457	-0.924466
45	5	15	2.79406	-0.343559	3.15749
45	5	25	0.00800316	-0.0143853	1.54813
45	5	35	-1.20179	0.524808	-1.59031
45	5	45	-1.32482	0.228829	-1.98473
45	5	55	-0.793528	0.497785	2.33415
45	5	65	-0.639339	-0.0899093	2.11772
45	5	75	0.529708	0.16077	-1.73574
45	5	85	3.05281	0.385246	-4.95694
45	15	5	6.58534	-0.656403	0.0852787
45	15	15	2.23308	0.562559	2.71227
45	15	25	0.00635894	0.604724	0.950012
45	15	35	-0.399916	-1.21306	-0.706563
45	15	45	0.0639909	-4.30113	-1.54472
45	15	55	1.15766	-4.5789	2.24303
45	15	65	0.078058	-1.49089	0.897548
45	15	75	0.628722	0.945089	-1.97058
45	15	85	2.27041	0.674492	-2.83043
45	25	5	3.66551	3.72163	-0.348088
45	25	15	0.436055	1.86039	1.4446
45	25	25	-0.434224	0.780536	0.696786
45	25	35	0.0954048	-1.4088	-1.42206
45	25	45	2.56213	-4.73243	-1.42118
45	25	55	2.40095	-4.12287	1.58468
45	25	65	-0.265035	-1.19702	1.28306
45	25	75	-0.722897	0.058843	-0.382698
45	25	85	0.28506	1.72906	-1.32949
45	35	5	2.13412	6.40363	-0.136943
45	35	15	-0.0328648	3.14776	1.50467
45	35	25	-0.0807061	-0.195388	-0.49761
45	35	35	0.46766	-0.812683	-2.23949
45	35	45	3.33927	-0.90257	-2.31966
45	35	55	4.04824	-1.34277	2.25132
45	35	65	-0.019513	-0.693019	1.72686
45	35	75	-0.0827666	0.119839	0.450514
45	35	85	-0.41738	2.75725	-1.55435
45	45	5	-0.276142	3.84844	-0.346119
45	45	15	-0.940492	2.7046	2.41783
45	45	25	-0.202103	0.0618615	-0.185841
45	45	35	1.28939	-0.0286145	-3.57648
45	45	45	4.44403	0.454441	-3.37638
45	45	55	4.20322	0.779786	2.64638
45	45	65	0.87017	-0.401091	3.47767
45	45	75	-0.53934	-0.380547	0.0429836
45	45	85	-1.13155	1.99365	-2.26701
45	55	5	-0.424416	-3.30975	0.512792
45	55	15	-1.61957	-1.98695	2.17693
45	55	25	-0.419293	0.0829825	0.314138
45	55	35	1.71099	0.407073	-2.91413
45	55	45	4.33444	-0.616912	-3.98046
45	55	55	4.59732	-0.98408	3.30166
45	55	65	1.10729	0.261019	2.99244
45	55	75	-0.362894	-0.0250291	0.283872
45	55	85	-0.758318	-2.12226	-1.88073
45	65	5	1.36047	-5.11315	0.638594
45	65	15	-0.883479	-2.44319	1.24751
45	65	25	-0.663777	0.103852	-0.292609
45	65	35	0.340418	1.05218	-2.16865
45	65	45	4.26822	2.44574	-3.17337
45	65	55	3.11013	2.11977	1.89938
45	65	65	-0.194038	0.52558	1.58055
45	65	75	-0.202023	-0.293482	0.0910641
45	65	85	0.149905	-2.5783	-0.991191
45	75	5	3.37982	-3.2226	-0.307567
45	75	15	0.0501583	-1.23292	1.63381
45	75	25	-0.60534	-0.412547	0.34675
45	75	35	-0.38247	1.54221	-1.40525
45	75	45	2.4293	4.63325	-1.1693
45	75	55	2.33501	4.75223	1.84872
45	75	65	0.298654	1.54035	1.51241
45	75	75	-0.282752	-0.103374	-0.55847
45	75	85	0.898915	-1.71119	-1.69914
45	85	5	5.48864	0.663027	-0.624711
45	85	15	1.50535	-0.591055	2.47396
45	85	25	-0.500979	-0.117854	0.96207
45	85	35	-0.830113	1.8011	-1.71694
45	85	45	0.921064	5.50524	-1.36432
45	85	55	0.809141	5.18886	1.60959
45	85	65	-0.708755	1.29399	0.990064
45	85	75	0.229999	-0.521407	-1.45176
45	85	85	2.15205	-0.615002	-2.88597
55	5	5	-5.90619	0.079984	-0.366841
55	5	15	-2.51193	0.12312	4.07966
55	5	25	-0.143732	0.261569	1.24543
55	5	35	0.557753	0.102469	-1.99637
55	5	45	0.5012	-0.246112	-2.81936
55	5	55	1.36362	0.353609	2.35458
55	5	65	1.20143	-0.0696536	2.43933
55	5	75	-0.347253	0.175965	-1.29549
55	5	85	-2.55069	0.0552631	-4.12587
55	15	5	-5.52378	0.568465	-0.505279
55	15	15	-1.32403	0.99778	3.29367
55	15	25	0.0587173	0.556972	1.06682
55	15	35	1.13023	-1.27551	-1.09463
55	15	45	-0.991552	-5.12731	-1.56477
55	15	55	-0.784644	-5.12917	2.16053
55	15	65	1.17575	-1.83554	1.15544
55	15	75	0.182069	0.397813	-1.34582
55	15	85	-2.27191	0.383517	-2.65681
55	25	5	-3.74562	3.43295	-0.0759144
55	25	15	-0.0861153	1.74918	1.73752
55	25	25	0.43241	0.254774	0.441616
55	25	35	1.32721	-1.47846	-1.11045
55	25	45	-1.9481	-4.88683	-1.82398
55	25	55	-2.15163	-4.6689	1.39613
55	25	65	0.29388	-1.49357	1.51518
55	25	75	0.689395	0.231315	-0.193699
55	25	85	-0.694322	1.74006	-1.69784
55	35	5	-1.84723	5.03179	-0.184141
55	35	15	0.13354	2.4488	1.09828
55	35	25	0.401558	0.0156835	-0.375003
55	35	35	0.479971	-0.651229	-1.70114
55	35	45	-3.78699	-2.08979	-2.14262
55	35	55	-4.26973	-2.28851	2.28433
55	35	65	-0.103619	-0.852629	1.88307
55	35	75	0.461974	0.160535	-0.125551
55	35	85	0.089916	2.51466	-1.20854
55	45	5	-0.0372731	3.34533	0.401559
55	45	15	1.03747	2.25809	2.46723
55	45	25	0.0336965	-0.0924765	0.124622
55	45	35	-0.668991	-0.325877	-2.44848
55	45	45	-4.61644	0.824071	-2.75202
55	45	55	-4.75805	0.528903	2.6963
55	45	65	-0.873377	-0.402311	3.3168
55	45	75	0.0528779	-0.278549	-0.155365
55	45	85	0.592863	1.09485	-1.46936
55	55	5	-1.09923	-3.56014	-0.119585
55	55	15	0.370204	-1.32685	2.28843
55	55	25	-0.144397	-0.0158426	0.2526
55	55	35	-0.888634	-0.0166135	-2.75518
55	55	45	-5.03656	-0.336882	-3.40115
55	55	55	-4.53616	-0.0115353	2.37523
55	55	65	-0.795265	-0.111885	2.83717
55	55	75	0.0944213	-0.217898	0.0306316
55	55	85	0.37081	-1.8487	-1.62898
55	65	5	-2.40078	-5.62943	0.835561
55	65	15	-0.388142	-2.23511	1.18149
55	65	25	0.280099	-0.115234	-0.20916
55	65	35	-0.247295	0.82059	-1.90149
55	65	45	-4.1606	1.34738	-2.1555
55	65	55	-3.58709	0.826688	2.10767
55	65	65	-0.330504	0.922387	1.90194
55	65	75	-0.0206282	-0.446878	-0.4105
55	65	85	-0.631178	-2.82329	-1.03221
55	75	5	-4.26595	-4.08151	1.0172
55	75	15	-1.00861	-1.90106	1.69471
55	75	25	0.420116	-0.317958	0.435495
55	75	35	0.378618	1.71927	-1.49397
55	75	45	-1.8374	4.30059	-1.94814
55	75	55	-1.7271	4.36396	1.49055
55	75	65	0.503037	1.44043	0.999669
55	75	75	0.802501	-0.384351	-0.40269
55	75	85	-0.8855	-2.2135	-1.59202
55	85	5	-5.80957	-0.982618	0.763246
55	85	15	-1.69231	-0.371694	2.98191
55	85	25	0.21725	-0.376453	1.0878
55	85	35	0.441628	1.17682	-1.31007
55	85	45	-0.407104	4.34887	-2.29411
55	85	55	-0.0451609	4.37283	1.58359
55	85	65	0.585566	1.13162	0.95297
55	85	75	0.0524261	-0.712984	-1.22697
55	85	85	-1.8494	-0.595114	-2.84341
65	5	5	-8.21498	-0.00348114	-0.114646
65	5	15	-4.18799	-0.000217138	1.53077
65	5	25	-1.11471	0.0623617	0.627748
65	5	35	1.97467	-0.213615	-1.41813
65	5	45	4.28435	0.309943	-2.73235
65	5	55	4.15819	-0.268327	1.20566
65	5	65	1.84628	-0.464502	1.39272
65	5	75	-0.507427	-0.0808444	-0.201909
65	5	85	-4.25173	0.204406	-1.80556
65	15	5	-6.66803	-3.01913	0.159608
65	15	15	-1.97053	-0.725131	0.418113
65	15	25	-0.0610765	-0.128879	0.281407
65	15	35	1.37633	-1.0571	-0.426615
65	15	45	0.0119901	-3.80479	-0.99974
65	15	55	0.681663	-2.99333	0.552827
65	15	65	0.643334	-1.08636	0.296651
65	15	75	-0.0405526	-0.321665	0.023705
65	15	85	-1.64369	-1.14423	-0.00672828
65	25	5	-3.03631	-0.0630753	0.68124
65	25	15	-0.406927	-0.131919	0.0560638
65	25	25	0.529552	-0.282002	-0.12808
65	25	35	0.392109	0.00310665	-0.0783998
65	25	45	-2.04003	-2.05337	-0.117777
65	25	55	-2.33902	-2.42644	-0.0311017
65	25	65	0.100595	-0.382254	0.132132
65	25	75	0.0901276	-0.0705925	0.317587
65	25	85	-0.564102	0.318403	0.624371
65	35	5	-1.77965	3.58383	-0.391375
65	35	15	0.316712	1.39517	0.0481933
65	35	25	0.278143	0.28413	0.0885648
65	35	35	-0.295474	0.181341	0.345519
65	35	45	-3.59171	1.56769	-0.0572528
65	35	55	-3.89194	2.06225	-0.345026
65	35	65	-0.375453	0.276654	-0.0606536
65	35	75	0.208064	0.309163	0.312175
65	35	85	0.153987	1.42703	0.14554
65	45	5	2.85464	2.11754	0.266486
65	45	15	2.53876	2.1686	1.53993
65	45	25	0.258053	0.103086	0.397281
65	45	35	-1.87428	-0.0390741	-0.819876
65	45	45	-6.35846	2.05725	-0.378433
65	45	55	-6.08693	2.18779	0.680721
65	45	65	-1.7063	0.443317	0.814531
65	45	75	0.462324	0.242534	-0.29674
65	45	85	1.80738	0.888049	-1.43617
65	55	5	2.51489	-3.17291	-0.20056
65	55	15	2.01828	-1.18229	1.35177
65	55	25	-0.0443315	0.0521836	0.354841
65	55	35	-1.64124	-0.345782	-0.835373
65	55	45	-6.46632	-2.4886	-0.364194
65	55	55	-6.08223	-2.23302	0.502443
65	55	65	-2.0374	0.020296	1.06251
65	55	75	0.440882	-0.229701	-0.419604
65	55	85	1.99241	-1.55692	-1.5705
65	65	5	-1.26851	-4.58307	0.0265349
65	65	15	0.610561	-1.82873	0.0338111
65	65	25	-0.273134	-0.432171	0.0308215
65	65	35	-0.213598	-0.390822	0.125595
65	65	45	-4.72606	-2.82602	0.356186
65	65	55	-3.69689	-2.18187	-0.912114
65	65	65	-0.208856	-0.519895	-0.217568
65	65	75	0.320591	-0.548308	0.108712
65	65	85	-0.162435	-1.39917	-0.0361998
65	75	5	-3.60035	0.24237	0.230261
65	75	15	-0.149217	-0.122181	-0.340889
65	75	25	0.0947582	0.073859	-0.228099
65	75	35	0.365711	0.691356	-0.0178915
65	75	45	-2.02681	1.44742	-0.365142
65	75	55	-2.12226	1.14515	-0.111077
65	75	65	0.185323	0.460352	-0.395085
65	75	75	-0.0470322	0.00684216	-0.13268
65	75	85	-0.813008	-0.055657	0.430826
65	85	5	-5.85364	2.80227	0.0506805
65	85	15	-2.20858	0.739189	0.263007
65	85	25	-0.386615	0.343602	0.305397
65	85	35	0.502437	0.758263	-0.197238
65	85	45	0.612378	3.42775	-0.986494
65	85	55	0.607911	2.97985	0.303615
65	85	65	0.862976	0.357184	0.0178006
65	85	75	-0.0197336	0.448442	-0.0133124
65	85	85	-2.53682	0.754491	0.182554
75	5	5	-6.33989	-0.278374	-0.159529
75	5	15	-4.30785	-0.686472	1.84207
75	5	25	-0.566098	-1.13794e-05	0.700278
75	5	35	2.65561	0.494903	-1.70277
75	5	45	6.71656	1.08185	-2.51702
75	5	55	6.72315	0.123038	0.599638
75	5	65	1.89972	-0.799274	0.97481
75	5	75	-1.007	0.319303	-0.602222
75	5	85	-3.97388	0.0828147	-2.15441
75	15	5	-2.17809	-4.66075	0.363298
75	15	15	-1.94448	-1.83215	0.749763
75	15	25	-0.204126	-0.411642	0.269867
75	15	35	1.24249	-0.470818	-0.560726
75	15	45	4.30136	-2.84708	-0.602477
75	15	55	3.55572	-2.55954	-1.15335
75	15	65	0.957097	-0.765524	-0.153669
75	15	75	-0.221585	-0.227069	0.0899655
75	15	85	-1.55856	-1.65927	-0.0150915
75	25	5	1.22843	-1.79329	0.232082
75	25	15	-0.245861	-0.582912	-0.460455
75	25	25	-0.0927892	-0.264115	-0.375286
75	25	35	0.0258739	0.146564	0.399396
75	25	45	1.64591	-0.282171	-0.232213
75	25	55	1.32119	-0.358709	-0.830156
75	25	65	0.266923	0.0197633	-0.289587
75	25	75	-0.0199207	0.0189214	0.577562
75	25	85	-0.220821	-0.648863	0.491504
75	35	5	3.39242	3.68614	-0.949659
75	35	15	1.11389	1.05807	-0.575793
75	35	25	-0.179266	0.190546	-0.108051
75	35	35	-0.521689	0.955796	0.354988
75	35	45	-0.875087	3.53813	0.0469617
75	35	55	-0.167414	3.79191	-0.466095
75	35	65	-0.441776	0.831629	-0.47433
75	35	75	-0.112666	0.530754	0.131245
75	35	85	0.668731	1.24579	0.94804
75	45	5	6.22494	2.98163	0.95549
75	45	15	3.44593	1.23048	1.47748
75	45	25	0.444633	0.27975	0.336543
75	45	35	-1.62119	0.491044	-0.407575
75	45	45	-4.34803	2.71523	-1.02717
75	45	55	-4.12513	2.19427	1.08353
75	45	65	-1.72358	0.366587	1.21525
75	45	75	0.83028	-0.193044	-0.837136
75	45	85	3.14401	0.760295	-1.09462
75	55	5	7.06423	-3.36835	-0.420676
75	55	15	3.80326	-0.873131	0.931532
75	55	25	0.828265	-0.36787	0.538449
75	55	35	-2.12394	-1.00165	-1.34818
75	55	45	-4.52915	-3.14787	-0.851641
75	55	55	-3.94903	-2.98141	1.58528
75	55	65	-1.1558	-0.0426449	0.812999
75	55	75	0.414232	-0.287354	-0.241526
75	55	85	3.34892	-1.6662	-1.09009
75	65	5	3.20379	-3.19977	0.550976
75	65	15	0.837261	-1.17005	-0.51291
75	65	25	0.0365692	-0.472083	-0.00647828
75	65	35	-0.571325	-0.722858	0.354533
75	65	45	-0.634216	-3.5929	-0.165597
75	65	55	-0.937316	-3.49357	0.0114586
75	65	65	-0.415056	-0.491167	-0.254716
75	65	75	0.0927603	-0.772516	0.231794
75	65	85	0.687706	-1.62815	0.743287
75	75	5	1.1702	1.01237	0.761114
75	75	15	-0.225886	0.249726	-0.53844
75	75	25	-0.0623882	0.041374	-0.0938114
75	75	35	0.0729431	0.405887	0.104777
75	75	45	1.08574	0.474035	0.276136
75	75	55	0.9663	0.293501	-0.0136528
75	75	65	0.053502	0.143277	-0.242405
75	75	75	-0.145994	0.156855	0.119732
75	75	85	0.0735664	0.459217	0.859388
75	85	5	-2.12245	3.91688	0.145355
75	85	15	-1.48992	2.21032	-0.266454
75	85	25	-0.491431	0.634952	-0.00757572
75	85	35	0.905436	0.629208	0.0738379
75	85	45	3.69698	2.57312	0.283418
75	85	55	3.79714	2.95481	-0.754936
75	85	65	0.537736	0.244594	0.0834767
75	85	75	-0.125432	0.311059	0.0892659
75	85	85	-1.59125	1.62599	0.265519
85	5	5	-2.47164	-0.863227	0.332486
85	5	15	-2.75582	-0.652847	3.0877
85	5	25	-0.451552	-0.644424	0.734754
85	5	35	1.90471	-0.387599	-2.29052
85	5	45	7.46475	-0.863658	-1.95633
85	5	55	6.16422	-0.973688	0.690958
85	5	65	1.21364	-0.581311	1.44778
85	5	75	-0.900798	-0.166353	-0.57689
85	5	85	-2.57598	-0.0160038	-2.51437
85	15	5	1.08878	-5.18088	-0.544311
85	15	15	-1.21778	-3.13677	1.27215
85	15	25	-0.667479	-0.510329	0.0470679
85	15	35	1.00989	-0.120818	-0.953064
85	15	45	5.56902	-0.701115	-1.64259
85	15	55	5.09713	-0.58498	0.660899
85	15	65	0.169516	-0.152027	0.704232
85	15	75	-0.731998	-0.468142	0.0105975
85	15	85	-0.194208	-2.29265	-1.21848
85	25	5	3.62165	-4.12178	-0.862382
85	25	15	0.155979	-1.1965	0.569345
85	25	25	-0.767177	-0.219582	0.110603
85	25	35	-0.34179	0.588635	-0.144767
85	25	45	3.82141	2.38215	-0.722556
85	25	55	3.60378	2.18064	0.230216
85	25	65	-0.286019	0.286754	0.0036524
85	25	75	-0.229812	-0.0581249	-0.128637
85	25	85	0.961241	-1.58504	-0.781321
85	35	5	5.79003	0.714299	-0.488458
85	35	15	1.38836	0.0452774	0.369627
85	35	25	-0.415495	0.333691	0.739723
85	35	35	-0.116127	1.07941	-0.101398
85	35	45	1.77661	4.31883	-0.347828
85	35	55	1.67897	4.35272	0.979871
85	35	65	-0.816012	0.876897	0.464057
85	35	75	-0.0364439	0.202604	0.0403032
85	35	85	1.91581	0.126447	-0.510186
85	45	5	7.37323	1.98377	-0.105261
85	45	15	3.795	0.331304	2.68346
85	45	25	0.729091	-0.477926	1.75098
85	45	35	-0.870502	1.21586	-1.07764
85	45	45	-0.761176	3.15557	-1.24021
85	45	55	-1.11843	3.74821	1.76499
85	45	65	-1.26438	0.927621	1.27458
85	45	75	0.872095	-0.460272	-1.1298
85	45	85	3.73138	0.658694	-2.50877
85	55	5	8.04887	-2.23164	0.0281752
85	55	15	3.30532	-1.14139	2.27703
85	55	25	0.433443	0.399435	1.07145
85	55	35	-1.25044	-0.594767	-1.51876
85	55	45	-1.76436	-2.61135	-2.42213
85	55	55	-1.38879	-3.18094	2.16466
85	55	65	-1.66964	-0.788686	1.76436
85	55	75	0.734715	0.286227	-0.85097
85	55	85	4.00367	-0.808008	-1.95806
85	65	5	6.27122	-0.459203	0.438461
85	65	15	1.38166	-0.134024	0.828937
85	65	25	-0.241295	0.160872	0.544602
85	65	35	-0.498289	-0.953	-0.315649
85	65	45	1.61537	-4.27864	-0.823766
85	65	55	1.58812	-4.08952	0.687738
85	65	65	-0.811477	-0.700851	0.121369
85	65	75	-0.756855	0.100898	-0.396212
85	65	85	1.59068	-0.385696	-0.720304
85	75	5	3.44423	3.58051	0.0135971
85	75	15	-0.0854111	1.62037	0.793802
85	75	25	-0.0228288	0.185383	0.118358
85	75	35	-0.160162	-0.479776	-0.263984
85	75	45	3.90156	-2.71189	0.0510559
85	75	55	3.52779	-2.05511	0.693676
85	75	65	-0.1878	-0.150858	0.121505
85	75	75	-0.651768	0.0370648	0.132391
85	75	85	0.703119	1.11311	-0.288056
85	85	5	1.13358	5.163	0.214917
85	85	15	-0.733479	2.06783	0.902074
85	85	25	-0.12338	-0.190632	-0.0893406
85	85	35	0.496335	-0.42306	-0.880689
85	85	45	5.81683	0.126586	-1.19628
85	85	55	4.74569	0.0913903	0.319042
85	85	65	0.814338	-0.33411	0.98377
85	85	75	-0.545083	0.0569002	0.139388
85	85	85	-0.627528	2.40498	-0.864152
