5	5	5	3.50007	-5.00206	-5.90844
5	5	15	2.73197	-4.6233	-4.6817
5	5	25	2.69583	-3.31728	-3.23641
5	5	35	2.85916	-3.10911	-2.92437
5	5	45	3.3431	-3.32391	-3.57343
5	5	55	3.76239	-3.92366	-4.64351
5	5	65	3.43853	-3.56133	-3.87869
5	5	75	2.75599	-4.48841	-4.35343
5	5	85	3.06021	-5.00182	-5.38015
5	15	5	3.51831	-4.91443	-5.76163
5	15	15	2.72427	-3.1324	-3.10405
5	15	25	2.75432	-3.66402	-3.54172
5	15	35	3.15624	-3.7052	-3.10039
5	15	45	3.51788	-5.48425	-4.75778
5	15	55	3.37927	-5.37445	-5.55349
5	15	65	3.11943	-5.24539	-5.28103
5	15	75	2.71346	-4.85696	-4.81195
5	15	85	2.69617	-4.58088	-4.68269
5	25	5	3.31991	-4.97382	-5.29949
5	25	15	3.20025	-4.41814	-4.06175
5	25	25	3.23556	-3.31782	-2.63419
5	25	35	3.29638	-3.47702	-2.81166
5	25	45	3.04204	-4.71249	-4.43363
5	25	55	3.18001	-5.28055	-5.46123
5	25	65	2.82197	-5.00221	-4.95067
5	25	75	2.82682	-4.72086	-4.51421
5	25	85	3.05973	-5.38644	-5.17194
5	35	5	3.22724	-5.16113	-5.61466
5	35	15	2.61009	-4.83935	-4.82838
5	35	25	3.08321	-3.77285	-3.32156
5	35	35	3.51594	-3.8267	-3.06422
5	35	45	3.06612	-4.27507	-3.82934
5	35	55	2.98116	-4.91512	-4.86361
5	35	65	2.80098	-4.94363	-4.95028
5	35	75	2.62556	-3.94325	-3.92975
5	35	85	2.70177	-5.03962	-5.05743
5	45	5	3.09159	-5.20971	-5.52051
5	45	15	2.79669	-5.2608	-5.14135
5	45	25	3.32399	-4.16487	-3.43211
5	45	35	3.15072	-3.82056	-3.50825
5	45	45	2.86217	-4.34488	-4.32802
5	45	55	2.80598	-5.01942	-5.10159
5	45	65	2.56691	-4.09199	-4.08706
5	45	75	2.70515	-3.54604	-3.48175
5	45	85	2.80727	-5.02352	-5.05975
5	55	5	3.35146	-5.69615	-5.30292
5	55	15	3.42386	-5.72802	-4.98752
5	55	25	4.19486	-4.83502	-3.47713
5	55	35	4.35264	-4.93504	-3.35298
5	55	45	4.25052	-4.93484	-3.70133
5	55	55	3.90803	-6.11753	-5.11204
5	55	65	3.46789	-4.26928	-3.93152
5	55	75	3.23441	-4.03628	-3.77759
5	55	85	3.3867	-5.06619	-5.15156
5	65	5	3.27562	-5.51473	-5.40917
5	65	15	3.3808	-5.213	-5.37981
5	65	25	3.63169	-4.46108	-4.00753
5	65	35	4.5564	-4.50356	-3.07177
5	65	45	5.08806	-5.36276	-3.79727
5	65	55	4.56238	-6.46037	-5.0539
5	65	65	4.11228	-4.12718	-3.59632
5	65	75	3.68741	-3.59494	-3.50474
5	65	85	3.96664	-4.72299	-5.40548
5	75	5	4.54847	-6.0485	-6.1455
5	75	15	3.92693	-5.49063	-4.84835
5	75	25	4.45898	-4.9467	-3.55012
5	75	35	4.42253	-4.65237	-3.23636
5	75	45	5.31497	-6.13604	-4.85797
5	75	55	5.53648	-6.47788	-5.49004
5	75	65	4.44309	-3.87908	-3.45531
5	75	75	3.24325	-3.16348	-2.91763
5	75	85	3.90234	-4.28838	-4.66576
5	85	5	4.51938	-5.57007	-6.5908
5	85	15	3.41218	-5.01535	-4.64987
5	85	25	3.30053	-3.9058	-3.21417
5	85	35	3.24958	-3.61889	-3.0842
5	85	45	4.03578	-3.79666	-3.95683
5	85	55	3.97731	-4.31564	-4.75738
5	85	65	3.12453	-2.99355	-3.37453
5	85	75	2.79645	-2.99831	-3.136
5	85	85	3.25689	-4.50556	-4.74109
15	5	5	4.02637	-5.16875	-6.47741
15	5	15	3.00028	-4.40395	-4.84917
15	5	25	2.66782	-3.26808	-3.3248
15	5	35	2.79458	-3.16372	-3.14725
15	5	45	3.51262	-3.50085	-3.94085
15	5	55	3.75665	-3.46589	-3.98512
15	5	65	3.35912	-3.36655	-3.71449
15	5	75	3.40503	-3.65707	-3.87283
15	5	85	3.46443	-4.90507	-5.44611
15	15	5	3.61544	-5.11915	-6.02273
15	15	15	2.72983	-3.48002	-3.49802
15	15	25	2.77616	-3.11165	-3.05597
15	15	35	2.7955	-3.5287	-3.36436
15	15	45	3.09944	-4.98567	-4.99806
15	15	55	3.77961	-5.24799	-6.1227
15	15	65	3.50814	-5.16106	-5.70318
15	15	75	2.80126	-4.92772	-5.05357
15	15	85	2.9979	-4.88762	-5.212
15	25	5	3.49704	-5.23478	-5.53361
15	25	15	3.14345	-4.42432	-3.88229
15	25	25	3.32194	-3.4515	-2.72068
15	25	35	3.15795	-3.27694	-2.71004
15	25	45	2.91832	-4.28687	-4.28444
15	25	55	3.65319	-4.9736	-6.05408
15	25	65	3.52506	-4.64221	-5.53662
15	25	75	2.80785	-4.60238	-4.6936
15	25	85	3.11429	-5.23588	-5.39752
15	35	5	3.37285	-5.6011	-5.42173
15	35	15	3.31815	-5.79936	-5.07785
15	35	25	3.67899	-4.82614	-3.69844
15	35	35	4.49838	-4.23598	-2.89673
15	35	45	3.59317	-4.43585	-3.87717
15	35	55	3.23613	-4.96656	-5.25166
15	35	65	3.5991	-4.28113	-4.68961
15	35	75	3.42662	-4.31724	-4.15206
15	35	85	3.37551	-5.43002	-5.33365
15	45	5	3.51115	-5.85714	-5.30191
15	45	15	3.41513	-5.94267	-5.12343
15	45	25	3.94575	-5.32977	-4.05713
15	45	35	4.32832	-3.72884	-3.41971
15	45	45	3.60891	-3.63127	-3.50514
15	45	55	3.29155	-4.6011	-4.69121
15	45	65	3.13954	-3.73589	-4.19961
15	45	75	3.13113	-3.72245	-3.57054
15	45	85	3.34676	-5.39003	-5.08168
15	55	5	4.0345	-6.4263	-5.25372
15	55	15	4.31006	-6.83595	-5.08689
15	55	25	4.30968	-5.53565	-4.14614
15	55	35	4.26359	-4.0635	-3.06555
15	55	45	3.90848	-3.75656	-3.25548
15	55	55	3.38831	-4.14686	-3.85767
15	55	65	3.24244	-3.70428	-3.50446
15	55	75	3.16551	-3.50443	-3.51332
15	55	85	3.49994	-5.07355	-4.69284
15	65	5	3.20765	-5.4422	-5.40205
15	65	15	3.21075	-5.5932	-5.2305
15	65	25	3.49449	-4.77289	-4.80744
15	65	35	3.8141	-3.81997	-3.85647
15	65	45	4.52724	-5.07293	-4.67302
15	65	55	4.07904	-5.37978	-4.80697
15	65	65	4.50083	-4.25113	-3.53613
15	65	75	4.47319	-3.66884	-3.79901
15	65	85	4.18329	-4.2233	-4.95158
15	75	5	4.22437	-5.84553	-6.00206
15	75	15	3.91984	-5.5928	-5.58
15	75	25	3.55677	-4.36365	-4.03736
15	75	35	3.86819	-4.44234	-3.70259
15	75	45	4.5048	-5.72704	-6.01813
15	75	55	4.42561	-5.86082	-5.50623
15	75	65	5.31972	-4.76885	-4.30991
15	75	75	4.81704	-3.75491	-4.39435
15	75	85	4.72041	-4.27325	-5.0554
15	85	5	4.16329	-5.34747	-6.41686
15	85	15	3.40244	-4.20869	-4.92666
15	85	25	3.00225	-3.0933	-3.41719
15	85	35	2.83995	-3.40796	-3.41274
15	85	45	3.81352	-4.48221	-5.10062
15	85	55	3.82242	-4.2661	-4.4099
15	85	65	3.99879	-4.09755	-4.96947
15	85	75	4.02211	-3.26806	-4.23187
15	85	85	4.41105	-4.11261	-4.97519
25	5	5	3.84834	-5.1348	-6.30708
25	5	15	3.95002	-4.30245	-5.65959
25	5	25	2.91373	-3.12292	-3.44547
25	5	35	2.59408	-3.46101	-3.46323
25	5	45	3.15183	-4.64612	-4.80533
25	5	55	3.91427	-4.92401	-5.50564
25	5	65	3.77025	-4.44086	-4.96645
25	5	75	3.99159	-3.31153	-4.00142
25	5	85	3.70239	-4.29005	-5.2219
25	15	5	3.95387	-5.13522	-6.45638
25	15	15	3.56903	-4.40172	-5.05971
25	15	25	3.09001	-3.72964	-3.54543
25	15	35	3.13479	-4.10856	-3.60513
25	15	45	3.01823	-4.98648	-4.76245
25	15	55	3.43545	-5.24799	-5.90601
25	15	65	3.25745	-4.96488	-5.66686
25	15	75	2.9731	-4.96359	-5.26396
25	15	85	3.29112	-4.98685	-5.44677
25	25	5	3.49302	-5.05813	-5.95693
25	25	15	2.81745	-4.07079	-4.27719
25	25	25	2.7704	-3.74402	-3.53134
25	25	35	2.96276	-3.13106	-2.75952
25	25	45	2.79865	-4.47169	-4.38887
25	25	55	2.89263	-5.0551	-5.51515
25	25	65	2.94824	-4.88043	-5.28243
25	25	75	2.83105	-4.43906	-4.72068
25	25	85	2.77185	-4.97814	-5.15731
25	35	5	3.41309	-5.70277	-5.3607
25	35	15	3.43733	-5.98211	-5.10065
25	35	25	3.63561	-5.32108	-4.23779
25	35	35	4.35701	-4.31839	-2.75563
25	35	45	3.77799	-4.83474	-3.73984
25	35	55	3.93269	-5.60245	-5.7833
25	35	65	3.50947	-4.25948	-4.70028
25	35	75	2.79373	-3.79202	-3.79484
25	35	85	2.97261	-4.9308	-4.7516
25	45	5	2.93192	-5.3399	-5.23979
25	45	15	2.95917	-5.50335	-5.10882
25	45	25	3.45629	-4.98363	-4.48385
25	45	35	4.34199	-3.33805	-3.72085
25	45	45	3.56913	-3.67471	-3.16711
25	45	55	3.43866	-4.77632	-4.73673
25	45	65	3.47506	-3.33735	-3.93736
25	45	75	3.035	-3.64043	-3.56205
25	45	85	2.75263	-4.47594	-4.39755
25	55	5	3.27261	-5.69675	-5.21835
25	55	15	3.02303	-5.50199	-5.134
25	55	25	3.81604	-5.00282	-5.14624
25	55	35	4.56831	-3.54313	-4.114
25	55	45	3.98154	-3.85819	-3.95976
25	55	55	3.26031	-4.42407	-4.32679
25	55	65	3.7771	-3.64635	-3.83077
25	55	75	3.35588	-3.75349	-3.31831
25	55	85	3.47263	-4.88633	-4.20874
25	65	5	3.48141	-5.76896	-5.33777
25	65	15	3.70031	-5.96238	-5.27084
25	65	25	3.95717	-5.16206	-5.48737
25	65	35	3.26116	-3.88009	-3.98851
25	65	45	3.67633	-5.25702	-5.53661
25	65	55	3.40823	-5.42375	-5.14655
25	65	65	3.86511	-4.28127	-4.13616
25	65	75	4.44748	-3.59637	-4.11044
25	65	85	3.98745	-4.22803	-4.33607
25	75	5	3.91265	-6.01145	-5.50105
25	75	15	3.57353	-5.57388	-5.45238
25	75	25	3.37673	-4.51805	-4.67094
25	75	35	3.14234	-4.34997	-4.57409
25	75	45	3.53468	-5.10779	-5.88413
25	75	55	3.52352	-5.1198	-5.8881
25	75	65	4.04968	-4.27678	-5.39506
25	75	75	4.9704	-3.94446	-5.55168
25	75	85	4.64548	-4.15748	-4.88787
25	85	5	3.76071	-5.38088	-5.972
25	85	15	3.70479	-4.769	-5.58825
25	85	25	3.08785	-3.17913	-3.51378
25	85	35	2.67458	-3.65578	-3.77569
25	85	45	3.55186	-4.96911	-5.96829
25	85	55	3.33509	-4.95796	-5.66193
25	85	65	4.34755	-4.69504	-6.17134
25	85	75	4.84349	-3.96706	-5.25161
25	85	85	5.25435	-4.19494	-4.98606
35	5	5	2.86123	-5.06939	-5.39038
35	5	15	3.38048	-4.12367	-4.86866
35	5	25	2.63841	-2.93259	-3.01887
35	5	35	2.63029	-3.56039	-3.4808
35	5	45	2.93066	-5.15189	-5.17231
35	5	55	3.65304	-5.20057	-5.74018
35	5	65	3.13747	-4.67919	-4.94398
35	5	75	3.03351	-3.01194	-3.25194
35	5	85	3.61436	-3.63219	-4.60967
35	15	5	3.49592	-5.1249	-5.98721
35	15	15	3.76238	-4.38155	-5.4331
35	15	25	3.18366	-4.38649	-4.01741
35	15	35	3.35111	-4.78168	-3.98052
35	15	45	3.25221	-5.34796	-4.88801
35	15	55	3.35342	-5.15047	-5.5089
35	15	65	2.57305	-4.83088	-5.05207
35	15	75	2.6519	-4.48232	-4.54233
35	15	85	3.29147	-4.75917	-5.49873
35	25	5	3.47143	-5.11734	-5.99694
35	25	15	3.52431	-4.62551	-5.39155
35	25	25	2.75403	-4.25883	-4.07305
35	25	35	2.82791	-3.20418	-3.08743
35	25	45	2.83139	-4.71004	-4.55285
35	25	55	2.81824	-5.09963	-5.27318
35	25	65	2.63144	-4.8009	-4.8413
35	25	75	2.56708	-4.21929	-4.19848
35	25	85	2.65104	-4.47806	-4.57807
35	35	5	3.37184	-5.09916	-5.91995
35	35	15	2.74353	-5.10594	-5.24803
35	35	25	2.62265	-4.80766	-4.7456
35	35	35	2.79863	-3.07681	-3.07192
35	35	45	2.79855	-4.19909	-4.03802
35	35	55	2.81408	-5.18876	-5.16655
35	35	65	2.81276	-4.50122	-4.4019
35	35	75	2.65183	-3.43841	-3.33763
35	35	85	2.63132	-3.84919	-3.80878
35	45	5	2.67226	-5.09265	-5.21381
35	45	15	2.58351	-5.10205	-5.13446
35	45	25	2.63178	-4.62203	-4.70266
35	45	35	2.89283	-2.70478	-2.96651
35	45	45	2.77432	-3.59315	-3.49551
35	45	55	2.83592	-5.05714	-4.89472
35	45	65	2.85586	-3.66404	-3.64088
35	45	75	2.61309	-3.0816	-3.10044
35	45	85	2.55146	-3.69388	-3.69304
35	55	5	3.11142	-5.30672	-5.42712
35	55	15	2.72826	-5.14199	-5.23923
35	55	25	2.91586	-4.88284	-5.20608
35	55	35	3.33528	-2.82682	-3.56868
35	55	45	2.79509	-4.01548	-4.17395
35	55	55	2.79506	-4.86106	-4.81945
35	55	65	3.05266	-3.92629	-3.70786
35	55	75	3.09146	-3.34351	-2.94395
35	55	85	3.12983	-4.14639	-3.60639
35	65	5	4.25301	-6.18333	-5.68213
35	65	15	3.56262	-5.88274	-5.29274
35	65	25	3.85524	-5.36204	-5.46546
35	65	35	3.67364	-5.18926	-4.67104
35	65	45	3.03142	-5.2164	-5.3368
35	65	55	2.99623	-5.22667	-5.30628
35	65	65	2.89823	-4.58562	-4.72242
35	65	75	3.18109	-4.09211	-3.70298
35	65	85	3.93542	-4.86707	-3.64267
35	75	5	3.79995	-5.87659	-5.51488
35	75	15	3.30156	-5.46589	-5.28817
35	75	25	3.37798	-4.88371	-4.98493
35	75	35	2.72788	-4.30684	-4.37488
35	75	45	3.14263	-5.16278	-5.57199
35	75	55	2.81704	-5.11829	-5.30109
35	75	65	2.81665	-4.55955	-4.82034
35	75	75	3.17832	-4.21671	-4.83265
35	75	85	3.22956	-4.35584	-4.63891
35	85	5	3.56423	-5.55751	-5.59472
35	85	15	3.14224	-4.58751	-4.92672
35	85	25	2.98353	-3.14648	-3.4861
35	85	35	2.555	-3.98756	-3.98368
35	85	45	3.09202	-5.08431	-5.58335
35	85	55	3.01477	-5.14022	-5.5237
35	85	65	3.25605	-4.68056	-5.30518
35	85	75	3.51309	-4.20254	-4.483
35	85	85	4.59889	-3.89782	-4.41158
45	5	5	2.83397	-5.08476	-5.32342
45	5	15	2.91865	-3.90621	-4.1446
45	5	25	2.45865	-2.7744	-2.77169
45	5	35	2.45293	-3.56259	-3.52092
45	5	45	2.81048	-5.15851	-5.2579
45	5	55	2.8923	-5.20128	-5.34254
45	5	65	2.71468	-4.92243	-4.88524
45	5	75	2.61273	-3.1537	-3.17363
45	5	85	2.83317	-3.09897	-3.33765
45	15	5	2.91238	-5.07194	-5.43299
45	15	15	2.91288	-4.64153	-4.96292
45	15	25	2.7544	-4.24293	-4.08371
45	15	35	3.30878	-4.97467	-4.29638
45	15	45	3.42926	-5.70763	-4.90707
45	15	55	3.77309	-5.94067	-5.28034
45	15	65	2.95669	-5.00202	-4.72042
45	15	75	2.6119	-3.97079	-3.95082
45	15	85	2.89266	-4.41945	-4.63782
45	25	5	3.15433	-5.11565	-5.67801
45	25	15	3.1407	-4.92249	-5.51053
45	25	25	2.83482	-4.96645	-4.72942
45	25	35	2.99553	-4.02013	-3.7798
45	25	45	2.88554	-4.93208	-4.64173
45	25	55	2.82629	-5.27021	-5.13578
45	25	65	2.70507	-4.98939	-4.8802
45	25	75	2.57792	-3.96265	-3.93667
45	25	85	2.77153	-4.24973	-4.38926
45	35	5	3.05632	-5.13164	-5.59278
45	35	15	2.98389	-5.10395	-5.5328
45	35	25	2.55646	-4.99246	-4.99386
45	35	35	2.63522	-3.32453	-3.40225
45	35	45	2.57394	-4.44222	-4.461
45	35	55	2.63515	-5.09353	-5.13025
45	35	65	2.75479	-4.76402	-4.60226
45	35	75	2.73194	-3.5957	-3.39643
45	35	85	2.63193	-3.26483	-3.18399
45	45	5	2.91641	-5.05597	-5.42098
45	45	15	2.79049	-5.10214	-5.3413
45	45	25	2.61903	-4.84168	-4.90955
45	45	35	2.75257	-3.05489	-3.1763
45	45	45	2.63228	-4.05905	-4.02023
45	45	55	2.75147	-5.17993	-5.10031
45	45	65	2.69387	-3.98216	-3.84254
45	45	75	2.49276	-2.86809	-2.86648
45	45	85	2.5912	-2.82692	-2.86677
45	55	5	3.39342	-5.29387	-5.69627
45	55	15	2.66586	-5.12185	-5.07669
45	55	25	2.67937	-4.92204	-4.97039
45	55	35	2.71253	-3.47244	-3.59395
45	55	45	2.63388	-4.5941	-4.63535
45	55	55	2.59305	-4.98865	-5.03068
45	55	65	2.71385	-4.49667	-4.3795
45	55	75	2.81154	-3.4504	-3.19011
45	55	85	3.09065	-3.78122	-3.36121
45	65	5	4.29982	-5.95854	-5.93374
45	65	15	4.01904	-6.28773	-5.22376
45	65	25	3.91056	-6.14844	-5.09518
45	65	35	3.75806	-5.88084	-4.80068
45	65	45	3.33229	-5.75652	-5.09697
45	65	55	3.19148	-5.63945	-5.15992
45	65	65	2.65345	-4.99476	-4.93639
45	65	75	2.67195	-4.51213	-4.39145
45	65	85	2.85502	-4.36167	-4.09767
45	75	5	3.44368	-5.42392	-5.61125
45	75	15	3.14207	-5.42148	-5.21283
45	75	25	2.96133	-4.7418	-4.55179
45	75	35	2.89322	-4.81729	-4.51538
45	75	45	2.86789	-5.28379	-5.20783
45	75	55	2.70033	-5.14995	-5.20081
45	75	65	2.58144	-5.02769	-5.04449
45	75	75	2.56147	-5.04005	-5.02962
45	75	85	2.6112	-4.67183	-4.65165
45	85	5	2.99789	-5.22963	-5.40356
45	85	15	2.98596	-4.61195	-4.58583
45	85	25	2.72542	-3.39196	-3.40252
45	85	35	2.51915	-3.91809	-3.91087
45	85	45	2.77286	-5.08641	-5.30553
45	85	55	2.73203	-5.12191	-5.26196
45	85	65	2.692	-4.86167	-4.88238
45	85	75	2.6331	-4.3128	-4.31156
45	85	85	2.79371	-3.60651	-3.72462
55	5	5	2.85315	-4.93262	-5.07128
55	5	15	2.68261	-3.68924	-3.80568
55	5	25	2.38567	-2.43944	-2.45047
55	5	35	2.4603	-3.27244	-3.23124
55	5	45	2.57898	-5.06073	-5.08604
55	5	55	2.65338	-5.16177	-5.14399
55	5	65	2.63196	-4.9621	-4.9229
55	5	75	2.7527	-3.73769	-3.57605
55	5	85	2.59232	-3.12671	-3.12544
55	15	5	2.73588	-5.006	-5.14195
55	15	15	2.69762	-4.84501	-4.94409
55	15	25	2.678	-4.09775	-4.14289
55	15	35	2.60316	-4.11824	-4.12867
55	15	45	2.73544	-5.15365	-5.09645
55	15	55	3.31447	-5.6832	-5.22342
55	15	65	3.3347	-5.40445	-4.70328
55	15	75	3.15266	-3.73725	-3.17726
55	15	85	2.91305	-3.78468	-3.50266
55	25	5	2.67589	-5.09081	-5.12837
55	25	15	2.75871	-5.06546	-5.0659
55	25	25	2.71872	-4.89324	-4.85932
55	25	35	2.68398	-4.20243	-4.133
55	25	45	2.75648	-5.14717	-5.02861
55	25	55	2.75637	-5.18103	-5.17912
55	25	65	2.75875	-4.72523	-4.56288
55	25	75	2.69946	-3.32118	-3.17359
55	25	85	2.6163	-3.30348	-3.35902
55	35	5	3.00219	-4.97253	-5.40701
55	35	15	2.72981	-5.01139	-5.17121
55	35	25	2.66327	-5.06619	-5.16293
55	35	35	2.65849	-4.03745	-4.13826
55	35	45	2.57561	-4.81723	-4.83446
55	35	55	2.67469	-5.09442	-5.21403
55	35	65	2.57552	-4.38276	-4.40395
55	35	75	2.61405	-3.21893	-3.15842
55	35	85	2.77651	-3.12258	-3.18036
55	45	5	3.09485	-4.76467	-5.30652
55	45	15	2.722	-4.70187	-4.8727
55	45	25	2.5989	-4.9821	-5.02986
55	45	35	2.59358	-3.35987	-3.40231
55	45	45	2.57227	-4.42643	-4.44767
55	45	55	2.65145	-5.10882	-5.12922
55	45	65	2.59228	-4.14143	-4.18263
55	45	75	2.53283	-2.75174	-2.75331
55	45	85	2.73206	-2.88849	-3.02917
55	55	5	3.71669	-5.15656	-5.92218
55	55	15	3.28797	-5.10114	-5.15804
55	55	25	2.92498	-5.32207	-5.09598
55	55	35	2.93201	-4.33684	-4.07782
55	55	45	2.75185	-4.9403	-4.78112
55	55	55	2.65223	-5.06038	-5.12079
55	55	65	2.55432	-4.6608	-4.66409
55	55	75	2.57172	-3.65682	-3.63752
55	55	85	2.85106	-3.57814	-3.79815
55	65	5	4.30185	-5.97486	-5.70803
55	65	15	4.60188	-6.71468	-5.49913
55	65	25	4.619	-7.01324	-5.09641
55	65	35	4.66195	-6.62564	-4.72057
55	65	45	3.75505	-6.15186	-5.15027
55	65	55	3.51343	-5.91227	-5.23307
55	65	65	3.01788	-5.48097	-5.02543
55	65	75	2.89207	-5.26753	-4.92778
55	65	85	3.19303	-5.20581	-4.8038
55	75	5	3.7665	-5.19584	-6.18275
55	75	15	3.53144	-5.40504	-5.73825
55	75	25	3.2492	-5.00679	-4.65226
55	75	35	3.19004	-4.17496	-3.62174
55	75	45	2.95786	-5.39836	-5.03797
55	75	55	2.72026	-5.16873	-5.20195
55	75	65	2.58148	-5.1256	-5.10804
55	75	75	2.55793	-5.08512	-5.07837
55	75	85	2.73397	-5.05078	-5.06783
55	85	5	3.19771	-5.13932	-5.61263
55	85	15	3.16594	-4.82873	-5.22904
55	85	25	2.67912	-3.34126	-3.1077
55	85	35	2.71212	-3.42747	-3.1913
55	85	45	2.70456	-5.15935	-5.014
55	85	55	2.7933	-5.1635	-5.28228
55	85	65	2.55205	-5.04257	-5.04249
55	85	75	2.57237	-4.82176	-4.80043
55	85	85	2.59549	-4.42506	-4.3806
65	5	5	3.03284	-4.38863	-4.66841
65	5	15	3.13743	-3.98386	-4.12465
65	5	25	2.86234	-3.00235	-2.93782
65	5	35	2.80173	-3.16988	-3.32885
65	5	45	2.62023	-4.96858	-4.95218
65	5	55	2.61523	-5.14072	-5.12389
65	5	65	2.6321	-5.16269	-5.08246
65	5	75	2.67283	-4.14223	-4.02126
65	5	85	2.59173	-3.4967	-3.45603
65	15	5	2.99551	-4.64579	-4.60292
65	15	15	2.87549	-4.97947	-4.93903
65	15	25	2.95444	-4.01498	-4.01572
65	15	35	2.92309	-3.91302	-4.20416
65	15	45	2.72548	-5.10778	-5.16217
65	15	55	2.31482	-5.18164	-5.12454
65	15	65	2.73311	-5.0433	-4.86286
65	15	75	2.81396	-3.24015	-2.97887
65	15	85	2.97188	-3.07197	-2.69113
65	25	5	2.88592	-4.78215	-4.73126
65	25	15	3.27159	-5.31692	-5.20291
65	25	25	3.58963	-5.35091	-5.44055
65	25	35	3.11909	-4.86877	-4.66158
65	25	45	2.80926	-5.10842	-5.03372
65	25	55	2.79754	-5.28467	-5.16317
65	25	65	2.68591	-4.48248	-4.42247
65	25	75	2.63427	-2.93605	-2.85367
65	25	85	2.66028	-3.13197	-3.06355
65	35	5	2.76303	-4.37477	-4.56918
65	35	15	2.94515	-4.23061	-4.5254
65	35	25	3.14309	-4.90315	-5.48738
65	35	35	2.72647	-4.5588	-4.72835
65	35	45	2.64007	-5.00488	-5.08822
65	35	55	2.69598	-5.10012	-5.24424
65	35	65	2.57306	-4.62236	-4.64278
65	35	75	2.57294	-3.29241	-3.31127
65	35	85	2.6176	-3.70918	-3.76432
65	45	5	3.0169	-4.62143	-5.086
65	45	15	2.77703	-4.18039	-4.40418
65	45	25	2.75905	-4.70106	-4.90704
65	45	35	2.59764	-4.18247	-4.22648
65	45	45	2.63354	-4.76112	-4.84277
65	45	55	2.69349	-5.0967	-5.23831
65	45	65	2.63432	-4.30188	-4.34511
65	45	75	2.63284	-2.9877	-3.06937
65	45	85	2.69242	-3.68327	-3.82442
65	55	5	3.19673	-5.09785	-5.54259
65	55	15	3.3832	-4.87655	-4.82618
65	55	25	3.33632	-5.17409	-4.63929
65	55	35	3.23315	-5.09969	-4.54172
65	55	45	2.97186	-5.26722	-4.88801
65	55	55	2.73303	-5.22893	-5.17014
65	55	65	2.67562	-4.66139	-4.70597
65	55	75	2.65412	-3.74284	-3.72591
65	55	85	2.71287	-4.37544	-4.49727
65	65	5	4.54518	-6.15847	-5.85722
65	65	15	4.96202	-6.63322	-5.61604
65	65	25	4.78069	-6.71564	-4.58447
65	65	35	4.90986	-6.29804	-4.02168
65	65	45	4.39744	-6.62635	-4.86074
65	65	55	3.89663	-6.27601	-5.26001
65	65	65	2.98645	-5.48121	-5.11582
65	65	75	2.75262	-5.11363	-4.9144
65	65	85	3.1748	-5.31439	-5.25486
65	75	5	3.65705	-5.31688	-5.9765
65	75	15	3.66437	-5.3538	-5.79819
65	75	25	3.06281	-4.84701	-4.62804
65	75	35	3.65328	-4.02185	-3.04125
65	75	45	3.56308	-5.444	-4.59276
65	75	55	3.30585	-5.57301	-5.38378
65	75	65	2.67113	-5.16944	-5.11433
65	75	75	2.57889	-5.02804	-5.00061
65	75	85	2.71817	-5.16564	-5.19859
65	85	5	3.45621	-5.12374	-5.90017
65	85	15	3.22894	-5.10835	-5.61284
65	85	25	3.07482	-3.84045	-3.60661
65	85	35	3.3029	-3.48026	-3.05084
65	85	45	2.87462	-4.69356	-4.49319
65	85	55	2.93962	-5.16649	-5.42269
65	85	65	2.55841	-5.08537	-5.08605
65	85	75	2.5548	-4.96579	-4.96205
65	85	85	2.69408	-5.04462	-5.02158
75	5	5	3.1541	-4.38189	-4.89965
75	5	15	2.98414	-4.32544	-4.39005
75	5	25	2.73525	-3.00324	-2.94185
75	5	35	2.69907	-3.05643	-3.07009
75	5	45	2.69428	-4.44106	-4.53779
75	5	55	2.75442	-5.09042	-5.31025
75	5	65	2.57446	-5.1046	-5.08285
75	5	75	2.61476	-4.58482	-4.5222
75	5	85	2.69707	-4.42484	-4.35968
75	15	5	3.17332	-4.21141	-3.94913
75	15	15	3.3653	-5.1504	-4.67539
75	15	25	3.65711	-4.49949	-3.87705
75	15	35	3.59563	-4.46049	-4.0567
75	15	45	3.11708	-5.30412	-5.1069
75	15	55	2.51588	-5.40214	-5.09976
75	15	65	2.57273	-5.0625	-4.88322
75	15	75	2.61409	-3.52383	-3.46252
75	15	85	2.73172	-2.96106	-2.86047
75	25	5	2.93789	-4.29947	-4.11424
75	25	15	3.09479	-4.82775	-4.4921
75	25	25	3.6145	-4.67925	-4.77611
75	25	35	3.46834	-4.75237	-5.2775
75	25	45	2.86633	-5.10516	-5.12505
75	25	55	2.73513	-5.22381	-5.1222
75	25	65	2.60551	-4.80245	-4.82288
75	25	75	2.5879	-3.09765	-3.05771
75	25	85	2.67185	-3.67999	-3.63996
75	35	5	2.72157	-4.40733	-4.56495
75	35	15	2.78985	-4.02443	-4.19797
75	35	25	3.62864	-3.89353	-4.86007
75	35	35	3.19078	-4.74886	-5.28595
75	35	45	2.74198	-4.97493	-5.03528
75	35	55	2.63471	-5.12048	-5.16088
75	35	65	2.59392	-4.62322	-4.62371
75	35	75	2.57336	-3.28925	-3.30849
75	35	85	2.6551	-4.38071	-4.47758
75	45	5	2.7743	-4.93434	-5.15708
75	45	15	2.98292	-4.4516	-4.83494
75	45	25	3.2397	-3.80737	-4.36854
75	45	35	2.86331	-4.64047	-4.94778
75	45	45	2.78041	-4.81358	-5.03804
75	45	55	2.61403	-5.10134	-5.16176
75	45	65	2.59416	-4.08214	-4.08579
75	45	75	2.59443	-3.13292	-3.17535
75	45	85	2.71222	-4.78642	-4.94642
75	55	5	2.87851	-5.15626	-5.31855
75	55	15	3.28651	-4.89756	-4.86276
75	55	25	3.52123	-4.28818	-3.8492
75	55	35	3.67606	-5.0949	-4.17815
75	55	45	3.53317	-5.78367	-5.00573
75	55	55	3.01513	-5.39603	-5.2585
75	55	65	2.67894	-4.56235	-4.60942
75	55	75	2.63506	-3.70608	-3.74924
75	55	85	2.83333	-4.86057	-5.10125
75	65	5	3.4514	-5.42221	-5.61239
75	65	15	3.97379	-5.82013	-4.92254
75	65	25	4.37888	-5.63277	-4.0125
75	65	35	4.86035	-5.67912	-3.45078
75	65	45	4.70304	-6.2812	-4.29
75	65	55	4.3631	-6.67979	-5.32698
75	65	65	3.30659	-5.58301	-5.1361
75	65	75	3.02344	-5.01287	-4.7244
75	65	85	3.19448	-5.45613	-5.33466
75	75	5	3.54923	-5.25206	-5.94507
75	75	15	3.23267	-4.89929	-5.14279
75	75	25	2.94878	-3.91417	-3.64035
75	75	35	3.51194	-3.69158	-2.77075
75	75	45	4.32369	-5.17226	-3.87963
75	75	55	4.40084	-6.1954	-5.84724
75	75	65	2.91978	-5.29165	-5.04091
75	75	75	2.82525	-4.98945	-4.92801
75	75	85	3.06158	-5.24618	-5.3809
75	85	5	3.52895	-5.07668	-5.98519
75	85	15	2.92256	-5.01296	-5.28232
75	85	25	2.733	-3.60081	-3.50195
75	85	35	2.96773	-3.00592	-2.63006
75	85	45	2.98466	-3.81323	-3.65962
75	85	55	3.31647	-5.23049	-5.71545
75	85	65	2.58802	-5.04817	-5.03327
75	85	75	2.58619	-4.9942	-4.96424
75	85	85	2.76167	-5.06934	-5.14133
85	5	5	3.60576	-4.61227	-5.60247
85	5	15	2.74358	-4.17525	-4.13898
85	5	25	2.8048	-3.25157	-3.04069
85	5	35	2.76508	-3.10245	-2.89002
85	5	45	3.02087	-3.70204	-3.7522
85	5	55	3.17535	-5.03232	-5.4928
85	5	65	2.86217	-4.84288	-4.79188
85	5	75	2.64176	-4.98514	-5.02648
85	5	85	2.82167	-4.82871	-4.88041
85	15	5	3.01519	-3.78761	-4.20933
85	15	15	2.92442	-3.98924	-3.75773
85	15	25	3.57928	-4.56815	-3.62575
85	15	35	3.71606	-4.54263	-3.37722
85	15	45	3.43594	-5.6239	-4.89978
85	15	55	2.97884	-5.43406	-5.09048
85	15	65	2.68252	-5.12517	-5.00987
85	15	75	2.61452	-4.28295	-4.26383
85	15	85	2.59214	-3.63086	-3.63112
85	25	5	3.21472	-4.39842	-4.69809
85	25	15	2.96557	-4.37864	-4.14668
85	25	25	3.20361	-3.78222	-3.1706
85	25	35	3.54877	-4.50964	-3.95351
85	25	45	3.17953	-5.28121	-4.77674
85	25	55	2.87703	-5.36377	-5.15914
85	25	65	2.67688	-5.04364	-5.00536
85	25	75	2.61322	-3.71767	-3.65981
85	25	85	2.63283	-4.57043	-4.48984
85	35	5	2.784	-4.94205	-5.11492
85	35	15	2.57322	-4.61395	-4.60878
85	35	25	2.82639	-3.44187	-3.28902
85	35	35	3.11912	-4.23162	-4.42432
85	35	45	2.73838	-4.77561	-4.714
85	35	55	2.73719	-5.20237	-5.14209
85	35	65	2.63922	-4.90644	-4.86499
85	35	75	2.57835	-3.68286	-3.69575
85	35	85	2.61633	-4.76558	-4.78204
85	45	5	2.90093	-5.10824	-5.37675
85	45	15	2.78493	-4.83785	-4.81209
85	45	25	3.22962	-3.41711	-3.58116
85	45	35	3.06349	-4.64637	-4.69962
85	45	45	2.69803	-4.85877	-4.91615
85	45	55	2.63811	-5.10063	-5.18285
85	45	65	2.63542	-4.30286	-4.30549
85	45	75	2.59814	-3.57337	-3.57783
85	45	85	2.77749	-4.98798	-5.17
85	55	5	3.05565	-5.19937	-5.4567
85	55	15	3.55227	-5.45374	-4.94487
85	55	25	4.05011	-4.25767	-3.73851
85	55	35	4.10057	-4.77815	-3.92114
85	55	45	4.07848	-6.01449	-4.6585
85	55	55	3.30094	-5.63643	-5.22594
85	55	65	2.81925	-4.20418	-4.22805
85	55	75	2.64352	-3.88344	-3.85154
85	55	85	2.72378	-5.00495	-5.13311
85	65	5	3.46444	-5.47293	-5.59408
85	65	15	3.46198	-5.35149	-5.00242
85	65	25	3.71219	-4.38409	-3.63758
85	65	35	4.44546	-4.541	-2.85679
85	65	45	4.7592	-5.6051	-3.72604
85	65	55	4.55843	-6.69062	-5.43293
85	65	65	3.68042	-4.67133	-3.90188
85	65	75	3.11321	-4.55794	-4.14512
85	65	85	3.18742	-5.30565	-5.15818
85	75	5	4.14706	-5.5681	-6.23089
85	75	15	3.47625	-4.99668	-4.45123
85	75	25	3.13035	-3.66757	-3.13816
85	75	35	3.59262	-3.7392	-2.73875
85	75	45	4.84684	-4.98238	-3.64984
85	75	55	4.94839	-6.54511	-5.58064
85	75	65	4.16197	-4.23421	-3.82063
85	75	75	2.9079	-3.82697	-3.56918
85	75	85	3.44315	-5.44095	-5.07648
85	85	5	3.96008	-5.38135	-6.23004
85	85	15	2.78262	-4.85503	-4.82054
85	85	25	2.76629	-3.34648	-3.136
85	85	35	2.69228	-2.77199	-2.63241
85	85	45	3.45239	-3.25475	-3.43665
85	85	55	3.66459	-4.97595	-5.76321
85	85	65	2.95971	-4.01131	-4.24124
85	85	75	2.81281	-3.94938	-3.95169
85	85	85	2.99072	-5.19544	-5.31713
