5	5	5	2.98337	-5.10316	-5.42206
5	5	15	3.61909	-5.16524	-6.10516
5	5	25	2.7935	-4.86406	-4.8224
5	5	35	2.93781	-3.49566	-3.23838
5	5	45	3.15489	-3.17538	-2.65164
5	5	55	3.11954	-3.20314	-3.19542
5	5	65	3.9463	-4.98602	-5.87403
5	5	75	3.84015	-4.46065	-4.67274
5	5	85	2.97089	-4.05108	-4.0081
5	15	5	2.9355	-4.74085	-5.0821
5	15	15	3.21307	-4.54004	-5.12241
5	15	25	2.71624	-4.22086	-4.10604
5	15	35	2.75189	-3.26004	-3.07931
5	15	45	2.91384	-3.29241	-2.92962
5	15	55	2.96392	-3.74267	-3.67542
5	15	65	3.95069	-5.16871	-6.05094
5	15	75	3.69202	-4.86919	-5.59861
5	15	85	2.80839	-5.06379	-5.15446
5	25	5	3.01548	-3.71043	-3.97409
5	25	15	3.03227	-3.84639	-3.96762
5	25	25	2.77704	-3.88841	-3.7076
5	25	35	2.79948	-3.81121	-3.60286
5	25	45	3.10201	-3.62494	-3.68207
5	25	55	2.99985	-5.04489	-5.0779
5	25	65	3.13795	-5.12732	-5.65025
5	25	75	3.33994	-5.02302	-5.69186
5	25	85	2.98706	-4.34207	-4.6173
5	35	5	3.36235	-5.05726	-4.73333
5	35	15	3.44636	-4.9693	-4.35887
5	35	25	3.16192	-4.63825	-4.07301
5	35	35	2.79649	-3.33493	-3.2111
5	35	45	3.28595	-3.71354	-4.44679
5	35	55	3.03808	-4.75512	-5.18134
5	35	65	2.98919	-5.18128	-5.55384
5	35	75	3.27634	-5.20196	-5.52967
5	35	85	3.10833	-4.00084	-3.87176
5	45	5	3.55945	-5.46546	-5.02564
5	45	15	3.79393	-6.05983	-5.04704
5	45	25	4.15972	-6.22277	-4.60445
5	45	35	3.5156	-4.0081	-3.41189
5	45	45	3.10833	-4.20432	-4.38163
5	45	55	3.3201	-4.97114	-5.10102
5	45	65	3.3251	-5.57956	-5.43321
5	45	75	3.27325	-5.30244	-5.11061
5	45	85	3.36449	-4.15622	-3.98773
5	55	5	4.5946	-5.82781	-6.14842
5	55	15	4.19311	-6.40083	-5.39634
5	55	25	3.74435	-5.74924	-4.85373
5	55	35	3.63084	-3.69095	-3.58838
5	55	45	3.50561	-4.70116	-5.08654
5	55	55	3.38037	-4.83714	-5.58329
5	55	65	3.2346	-5.42419	-5.69579
5	55	75	3.78045	-4.754	-4.87978
5	55	85	4.31526	-4.3097	-4.6186
5	65	5	5.78208	-6.73628	-6.46043
5	65	15	5.04013	-6.6506	-5.99034
5	65	25	4.56348	-6.03275	-5.37547
5	65	35	3.82005	-4.17773	-3.58818
5	65	45	3.42497	-4.12012	-3.86359
5	65	55	4.09868	-4.99878	-5.6956
5	65	65	3.63419	-5.35981	-5.89661
5	65	75	4.57032	-4.70681	-5.39729
5	65	85	5.31257	-5.07046	-5.21598
5	75	5	4.42471	-5.42447	-6.27657
5	75	15	4.347	-5.53191	-6.41836
5	75	25	3.969	-5.33438	-5.52778
5	75	35	4.12668	-4.6183	-3.81781
5	75	45	3.74869	-3.78169	-2.87772
5	75	55	4.82387	-4.89308	-4.50073
5	75	65	4.23418	-5.89407	-5.78607
5	75	75	4.24387	-4.17352	-4.96237
5	75	85	4.11927	-4.35764	-5.22949
5	85	5	3.96906	-5.50306	-5.53948
5	85	15	4.609	-5.76743	-6.53345
5	85	25	4.03028	-5.28937	-4.71178
5	85	35	3.47916	-3.94458	-3.20997
5	85	45	3.78917	-3.83276	-2.84171
5	85	55	4.86565	-4.76203	-3.86901
5	85	65	4.22672	-5.5775	-5.68662
5	85	75	3.84306	-3.89556	-3.80037
5	85	85	3.84552	-4.25764	-4.03535
15	5	5	3.31949	-4.43724	-4.87119
15	5	15	4.17371	-5.17693	-6.63825
15	5	25	3.39124	-4.40385	-5.24043
15	5	35	2.72925	-3.12605	-3.30261
15	5	45	2.63124	-3.06231	-3.06244
15	5	55	2.81194	-3.21448	-3.19517
15	5	65	3.97622	-3.82692	-4.2442
15	5	75	4.29153	-3.83098	-3.70049
15	5	85	3.28189	-3.31332	-3.3057
15	15	5	2.75236	-4.95773	-5.13639
15	15	15	3.5715	-4.96081	-5.96113
15	15	25	2.78906	-4.56244	-4.79964
15	15	35	2.73513	-3.39524	-3.21775
15	15	45	2.99112	-3.34348	-2.94317
15	15	55	2.97986	-3.39905	-3.13425
15	15	65	3.46724	-3.79404	-3.91878
15	15	75	3.08319	-3.38481	-3.69746
15	15	85	2.89474	-4.38096	-4.59969
15	25	5	2.83144	-4.71962	-4.68002
15	25	15	3.17183	-5.13559	-5.03399
15	25	25	3.17865	-3.65441	-3.01362
15	25	35	2.95529	-3.88522	-3.48229
15	25	45	2.93628	-3.34523	-3.242
15	25	55	2.62026	-4.68098	-4.6862
15	25	65	3.03266	-5.09142	-5.85064
15	25	75	3.27194	-5.15789	-5.71942
15	25	85	2.73464	-4.81368	-4.91649
15	35	5	2.66264	-5.07484	-5.08724
15	35	15	2.88785	-4.92863	-4.8526
15	35	25	2.94589	-4.3062	-3.91614
15	35	35	2.93863	-2.8189	-2.8365
15	35	45	3.61792	-2.79247	-3.81774
15	35	55	2.80735	-4.30745	-4.56389
15	35	65	2.91491	-5.01664	-5.46107
15	35	75	3.28625	-4.8621	-5.62453
15	35	85	2.75177	-4.50084	-4.68212
15	45	5	3.5568	-5.85663	-5.09596
15	45	15	3.77655	-6.13372	-5.19099
15	45	25	4.26542	-6.48872	-4.85474
15	45	35	4.45618	-4.50189	-3.9852
15	45	45	4.42352	-3.46343	-4.23508
15	45	55	3.55952	-4.03428	-4.56192
15	45	65	2.97702	-4.77429	-4.96029
15	45	75	3.55267	-5.10198	-5.51002
15	45	85	3.31579	-4.50208	-4.06488
15	55	5	3.70353	-5.31282	-5.66514
15	55	15	3.48355	-5.77814	-5.34445
15	55	25	3.50398	-5.82353	-5.28791
15	55	35	4.18038	-4.15561	-4.29767
15	55	45	3.46991	-3.76976	-3.79904
15	55	55	3.43509	-4.3417	-4.82254
15	55	65	3.04224	-5.23424	-5.24302
15	55	75	3.33552	-4.22119	-4.68647
15	55	85	3.99708	-3.8973	-4.86251
15	65	5	4.40425	-5.10704	-6.12707
15	65	15	3.55698	-5.67966	-5.54489
15	65	25	3.74513	-5.66415	-5.37265
15	65	35	3.68516	-3.97894	-3.82339
15	65	45	3.34245	-3.5861	-3.58931
15	65	55	3.95066	-4.00917	-4.34833
15	65	65	4.04059	-5.5159	-5.80629
15	65	75	4.67949	-4.42197	-4.95044
15	65	85	5.22432	-4.10244	-5.61776
15	75	5	5.199	-5.2732	-6.08363
15	75	15	3.97083	-5.63992	-5.9791
15	75	25	3.83758	-5.18196	-5.86803
15	75	35	3.40805	-4.11525	-4.12971
15	75	45	3.26198	-3.35379	-2.92671
15	75	55	4.27983	-4.0411	-4.31111
15	75	65	3.96659	-5.26306	-5.33626
15	75	75	4.89222	-3.70633	-4.71995
15	75	85	5.08193	-3.62164	-4.81096
15	85	5	4.18704	-4.3722	-4.8642
15	85	15	4.16218	-5.43465	-6.37304
15	85	25	4.1339	-4.68515	-5.86081
15	85	35	2.9973	-3.39809	-3.63706
15	85	45	2.67575	-3.1107	-3.03124
15	85	55	3.12121	-4.30482	-4.49462
15	85	65	3.97953	-4.6373	-5.27365
15	85	75	4.22546	-3.40199	-3.71277
15	85	85	4.63226	-3.63045	-3.83968
25	5	5	3.41703	-3.73989	-4.3539
25	5	15	3.56146	-5.14284	-6.0396
25	5	25	3.68661	-4.14589	-5.27362
25	5	35	2.68378	-3.01062	-3.12141
25	5	45	2.59122	-3.30602	-3.26596
25	5	55	2.69285	-4.22038	-4.32179
25	5	65	3.51225	-4.0231	-4.30272
25	5	75	3.59928	-4.59088	-4.06583
25	5	85	3.25946	-3.5224	-3.21484
25	15	5	2.65327	-4.74112	-4.8189
25	15	15	3.43157	-5.08595	-6.0054
25	15	25	3.50031	-4.48195	-5.27159
25	15	35	2.7601	-3.38845	-3.17671
25	15	45	2.78949	-3.20051	-3.04017
25	15	55	2.83106	-3.55848	-3.39926
25	15	65	2.89348	-3.28353	-3.4219
25	15	75	2.69475	-3.18858	-3.20727
25	15	85	2.63604	-3.36251	-3.39833
25	25	5	2.65072	-4.90647	-4.84637
25	25	15	3.91228	-5.51919	-5.91953
25	25	25	3.53714	-4.22083	-3.56452
25	25	35	3.17947	-3.59484	-2.9561
25	25	45	2.9076	-3.57991	-3.41925
25	25	55	2.56864	-4.73204	-4.71528
25	25	65	1.83183	-5.00145	-5.12104
25	25	75	1.71226	-4.98799	-5.04916
25	25	85	2.59112	-4.90558	-4.86554
25	35	5	2.65424	-5.13828	-5.03587
25	35	15	2.88581	-5.08479	-5.07239
25	35	25	2.78069	-4.05151	-3.88834
25	35	35	2.83094	-2.91942	-2.7609
25	35	45	2.96043	-2.73688	-3.05219
25	35	55	2.5758	-4.12356	-4.12516
25	35	65	2.27301	-4.99429	-5.0339
25	35	75	2.33506	-4.64142	-4.80224
25	35	85	2.57463	-4.54074	-4.54086
25	45	5	2.5739	-4.99279	-4.98958
25	45	15	2.73747	-5.14655	-5.2409
25	45	25	2.85689	-5.22008	-5.19428
25	45	35	3.059	-3.90216	-4.00194
25	45	45	3.47631	-2.6953	-3.33533
25	45	55	3.01323	-3.87596	-3.85711
25	45	65	2.77305	-4.84696	-4.82777
25	45	75	2.74383	-4.02114	-4.10274
25	45	85	2.56433	-3.77644	-3.87687
25	55	5	2.62733	-4.83526	-4.9152
25	55	15	3.05149	-5.09954	-5.61987
25	55	25	2.78186	-5.12104	-5.3118
25	55	35	3.29533	-4.13697	-4.60033
25	55	45	3.15687	-2.90768	-3.06942
25	55	55	3.05624	-3.14286	-3.23728
25	55	65	2.87546	-4.27789	-4.5383
25	55	75	2.75306	-3.65353	-3.91549
25	55	85	2.41136	-3.1161	-3.25652
25	65	5	3.05903	-4.44354	-4.88475
25	65	15	3.01461	-5.11825	-5.54185
25	65	25	2.85663	-5.10271	-5.36711
25	65	35	3.25752	-3.96398	-4.64568
25	65	45	2.77789	-2.79266	-2.87069
25	65	55	3.48987	-3.26533	-3.32412
25	65	65	3.27544	-3.9224	-3.6468
25	65	75	3.35384	-3.71866	-3.42227
25	65	85	3.34983	-3.36043	-3.82166
25	75	5	4.63101	-4.56846	-5.04928
25	75	15	3.7165	-5.69416	-5.65897
25	75	25	3.83625	-5.9024	-5.5468
25	75	35	3.09748	-4.49883	-4.6845
25	75	45	2.73387	-3.38948	-3.20673
25	75	55	3.17584	-3.98805	-4.40325
25	75	65	3.4846	-4.79937	-4.71298
25	75	75	4.58024	-4.22192	-3.64274
25	75	85	4.47429	-3.83364	-3.5537
25	85	5	3.99555	-4.04254	-4.55883
25	85	15	3.23944	-5.44992	-5.41265
25	85	25	3.37265	-4.9364	-5.68922
25	85	35	2.74905	-3.78883	-3.80446
25	85	45	2.59307	-3.45549	-3.41432
25	85	55	2.77346	-4.89811	-5.11572
25	85	65	3.37752	-4.79191	-5.64705
25	85	75	3.25437	-3.34917	-3.65706
25	85	85	3.85717	-3.74575	-3.44209
35	5	5	3.06156	-3.42934	-3.47883
35	5	15	3.02415	-5.18349	-5.43278
35	5	25	2.92032	-4.62941	-4.94337
35	5	35	2.45446	-3.0994	-3.12012
35	5	45	2.37284	-3.51443	-3.49529
35	5	55	2.59219	-4.98841	-5.00931
35	5	65	2.89355	-4.97957	-5.17878
35	5	75	2.71532	-4.63759	-4.59776
35	5	85	2.69794	-3.5895	-3.48348
35	15	5	2.73585	-4.1651	-4.34031
35	15	15	3.11903	-5.07745	-5.65511
35	15	25	3.16287	-4.30451	-4.87038
35	15	35	2.33522	-3.02367	-2.9262
35	15	45	2.48912	-3.3782	-3.29908
35	15	55	2.61073	-4.58334	-4.5438
35	15	65	2.65193	-4.58489	-4.64442
35	15	75	2.61439	-4.13538	-4.11568
35	15	85	2.53362	-2.91822	-2.91653
35	25	5	2.5713	-4.8666	-4.84639
35	25	15	3.15514	-5.23568	-5.59799
35	25	25	3.6639	-4.90173	-4.65496
35	25	35	3.37563	-4.18924	-3.37145
35	25	45	3.64798	-4.50016	-3.67952
35	25	55	2.9299	-4.99848	-4.65649
35	25	65	2.63307	-5.04843	-5.02723
35	25	75	2.53426	-5.00566	-4.94484
35	25	85	2.55239	-4.90306	-4.90335
35	35	5	2.59145	-4.95773	-4.99732
35	35	15	2.97664	-5.19694	-5.30173
35	35	25	3.05635	-4.34319	-4.28369
35	35	35	2.91055	-3.83962	-3.61591
35	35	45	2.94894	-2.95387	-2.9221
35	35	55	2.70425	-4.4381	-4.32811
35	35	65	2.63789	-5.06041	-5.09438
35	35	75	2.53152	-4.8205	-4.78164
35	35	85	2.56915	-4.46023	-4.43984
35	45	5	2.6138	-4.63365	-4.69043
35	45	15	3.19624	-5.10353	-5.76311
35	45	25	2.58989	-5.10186	-5.13386
35	45	35	2.68105	-4.23917	-4.36545
35	45	45	2.71624	-2.63771	-2.77551
35	45	55	2.73604	-3.79676	-3.73586
35	45	65	2.83274	-5.26214	-5.04366
35	45	75	2.67433	-4.09994	-4.0223
35	45	85	2.39199	-3.49532	-3.49334
35	55	5	2.57075	-4.3361	-4.35592
35	55	15	3.55309	-5.09946	-6.12139
35	55	25	2.75392	-5.10208	-5.30523
35	55	35	2.72421	-4.32113	-4.41423
35	55	45	2.67488	-2.65399	-2.61779
35	55	55	2.85311	-3.17309	-3.0127
35	55	65	2.61356	-4.29439	-4.29357
35	55	75	2.47321	-3.07509	-3.09655
35	55	85	2.01134	-2.77941	-2.77934
35	65	5	2.64742	-4.16392	-4.10392
35	65	15	3.13102	-5.13678	-5.63678
35	65	25	2.76262	-5.10199	-5.27359
35	65	35	2.76197	-4.46282	-4.63217
35	65	45	2.57197	-2.81993	-2.80088
35	65	55	2.81188	-3.33331	-3.31457
35	65	65	2.89031	-4.23795	-4.09764
35	65	75	3.07425	-3.62433	-3.14833
35	65	85	2.61024	-3.17266	-2.95268
35	75	5	3.97542	-4.80925	-3.74366
35	75	15	4.0174	-6.29425	-5.34865
35	75	25	3.89943	-6.18557	-5.24677
35	75	35	3.3939	-5.34205	-4.74411
35	75	45	3.11188	-4.13923	-3.58009
35	75	55	2.8519	-4.91496	-5.05505
35	75	65	2.83235	-4.99728	-5.03701
35	75	75	2.89585	-3.87244	-3.64929
35	75	85	3.47823	-3.78997	-2.94359
35	85	5	3.21128	-3.87448	-3.73505
35	85	15	3.09198	-5.37557	-5.31621
35	85	25	3.19668	-5.34393	-5.30549
35	85	35	2.74988	-4.37806	-4.18408
35	85	45	2.60077	-4.21559	-4.16689
35	85	55	2.73845	-5.01094	-5.18476
35	85	65	2.80273	-5.0281	-5.25894
35	85	75	2.67443	-4.12596	-4.16902
35	85	85	2.98451	-3.89101	-3.61918
45	5	5	2.69834	-3.23808	-3.17078
45	5	15	2.91186	-5.28992	-5.2899
45	5	25	2.93169	-4.72014	-4.58356
45	5	35	2.60653	-3.12948	-3.0261
45	5	45	2.50406	-3.90538	-3.89492
45	5	55	2.61518	-5.06388	-5.12694
45	5	65	2.73421	-5.14142	-5.26193
45	5	75	2.63634	-4.68483	-4.6816
45	5	85	2.65854	-3.94841	-3.88254
45	15	5	2.63861	-3.61644	-3.66967
45	15	15	2.62445	-5.07619	-5.14519
45	15	25	2.67912	-4.12667	-4.1859
45	15	35	2.35923	-2.73336	-2.77892
45	15	45	2.42285	-3.34363	-3.33532
45	15	55	2.65455	-5.03395	-5.01734
45	15	65	2.7544	-5.08103	-5.04108
45	15	75	2.6544	-4.59925	-4.54045
45	15	85	2.65318	-2.99244	-2.89114
45	25	5	2.71641	-4.78248	-4.90036
45	25	15	3.01436	-5.10412	-5.52603
45	25	25	2.73918	-4.3423	-4.48995
45	25	35	2.71592	-4.00604	-3.92974
45	25	45	3.19637	-4.58607	-4.0686
45	25	55	3.31435	-5.51285	-4.79133
45	25	65	3.23348	-5.47171	-4.99254
45	25	75	2.87547	-5.0937	-4.79413
45	25	85	2.55633	-4.48594	-4.46313
45	35	5	2.81631	-4.58288	-4.63891
45	35	15	3.33547	-5.25854	-5.79976
45	35	25	2.86272	-4.6631	-4.6924
45	35	35	2.76046	-4.24604	-4.09228
45	35	45	2.69715	-3.11099	-3.04987
45	35	55	2.7575	-4.67612	-4.51212
45	35	65	2.73945	-5.20083	-5.11323
45	35	75	2.59713	-4.82422	-4.86057
45	35	85	2.57637	-4.22212	-4.20019
45	45	5	2.82093	-3.77868	-4.02882
45	45	15	3.62522	-5.10771	-6.32479
45	45	25	2.94967	-5.08405	-5.47606
45	45	35	2.70863	-4.7449	-4.89515
45	45	45	2.63403	-2.95298	-3.03195
45	45	55	2.5735	-3.99644	-4.01561
45	45	65	2.69361	-5.08791	-5.10694
45	45	75	2.63857	-4.36494	-4.28438
45	45	85	2.58007	-3.36395	-3.3363
45	55	5	2.6711	-3.69315	-3.81308
45	55	15	3.31308	-5.09267	-5.85461
45	55	25	2.96873	-5.10207	-5.51967
45	55	35	2.62657	-4.62197	-4.69751
45	55	45	2.67396	-2.68476	-2.74767
45	55	55	2.59187	-3.45231	-3.5335
45	55	65	2.69274	-4.83359	-4.97508
45	55	75	2.53685	-3.46022	-3.4457
45	55	85	2.37266	-2.94098	-2.94065
45	65	5	2.99024	-3.9232	-3.68318
45	65	15	4.01225	-5.38674	-6.24792
45	65	25	3.50825	-5.402	-5.75921
45	65	35	2.92285	-5.08205	-5.09386
45	65	45	2.61392	-2.84602	-2.86812
45	65	55	2.59385	-3.97188	-4.0151
45	65	65	2.67226	-4.77944	-4.86067
45	65	75	2.59748	-3.60507	-3.5715
45	65	85	2.69112	-3.04311	-2.84318
45	75	5	4.18423	-5.19427	-3.56108
45	75	15	5.12342	-7.07415	-5.66175
45	75	25	5.06664	-7.08994	-5.58955
45	75	35	3.70109	-5.86445	-4.80891
45	75	45	3.43469	-5.16964	-4.41171
45	75	55	3.01632	-5.4972	-5.0401
45	75	65	3.07195	-5.38428	-5.22441
45	75	75	3.0739	-5.00197	-4.48083
45	75	85	3.55985	-4.61131	-3.60249
45	85	5	2.89466	-4.48168	-4.17809
45	85	15	3.29777	-5.59764	-5.33169
45	85	25	3.27076	-5.59789	-5.12578
45	85	35	2.97748	-4.90446	-4.56368
45	85	45	2.64307	-4.32044	-4.27647
45	85	55	2.60166	-5.09559	-5.09822
45	85	65	2.58014	-5.08352	-5.11898
45	85	75	2.65485	-4.64048	-4.57841
45	85	85	2.68453	-4.32526	-4.23179
55	5	5	2.65774	-3.65094	-3.58424
55	5	15	3.05104	-5.46237	-5.36397
55	5	25	3.28368	-4.97208	-4.52345
55	5	35	3.01507	-3.58202	-3.52212
55	5	45	2.94882	-4.07661	-4.34202
55	5	55	2.6688	-5.08841	-5.19947
55	5	65	2.59855	-5.10519	-5.1452
55	5	75	2.6349	-4.88459	-4.80236
55	5	85	2.6166	-4.33553	-4.27235
55	15	5	2.75463	-3.26043	-3.07765
55	15	15	2.74057	-5.23015	-5.22463
55	15	25	2.90017	-3.86725	-4.12466
55	15	35	3.13794	-2.77204	-3.29338
55	15	45	2.77198	-3.74292	-3.88284
55	15	55	2.72383	-5.16032	-5.17184
55	15	65	2.69493	-5.22265	-5.16379
55	15	75	2.63296	-4.8627	-4.86324
55	15	85	2.67208	-3.25343	-3.13325
55	25	5	2.79434	-4.54027	-4.41867
55	25	15	2.99558	-5.31273	-5.2746
55	25	25	2.97475	-4.70174	-4.96574
55	25	35	3.19919	-4.12206	-4.65018
55	25	45	2.80437	-4.29989	-4.39234
55	25	55	2.79808	-5.05173	-4.95627
55	25	65	2.89767	-5.26159	-5.12402
55	25	75	2.97271	-5.05964	-4.68042
55	25	85	2.81557	-4.17444	-3.95082
55	35	5	3.10998	-4.60692	-4.33051
55	35	15	3.39033	-5.58925	-5.6004
55	35	25	3.20235	-5.3497	-5.14896
55	35	35	2.92411	-4.8725	-4.91345
55	35	45	2.78033	-3.84171	-3.70302
55	35	55	2.73435	-4.72134	-4.70218
55	35	65	2.77548	-5.13822	-5.19745
55	35	75	2.70153	-4.86666	-4.84028
55	35	85	2.84562	-4.14832	-4.01715
55	45	5	2.74253	-3.23364	-3.32581
55	45	15	3.04015	-5.07348	-5.63478
55	45	25	2.9461	-5.10492	-5.49404
55	45	35	2.67914	-4.99329	-5.11571
55	45	45	2.59351	-3.36171	-3.42337
55	45	55	2.57264	-4.46096	-4.48096
55	45	65	2.61424	-5.07143	-5.13143
55	45	75	2.64252	-4.50676	-4.58686
55	45	85	2.6029	-3.50518	-3.53949
55	55	5	2.83425	-2.82781	-3.10884
55	55	15	3.2785	-5.0364	-5.94183
55	55	25	3.24884	-5.10329	-5.7985
55	55	35	2.60072	-4.84205	-4.89088
55	55	45	2.57268	-3.01525	-3.05606
55	55	55	2.61145	-4.09905	-4.11942
55	55	65	2.73589	-5.03996	-5.2247
55	55	75	2.58617	-3.88065	-3.91554
55	55	85	2.53284	-2.94627	-2.94679
55	65	5	3.09234	-3.74287	-3.40165
55	65	15	4.0539	-5.69391	-5.95669
55	65	25	3.94833	-5.6619	-5.81912
55	65	35	3.09744	-5.28207	-5.02843
55	65	45	2.75225	-3.59284	-3.51327
55	65	55	2.67144	-4.6133	-4.6537
55	65	65	2.89382	-5.06946	-5.29225
55	65	75	2.60393	-4.37667	-4.38957
55	65	85	2.65172	-3.33008	-3.22981
55	75	5	4.28552	-5.75215	-4.13767
55	75	15	5.57265	-7.2525	-5.95249
55	75	25	5.45943	-7.33934	-5.61334
55	75	35	4.48201	-6.74806	-5.06702
55	75	45	3.89306	-5.91885	-4.89927
55	75	55	3.01305	-5.43692	-5.09813
55	75	65	3.07384	-5.27985	-5.40184
55	75	75	2.8967	-5.25684	-4.91922
55	75	85	3.69874	-5.579	-4.43132
55	85	5	2.88592	-4.96693	-4.63207
55	85	15	3.2576	-5.437	-5.49202
55	85	25	3.93485	-6.04306	-5.38563
55	85	35	3.62604	-5.37329	-4.58501
55	85	45	3.22787	-4.96726	-4.70006
55	85	55	2.66503	-5.17458	-5.11338
55	85	65	2.62236	-5.12837	-5.14441
55	85	75	2.61855	-5.08798	-5.0213
55	85	85	2.77504	-5.25319	-5.03002
65	5	5	2.62216	-4.41168	-4.42064
65	5	15	2.83066	-5.21227	-5.21265
65	5	25	3.11455	-5.11812	-4.89186
65	5	35	3.08566	-3.45365	-3.40186
65	5	45	3.01167	-3.46908	-3.64924
65	5	55	2.76158	-5.03605	-5.19432
65	5	65	2.60441	-5.13391	-5.18296
65	5	75	2.64157	-5.11135	-5.06323
65	5	85	2.58661	-4.83512	-4.80131
65	15	5	2.79568	-3.30968	-3.14583
65	15	15	2.75465	-4.91409	-4.9921
65	15	25	2.72227	-3.74886	-3.78572
65	15	35	3.15449	-2.7909	-3.34783
65	15	45	3.27403	-3.42819	-4.14763
65	15	55	2.76203	-5.08281	-5.24862
65	15	65	2.65547	-5.16488	-5.14297
65	15	75	2.71668	-5.00763	-4.96249
65	15	85	2.59416	-3.59869	-3.55651
65	25	5	3.29621	-4.1073	-3.5632
65	25	15	3.57937	-5.84581	-5.14563
65	25	25	3.4594	-5.52464	-5.02983
65	25	35	3.97431	-4.45807	-5.07854
65	25	45	3.46307	-4.39861	-4.70341
65	25	55	2.79716	-5.23413	-5.16011
65	25	65	1.79525	-5.12378	-5.14364
65	25	75	2.17375	-4.78267	-4.66451
65	25	85	3.01419	-3.55873	-3.13732
65	35	5	3.15137	-3.73831	-3.45926
65	35	15	3.21733	-5.47046	-5.21017
65	35	25	3.15315	-5.15713	-5.36945
65	35	35	3.34487	-4.94134	-5.43739
65	35	45	2.98329	-4.24372	-4.39104
65	35	55	2.79876	-5.0052	-5.21131
65	35	65	2.6315	-5.11779	-5.17908
65	35	75	2.63683	-4.44041	-4.38298
65	35	85	2.86845	-3.45843	-3.21615
65	45	5	2.84491	-3.07131	-3.3002
65	45	15	2.85103	-4.85891	-5.08867
65	45	25	2.9507	-5.05324	-5.35586
65	45	35	2.88194	-5.12375	-5.32405
65	45	45	2.65681	-4.09577	-4.17828
65	45	55	2.67433	-4.83436	-4.91526
65	45	65	2.67595	-5.07403	-5.19571
65	45	75	2.63973	-4.32435	-4.40741
65	45	85	2.62071	-3.18198	-3.23916
65	55	5	2.83632	-2.89423	-3.13093
65	55	15	3.11965	-4.70703	-5.32896
65	55	25	2.8161	-4.70347	-4.96517
65	55	35	2.65731	-5.0245	-5.12586
65	55	45	2.59281	-3.40111	-3.4403
65	55	55	2.63118	-4.42777	-4.48804
65	55	65	2.84152	-5.06968	-5.35923
65	55	75	2.70675	-4.14201	-4.29652
65	55	85	2.64324	-2.85028	-2.942
65	65	5	3.25879	-3.92444	-3.86195
65	65	15	4.12123	-5.70113	-5.84215
65	65	25	4.05529	-5.8012	-5.22489
65	65	35	3.47304	-5.90209	-5.08404
65	65	45	2.87189	-4.33765	-4.05688
65	65	55	2.83146	-4.80112	-5.00071
65	65	65	3.3219	-5.06202	-5.79241
65	65	75	2.63044	-4.6416	-4.67941
65	65	85	2.74001	-3.70021	-3.7244
65	75	5	3.87212	-5.86437	-4.82591
65	75	15	5.1583	-6.65009	-5.88926
65	75	25	5.1395	-7.3495	-5.40193
65	75	35	4.66408	-7.09245	-5.06232
65	75	45	4.15349	-6.20008	-4.63807
65	75	55	3.29228	-5.65029	-5.18906
65	75	65	3.57664	-5.47189	-5.73664
65	75	75	2.94433	-5.40266	-5.03104
65	75	85	2.90872	-5.28183	-4.92936
65	85	5	2.81054	-5.1877	-5.00907
65	85	15	3.40682	-5.39694	-5.72197
65	85	25	3.75875	-6.04191	-5.33189
65	85	35	4.14509	-6.01308	-4.54187
65	85	45	3.73087	-4.67784	-3.6597
65	85	55	2.98077	-5.32451	-5.13476
65	85	65	2.92048	-5.26857	-5.30235
65	85	75	2.73979	-5.28951	-5.10363
65	85	85	2.70417	-5.2309	-5.07886
75	5	5	2.70476	-5.11461	-5.00226
75	5	15	3.20684	-5.23225	-5.48231
75	5	25	2.76239	-5.16165	-5.09418
75	5	35	2.95367	-3.82136	-3.50455
75	5	45	2.71459	-2.95317	-2.78962
75	5	55	2.72161	-4.50096	-4.49278
75	5	65	2.70328	-5.23043	-5.16242
75	5	75	2.73772	-5.24102	-5.10971
75	5	85	2.85343	-5.24221	-4.98426
75	15	5	2.66604	-3.59042	-3.47662
75	15	15	3.18504	-4.37994	-4.6293
75	15	25	2.83516	-3.9743	-3.83275
75	15	35	2.76128	-2.94427	-2.77493
75	15	45	2.85375	-3.26513	-3.40402
75	15	55	2.77332	-5.06765	-4.9478
75	15	65	2.61563	-5.1241	-5.1609
75	15	75	2.70428	-5.19151	-5.12622
75	15	85	2.58584	-4.07311	-4.0434
75	25	5	2.85478	-2.93398	-2.71203
75	25	15	3.73887	-5.22704	-4.44503
75	25	25	3.72536	-5.96085	-4.80635
75	25	35	3.39757	-4.59895	-3.8749
75	25	45	3.41672	-4.32065	-4.29535
75	25	55	2.63651	-5.15034	-5.0902
75	25	65	2.13406	-5.1021	-5.10415
75	25	75	2.45523	-4.86286	-4.86581
75	25	85	2.57197	-2.97887	-2.97817
75	35	5	3.07656	-3.36398	-3.24621
75	35	15	3.49111	-5.02013	-4.75846
75	35	25	3.41164	-5.63538	-4.9837
75	35	35	3.53917	-5.44332	-5.29778
75	35	45	3.09961	-4.74686	-4.78399
75	35	55	2.73529	-5.02397	-5.04409
75	35	65	2.69372	-5.1411	-5.18494
75	35	75	2.66693	-4.38204	-4.34475
75	35	85	2.73762	-3.01486	-2.88023
75	45	5	2.71477	-3.71674	-3.854
75	45	15	3.12729	-4.36126	-4.50695
75	45	25	2.96451	-4.34744	-4.43033
75	45	35	3.16548	-5.02371	-5.38923
75	45	45	3.02052	-4.65907	-4.88212
75	45	55	2.70076	-5.06683	-5.08734
75	45	65	2.68799	-5.10692	-5.26943
75	45	75	2.72347	-4.58559	-4.7104
75	45	85	2.61364	-3.33728	-3.33952
75	55	5	2.92535	-3.83333	-3.94801
75	55	15	3.24518	-4.85765	-5.27806
75	55	25	3.06117	-4.40568	-4.45742
75	55	35	2.80317	-4.74485	-4.9074
75	55	45	2.63858	-4.2436	-4.3463
75	55	55	2.71726	-4.84236	-4.98684
75	55	65	2.88721	-5.11758	-5.41111
75	55	75	2.75362	-4.24368	-4.40183
75	55	85	2.66684	-3.04712	-3.08154
75	65	5	3.56991	-5.11205	-4.62084
75	65	15	4.66955	-5.98652	-6.16681
75	65	25	3.94378	-5.61575	-4.60556
75	65	35	3.99689	-5.95535	-4.53941
75	65	45	3.15221	-5.08105	-4.52102
75	65	55	3.17364	-4.98938	-5.36883
75	65	65	3.36927	-5.15036	-5.84461
75	65	75	3.17277	-4.64367	-5.22086
75	65	85	2.72422	-3.82648	-3.75238
75	75	5	3.46174	-5.60237	-5.25305
75	75	15	4.63373	-6.00462	-6.29966
75	75	25	4.4169	-6.70885	-5.04168
75	75	35	4.57701	-6.55881	-4.53766
75	75	45	4.18359	-5.61257	-3.98128
75	75	55	4.04206	-5.77055	-5.36196
75	75	65	3.96893	-5.58271	-6.02561
75	75	75	3.26268	-5.47278	-5.40054
75	75	85	3.0792	-5.30854	-5.04448
75	85	5	3.44752	-5.83387	-5.25971
75	85	15	4.04786	-5.64806	-6.21616
75	85	25	3.60619	-5.99955	-5.09307
75	85	35	4.40741	-6.31618	-4.5027
75	85	45	4.21274	-4.64133	-2.98123
75	85	55	3.82329	-5.52463	-4.77237
75	85	65	3.40075	-5.4083	-5.64339
75	85	75	3.2894	-5.69013	-5.2123
75	85	85	3.0837	-5.46703	-5.06645
85	5	5	3.28782	-5.61333	-5.12349
85	5	15	3.97885	-5.76254	-5.74923
85	5	25	3.2393	-5.5785	-5.03632
85	5	35	3.25381	-4.14265	-3.52087
85	5	45	3.0437	-3.1219	-2.63003
85	5	55	2.76769	-3.59587	-3.62001
85	5	65	3.08855	-5.14412	-5.5939
85	5	75	3.04821	-5.21719	-5.32484
85	5	85	3.08355	-5.43545	-5.02035
85	15	5	2.73941	-4.36052	-4.46635
85	15	15	3.20114	-4.40247	-4.84691
85	15	25	2.94349	-4.38643	-4.28641
85	15	35	2.78274	-3.1117	-2.8609
85	15	45	2.77718	-3.035	-2.82963
85	15	55	2.98217	-4.60086	-4.38187
85	15	65	3.04661	-5.21901	-5.49305
85	15	75	2.70535	-5.12663	-5.19411
85	15	85	2.62693	-4.54297	-4.53622
85	25	5	2.7361	-2.92162	-2.9051
85	25	15	3.21869	-3.61232	-4.07439
85	25	25	3.11749	-5.04657	-4.5254
85	25	35	3.35873	-4.44247	-3.67568
85	25	45	2.95684	-4.07969	-3.79591
85	25	55	2.87168	-5.20964	-4.95835
85	25	65	2.7645	-5.16188	-5.32706
85	25	75	2.70059	-4.88367	-4.98991
85	25	85	2.62197	-3.52207	-3.49217
85	35	5	3.22087	-4.12276	-3.74541
85	35	15	3.70078	-4.61749	-4.43911
85	35	25	3.35788	-5.14941	-4.44714
85	35	35	2.91601	-4.58085	-4.21607
85	35	45	2.95806	-4.78043	-4.73996
85	35	55	2.85981	-5.11875	-5.10505
85	35	65	2.94084	-5.34179	-5.32996
85	35	75	2.9185	-5.12323	-4.76911
85	35	85	2.79794	-3.25845	-3.10175
85	45	5	3.04659	-4.41212	-4.8376
85	45	15	3.26643	-4.73261	-4.46448
85	45	25	3.45889	-4.83147	-4.05515
85	45	35	3.19401	-4.338	-3.98057
85	45	45	2.90081	-4.99794	-4.86691
85	45	55	2.86648	-5.03128	-5.14343
85	45	65	2.71041	-5.14285	-5.45501
85	45	75	2.98744	-4.66848	-4.97157
85	45	85	2.87592	-3.41738	-3.51957
85	55	5	3.78265	-4.96869	-5.83521
85	55	15	3.63305	-5.64654	-5.22362
85	55	25	3.50492	-4.87853	-4.92161
85	55	35	2.96814	-3.88719	-4.05719
85	55	45	2.8642	-4.70438	-4.94479
85	55	55	3.06759	-4.86113	-5.31729
85	55	65	2.94268	-5.20926	-5.74251
85	55	75	3.27704	-4.23201	-4.73799
85	55	85	3.1926	-3.26573	-3.67834
85	65	5	4.22209	-5.66679	-5.72453
85	65	15	5.09917	-6.57496	-6.12134
85	65	25	4.60929	-6.20306	-4.87924
85	65	35	4.27319	-5.00961	-3.79973
85	65	45	3.97842	-5.21445	-4.28175
85	65	55	3.89968	-5.51094	-5.64736
85	65	65	4.06086	-5.56706	-6.09483
85	65	75	3.68152	-4.83668	-5.21768
85	65	85	3.37307	-4.32166	-3.94925
85	75	5	3.35324	-5.40555	-5.54478
85	75	15	4.85224	-5.81382	-6.58167
85	75	25	4.51745	-6.37853	-4.90899
85	75	35	4.65134	-5.97955	-3.93729
85	75	45	4.38148	-5.1588	-3.49222
85	75	55	4.41914	-5.25567	-5.03248
85	75	65	4.11832	-5.71066	-6.09098
85	75	75	3.39483	-5.34793	-5.45942
85	75	85	3.15806	-5.02751	-4.8044
85	85	5	4.00388	-6.06734	-5.50201
85	85	15	5.15099	-6.7517	-6.06716
85	85	25	4.31486	-6.32477	-4.80109
85	85	35	4.61403	-5.59979	-3.62083
85	85	45	4.59896	-4.73735	-2.812
85	85	55	4.24975	-4.79754	-4.14041
85	85	65	4.00564	-5.56544	-6.08201
85	85	75	3.66082	-5.48887	-5.58474
85	85	85	3.53626	-5.77185	-4.85662
