5	5	5	2.67	-3.42004	-3.49817
5	5	15	2.57464	-2.99247	-2.97363
5	5	25	2.85392	-3.62635	-3.32473
5	5	35	4.07718	-5.70219	-5.25769
5	5	45	4.66646	-6.16608	-5.95147
5	5	55	3.67525	-5.75887	-5.27327
5	5	65	3.06917	-5.25163	-4.99757
5	5	75	2.97512	-4.96977	-5.10707
5	5	85	3.7208	-5.07964	-6.1676
5	15	5	2.71077	-3.93869	-3.93523
5	15	15	2.75489	-2.88305	-2.72208
5	15	25	2.87509	-3.01328	-2.69083
5	15	35	3.44312	-4.73411	-4.36202
5	15	45	3.87036	-5.72971	-5.49518
5	15	55	3.24759	-5.16789	-4.73147
5	15	65	2.88239	-4.78571	-4.58642
5	15	75	2.79427	-5.11714	-5.19624
5	15	85	3.63392	-4.97162	-5.93365
5	25	5	2.64639	-5.07947	-5.12599
5	25	15	2.624	-3.72836	-3.74123
5	25	25	2.56472	-2.60636	-2.59268
5	25	35	2.84593	-3.84954	-3.71623
5	25	45	2.78084	-4.95425	-4.80867
5	25	55	2.7036	-4.08561	-3.98922
5	25	65	2.69644	-3.88004	-3.77901
5	25	75	2.63654	-5.03441	-4.99028
5	25	85	3.00119	-5.10772	-5.54344
5	35	5	2.66494	-5.12322	-5.19269
5	35	15	2.6122	-4.03679	-4.01657
5	35	25	2.90166	-2.81546	-2.90643
5	35	35	2.87032	-3.29653	-3.10128
5	35	45	2.84132	-4.5055	-4.33659
5	35	55	2.63962	-3.7187	-3.71767
5	35	65	2.55602	-3.33887	-3.33901
5	35	75	2.59251	-4.87966	-4.8394
5	35	85	3.05404	-5.12079	-5.58115
5	45	5	2.58183	-5.10419	-5.09041
5	45	15	2.73593	-4.08522	-4.02283
5	45	25	3.68648	-3.4633	-3.08864
5	45	35	3.62301	-3.83641	-2.89016
5	45	45	3.81724	-4.7869	-3.64656
5	45	55	4.01612	-4.70039	-3.28203
5	45	65	3.15134	-3.78184	-3.22174
5	45	75	2.7141	-4.53172	-4.45043
5	45	85	2.81615	-5.16047	-5.30119
5	55	5	3.04703	-5.47392	-5.18606
5	55	15	3.36848	-4.71456	-4.73975
5	55	25	3.4639	-3.8367	-3.48954
5	55	35	3.60705	-4.8387	-3.98706
5	55	45	4.42501	-6.1187	-4.41403
5	55	55	4.63816	-4.96275	-2.96264
5	55	65	4.20936	-4.40539	-2.79863
5	55	75	3.70469	-4.72113	-3.97595
5	55	85	3.34773	-5.58132	-5.40303
5	65	5	3.42551	-5.53029	-5.14818
5	65	15	3.50762	-4.16426	-4.1876
5	65	25	3.63263	-4.14922	-3.76015
5	65	35	3.19113	-5.45007	-4.98144
5	65	45	3.74176	-5.76726	-4.91595
5	65	55	4.51125	-4.96921	-3.30108
5	65	65	4.26224	-4.62254	-2.97192
5	65	75	3.71373	-4.5919	-3.73008
5	65	85	3.23933	-5.39446	-5.46811
5	75	5	2.99097	-4.30097	-4.42291
5	75	15	3.03854	-3.28981	-3.21697
5	75	25	2.78918	-3.37893	-3.351
5	75	35	2.92845	-4.37305	-4.32473
5	75	45	3.0663	-3.84272	-4.07716
5	75	55	3.09073	-4.16956	-3.9898
5	75	65	2.78886	-3.17758	-3.08911
5	75	75	2.88487	-3.70327	-3.85835
5	75	85	3.19805	-5.20577	-5.59332
5	85	5	2.85039	-4.5114	-4.59182
5	85	15	2.60824	-3.24031	-3.233
5	85	25	2.68601	-3.17692	-3.08308
5	85	35	3.2654	-3.47238	-3.72209
5	85	45	3.48072	-3.33593	-3.83914
5	85	55	3.35955	-3.34631	-3.73515
5	85	65	2.68249	-3.41987	-3.38749
5	85	75	2.99593	-4.89997	-4.98272
5	85	85	3.70514	-5.11011	-6.21482
15	5	5	2.82053	-4.24338	-4.46955
15	5	15	2.66001	-3.44808	-3.39698
15	5	25	2.77376	-3.68456	-3.6661
15	5	35	3.53589	-4.80365	-5.46332
15	5	45	4.01025	-5.61002	-5.91882
15	5	55	3.87513	-5.76932	-5.3997
15	5	65	3.06718	-5.22733	-5.09429
15	5	75	3.2881	-5.11314	-5.31746
15	5	85	4.14929	-5.1981	-6.58892
15	15	5	3.03191	-4.40198	-4.16045
15	15	15	2.8142	-3.7492	-3.56996
15	15	25	3.11512	-3.24223	-2.80072
15	15	35	3.75631	-4.99097	-4.82729
15	15	45	4.20199	-5.73971	-5.99995
15	15	55	3.53639	-5.26496	-5.48245
15	15	65	2.81016	-4.66323	-4.47407
15	15	75	3.15603	-5.11855	-5.40107
15	15	85	3.71996	-5.27775	-5.96424
15	25	5	2.68994	-5.1647	-5.17067
15	25	15	2.70287	-4.34849	-4.27765
15	25	25	2.58643	-2.66902	-2.63441
15	25	35	3.16317	-4.16555	-3.7942
15	25	45	3.91837	-5.86574	-5.50569
15	25	55	3.33306	-4.47947	-4.30108
15	25	65	2.85052	-3.95285	-3.77074
15	25	75	2.79616	-4.75206	-4.75389
15	25	85	3.50229	-5.14472	-6.00795
15	35	5	2.80706	-5.21202	-5.24803
15	35	15	2.66636	-4.39599	-4.28156
15	35	25	2.77358	-2.81652	-2.67397
15	35	35	3.40997	-3.66472	-3.01793
15	35	45	3.41186	-4.76872	-4.71754
15	35	55	2.82472	-3.33933	-3.28503
15	35	65	2.67198	-3.42562	-3.37379
15	35	75	2.70853	-4.34554	-4.48224
15	35	85	3.20751	-5.2086	-5.64667
15	45	5	2.95022	-5.45714	-5.10604
15	45	15	3.1883	-5.03885	-4.48247
15	45	25	3.45891	-3.6266	-2.92114
15	45	35	4.08657	-4.69458	-3.22839
15	45	45	4.43218	-5.71263	-4.2101
15	45	55	4.14583	-4.59202	-3.25382
15	45	65	3.76279	-4.29473	-3.144
15	45	75	3.26262	-4.71405	-4.17101
15	45	85	3.60694	-5.56782	-5.68165
15	55	5	2.98069	-5.40853	-5.10507
15	55	15	2.9862	-5.03672	-4.64174
15	55	25	3.02619	-3.91071	-3.72292
15	55	35	3.46527	-5.60127	-4.98131
15	55	45	4.43817	-6.57513	-5.02511
15	55	55	4.60777	-5.60294	-3.55715
15	55	65	4.30485	-4.61409	-2.95009
15	55	75	3.74331	-4.61009	-3.71027
15	55	85	3.59	-5.70149	-5.51387
15	65	5	3.10415	-5.48884	-5.06804
15	65	15	3.64421	-5.13186	-4.32461
15	65	25	3.66989	-5.17546	-4.27615
15	65	35	4.43628	-6.6564	-5.23713
15	65	45	4.37054	-6.66146	-5.19346
15	65	55	4.86158	-6.1076	-4.37614
15	65	65	4.75002	-5.52503	-3.75073
15	65	75	4.16946	-4.63338	-3.93598
15	65	85	3.22367	-5.54447	-5.27904
15	75	5	3.28449	-4.83691	-5.10004
15	75	15	3.3384	-3.61186	-3.4516
15	75	25	3.45114	-4.28727	-3.96075
15	75	35	3.75736	-5.68885	-5.45405
15	75	45	3.4701	-5.53454	-5.22036
15	75	55	3.72811	-5.19722	-5.04972
15	75	65	3.56559	-3.95538	-3.9854
15	75	75	3.69633	-3.3351	-4.28788
15	75	85	2.91441	-5.12546	-5.38111
15	85	5	2.96327	-4.32695	-4.64834
15	85	15	2.80805	-3.14417	-3.37853
15	85	25	2.80005	-3.44147	-3.60794
15	85	35	3.4168	-4.54776	-5.16785
15	85	45	3.83627	-4.80964	-5.52201
15	85	55	3.53645	-4.34532	-4.8282
15	85	65	3.01998	-3.18196	-3.15939
15	85	75	3.72044	-4.48536	-5.04464
15	85	85	3.76822	-5.24225	-6.1195
25	5	5	3.39697	-4.3627	-5.08614
25	5	15	2.999	-3.94605	-4.27319
25	5	25	2.75827	-4.04326	-4.12971
25	5	35	3.63188	-4.90881	-5.70886
25	5	45	3.28304	-5.09291	-5.5961
25	5	55	3.97869	-5.01848	-5.91011
25	5	65	4.0154	-4.70882	-5.67933
25	5	75	4.11983	-4.96623	-6.12003
25	5	85	3.95405	-5.1458	-6.42444
25	15	5	3.19908	-4.7227	-4.96913
25	15	15	2.99138	-4.38803	-4.18119
25	15	25	3.2418	-3.57459	-3.13091
25	15	35	4.0023	-5.24176	-5.19209
25	15	45	3.84076	-5.64014	-5.91526
25	15	55	3.31031	-4.96456	-5.35772
25	15	65	3.10676	-4.2193	-4.73334
25	15	75	3.31946	-4.51927	-5.20528
25	15	85	4.02583	-5.17975	-6.48894
25	25	5	3.10986	-5.54116	-5.17914
25	25	15	3.11635	-5.24142	-4.80554
25	25	25	3.33541	-3.69488	-2.99063
25	25	35	3.95925	-5.12261	-4.27519
25	25	45	5.31597	-6.68943	-6.16778
25	25	55	4.09785	-5.1211	-5.0703
25	25	65	2.939	-3.51761	-3.50565
25	25	75	3.25665	-4.10878	-4.17441
25	25	85	4.05544	-5.61956	-6.08315
25	35	5	3.12826	-5.65406	-5.12721
25	35	15	3.32875	-5.37964	-4.64201
25	35	25	3.41271	-3.50642	-2.68476
25	35	35	4.06714	-4.76637	-3.61511
25	35	45	4.69556	-5.87669	-5.9348
25	35	55	4.07865	-4.09205	-4.43567
25	35	65	3.05019	-3.38519	-3.23401
25	35	75	2.97588	-3.75664	-4.0567
25	35	85	3.53946	-5.45862	-5.71504
25	45	5	3.23864	-5.7668	-5.1248
25	45	15	3.87918	-6.19007	-4.86218
25	45	25	4.60913	-4.55967	-3.10968
25	45	35	4.36684	-5.54676	-4.21442
25	45	45	4.39138	-6.07349	-5.20334
25	45	55	4.20877	-4.49553	-4.29473
25	45	65	3.4695	-3.46675	-3.25875
25	45	75	3.3607	-4.03241	-3.95084
25	45	85	3.15504	-5.3895	-5.38793
25	55	5	3.02545	-5.53394	-5.10437
25	55	15	2.96046	-5.11004	-4.82268
25	55	25	3.79632	-4.88006	-5.10292
25	55	35	3.47137	-5.49086	-5.50228
25	55	45	3.57963	-5.65716	-5.4592
25	55	55	4.26521	-5.66848	-5.00654
25	55	65	3.81554	-4.63293	-3.79662
25	55	75	4.12712	-4.89467	-3.80597
25	55	85	3.64945	-5.97772	-5.28417
25	65	5	3.24963	-5.69538	-5.00676
25	65	15	3.49401	-5.27925	-4.70542
25	65	25	3.59914	-4.94324	-4.60975
25	65	35	3.64522	-5.7376	-5.49977
25	65	45	3.85353	-6.10514	-5.35073
25	65	55	3.62816	-5.38847	-4.80293
25	65	65	3.9773	-5.32563	-4.52272
25	65	75	4.44895	-5.77193	-4.44221
25	65	85	3.51975	-5.88456	-5.22672
25	75	5	3.19825	-4.96023	-4.61002
25	75	15	3.31147	-3.37148	-3.58905
25	75	25	3.26753	-4.03036	-4.61342
25	75	35	3.40285	-5.127	-5.85148
25	75	45	3.17069	-5.24216	-5.57768
25	75	55	3.49047	-4.9624	-5.25776
25	75	65	4.14099	-4.42554	-4.8879
25	75	75	4.01941	-3.41889	-4.31103
25	75	85	3.11291	-5.32315	-5.37776
25	85	5	3.41521	-4.26762	-4.75944
25	85	15	2.9541	-2.99538	-3.25177
25	85	25	2.82176	-3.48478	-3.77148
25	85	35	3.71349	-5.01352	-6.09591
25	85	45	3.43104	-5.03938	-5.63937
25	85	55	3.9267	-4.77916	-5.63324
25	85	65	4.34655	-3.2339	-4.34303
25	85	75	4.25687	-3.81934	-5.06503
25	85	85	3.78509	-5.3839	-5.97972
35	5	5	3.67762	-4.76179	-5.60781
35	5	15	3.02761	-4.10247	-4.49737
35	5	25	2.85277	-4.43865	-4.38038
35	5	35	3.91261	-5.23163	-5.87005
35	5	45	3.75862	-5.54305	-5.76346
35	5	55	4.31306	-5.04361	-6.2944
35	5	65	4.58275	-4.17358	-5.71888
35	5	75	4.34068	-4.40025	-6.10504
35	5	85	3.51228	-5.13264	-5.97219
35	15	5	3.94989	-4.94247	-6.29974
35	15	15	2.91525	-4.72763	-5.04866
35	15	25	2.60368	-3.70774	-3.70035
35	15	35	3.14701	-4.83565	-4.99963
35	15	45	3.92464	-5.44656	-6.03775
35	15	55	3.58707	-5.04301	-5.75018
35	15	65	3.63347	-3.95583	-5.00024
35	15	75	3.59304	-4.20965	-5.25085
35	15	85	3.78584	-5.09519	-6.32997
35	25	5	3.68943	-5.40235	-5.93994
35	25	15	3.33049	-5.59252	-5.16783
35	25	25	3.47508	-4.20518	-3.36146
35	25	35	3.75656	-5.52408	-4.56175
35	25	45	5.13664	-6.7542	-5.97106
35	25	55	4.45636	-5.74199	-5.32546
35	25	65	3.51263	-4.03601	-3.79682
35	25	75	3.41138	-3.44439	-3.78397
35	25	85	4.03302	-5.20956	-6.45156
35	35	5	2.92744	-5.24198	-5.3384
35	35	15	2.79487	-5.08212	-4.84496
35	35	25	2.97245	-3.41615	-3.03491
35	35	35	3.33597	-4.70154	-4.08144
35	35	45	3.73597	-5.74398	-5.52076
35	35	55	3.71628	-4.60378	-4.24333
35	35	65	3.29626	-3.39002	-3.20804
35	35	75	2.91304	-2.98837	-3.02635
35	35	85	3.75263	-5.33698	-5.97618
35	45	5	3.35345	-5.84185	-5.04428
35	45	15	3.15167	-5.48204	-4.88269
35	45	25	3.09264	-3.87244	-3.57405
35	45	35	3.17786	-5.1341	-4.63933
35	45	45	4.05548	-5.71186	-5.7699
35	45	55	3.91672	-5.02114	-5.05789
35	45	65	3.07712	-3.55328	-3.27282
35	45	75	3.19266	-3.82163	-3.42241
35	45	85	3.43103	-5.69389	-5.33388
35	55	5	3.22223	-5.68613	-5.02854
35	55	15	3.43457	-5.62285	-5.14478
35	55	25	4.55831	-5.65765	-5.82412
35	55	35	3.34671	-5.57654	-5.29137
35	55	45	3.27591	-5.38031	-5.50349
35	55	55	3.7359	-5.33722	-5.67639
35	55	65	3.32105	-4.95853	-4.59416
35	55	75	3.34143	-4.80727	-4.13888
35	55	85	3.3826	-5.76291	-5.21211
35	65	5	3.28506	-5.70367	-5.07364
35	65	15	4.19125	-5.37765	-5.14585
35	65	25	4.4171	-5.06724	-5.78931
35	65	35	3.65347	-5.42379	-5.85342
35	65	45	3.04063	-5.28433	-5.40674
35	65	55	3.35992	-5.12453	-5.72613
35	65	65	2.83796	-5.13171	-5.21445
35	65	75	2.86362	-4.82184	-4.75406
35	65	85	3.07871	-5.47734	-5.19285
35	75	5	3.736	-5.33753	-4.6103
35	75	15	3.72603	-3.62932	-4.18576
35	75	25	3.12756	-4.17767	-4.4197
35	75	35	3.35456	-5.18614	-5.7875
35	75	45	2.84284	-5.10326	-5.39143
35	75	55	3.13634	-4.80237	-5.38602
35	75	65	3.79633	-4.31119	-5.47641
35	75	75	3.48357	-3.70433	-4.31665
35	75	85	3.30459	-5.58712	-5.33278
35	85	5	3.11128	-3.95115	-4.29189
35	85	15	3.10284	-2.93175	-3.35853
35	85	25	2.97967	-3.68293	-4.06972
35	85	35	3.4511	-5.09935	-5.95927
35	85	45	3.44184	-5.12169	-5.97167
35	85	55	4.0803	-5.0428	-6.13047
35	85	65	4.96512	-3.53361	-5.1461
35	85	75	4.31026	-3.42405	-4.48966
35	85	85	3.33198	-5.43796	-5.48823
45	5	5	3.01708	-4.8221	-5.28647
45	5	15	2.97717	-4.09692	-4.44289
45	5	25	2.62957	-4.17589	-4.09583
45	5	35	3.56947	-5.53166	-5.55042
45	5	45	3.77581	-5.86278	-5.48517
45	5	55	3.77785	-5.20403	-5.30685
45	5	65	3.43429	-3.41845	-3.7777
45	5	75	3.87265	-3.50347	-4.74347
45	5	85	3.09666	-5.00198	-5.50675
45	15	5	3.33826	-4.96145	-5.74866
45	15	15	2.65826	-4.81283	-4.87926
45	15	25	2.65588	-4.20525	-4.10207
45	15	35	2.94659	-5.17949	-5.18634
45	15	45	3.5486	-5.27415	-5.89815
45	15	55	3.19547	-4.79922	-5.00601
45	15	65	2.95913	-3.22042	-3.5348
45	15	75	3.59224	-3.31942	-4.31902
45	15	85	2.89785	-5.06839	-5.37276
45	25	5	3.74309	-5.06231	-6.13356
45	25	15	2.68281	-5.05844	-5.19021
45	25	25	2.5763	-4.05933	-4.03419
45	25	35	2.73949	-4.8804	-4.93517
45	25	45	3.29769	-5.21864	-5.71282
45	25	55	3.01653	-4.5854	-4.64272
45	25	65	2.7741	-3.30019	-3.238
45	25	75	3.47156	-3.21924	-3.77872
45	25	85	3.55543	-5.06499	-5.86779
45	35	5	3.42153	-4.70263	-5.57146
45	35	15	2.55968	-4.98208	-4.99066
45	35	25	2.63113	-3.35985	-3.43988
45	35	35	2.6131	-4.42649	-4.48844
45	35	45	2.81148	-5.10884	-5.28922
45	35	55	2.7727	-4.30187	-4.20261
45	35	65	2.7351	-2.95528	-2.73205
45	35	75	2.81464	-3.03231	-2.96833
45	35	85	3.49264	-4.8053	-5.66368
45	45	5	3.27833	-5.32112	-4.92842
45	45	15	2.77581	-5.24204	-5.02683
45	45	25	2.71278	-4.05723	-4.13819
45	45	35	2.61465	-4.7807	-4.80353
45	45	45	2.69265	-5.06118	-5.1604
45	45	55	2.67503	-4.7036	-4.74201
45	45	65	2.67388	-3.77964	-3.63685
45	45	75	2.92986	-3.89736	-3.55733
45	45	85	3.83182	-5.43654	-5.79734
45	55	5	3.88787	-6.38588	-5.11393
45	55	15	3.73332	-6.12244	-5.10153
45	55	25	3.65359	-5.41844	-4.91941
45	55	35	3.21386	-5.64945	-5.11149
45	55	45	3.43267	-5.91188	-5.1527
45	55	55	2.87186	-5.19977	-5.16061
45	55	65	2.81428	-5.10993	-5.00759
45	55	75	2.65623	-4.78821	-4.683
45	55	85	3.18181	-5.47562	-5.08722
45	65	5	2.886	-5.27917	-5.21867
45	65	15	3.70038	-5.28575	-4.82448
45	65	25	3.77821	-4.04297	-4.3419
45	65	35	3.11555	-5.37762	-5.21641
45	65	45	2.70665	-5.15513	-5.20194
45	65	55	2.78383	-5.19279	-5.2432
45	65	65	2.65307	-5.1199	-5.13873
45	65	75	2.57344	-4.97024	-4.98783
45	65	85	2.8971	-5.08723	-5.42195
45	75	5	3.52887	-5.48848	-4.93223
45	75	15	3.74284	-3.64843	-3.86426
45	75	25	2.97923	-3.43484	-3.61104
45	75	35	2.89787	-5.05635	-5.31032
45	75	45	2.81736	-5.10568	-5.36416
45	75	55	2.81401	-5.063	-5.28402
45	75	65	2.71163	-4.84055	-4.92089
45	75	75	2.67123	-4.4208	-4.46059
45	75	85	3.47222	-5.39344	-5.65303
45	85	5	2.87956	-3.72419	-3.96807
45	85	15	3.03972	-2.65224	-3.09172
45	85	25	2.71451	-3.40744	-3.48765
45	85	35	3.04999	-5.05916	-5.55863
45	85	45	2.85546	-5.18173	-5.32611
45	85	55	2.99464	-5.08244	-5.16524
45	85	65	3.45384	-3.83723	-4.17765
45	85	75	3.19266	-3.26626	-3.58623
45	85	85	3.11627	-4.97253	-5.29449
55	5	5	2.81706	-4.85865	-5.00143
55	5	15	2.67405	-3.81418	-3.93611
55	5	25	2.56771	-3.88879	-3.86901
55	5	35	2.96881	-5.24503	-5.26461
55	5	45	3.41158	-5.80121	-5.24172
55	5	55	3.47307	-5.72324	-4.96288
55	5	65	3.53304	-3.91964	-3.01846
55	5	75	3.07465	-3.01435	-2.85152
55	5	85	2.91185	-4.44253	-4.72251
55	15	5	2.89472	-4.94012	-5.20284
55	15	15	2.57395	-4.8969	-4.87888
55	15	25	2.55276	-4.48155	-4.48246
55	15	35	2.99206	-5.20236	-5.12257
55	15	45	3.13471	-5.44308	-5.34194
55	15	55	2.92629	-4.69366	-4.44447
55	15	65	2.80669	-3.06769	-2.89367
55	15	75	2.94305	-3.17475	-3.30355
55	15	85	2.83826	-4.61569	-4.85005
55	25	5	2.97352	-4.26182	-4.52257
55	25	15	2.63518	-4.94131	-4.94131
55	25	25	2.61558	-4.55787	-4.61839
55	25	35	2.59448	-5.00405	-5.04346
55	25	45	2.83513	-5.10294	-5.38057
55	25	55	2.61513	-4.62362	-4.68358
55	25	65	2.57518	-3.29531	-3.29207
55	25	75	3.01399	-3.88643	-3.98348
55	25	85	3.11233	-4.56607	-4.72718
55	35	5	3.13964	-4.17945	-4.76854
55	35	15	2.5546	-4.70023	-4.70342
55	35	25	2.63207	-4.18132	-4.26206
55	35	35	2.59237	-4.78075	-4.78197
55	35	45	2.65151	-5.11634	-5.17669
55	35	55	2.63349	-4.34189	-4.30428
55	35	65	2.63151	-3.10766	-2.96808
55	35	75	2.87228	-3.82439	-3.86318
55	35	85	3.13553	-4.62245	-5.20361
55	45	5	3.4619	-4.91529	-4.86613
55	45	15	2.77444	-4.73404	-4.51745
55	45	25	2.73158	-4.55964	-4.5802
55	45	35	2.61187	-4.9072	-4.88805
55	45	45	2.63145	-5.10853	-5.14895
55	45	55	2.59303	-4.64218	-4.64258
55	45	65	2.55185	-3.68283	-3.68365
55	45	75	2.69066	-4.49463	-4.35467
55	45	85	3.29464	-5.25777	-5.48058
55	55	5	3.07433	-5.20313	-5.15844
55	55	15	3.50576	-5.42202	-4.60316
55	55	25	3.9785	-5.24644	-4.14192
55	55	35	3.77864	-6.02674	-4.84156
55	55	45	3.75504	-6.23881	-5.15562
55	55	55	3.27304	-5.80121	-5.08242
55	55	65	3.11109	-5.47322	-4.91328
55	55	75	2.67143	-5.05354	-5.01315
55	55	85	3.03702	-5.13157	-5.37597
55	65	5	2.62604	-5.0595	-5.05416
55	65	15	2.99204	-4.83429	-4.56998
55	65	25	3.07278	-3.38026	-3.10233
55	65	35	2.91284	-4.81251	-4.57401
55	65	45	2.8951	-5.42304	-5.16301
55	65	55	2.77027	-5.27825	-5.10466
55	65	65	2.60036	-5.04962	-5.00051
55	65	75	2.61784	-5.10535	-5.15856
55	65	85	3.18386	-5.1041	-5.71606
55	75	5	2.83533	-5.10392	-5.22366
55	75	15	2.77063	-3.5881	-3.61477
55	75	25	2.78458	-2.98014	-2.83265
55	75	35	2.7238	-4.5435	-4.49243
55	75	45	2.65916	-5.12797	-5.18076
55	75	55	2.57441	-5.08337	-5.10404
55	75	65	2.57163	-4.98251	-4.96216
55	75	75	2.63116	-5.0217	-4.98157
55	75	85	3.45468	-5.10102	-5.92136
55	85	5	2.76395	-3.78279	-3.95225
55	85	15	2.62332	-2.75657	-2.82458
55	85	25	2.43438	-2.98603	-3.00215
55	85	35	2.67464	-4.92935	-5.04463
55	85	45	2.71449	-5.16359	-5.20028
55	85	55	2.63547	-5.14287	-5.10565
55	85	65	2.65104	-4.12085	-4.02085
55	85	75	2.67145	-3.55644	-3.47601
55	85	85	3.13191	-4.3285	-4.82761
65	5	5	3.38066	-4.82777	-5.01337
65	5	15	2.62275	-3.65968	-3.68249
65	5	25	2.59725	-3.75965	-3.75836
65	5	35	2.57603	-4.94299	-4.92617
65	5	45	2.4524	-5.07938	-5.23905
65	5	55	2.6723	-4.98281	-4.86248
65	5	65	3.17264	-4.08325	-3.46165
65	5	75	3.29346	-3.56284	-2.82043
65	5	85	3.69183	-4.34993	-4.32912
65	15	5	2.67991	-4.39292	-4.51206
65	15	15	2.61751	-4.23959	-4.21878
65	15	25	2.67909	-4.6603	-4.58031
65	15	35	2.67886	-5.05866	-4.98408
65	15	45	2.69451	-5.18216	-5.12324
65	15	55	2.7279	-4.94363	-4.80249
65	15	65	2.67466	-3.16127	-3.07766
65	15	75	2.75628	-3.7848	-3.61958
65	15	85	2.91944	-4.16144	-4.23382
65	25	5	2.75772	-4.07564	-4.11463
65	25	15	2.62542	-3.84634	-3.90407
65	25	25	2.59178	-4.70701	-4.72881
65	25	35	2.62238	-4.91738	-4.97323
65	25	45	2.71619	-5.10217	-5.26067
65	25	55	2.59595	-4.60569	-4.64326
65	25	65	2.57375	-3.24965	-3.26845
65	25	75	2.59269	-4.37871	-4.41707
65	25	85	2.77321	-4.46264	-4.56127
65	35	5	2.67526	-4.4475	-4.53138
65	35	15	2.6789	-3.74461	-3.87051
65	35	25	2.62286	-4.63806	-4.70975
65	35	35	2.59453	-4.81118	-4.85457
65	35	45	2.6528	-5.1001	-5.20176
65	35	55	2.57392	-4.062	-4.08488
65	35	65	2.57146	-3.13245	-3.09286
65	35	75	2.61146	-4.78586	-4.84624
65	35	85	2.63235	-4.93418	-5.01529
65	45	5	2.76034	-4.55243	-4.68172
65	45	15	2.79554	-3.78361	-3.62808
65	45	25	2.95518	-4.41402	-4.13814
65	45	35	2.87195	-5.20365	-4.92453
65	45	45	2.99267	-5.41522	-5.21686
65	45	55	2.75387	-4.70193	-4.54477
65	45	65	2.57269	-3.70604	-3.6869
65	45	75	2.69266	-4.84055	-4.98219
65	45	85	3.01385	-5.09367	-5.51649
65	55	5	3.24393	-5.18196	-4.83085
65	55	15	3.58766	-4.91753	-3.93652
65	55	25	4.22673	-5.04348	-3.45279
65	55	35	4.56466	-6.20199	-4.23083
65	55	45	4.61944	-7.10534	-5.15776
65	55	55	3.69466	-6.08458	-5.0234
65	55	65	3.37351	-5.45323	-4.63412
65	55	75	3.17308	-5.53486	-5.23452
65	55	85	3.43426	-5.4075	-5.60994
65	65	5	3.0309	-4.76317	-5.07714
65	65	15	2.73924	-3.69266	-3.65232
65	65	25	2.93561	-3.07431	-2.81169
65	65	35	3.0982	-4.16596	-3.66043
65	65	45	3.22795	-5.69253	-5.17721
65	65	55	2.93793	-5.36552	-4.9852
65	65	65	2.61973	-4.88962	-4.82232
65	65	75	2.83505	-5.08227	-5.31829
65	65	85	3.5235	-5.1063	-6.06511
65	75	5	3.01314	-5.00634	-5.37953
65	75	15	2.61329	-3.44708	-3.45596
65	75	25	2.64126	-2.61694	-2.59256
65	75	35	2.89307	-3.76044	-3.62082
65	75	45	2.95126	-5.34888	-5.23186
65	75	55	2.72612	-5.19146	-5.02768
65	75	65	2.59342	-5.00339	-4.96229
65	75	75	2.67158	-5.00056	-5.12001
65	75	85	3.31436	-5.06331	-5.78397
65	85	5	3.22912	-4.16247	-4.798
65	85	15	2.58458	-2.74217	-2.81226
65	85	25	2.4415	-2.81801	-2.83333
65	85	35	2.58606	-4.42841	-4.43982
65	85	45	2.69749	-5.13387	-5.18986
65	85	55	2.55879	-5.08333	-5.08845
65	85	65	2.61117	-4.58171	-4.52172
65	85	75	2.7311	-4.39932	-4.41924
65	85	85	3.81388	-4.50089	-5.44043
75	5	5	3.54308	-4.08764	-4.27799
75	5	15	2.93968	-3.82651	-3.7278
75	5	25	2.8947	-3.55966	-3.53844
75	5	35	2.81398	-5.02075	-4.88103
75	5	45	2.71389	-5.1088	-5.37073
75	5	55	2.49509	-5.02181	-4.9658
75	5	65	2.67149	-4.36209	-4.24166
75	5	75	2.7923	-3.7917	-3.67044
75	5	85	3.65394	-4.0285	-4.60719
75	15	5	3.00347	-4.14423	-4.41898
75	15	15	2.86731	-3.34301	-3.27351
75	15	25	3.17314	-4.14999	-3.93754
75	15	35	3.05151	-5.1888	-4.74113
75	15	45	2.96234	-5.48607	-5.12213
75	15	55	2.71312	-5.12764	-4.9616
75	15	65	2.73265	-3.84125	-3.65766
75	15	75	2.65228	-4.59048	-4.48925
75	15	85	3.01463	-4.29922	-4.59721
75	25	5	2.69876	-4.60599	-4.74228
75	25	15	2.7619	-3.23656	-3.42984
75	25	25	2.93229	-4.09358	-4.37552
75	25	35	2.66937	-4.65505	-4.76555
75	25	45	2.59733	-5.0821	-5.1225
75	25	55	2.5547	-4.84448	-4.84244
75	25	65	2.55217	-3.67604	-3.67645
75	25	75	2.57178	-4.74196	-4.76116
75	25	85	2.75344	-4.9136	-5.1128
75	35	5	2.85443	-4.70815	-5.0113
75	35	15	3.1158	-3.16049	-3.72396
75	35	25	2.73257	-4.41787	-4.5972
75	35	35	2.64382	-4.81498	-4.90572
75	35	45	2.61484	-5.0995	-5.16071
75	35	55	2.59269	-4.26241	-4.30322
75	35	65	2.55188	-3.55246	-3.55247
75	35	75	2.59147	-4.98499	-4.98537
75	35	85	2.6931	-5.06761	-5.20955
75	45	5	2.91549	-4.71869	-5.04314
75	45	15	3.23966	-3.34903	-3.8367
75	45	25	3.16479	-4.01615	-3.74737
75	45	35	3.29727	-5.23281	-4.65896
75	45	45	3.31561	-5.67627	-5.20076
75	45	55	2.97228	-4.48203	-4.10324
75	45	65	2.71188	-3.96164	-3.84172
75	45	75	2.65189	-5.02226	-5.04311
75	45	85	2.81424	-5.13573	-5.27893
75	55	5	3.11757	-5.06313	-4.94637
75	55	15	3.90573	-4.57795	-3.63726
75	55	25	4.31042	-4.46576	-2.79698
75	55	35	4.81352	-5.7419	-3.64356
75	55	45	5.01066	-7.37567	-5.20011
75	55	55	4.4203	-5.52792	-3.78517
75	55	65	3.81358	-5.25125	-4.15219
75	55	75	3.0927	-5.31412	-5.05498
75	55	85	3.21667	-5.27723	-5.54204
75	65	5	3.00903	-4.32844	-4.65225
75	65	15	2.89948	-3.3364	-3.23845
75	65	25	2.94758	-3.05266	-2.78025
75	65	35	2.93721	-3.53358	-3.18902
75	65	45	3.65406	-5.90562	-4.9258
75	65	55	3.56726	-4.1536	-3.30654
75	65	65	3.06613	-3.99166	-3.56272
75	65	75	2.78047	-4.90026	-4.95449
75	65	85	3.12389	-5.12912	-5.64669
75	75	5	3.33098	-4.80504	-5.4189
75	75	15	2.66465	-3.21799	-3.20286
75	75	25	2.67898	-2.71828	-2.67281
75	75	35	2.97024	-3.27383	-2.93542
75	75	45	3.30647	-5.40345	-4.97759
75	75	55	2.84802	-4.18391	-3.95694
75	75	65	2.6184	-3.88583	-3.82082
75	75	75	2.8365	-5.03979	-5.31856
75	75	85	3.40123	-5.10492	-5.94762
75	85	5	3.37058	-4.10153	-4.8397
75	85	15	2.79845	-3.14026	-3.18565
75	85	25	2.83466	-3.17202	-3.01004
75	85	35	2.81935	-3.68012	-3.5726
75	85	45	2.87969	-4.99626	-5.23319
75	85	55	2.62633	-4.70461	-4.69431
75	85	65	2.59176	-5.00096	-4.96066
75	85	75	2.73172	-4.79988	-4.81928
75	85	85	3.55523	-4.70139	-5.46283
85	5	5	3.01212	-3.17225	-3.35205
85	5	15	3.03487	-3.94351	-3.54278
85	5	25	3.2161	-3.74543	-3.12121
85	5	35	3.5553	-5.50325	-4.779
85	5	45	3.86042	-5.77404	-5.69504
85	5	55	2.86351	-5.40065	-5.02986
85	5	65	2.85724	-5.05686	-4.75584
85	5	75	2.89284	-4.7597	-4.70053
85	5	85	3.55643	-4.91657	-5.79761
85	15	5	2.8803	-3.99575	-4.16419
85	15	15	2.89849	-2.91978	-2.69515
85	15	25	3.07159	-3.21137	-2.85251
85	15	35	3.15431	-4.81084	-4.44754
85	15	45	2.94872	-5.25247	-5.25799
85	15	55	2.69918	-4.98869	-4.84181
85	15	65	2.69325	-4.6221	-4.4798
85	15	75	2.61228	-5.04565	-5.06528
85	15	85	3.15184	-4.79262	-5.31262
85	25	5	2.7243	-4.80798	-4.97396
85	25	15	2.79932	-3.28757	-3.52294
85	25	25	2.90407	-2.99564	-3.28341
85	25	35	2.79098	-3.85019	-3.97907
85	25	45	2.62359	-4.74562	-4.71553
85	25	55	2.63754	-4.88728	-4.84318
85	25	65	2.57353	-3.96087	-3.94011
85	25	75	2.61226	-4.99435	-5.0132
85	25	85	2.73266	-5.05142	-5.2298
85	35	5	2.65568	-5.07884	-5.1823
85	35	15	3.13146	-3.41228	-3.99218
85	35	25	3.29653	-3.38884	-4.08578
85	35	35	2.78238	-4.24463	-4.34849
85	35	45	2.59477	-4.93551	-4.97428
85	35	55	2.59474	-4.08405	-4.12284
85	35	65	2.55278	-3.47813	-3.4773
85	35	75	2.61157	-4.93366	-4.95391
85	35	85	2.65233	-5.09531	-5.19564
85	45	5	2.77802	-4.94216	-5.12754
85	45	15	3.6557	-3.41676	-4.35624
85	45	25	3.52459	-3.62834	-3.83162
85	45	35	3.38127	-4.17293	-3.59399
85	45	45	3.63396	-5.97718	-5.01832
85	45	55	3.45276	-4.52201	-3.66366
85	45	65	2.87271	-3.88606	-3.60611
85	45	75	2.69196	-4.73147	-4.79156
85	45	85	2.73555	-5.11974	-5.26338
85	55	5	3.34111	-5.26399	-5.28913
85	55	15	3.53105	-4.04907	-4.3189
85	55	25	4.021	-3.94515	-3.09477
85	55	35	4.50201	-5.03556	-3.53842
85	55	45	4.88157	-7.02029	-4.81317
85	55	55	4.64602	-5.15273	-3.10452
85	55	65	4.17639	-4.56408	-3.02456
85	55	75	3.31287	-4.95767	-4.51703
85	55	85	3.15448	-5.48009	-5.32265
85	65	5	3.08929	-4.66946	-4.83188
85	65	15	2.96924	-3.44703	-3.56005
85	65	25	2.87424	-3.22768	-3.11275
85	65	35	2.98891	-4.45082	-4.21714
85	65	45	3.65518	-5.4321	-4.65452
85	65	55	4.17117	-4.25381	-2.80866
85	65	65	3.71361	-3.79343	-2.75804
85	65	75	3.12226	-4.11116	-4.0629
85	65	85	2.96375	-5.26611	-5.34316
85	75	5	2.88294	-4.47136	-4.66462
85	75	15	2.68953	-3.15993	-3.22902
85	75	25	2.64261	-3.05335	-3.04276
85	75	35	2.77185	-3.27478	-3.21478
85	75	45	3.17694	-4.21965	-4.05301
85	75	55	2.99897	-3.1909	-3.05161
85	75	65	2.78324	-3.08468	-3.03641
85	75	75	2.83816	-4.29654	-4.53138
85	75	85	3.12886	-5.12882	-5.64153
85	85	5	3.1192	-4.66763	-5.0246
85	85	15	2.65565	-3.2571	-3.27641
85	85	25	2.75533	-3.04733	-2.88312
85	85	35	2.91385	-3.17544	-3.29265
85	85	45	3.36904	-3.76509	-4.44872
85	85	55	2.63329	-3.29952	-3.33526
85	85	65	2.65919	-4.32023	-4.42482
85	85	75	2.89626	-4.95899	-5.25903
85	85	85	3.45981	-5.04391	-5.82634
