5	5	5	2.65303	-3.60802	-3.62961
5	5	15	2.61068	-2.77863	-2.71866
5	5	25	3.03669	-4.53216	-4.52652
5	5	35	3.7207	-5.47322	-5.76476
5	5	45	3.13453	-5.30331	-4.83903
5	5	55	2.81272	-4.63457	-4.54566
5	5	65	3.02137	-5.12581	-5.27995
5	5	75	3.45831	-5.17859	-5.84213
5	5	85	3.0336	-4.0812	-4.52218
5	15	5	2.57412	-4.23872	-4.27857
5	15	15	2.5743	-2.63764	-2.65482
5	15	25	2.69703	-3.67977	-3.81375
5	15	35	3.22962	-5.01544	-5.62803
5	15	45	2.61619	-4.05339	-4.01071
5	15	55	2.60453	-3.70456	-3.65623
5	15	65	2.75685	-4.69572	-4.77173
5	15	75	3.41549	-5.12236	-5.94433
5	15	85	2.84946	-5.11862	-5.41668
5	25	5	2.61212	-4.30155	-4.36251
5	25	15	2.61209	-2.57457	-2.65482
5	25	25	2.63084	-2.93126	-3.05104
5	25	35	2.73693	-4.2566	-4.41387
5	25	45	2.61483	-3.21588	-3.15375
5	25	55	2.55406	-3.30129	-3.29934
5	25	65	2.59393	-4.338	-4.39598
5	25	75	3.09231	-5.1003	-5.67981
5	25	85	2.81882	-5.12216	-5.34967
5	35	5	2.79251	-4.46206	-4.68346
5	35	15	2.89223	-2.78075	-3.08035
5	35	25	2.81763	-3.27511	-3.37733
5	35	35	2.95657	-4.36223	-3.99875
5	35	45	3.27643	-3.82767	-3.10429
5	35	55	3.5928	-4.07475	-3.03474
5	35	65	3.47111	-4.94477	-4.10476
5	35	75	3.01186	-5.39724	-5.29643
5	35	85	2.75828	-5.12242	-5.24882
5	45	5	3.51168	-5.00208	-5.20186
5	45	15	3.65472	-3.9617	-4.30046
5	45	25	3.11491	-5.18885	-5.04258
5	45	35	3.77209	-6.05586	-4.91731
5	45	45	4.37511	-5.33249	-3.66848
5	45	55	4.84029	-5.1724	-2.88402
5	45	65	4.66303	-5.63644	-3.60523
5	45	75	4.21428	-6.67073	-5.1691
5	45	85	3.23553	-5.64322	-5.12602
5	55	5	3.74093	-4.34947	-5.20372
5	55	15	3.34736	-4.35428	-4.77479
5	55	25	2.82969	-5.15672	-5.13018
5	55	35	2.83214	-5.23671	-5.07968
5	55	45	2.90809	-4.41996	-4.10666
5	55	55	3.53275	-4.49921	-3.55927
5	55	65	4.1642	-4.98726	-3.57517
5	55	75	3.8141	-6.17438	-5.23947
5	55	85	3.08615	-5.31163	-5.22766
5	65	5	3.22815	-3.15021	-3.763
5	65	15	2.93055	-3.74329	-3.98415
5	65	25	2.79266	-5.00298	-5.19521
5	65	35	2.62382	-4.929	-4.97962
5	65	45	2.73404	-4.69374	-4.55789
5	65	55	2.99066	-3.85965	-3.50592
5	65	65	3.00491	-3.47203	-3.33949
5	65	75	2.89428	-5.2118	-5.35456
5	65	85	2.98439	-4.62789	-5.01056
5	75	5	2.8598	-3.30602	-3.50844
5	75	15	2.74077	-3.6074	-3.60594
5	75	25	2.69578	-4.64797	-4.70742
5	75	35	2.81898	-4.74906	-4.68771
5	75	45	2.77773	-4.23645	-4.17834
5	75	55	2.66146	-2.98282	-2.97969
5	75	65	2.83621	-4.20396	-4.44181
5	75	75	2.7177	-5.07407	-5.43717
5	75	85	2.92557	-4.28412	-4.61347
5	85	5	2.73704	-3.53023	-3.55188
5	85	15	2.75175	-3.72441	-3.60424
5	85	25	3.07332	-5.08234	-4.72046
5	85	35	3.54569	-5.57105	-5.33683
5	85	45	3.57003	-5.7923	-5.08278
5	85	55	3.30677	-5.58617	-4.99433
5	85	65	3.15367	-5.20799	-5.10736
5	85	75	3.55952	-5.3976	-5.79966
5	85	85	2.99729	-4.40179	-4.4887
15	5	5	2.57553	-4.08487	-4.08853
15	5	15	2.6508	-3.12817	-3.06755
15	5	25	3.17468	-4.65368	-4.99252
15	5	35	3.26953	-5.37446	-5.84926
15	5	45	3.64937	-5.44902	-5.39642
15	5	55	3.30512	-4.95551	-4.24891
15	5	65	3.36142	-5.00537	-4.72192
15	5	75	4.08455	-5.36224	-6.46634
15	5	85	2.82539	-4.62437	-4.73417
15	15	5	2.56098	-4.74883	-4.74355
15	15	15	2.55549	-2.97499	-2.9522
15	15	25	3.10229	-4.08445	-4.5748
15	15	35	3.55231	-5.05701	-6.03614
15	15	45	3.07882	-4.49718	-4.6212
15	15	55	2.82934	-3.54408	-3.52764
15	15	65	2.95515	-3.89327	-4.04949
15	15	75	3.76312	-5.22239	-6.28803
15	15	85	2.69477	-5.12555	-5.18168
15	25	5	2.59375	-4.62329	-4.62338
15	25	15	2.55404	-2.66695	-2.66554
15	25	25	2.83093	-3.5526	-3.79189
15	25	35	3.20327	-4.96332	-5.45586
15	25	45	2.91755	-3.77574	-3.66973
15	25	55	2.84652	-3.2296	-3.06605
15	25	65	2.75697	-3.73789	-3.85425
15	25	75	3.41591	-5.09504	-6.13509
15	25	85	2.66525	-5.1433	-5.17696
15	35	5	2.65653	-5.00463	-4.98498
15	35	15	2.57292	-2.84791	-2.82603
15	35	25	2.75465	-4.0947	-4.05188
15	35	35	3.34659	-5.51329	-4.8203
15	35	45	3.5682	-4.55497	-3.59269
15	35	55	3.77614	-4.04594	-2.8653
15	35	65	4.01304	-5.0273	-3.60667
15	35	75	3.43454	-5.66729	-5.64965
15	35	85	2.74495	-5.22417	-5.17415
15	45	5	3.05897	-5.26913	-4.80211
15	45	15	3.16376	-4.74117	-4.57005
15	45	25	3.00835	-5.43089	-5.09683
15	45	35	3.24182	-5.67388	-5.12458
15	45	45	3.5486	-5.43335	-4.52328
15	45	55	4.32287	-5.37134	-3.60422
15	45	65	4.59485	-5.60389	-3.56129
15	45	75	4.48403	-6.71302	-5.54338
15	45	85	3.57251	-6.03172	-5.15443
15	55	5	2.91955	-4.80815	-4.5621
15	55	15	3.59972	-4.86073	-4.69283
15	55	25	3.08133	-5.53822	-5.13526
15	55	35	3.28934	-5.81201	-5.07966
15	55	45	3.12796	-5.11188	-4.58008
15	55	55	3.55258	-5.1932	-4.2319
15	55	65	4.4269	-5.97265	-4.17858
15	55	75	4.39485	-6.7322	-5.27422
15	55	85	3.57339	-6.01402	-5.01308
15	65	5	3.10247	-3.27018	-3.56135
15	65	15	3.01328	-4.18264	-4.32689
15	65	25	2.93341	-5.34351	-5.16553
15	65	35	2.78796	-5.23273	-5.20438
15	65	45	2.80781	-4.85323	-4.68427
15	65	55	2.71888	-4.00211	-3.88913
15	65	65	3.09503	-3.4505	-3.31505
15	65	75	2.9438	-5.25265	-5.47831
15	65	85	2.74287	-4.55089	-4.56717
15	75	5	3.06494	-2.95594	-3.46206
15	75	15	3.00717	-3.71184	-3.94903
15	75	25	2.64863	-5.02575	-5.07882
15	75	35	2.81478	-5.05378	-5.08871
15	75	45	2.931	-4.75109	-4.66641
15	75	55	2.79779	-3.10393	-2.9242
15	75	65	2.89141	-3.7191	-3.6798
15	75	75	2.91393	-5.1455	-5.48456
15	75	85	2.97951	-4.28251	-4.35044
15	85	5	2.75898	-3.88572	-4.0527
15	85	15	2.67661	-4.02568	-4.11002
15	85	25	2.69519	-4.74886	-4.91338
15	85	35	2.64874	-5.15496	-5.12737
15	85	45	3.21833	-5.77622	-4.97367
15	85	55	3.79198	-5.64692	-4.51783
15	85	65	3.56086	-5.56403	-5.00325
15	85	75	3.39322	-5.50891	-5.8609
15	85	85	2.91418	-4.42525	-4.6016
25	5	5	3.04925	-4.94765	-4.96431
25	5	15	3.13877	-4.0381	-3.92424
25	5	25	3.47597	-4.88211	-5.42266
25	5	35	3.65263	-5.5986	-6.13421
25	5	45	3.57445	-5.30232	-5.47441
25	5	55	3.54281	-4.71839	-4.16026
25	5	65	3.85962	-4.63298	-5.05369
25	5	75	3.72245	-5.31891	-6.24245
25	5	85	3.00388	-5.08331	-5.29611
25	15	5	2.64291	-5.05485	-5.01998
25	15	15	2.6198	-3.52734	-3.52443
25	15	25	3.50404	-4.57192	-5.30302
25	15	35	3.47926	-5.10527	-5.96383
25	15	45	3.53039	-4.97443	-5.0195
25	15	55	3.58033	-4.22008	-3.57079
25	15	65	3.5014	-3.66358	-3.65471
25	15	75	4.32595	-5.22917	-6.96331
25	15	85	2.8777	-5.22359	-5.37217
25	25	5	2.70227	-4.99082	-4.96368
25	25	15	2.7219	-3.12443	-3.0757
25	25	25	3.14552	-4.17353	-4.59983
25	25	35	3.69798	-5.20244	-6.06708
25	25	45	3.90792	-4.5554	-4.44415
25	25	55	3.08224	-3.44122	-2.98065
25	25	65	3.13861	-2.9715	-3.27129
25	25	75	3.52511	-5.04178	-6.22309
25	25	85	2.6971	-5.13119	-5.22406
25	35	5	3.08096	-5.39148	-4.94254
25	35	15	2.92618	-3.90679	-3.53244
25	35	25	3.26747	-5.16975	-4.6937
25	35	35	3.83892	-5.7565	-5.47347
25	35	45	4.35469	-5.87796	-4.6795
25	35	55	4.30162	-4.88187	-3.24871
25	35	65	4.13978	-4.76529	-3.42346
25	35	75	4.29871	-6.15432	-5.72111
25	35	85	3.2064	-5.62798	-5.11551
25	45	5	3.16434	-5.55494	-4.94248
25	45	15	2.95679	-5.10421	-4.77924
25	45	25	3.07217	-5.45161	-5.14219
25	45	35	3.24653	-5.41093	-5.46342
25	45	45	3.42977	-5.68187	-5.02686
25	45	55	4.30421	-6.14992	-4.46589
25	45	65	4.76982	-6.14856	-4.22397
25	45	75	4.78761	-6.82062	-5.79937
25	45	85	3.74192	-6.06701	-5.16776
25	55	5	3.06048	-4.89069	-4.46214
25	55	15	3.13961	-5.0026	-4.57725
25	55	25	3.53794	-6.03722	-5.12367
25	55	35	3.74947	-6.10978	-5.29006
25	55	45	4.31198	-6.65314	-5.14954
25	55	55	4.22532	-6.67335	-5.06012
25	55	65	4.65628	-6.65303	-4.71631
25	55	75	5.10255	-7.05786	-5.71609
25	55	85	3.73019	-6.19955	-5.06687
25	65	5	2.62494	-3.39391	-3.36014
25	65	15	2.92987	-4.20518	-4.1937
25	65	25	3.174	-5.55886	-5.23421
25	65	35	3.29379	-5.71514	-5.23048
25	65	45	3.27829	-5.5221	-4.80824
25	65	55	3.21296	-4.88778	-4.31646
25	65	65	3.35956	-4.22652	-3.71049
25	65	75	3.489	-5.57503	-5.62844
25	65	85	2.70916	-4.47769	-4.4449
25	75	5	2.88474	-3	-2.97219
25	75	15	2.58584	-3.62743	-3.71299
25	75	25	2.807	-5.12181	-5.29512
25	75	35	2.78809	-5.14255	-5.29705
25	75	45	3.06581	-4.96484	-5.19395
25	75	55	3.01142	-3.37925	-3.34676
25	75	65	3.26324	-3.32851	-3.53817
25	75	75	3.00001	-5.28798	-5.22585
25	75	85	2.85789	-4.06645	-3.87037
25	85	5	2.9087	-4.14658	-4.3564
25	85	15	2.81869	-4.23991	-4.48504
25	85	25	3.01842	-4.95246	-5.35942
25	85	35	2.19429	-5.14068	-5.40233
25	85	45	2.42985	-4.60159	-5.23482
25	85	55	3.60214	-4.43439	-4.43748
25	85	65	4.40697	-5.16467	-5.40651
25	85	75	3.12642	-5.43599	-5.76018
25	85	85	3.2965	-4.88765	-5.12277
35	5	5	2.95349	-4.89484	-5.15263
35	5	15	3.07973	-4.38327	-4.51117
35	5	25	3.99621	-5.32752	-6.10716
35	5	35	3.87984	-5.60546	-5.87905
35	5	45	4.57679	-5.03288	-5.65568
35	5	55	4.63223	-3.78084	-4.60713
35	5	65	4.21454	-3.4627	-4.77683
35	5	75	3.3666	-4.9876	-6.22148
35	5	85	3.24541	-5.00181	-5.66457
35	15	5	3.37821	-5.51845	-5.42569
35	15	15	3.1379	-4.51456	-4.20139
35	15	25	4.03164	-5.31453	-5.77441
35	15	35	4.10331	-5.79793	-5.92079
35	15	45	4.88091	-5.38975	-5.54274
35	15	55	5.47454	-4.91729	-4.43541
35	15	65	4.73429	-3.85828	-4.40199
35	15	75	4.03193	-4.80418	-6.32551
35	15	85	3.69932	-5.3219	-5.83659
35	25	5	2.97418	-5.32844	-5.15891
35	25	15	3.12619	-4.07185	-3.70338
35	25	25	3.90829	-5.1677	-5.13044
35	25	35	4.25547	-5.95169	-5.9312
35	25	45	4.48311	-5.41428	-4.72063
35	25	55	4.15117	-3.95246	-3.42574
35	25	65	3.87182	-3.46153	-3.59436
35	25	75	4.12744	-4.58806	-5.81568
35	25	85	3.02745	-4.72297	-5.15421
35	35	5	2.85978	-5.26604	-5.0672
35	35	15	3.23548	-4.68283	-4.07772
35	35	25	4.07863	-6.00791	-5.0199
35	35	35	5.4442	-6.79636	-6.18313
35	35	45	4.87633	-6.17573	-5.35204
35	35	55	4.07433	-5.07009	-3.92367
35	35	65	3.86517	-4.46862	-3.92332
35	35	75	4.12024	-5.40179	-5.84014
35	35	85	3.09785	-5.18593	-4.84432
35	45	5	3.46706	-5.91684	-5.04137
35	45	15	3.02303	-5.07044	-4.63805
35	45	25	3.08143	-5.39903	-5.23386
35	45	35	4.18269	-5.60299	-6.23233
35	45	45	3.94182	-5.47424	-5.95581
35	45	55	3.33751	-5.54039	-5.10116
35	45	65	4.10233	-5.87225	-5.04657
35	45	75	4.16328	-5.9159	-5.58868
35	45	85	3.90781	-6.39227	-5.08587
35	55	5	3.38436	-5.29373	-4.5005
35	55	15	3.5479	-4.25246	-3.88211
35	55	25	3.50993	-5.77318	-5.21529
35	55	35	3.84689	-5.7915	-5.7058
35	55	45	3.96628	-5.78757	-5.83084
35	55	55	3.93547	-6.10673	-5.43434
35	55	65	3.76605	-5.8	-5.35228
35	55	75	3.96684	-6.17613	-5.36271
35	55	85	4.18606	-6.69526	-5.12424
35	65	5	2.88557	-3.39407	-3.2215
35	65	15	3.92422	-3.84715	-4.14292
35	65	25	3.25073	-5.24135	-5.47858
35	65	35	3.05237	-5.16847	-5.53637
35	65	45	3.14161	-5.10609	-5.56893
35	65	55	2.90678	-4.94249	-5.01411
35	65	65	3.11716	-4.72263	-4.64469
35	65	75	3.27729	-5.53645	-5.13511
35	65	85	2.86197	-5.00954	-4.74425
35	75	5	3.01387	-2.98635	-2.85177
35	75	15	3.21652	-3.69419	-3.92492
35	75	25	3.08663	-5.14355	-5.51287
35	75	35	2.86792	-5.12331	-5.45699
35	75	45	2.85646	-4.94207	-5.16744
35	75	55	3.00392	-3.69605	-3.86892
35	75	65	3.01673	-3.26622	-3.35034
35	75	75	2.94731	-5.01409	-4.82477
35	75	85	2.81889	-3.96933	-3.69105
35	85	5	3.08178	-4.13823	-4.56505
35	85	15	3.30406	-4.13704	-4.80838
35	85	25	3.38044	-5.09368	-5.84225
35	85	35	3.18861	-5.182	-5.6388
35	85	45	3.36844	-4.88203	-5.39984
35	85	55	3.78161	-3.30006	-4.10341
35	85	65	3.96053	-3.65026	-4.60416
35	85	75	2.88719	-5.14808	-5.35038
35	85	85	2.90145	-5.02797	-4.97255
45	5	5	3.09987	-4.83642	-5.44579
45	5	15	2.83834	-4.54231	-4.94923
45	5	25	3.41087	-4.96301	-5.82181
45	5	35	3.47088	-5.14975	-5.99134
45	5	45	4.09552	-4.51726	-5.6297
45	5	55	5.03793	-3.22689	-4.92934
45	5	65	4.17789	-3.22717	-4.48316
45	5	75	2.91745	-4.30926	-4.77407
45	5	85	2.97795	-4.85884	-5.31292
45	15	5	3.06635	-5.05963	-5.33537
45	15	15	2.75195	-4.95623	-4.79837
45	15	25	4.16905	-5.6045	-6.06366
45	15	35	4.17847	-5.98317	-5.8641
45	15	45	5.39214	-5.68588	-6.27877
45	15	55	6.12553	-4.9488	-5.21612
45	15	65	5.46876	-4.9044	-5.45908
45	15	75	4.07067	-4.72599	-4.94477
45	15	85	3.75557	-4.41937	-5.19025
45	25	5	3.19442	-5.02125	-5.04272
45	25	15	2.63246	-4.38118	-4.2038
45	25	25	3.04505	-5.03995	-5.19949
45	25	35	3.99385	-5.49713	-6.15866
45	25	45	4.30674	-4.94438	-5.31427
45	25	55	4.46153	-3.69091	-4.13165
45	25	65	4.34028	-4.44672	-4.80987
45	25	75	4.49182	-4.98678	-6.01517
45	25	85	4.19191	-4.4137	-5.53176
45	35	5	3.3084	-5.074	-4.63141
45	35	15	3.37079	-5.36044	-4.56061
45	35	25	3.26581	-5.5084	-5.0088
45	35	35	3.93097	-5.51015	-6.05139
45	35	45	3.93701	-5.18219	-5.42699
45	35	55	3.65065	-4.34124	-3.96085
45	35	65	3.78826	-4.99501	-4.95139
45	35	75	4.61827	-5.3826	-6.59928
45	35	85	3.89066	-4.88651	-5.22767
45	45	5	3.24593	-5.22639	-4.53811
45	45	15	3.23512	-4.62444	-3.97974
45	45	25	3.31103	-5.49956	-4.90078
45	45	35	4.01065	-6.01435	-5.67447
45	45	45	3.51382	-5.62128	-5.50329
45	45	55	3.1327	-5.21248	-5.19324
45	45	65	3.17021	-5.39394	-5.17311
45	45	75	4.15959	-5.579	-6.05053
45	45	85	3.52024	-5.66754	-5.17355
45	55	5	2.95774	-4.88729	-4.48185
45	55	15	3.35427	-3.66244	-3.10163
45	55	25	3.53387	-5.42837	-4.53921
45	55	35	3.8235	-5.673	-6.00191
45	55	45	3.56904	-5.41824	-5.76345
45	55	55	2.89785	-5.20401	-5.14362
45	55	65	2.77509	-5.20221	-5.23896
45	55	75	2.91303	-5.19572	-5.37363
45	55	85	2.74524	-5.20752	-5.02134
45	65	5	3.21808	-3.94558	-3.60505
45	65	15	4.5128	-3.70531	-3.79529
45	65	25	3.13595	-4.77966	-4.68602
45	65	35	3.1423	-5.26715	-5.58392
45	65	45	3.43335	-5.1627	-5.88445
45	65	55	2.73569	-4.96386	-5.14488
45	65	65	2.61346	-4.9824	-5.04318
45	65	75	2.65148	-4.93942	-5.00018
45	65	85	2.69313	-5.16134	-5.02403
45	75	5	3.65134	-3.15056	-3.47878
45	75	15	4.07446	-3.19297	-4.51609
45	75	25	3.28444	-4.92829	-5.63667
45	75	35	2.75757	-5.12154	-5.52661
45	75	45	3.25515	-5.10211	-5.76648
45	75	55	2.75627	-4.06126	-4.26567
45	75	65	2.83503	-3.67681	-3.61922
45	75	75	3.05302	-4.32842	-4.08961
45	75	85	2.96544	-4.12587	-3.81187
45	85	5	3.43713	-3.83486	-4.73941
45	85	15	3.24439	-4.03304	-4.50744
45	85	25	3.33425	-5.0689	-5.81294
45	85	35	2.90092	-5.24113	-5.43151
45	85	45	3.5755	-5.22363	-5.48652
45	85	55	4.44108	-3.62245	-4.2237
45	85	65	3.70864	-3.11432	-3.38554
45	85	75	3.00429	-4.42535	-4.37014
45	85	85	2.79872	-4.83544	-5.00511
55	5	5	3.25628	-4.19705	-4.89958
55	5	15	2.69306	-4.43628	-4.63912
55	5	25	3.05054	-4.95737	-5.47738
55	5	35	2.79614	-5.16291	-5.36491
55	5	45	3.00622	-4.93482	-5.04483
55	5	55	3.48865	-3.29326	-3.79767
55	5	65	3.23227	-3.7992	-4.08117
55	5	75	3.04187	-3.94066	-4.29702
55	5	85	2.85747	-4.40487	-4.67003
55	15	5	3.01789	-3.91799	-4.18326
55	15	15	2.39107	-4.63755	-4.57679
55	15	25	3.03103	-4.89084	-5.43044
55	15	35	2.97703	-5.12165	-5.54286
55	15	45	3.33907	-4.62526	-5.34723
55	15	55	3.71849	-3.41184	-4.32768
55	15	65	4.07654	-4.60139	-5.63831
55	15	75	3.27926	-4.44346	-4.80644
55	15	85	3.29597	-4.24549	-4.43018
55	25	5	2.61988	-3.76559	-3.83044
55	25	15	2.1511	-4.57843	-4.59843
55	25	25	2.74788	-4.83237	-5.07234
55	25	35	3.39067	-5.10016	-6.00093
55	25	45	2.95629	-4.04205	-4.60761
55	25	55	2.9319	-3.01127	-3.83247
55	25	65	3.6087	-4.88378	-5.74411
55	25	75	3.11828	-5.17611	-5.26005
55	25	85	3.60425	-4.68691	-5.20814
55	35	5	3.26321	-4.10344	-3.65482
55	35	15	3.00949	-4.614	-4.05407
55	35	25	2.82623	-5.08403	-4.96444
55	35	35	3.23142	-5.11568	-5.7161
55	35	45	2.83221	-4.46193	-4.70393
55	35	55	2.70905	-3.64363	-3.92407
55	35	65	3.28022	-4.87212	-5.58893
55	35	75	3.5982	-5.11847	-6.07845
55	35	85	4.12431	-4.93085	-5.62007
55	45	5	3.06968	-4.41772	-3.91637
55	45	15	3.89549	-4.71388	-3.44955
55	45	25	3.71421	-5.31201	-4.27283
55	45	35	3.59177	-5.89903	-5.41865
55	45	45	3.21063	-5.56223	-5.02504
55	45	55	3.43184	-5.43243	-4.67245
55	45	65	2.82701	-5.24962	-5.16883
55	45	75	3.71315	-5.2497	-6.04689
55	45	85	3.52588	-4.76395	-5.52961
55	55	5	2.56158	-3.58439	-3.58359
55	55	15	2.82931	-2.94803	-2.83166
55	55	25	3.38079	-4.40412	-3.62405
55	55	35	3.11474	-5.56053	-5.23684
55	55	45	2.97469	-5.34477	-5.0435
55	55	55	2.58545	-4.85603	-4.82166
55	55	65	2.66222	-5.14944	-5.07824
55	55	75	3.45333	-5.14103	-5.98022
55	55	85	2.71913	-4.68262	-4.84591
55	65	5	2.95258	-3.82115	-3.54112
55	65	15	3.68063	-3.43668	-2.97219
55	65	25	3.08426	-3.96761	-3.48485
55	65	35	2.67708	-5.21585	-5.2515
55	65	45	2.77709	-5.08886	-5.18446
55	65	55	2.5754	-4.96557	-4.98209
55	65	65	2.57201	-5.02099	-5.00001
55	65	75	2.79236	-5.10211	-5.26317
55	65	85	2.60288	-4.98208	-4.99392
55	75	5	2.87667	-2.96207	-3.14461
55	75	15	3.39339	-2.94935	-3.68829
55	75	25	2.75251	-4.236	-4.41305
55	75	35	2.51488	-5.11045	-5.31062
55	75	45	2.69159	-5.08255	-5.22682
55	75	55	2.7115	-4.58167	-4.5821
55	75	65	2.75183	-4.47965	-4.27964
55	75	75	2.79102	-4.15963	-4.09963
55	75	85	2.91349	-4.38002	-4.31924
55	85	5	3.15561	-3.59599	-4.2583
55	85	15	3.04926	-3.72793	-4.27249
55	85	25	2.82387	-4.95569	-5.21562
55	85	35	2.57269	-5.13738	-5.64009
55	85	45	3.25228	-5.28246	-5.06361
55	85	55	3.51311	-4.32326	-3.66214
55	85	65	3.27302	-3.46402	-2.90122
55	85	75	3.33304	-3.53234	-3.75152
55	85	85	2.78263	-4.53817	-4.71136
65	5	5	2.74759	-3.11677	-3.28049
65	5	15	2.55205	-3.61238	-3.57283
65	5	25	2.71312	-4.73634	-4.81672
65	5	35	2.58952	-5.11924	-5.35891
65	5	45	2.69303	-5.14156	-5.02717
65	5	55	2.70305	-3.85886	-3.69687
65	5	65	2.88225	-4.80207	-4.55043
65	5	75	3.36626	-4.47168	-4.85644
65	5	85	2.87424	-4.13664	-4.19661
65	15	5	2.97359	-3.44776	-3.29014
65	15	15	2.53156	-3.90399	-3.80396
65	15	25	2.7328	-4.67122	-4.88961
65	15	35	2.59282	-5.06201	-5.38049
65	15	45	2.59384	-4.84524	-4.92407
65	15	55	2.43419	-3.45845	-3.53566
65	15	65	2.73326	-4.76359	-4.94193
65	15	75	2.81512	-4.97569	-5.19238
65	15	85	2.83838	-4.67962	-4.80148
65	25	5	2.65514	-3.12097	-3.02173
65	25	15	2.43209	-4.23649	-4.21687
65	25	25	2.71025	-4.79373	-4.99417
65	25	35	2.7513	-5.09842	-5.39951
65	25	45	2.53349	-4.14205	-4.22601
65	25	55	1.89149	-3.17171	-3.25287
65	25	65	2.88906	-5.02416	-5.24454
65	25	75	2.89185	-5.16717	-5.30794
65	25	85	3.03546	-4.88645	-5.00842
65	35	5	2.81311	-3.44841	-3.2305
65	35	15	2.95238	-3.95489	-3.45541
65	35	25	2.80965	-4.83476	-4.65621
65	35	35	2.91147	-5.15671	-5.39758
65	35	45	2.65183	-4.042	-4.06484
65	35	55	2.40941	-3.50124	-3.50173
65	35	65	2.83742	-4.97622	-5.23623
65	35	75	2.93304	-5.11651	-5.43693
65	35	85	3.03385	-4.83869	-5.04151
65	45	5	2.67518	-3.55057	-3.43313
65	45	15	2.85591	-3.01406	-2.75135
65	45	25	3.4371	-4.38908	-3.54316
65	45	35	3.87741	-6.20334	-5.03777
65	45	45	3.77864	-4.92751	-3.74435
65	45	55	3.69506	-5.15244	-4.00932
65	45	65	3.44744	-5.6305	-5.09091
65	45	75	3.67377	-5.63758	-5.64041
65	45	85	3.21908	-4.8019	-5.31035
65	55	5	2.56485	-3.12362	-3.1166
65	55	15	2.71215	-2.75833	-2.83911
65	55	25	2.92453	-3.50045	-3.16864
65	55	35	2.99129	-5.10407	-4.80465
65	55	45	2.87077	-3.50213	-3.2248
65	55	55	2.89388	-3.84129	-3.5001
65	55	65	2.74747	-5.00866	-4.81228
65	55	75	3.10345	-5.15066	-5.60465
65	55	85	2.99029	-4.26816	-4.69381
65	65	5	2.52056	-3.09527	-3.04149
65	65	15	2.71557	-2.53384	-2.67385
65	65	25	2.69832	-3.00109	-2.85625
65	65	35	2.80236	-4.88291	-4.7524
65	65	45	2.66215	-4.01385	-3.90596
65	65	55	2.57868	-3.84731	-3.81977
65	65	65	2.59239	-5.03779	-5.07645
65	65	75	2.8367	-5.12164	-5.38637
65	65	85	2.79528	-4.72213	-4.96611
65	75	5	2.41947	-2.79973	-2.86722
65	75	15	2.49226	-2.56814	-2.74872
65	75	25	2.57362	-3.49272	-3.53345
65	75	35	2.55665	-4.7132	-4.79082
65	75	45	2.57422	-4.66697	-4.68945
65	75	55	2.55411	-5.00343	-4.98098
65	75	65	2.65187	-4.88007	-4.85925
65	75	75	3.29343	-4.66001	-5.1424
65	75	85	2.66909	-4.20207	-4.11928
65	85	5	2.76574	-3.68557	-3.7559
65	85	15	2.69168	-3.43644	-3.43825
65	85	25	2.52683	-4.79235	-4.89264
65	85	35	1.33172	-5.08458	-5.28519
65	85	45	2.21395	-5.16267	-5.06699
65	85	55	3.23118	-4.92167	-4.28179
65	85	65	3.39222	-4.43123	-3.59004
65	85	75	4.55422	-4.62719	-4.66718
65	85	85	3.11669	-4.04203	-3.88282
75	5	5	2.89045	-2.76117	-2.80538
75	5	15	2.59839	-2.73734	-2.77537
75	5	25	2.59791	-4.31166	-4.33042
75	5	35	2.73308	-5.10077	-5.13758
75	5	45	2.68746	-4.9637	-4.82894
75	5	55	2.70708	-4.64164	-4.48052
75	5	65	2.81223	-5.18684	-5.12523
75	5	75	3.83585	-4.79543	-5.893
75	5	85	3.35145	-4.09814	-4.54811
75	15	5	2.65967	-3.34186	-3.32736
75	15	15	2.67734	-2.88566	-2.86387
75	15	25	2.56265	-3.71938	-3.71552
75	15	35	2.74181	-4.64418	-4.81444
75	15	45	2.56155	-4.81251	-4.80363
75	15	55	2.45332	-3.96295	-3.95964
75	15	65	2.55461	-4.97759	-4.97393
75	15	75	3.13305	-5.05224	-5.63021
75	15	85	3.0595	-4.82679	-5.33194
75	25	5	2.57396	-3.43204	-3.45477
75	25	15	2.53522	-3.12314	-3.14699
75	25	25	2.59865	-4.15749	-4.16351
75	25	35	2.59297	-4.93308	-4.99528
75	25	45	2.45196	-3.98126	-4.00207
75	25	55	1.97108	-3.2769	-3.29728
75	25	65	2.57105	-4.91231	-4.93234
75	25	75	2.77144	-5.09525	-5.31563
75	25	85	2.71467	-5.11907	-5.20266
75	35	5	2.61709	-3.31411	-3.34017
75	35	15	2.62272	-3.1604	-3.15208
75	35	25	2.81346	-3.64354	-3.50834
75	35	35	3.05288	-5.21589	-5.03772
75	35	45	2.89229	-3.842	-3.60362
75	35	55	2.67065	-3.58405	-3.30488
75	35	65	2.76744	-4.87464	-4.73464
75	35	75	2.73223	-5.12013	-5.25974
75	35	85	2.65306	-4.92134	-5.04338
75	45	5	2.93792	-4.03437	-3.74087
75	45	15	3.12479	-3.30618	-2.83593
75	45	25	3.60329	-4.27831	-3.31295
75	45	35	4.28591	-6.10551	-4.59404
75	45	45	4.56551	-5.03394	-3.06443
75	45	55	4.55943	-4.88804	-2.8805
75	45	65	3.71384	-5.45527	-4.41287
75	45	75	3.49304	-5.92013	-5.24055
75	45	85	3.11628	-5.34271	-4.98558
75	55	5	2.60235	-3.30126	-3.33894
75	55	15	2.67851	-3.09195	-3.05274
75	55	25	2.68542	-4.20808	-4.1155
75	55	35	2.95628	-4.41407	-4.2121
75	55	45	3.11981	-3.2655	-2.74319
75	55	55	3.16834	-3.29055	-2.71573
75	55	65	3.07627	-4.18379	-3.94181
75	55	75	3.06185	-5.16628	-5.5411
75	55	85	2.74313	-4.50556	-4.64966
75	65	5	2.50024	-3.02657	-3.03311
75	65	15	2.498	-2.90674	-2.92477
75	65	25	2.65896	-3.16106	-3.0956
75	65	35	2.69835	-3.20987	-3.16337
75	65	45	2.83187	-3.13451	-2.93692
75	65	55	2.81131	-3.20267	-2.94587
75	65	65	2.84132	-4.41943	-4.43085
75	65	75	3.21561	-5.138	-5.71908
75	65	85	2.72248	-4.40258	-4.57333
75	75	5	2.547	-3.1365	-3.10836
75	75	15	2.47369	-2.76476	-2.72486
75	75	25	2.67319	-3.17357	-3.09306
75	75	35	2.63981	-3.28508	-3.33791
75	75	45	2.56133	-3.28405	-3.27994
75	75	55	2.59695	-4.34328	-4.29876
75	75	65	2.81237	-4.93772	-5.21642
75	75	75	3.79673	-5.0608	-6.24677
75	75	85	3.00482	-4.6221	-4.95575
75	85	5	3.22777	-4.02363	-3.55795
75	85	15	2.99556	-3.4224	-3.22291
75	85	25	2.53628	-4.68102	-4.73819
75	85	35	2.15559	-5.0928	-5.21105
75	85	45	2.29519	-5.11308	-5.07903
75	85	55	2.57249	-4.81409	-4.77393
75	85	65	2.79184	-4.68042	-4.67961
75	85	75	3.99423	-5.2976	-5.57799
75	85	85	3.7103	-3.77243	-3.40846
85	5	5	2.7806	-2.80344	-2.86659
85	5	15	2.7003	-2.77769	-2.74968
85	5	25	2.84391	-4.3345	-4.20242
85	5	35	3.2111	-5.37042	-5.25593
85	5	45	3.05761	-5.19506	-4.7143
85	5	55	3.07726	-5.06783	-4.52083
85	5	65	2.83554	-5.22153	-5.13552
85	5	75	3.61664	-5.09479	-5.81402
85	5	85	3.42911	-3.95598	-4.63121
85	15	5	2.67757	-3.69985	-3.8232
85	15	15	2.69715	-2.57718	-2.7135
85	15	25	2.62062	-3.62264	-3.67547
85	15	35	2.9239	-4.69623	-4.96815
85	15	45	2.55895	-3.94424	-3.94356
85	15	55	2.55361	-3.7806	-3.77684
85	15	65	2.61304	-4.97247	-5.02964
85	15	75	3.29221	-5.10092	-5.86171
85	15	85	3.14302	-5.05464	-5.64504
85	25	5	2.67442	-3.99657	-4.11984
85	25	15	2.71556	-2.62572	-2.83004
85	25	25	2.57807	-2.87708	-2.90282
85	25	35	2.59579	-4.17491	-4.21752
85	25	45	2.51246	-3.6737	-3.6731
85	25	55	2.45234	-3.15735	-3.15606
85	25	65	2.55145	-4.82123	-4.84081
85	25	75	2.89221	-5.09988	-5.44027
85	25	85	2.95425	-5.14104	-5.4646
85	35	5	2.8127	-4.02159	-4.16325
85	35	15	2.92262	-2.70823	-3.04023
85	35	25	2.76553	-2.90335	-2.91768
85	35	35	3.03564	-3.86317	-3.46609
85	35	45	3.2115	-3.83871	-3.17949
85	35	55	3.15266	-3.84127	-3.22283
85	35	65	2.97105	-4.81435	-4.43435
85	35	75	2.87223	-5.23865	-5.27905
85	35	85	2.73265	-5.12191	-5.22352
85	45	5	3.33594	-4.51884	-4.90293
85	45	15	3.09311	-3.54753	-3.40632
85	45	25	3.81089	-5.0497	-3.97417
85	45	35	4.28801	-5.90336	-4.29139
85	45	45	4.77306	-5.09834	-2.95876
85	45	55	4.86904	-5.04844	-2.7313
85	45	65	4.37745	-5.57532	-3.78972
85	45	75	3.83384	-6.27477	-5.19598
85	45	85	3.2547	-5.48239	-5.38527
85	55	5	3.16683	-3.72528	-4.28579
85	55	15	2.79102	-3.48098	-3.58678
85	55	25	2.86082	-5.11928	-4.98189
85	55	35	3.01044	-5.04027	-4.82993
85	55	45	2.93843	-3.51522	-3.17108
85	55	55	3.59289	-3.96226	-2.96132
85	55	65	3.54353	-4.50925	-3.63846
85	55	75	3.20626	-5.55908	-5.31027
85	55	85	2.98349	-4.9896	-5.24685
85	65	5	2.76182	-3.09339	-3.29667
85	65	15	2.69938	-3.36894	-3.3112
85	65	25	2.69748	-4.28455	-4.30226
85	65	35	2.76016	-3.74899	-3.84393
85	65	45	2.99231	-4.18103	-3.86468
85	65	55	3.24328	-3.62504	-3.09623
85	65	65	2.95427	-3.87587	-3.75516
85	65	75	3.02245	-5.1422	-5.48123
85	65	85	2.77927	-4.14532	-4.36686
85	75	5	2.77774	-3.30943	-3.31337
85	75	15	2.65379	-3.0432	-3.06459
85	75	25	2.67245	-3.42067	-3.32085
85	75	35	2.77462	-3.50388	-3.3831
85	75	45	2.82515	-3.30999	-3.20947
85	75	55	2.63992	-3.36371	-3.36102
85	75	65	2.65566	-4.76169	-4.86072
85	75	75	3.11676	-5.12592	-5.65062
85	75	85	3.02577	-4.48257	-4.79603
85	85	5	2.86237	-3.19295	-3.00048
85	85	15	2.97311	-3.70594	-3.36633
85	85	25	2.83511	-4.94216	-4.73887
85	85	35	2.87908	-5.14471	-5.10624
85	85	45	2.76617	-5.16365	-4.95893
85	85	55	2.55267	-4.94585	-4.86664
85	85	65	2.85278	-4.8856	-5.10769
85	85	75	3.31633	-5.09958	-5.70558
85	85	85	3.4284	-3.58168	-4.09653
