5	5	5	3.00338	-5.10316	-5.42206
5	5	15	3.5987	-5.16484	-6.08517
5	5	25	2.7915	-4.86406	-4.8204
5	5	35	2.93779	-3.49565	-3.23833
5	5	45	3.15489	-3.19537	-2.67163
5	5	55	3.11954	-3.18314	-3.17542
5	5	65	3.92631	-5.06643	-5.93444
5	5	75	3.79936	-4.42065	-4.67155
5	5	85	3.01051	-4.09108	-4.00769
5	15	5	2.9155	-4.72125	-5.08169
5	15	15	3.21348	-4.62004	-5.20242
5	15	25	2.71624	-4.20086	-4.08604
5	15	35	2.81187	-3.24004	-2.99929
5	15	45	2.89424	-3.23361	-2.91042
5	15	55	2.96353	-3.72227	-3.67462
5	15	65	3.97146	-5.26951	-6.05171
5	15	75	3.67283	-4.84799	-5.59743
5	15	85	2.80839	-5.04419	-5.13486
5	25	5	2.97549	-3.67084	-3.97449
5	25	15	2.99265	-3.90679	-4.06761
5	25	25	2.75824	-3.8712	-3.70959
5	25	35	2.83917	-3.87084	-3.58296
5	25	45	3.10201	-3.62454	-3.68166
5	25	55	3.00026	-5.02691	-5.06114
5	25	65	3.09832	-5.07053	-5.49344
5	25	75	3.34075	-5.02302	-5.69025
5	25	85	2.96667	-4.30206	-4.59689
5	35	5	3.36195	-5.05646	-4.73293
5	35	15	3.50394	-4.96688	-4.41886
5	35	25	3.16076	-4.64269	-4.07781
5	35	35	2.79693	-3.33499	-3.21116
5	35	45	3.30595	-3.75355	-4.46679
5	35	55	3.05812	-4.75594	-5.18061
5	35	65	3.04915	-5.18125	-5.51376
5	35	75	3.27796	-5.16279	-5.48809
5	35	85	3.08873	-3.98044	-3.87095
5	45	5	3.57945	-5.48547	-5.02525
5	45	15	3.83429	-6.03981	-5.06744
5	45	25	4.19932	-6.24357	-4.60526
5	45	35	3.53601	-4.02818	-3.41234
5	45	45	3.10834	-4.24393	-4.40123
5	45	55	3.29921	-4.97113	-5.07931
5	45	65	3.34549	-5.59956	-5.3532
5	45	75	3.23725	-5.30205	-5.06742
5	45	85	3.36331	-4.13623	-3.94732
5	55	5	4.57297	-5.80663	-6.14522
5	55	15	4.19296	-6.40123	-5.37579
5	55	25	3.74275	-5.75124	-4.85653
5	55	35	3.63204	-3.75184	-3.64884
5	55	45	3.52601	-4.74197	-5.06655
5	55	55	3.40157	-4.87635	-5.6021
5	55	65	3.39463	-5.4642	-5.57579
5	55	75	3.72047	-4.81402	-4.87938
5	55	85	4.33487	-4.30972	-4.57821
5	65	5	5.78084	-6.7359	-6.45762
5	65	15	5.04005	-6.6498	-5.99066
5	65	25	4.58429	-6.05394	-5.37669
5	65	35	3.84002	-4.17782	-3.60828
5	65	45	3.40298	-4.13811	-3.86359
5	65	55	4.11908	-5.01838	-5.69519
5	65	65	3.59382	-5.35902	-5.79622
5	65	75	4.33071	-4.74681	-5.19688
5	65	85	5.33058	-5.12967	-5.25317
5	75	5	4.42354	-5.42533	-6.27542
5	75	15	4.3463	-5.53125	-6.41762
5	75	25	3.94901	-5.33476	-5.50617
5	75	35	4.12665	-4.61832	-3.81782
5	75	45	3.74829	-3.80209	-2.89852
5	75	55	4.82387	-4.89388	-4.50193
5	75	65	4.15462	-5.95407	-5.76567
5	75	75	4.16267	-4.1739	-4.88155
5	75	85	4.11647	-4.41884	-5.28749
5	85	5	3.96905	-5.50346	-5.53987
5	85	15	4.60903	-5.76749	-6.49347
5	85	25	4.02672	-5.2898	-4.70858
5	85	35	3.47912	-3.94454	-3.20996
5	85	45	3.78916	-3.83277	-2.84172
5	85	55	4.86565	-4.78203	-3.86901
5	85	65	4.22674	-5.67748	-5.72662
5	85	75	3.82266	-3.91556	-3.79997
5	85	85	3.84432	-4.27804	-4.05452
15	5	5	3.31829	-4.43765	-4.8704
15	5	15	4.01411	-5.19734	-6.45825
15	5	25	3.39084	-4.40385	-5.24003
15	5	35	2.72925	-3.14606	-3.32262
15	5	45	2.63124	-3.06231	-3.06244
15	5	55	2.83274	-3.29448	-3.25596
15	5	65	3.95621	-4.32732	-4.7246
15	5	75	4.25154	-3.85339	-3.64169
15	5	85	3.22153	-3.25372	-3.30566
15	15	5	2.77235	-4.95732	-5.13679
15	15	15	3.4919	-5.00121	-5.90113
15	15	25	2.80786	-4.58244	-4.79844
15	15	35	2.77517	-3.43524	-3.21779
15	15	45	2.97192	-3.30428	-2.92357
15	15	55	2.98026	-3.39945	-3.13505
15	15	65	3.40723	-4.07324	-4.17877
15	15	75	3.06319	-3.38602	-3.67866
15	15	85	2.89516	-4.38096	-4.60006
15	25	5	2.85224	-4.73923	-4.68043
15	25	15	3.17262	-5.21599	-5.11438
15	25	25	3.07705	-3.55521	-3.03402
15	25	35	2.91729	-3.86684	-3.50187
15	25	45	2.91625	-3.3436	-3.2216
15	25	55	2.65946	-4.68062	-4.70423
15	25	65	3.33309	-5.13066	-5.85106
15	25	75	3.39274	-5.1595	-5.72023
15	25	85	2.71468	-4.79408	-4.87605
15	35	5	2.64225	-5.05485	-5.08604
15	35	15	2.90744	-4.96823	-4.89261
15	35	25	2.94867	-4.30617	-3.92214
15	35	35	2.91901	-2.79898	-2.83648
15	35	45	3.65872	-2.79247	-3.85854
15	35	55	2.80667	-4.32794	-4.58278
15	35	65	2.95501	-5.05636	-5.48038
15	35	75	3.33265	-4.86098	-5.60219
15	35	85	2.77545	-4.50084	-4.68207
15	45	5	3.55732	-5.85702	-5.09555
15	45	15	3.75656	-6.13372	-5.17138
15	45	25	4.2874	-6.4887	-4.85634
15	45	35	4.41617	-4.44204	-3.98532
15	45	45	4.44551	-3.56342	-4.25708
15	45	55	3.57749	-4.05508	-4.5607
15	45	65	2.97702	-4.81429	-5.00029
15	45	75	3.55628	-5.12238	-5.52722
15	45	85	3.33791	-4.52132	-4.10408
15	55	5	3.72479	-5.31405	-5.68514
15	55	15	3.50316	-5.79735	-5.34444
15	55	25	3.48398	-5.78233	-5.30711
15	55	35	4.1796	-4.17486	-4.27773
15	55	45	3.42391	-3.82817	-3.77384
15	55	55	3.41549	-4.34289	-4.88334
15	55	65	3.12223	-5.21423	-5.22302
15	55	75	3.27551	-4.24158	-4.68607
15	55	85	3.99678	-3.71734	-4.6821
15	65	5	4.38265	-5.11064	-6.10307
15	65	15	3.53743	-5.66009	-5.52491
15	65	25	3.72473	-5.64456	-5.37185
15	65	35	3.7048	-3.99863	-3.82346
15	65	45	3.36202	-3.64648	-3.65092
15	65	55	3.95185	-3.98917	-4.34834
15	65	65	4.04145	-5.5763	-5.82669
15	65	75	4.65949	-4.44196	-4.95044
15	65	85	5.16432	-4.20524	-5.61854
15	75	5	5.21825	-5.27644	-6.10326
15	75	15	3.99184	-5.64005	-6.00004
15	75	25	3.83839	-5.18237	-5.86803
15	75	35	3.40962	-4.11683	-4.12972
15	75	45	3.23996	-3.35217	-2.90671
15	75	55	4.28063	-4.0411	-4.31151
15	75	65	3.98625	-5.44266	-5.49548
15	75	75	4.79184	-3.74553	-4.65754
15	75	85	5.02033	-3.66244	-4.77015
15	85	5	4.16464	-4.37342	-4.84302
15	85	15	4.12223	-5.43468	-6.33307
15	85	25	4.11269	-4.66514	-5.85961
15	85	35	2.99731	-3.39809	-3.63706
15	85	45	2.67576	-3.11071	-3.03124
15	85	55	3.12122	-4.30523	-4.49504
15	85	65	3.93954	-4.89732	-5.47366
15	85	75	4.08546	-3.40319	-3.57357
15	85	85	4.55227	-3.63045	-3.75967
25	5	5	3.41703	-3.73989	-4.3539
25	5	15	3.50106	-5.12247	-5.97963
25	5	25	3.70661	-4.16589	-5.27362
25	5	35	2.70378	-3.01062	-3.12141
25	5	45	2.59162	-3.30602	-3.26636
25	5	55	2.71286	-4.20038	-4.2818
25	5	65	3.51225	-4.0431	-4.32273
25	5	75	3.57968	-4.57688	-4.07143
25	5	85	3.11947	-3.50242	-3.09487
25	15	5	2.69328	-4.76113	-4.81891
25	15	15	3.45157	-5.08596	-5.98541
25	15	25	3.50071	-4.48195	-5.27159
25	15	35	2.74005	-3.40845	-3.23666
25	15	45	2.91149	-3.34331	-3.14217
25	15	55	2.79186	-3.41968	-3.30046
25	15	65	2.89268	-3.24393	-3.3431
25	15	75	2.65476	-3.179	-3.19768
25	15	85	2.57606	-3.36256	-3.33837
25	25	5	2.65113	-4.90647	-4.84637
25	25	15	3.87269	-5.5396	-5.85953
25	25	25	3.51954	-4.20083	-3.56692
25	25	35	3.09781	-3.51324	-2.97603
25	25	45	2.93239	-3.5847	-3.44365
25	25	55	2.63422	-4.75766	-4.76006
25	25	65	2.59184	-5.02145	-5.12144
25	25	75	2.63227	-4.954	-5.03517
25	25	85	2.61155	-4.90602	-4.88556
25	35	5	2.65504	-5.13908	-5.03507
25	35	15	2.86663	-5.10559	-5.03238
25	35	25	2.7803	-4.05392	-3.88954
25	35	35	2.85053	-2.91945	-2.78133
25	35	45	2.89965	-2.73689	-2.99179
25	35	55	2.6342	-4.12274	-4.16436
25	35	65	2.47341	-4.97393	-5.01393
25	35	75	2.68986	-4.6014	-4.74224
25	35	85	2.63188	-4.54078	-4.58084
25	45	5	2.59624	-4.9948	-4.98959
25	45	15	2.95827	-5.16734	-5.4409
25	45	25	2.81451	-5.18129	-5.19228
25	45	35	3.09936	-3.9026	-4.04235
25	45	45	3.45672	-2.73531	-3.35574
25	45	55	2.93282	-3.81596	-3.8367
25	45	65	2.75305	-4.86736	-4.86777
25	45	75	2.74984	-4.02154	-4.10274
25	45	85	2.61143	-3.79681	-3.85724
25	55	5	2.63066	-4.83803	-4.91798
25	55	15	3.15149	-5.09953	-5.69986
25	55	25	2.80186	-5.14104	-5.3118
25	55	35	3.41532	-4.15656	-4.69991
25	55	45	3.07688	-2.90928	-2.98783
25	55	55	3.01503	-3.20326	-3.33927
25	55	65	2.85505	-4.31751	-4.5383
25	55	75	2.79346	-3.67473	-3.91589
25	55	85	2.63147	-3.31648	-3.43691
25	65	5	3.07103	-4.44874	-4.88954
25	65	15	3.01503	-5.11866	-5.54186
25	65	25	2.85863	-5.1031	-5.3683
25	65	35	3.05791	-4.00437	-4.42565
25	65	45	2.81669	-2.85106	-2.83109
25	65	55	3.41109	-3.18732	-3.32732
25	65	65	3.25543	-4.06362	-3.82803
25	65	75	3.37423	-3.81866	-3.52187
25	65	85	3.37304	-3.40243	-3.80365
25	75	5	4.63264	-4.5725	-5.05252
25	75	15	3.67662	-5.69421	-5.61902
25	75	25	3.83665	-5.9024	-5.5472
25	75	35	3.11708	-4.49843	-4.70449
25	75	45	2.73387	-3.38948	-3.20673
25	75	55	3.17665	-3.99007	-4.40528
25	75	65	3.48425	-4.83897	-4.753
25	75	75	4.52025	-4.22353	-3.58395
25	75	85	4.27389	-3.87444	-3.3941
25	85	5	4.03556	-4.04376	-4.60004
25	85	15	3.23949	-5.45	-5.41273
25	85	25	3.39265	-4.9564	-5.68922
25	85	35	2.72905	-3.78883	-3.78446
25	85	45	2.59307	-3.45549	-3.41432
25	85	55	2.75466	-4.89812	-5.09693
25	85	65	3.37751	-4.75191	-5.56704
25	85	75	3.17437	-3.35277	-3.58065
25	85	85	3.71758	-3.74694	-3.30286
35	5	5	3.06156	-3.46936	-3.51884
35	5	15	3.02415	-5.18352	-5.4328
35	5	25	2.92032	-4.62941	-4.94337
35	5	35	2.53446	-3.0394	-3.06012
35	5	45	2.55284	-3.61443	-3.65529
35	5	55	2.65179	-5.02841	-5.00891
35	5	65	2.87355	-4.95957	-5.19878
35	5	75	2.67534	-4.59721	-4.59696
35	5	85	2.69795	-3.58957	-3.48356
35	15	5	2.75586	-4.20511	-4.36031
35	15	15	3.11903	-5.07745	-5.65511
35	15	25	3.18327	-4.32491	-4.87038
35	15	35	2.55524	-3.10367	-3.06623
35	15	45	2.65032	-3.4578	-3.43908
35	15	55	2.67073	-4.52374	-4.4446
35	15	65	2.69233	-4.58409	-4.60362
35	15	75	2.59519	-4.11578	-4.11648
35	15	85	2.55362	-2.93834	-2.93665
35	25	5	2.57129	-4.867	-4.84679
35	25	15	3.23514	-5.29528	-5.5776
35	25	25	3.7019	-4.94213	-4.65256
35	25	35	3.39604	-4.20964	-3.37146
35	25	45	3.56838	-4.50136	-3.64112
35	25	55	2.9119	-4.98128	-4.6585
35	25	65	2.65187	-5.04524	-5.06524
35	25	75	2.63386	-5.00409	-4.94366
35	25	85	2.552	-4.90288	-4.90355
35	35	5	2.59145	-4.95773	-4.99732
35	35	15	3.17704	-5.29734	-5.40173
35	35	25	3.13275	-4.38319	-4.28009
35	35	35	2.91138	-3.84042	-3.57593
35	35	45	2.94735	-2.95427	-2.9209
35	35	55	2.70386	-4.4381	-4.32771
35	35	65	2.63788	-5.06079	-5.09477
35	35	75	2.59313	-4.92051	-4.88164
35	35	85	2.57116	-4.45955	-4.43915
35	45	5	2.61304	-4.63242	-4.69042
35	45	15	3.17544	-5.10273	-5.7231
35	45	25	2.58912	-5.10148	-5.13306
35	45	35	2.64145	-4.23921	-4.32549
35	45	45	2.69624	-2.65772	-2.75552
35	45	55	2.79564	-3.85676	-3.73546
35	45	65	2.79314	-5.20214	-5.04406
35	45	75	2.65473	-4.07993	-4.02189
35	45	85	2.57321	-3.71411	-3.67214
35	55	5	2.59118	-4.35649	-4.35634
35	55	15	3.41309	-5.09946	-5.96139
35	55	25	2.77312	-5.12208	-5.30403
35	55	35	2.7642	-4.34114	-4.43424
35	55	45	2.75449	-2.774	-2.6974
35	55	55	2.75311	-3.05309	-2.97271
35	55	65	2.63316	-4.31439	-4.39317
35	55	75	2.57321	-3.1755	-3.19736
35	55	85	2.51134	-3.33941	-3.33935
35	65	5	2.65062	-4.16633	-4.10633
35	65	15	3.13102	-5.13677	-5.63677
35	65	25	2.76222	-5.10199	-5.27319
35	65	35	2.68197	-4.46282	-4.55217
35	65	45	2.55157	-2.81992	-2.82047
35	65	55	2.81147	-3.33371	-3.31416
35	65	65	2.89151	-4.28119	-4.10087
35	65	75	3.05465	-3.60554	-3.14913
35	65	85	2.77103	-3.33348	-3.11349
35	75	5	3.99742	-4.83004	-3.74444
35	75	15	4.07782	-6.29459	-5.40859
35	75	25	3.89903	-6.18557	-5.24637
35	75	35	3.41391	-5.34205	-4.76412
35	75	45	3.11268	-4.13923	-3.58089
35	75	55	2.8519	-4.91456	-5.05465
35	75	65	2.83235	-4.97735	-5.01708
35	75	75	2.91587	-3.83567	-3.63252
35	75	85	3.47824	-3.79197	-2.94559
35	85	5	3.21128	-3.8753	-3.73587
35	85	15	3.11198	-5.37559	-5.33623
35	85	25	3.17628	-5.32393	-5.30508
35	85	35	2.74989	-4.37806	-4.1841
35	85	45	2.62117	-4.21559	-4.18729
35	85	55	2.73925	-5.01094	-5.18556
35	85	65	2.80273	-5.02814	-5.25897
35	85	75	2.65443	-4.12676	-4.14982
35	85	85	2.94451	-3.89105	-3.57921
45	5	5	2.69834	-3.23808	-3.17078
45	5	15	2.93226	-5.31034	-5.22992
45	5	25	2.93249	-4.72014	-4.58435
45	5	35	2.66653	-3.18948	-3.0661
45	5	45	2.56406	-3.90538	-3.93492
45	5	55	2.61518	-5.06388	-5.12694
45	5	65	2.7342	-5.12142	-5.26192
45	5	75	2.63673	-4.68482	-4.6816
45	5	85	2.65853	-3.94842	-3.88256
45	15	5	2.61901	-3.59684	-3.64967
45	15	15	2.64405	-5.07659	-5.14599
45	15	25	2.69992	-4.12667	-4.1855
45	15	35	2.45923	-2.75336	-2.77892
45	15	45	2.46285	-3.36203	-3.33372
45	15	55	2.63455	-5.01355	-5.01693
45	15	65	2.83441	-5.08103	-5.00109
45	15	75	2.5952	-4.53965	-4.54125
45	15	85	2.63318	-2.97243	-2.89112
45	25	5	2.71641	-4.78248	-4.90036
45	25	15	3.01476	-5.10452	-5.52643
45	25	25	2.76118	-4.3423	-4.47075
45	25	35	2.73632	-4.00644	-3.95013
45	25	45	3.23677	-4.60407	-4.0466
45	25	55	3.31435	-5.51122	-4.7897
45	25	65	3.25348	-5.44931	-4.99014
45	25	75	2.87588	-5.09248	-4.8133
45	25	85	2.57674	-4.48634	-4.46315
45	35	5	2.81591	-4.58208	-4.63892
45	35	15	3.19467	-5.19774	-5.63977
45	35	25	2.82313	-4.62309	-4.69279
45	35	35	2.74165	-4.22724	-4.09225
45	35	45	2.69715	-3.11099	-3.04987
45	35	55	2.7575	-4.67653	-4.51253
45	35	65	2.73945	-5.20084	-5.11324
45	35	75	2.59713	-4.78497	-4.82133
45	35	85	2.59636	-4.2421	-4.20014
45	45	5	2.82053	-3.79826	-4.04881
45	45	15	3.52442	-5.1069	-6.06479
45	45	25	2.95126	-5.08404	-5.47766
45	45	35	2.62865	-4.7445	-4.81475
45	45	45	2.61403	-2.95258	-3.01154
45	45	55	2.5735	-3.99644	-4.01561
45	45	65	2.69361	-5.10791	-5.12694
45	45	75	2.63777	-4.40454	-4.32398
45	45	85	2.56007	-3.36595	-3.3583
45	55	5	2.6711	-3.69352	-3.81344
45	55	15	3.29308	-5.09267	-5.83461
45	55	25	2.96873	-5.10207	-5.51967
45	55	35	2.62661	-4.62197	-4.69754
45	55	45	2.67396	-2.70476	-2.74767
45	55	55	2.65227	-3.43271	-3.5339
45	55	65	2.69274	-4.83359	-4.97508
45	55	75	2.57685	-3.52022	-3.5057
45	55	85	2.53266	-3.02097	-3.02063
45	65	5	2.99104	-3.9276	-3.68758
45	65	15	3.95225	-5.38675	-6.18793
45	65	25	3.52785	-5.422	-5.7588
45	65	35	2.90285	-5.04205	-5.03386
45	65	45	2.61432	-2.82602	-2.84852
45	65	55	2.57425	-3.97268	-3.9959
45	65	65	2.67226	-4.73824	-4.81947
45	65	75	2.59748	-3.60627	-3.5727
45	65	85	2.75112	-3.10353	-2.90359
45	75	5	4.18423	-5.19547	-3.56228
45	75	15	5.10342	-7.07414	-5.64173
45	75	25	5.06664	-7.08994	-5.58955
45	75	35	3.6811	-5.86445	-4.78891
45	75	45	3.39429	-5.18964	-4.39131
45	75	55	3.01632	-5.4976	-5.0405
45	75	65	3.07195	-5.38427	-5.2244
45	75	75	3.0735	-5.00243	-4.48089
45	75	85	3.55985	-4.59134	-3.58252
45	85	5	2.89465	-4.48171	-4.17812
45	85	15	3.29777	-5.59763	-5.29168
45	85	25	3.27116	-5.59788	-5.12578
45	85	35	3.01748	-4.90446	-4.60368
45	85	45	2.64307	-4.32044	-4.27647
45	85	55	2.60166	-5.09559	-5.09822
45	85	65	2.60014	-5.08352	-5.11897
45	85	75	2.65484	-4.64008	-4.578
45	85	85	2.68532	-4.32532	-4.23105
55	5	5	2.65775	-3.63094	-3.56423
55	5	15	3.13065	-5.46198	-5.28397
55	5	25	3.28369	-4.97208	-4.52344
55	5	35	3.0151	-3.60202	-3.54213
55	5	45	2.94882	-4.05661	-4.32202
55	5	55	2.6688	-5.08841	-5.19947
55	5	65	2.59813	-5.10519	-5.14478
55	5	75	2.6349	-4.88459	-4.80236
55	5	85	2.61623	-4.33552	-4.27197
55	15	5	2.79425	-3.30004	-3.09765
55	15	15	2.88096	-5.25054	-5.20463
55	15	25	2.90017	-3.88726	-4.14467
55	15	35	3.15795	-2.89204	-3.41335
55	15	45	2.77198	-3.68252	-3.82244
55	15	55	2.72344	-5.15992	-5.17104
55	15	65	2.73492	-5.22265	-5.16378
55	15	75	2.63296	-4.8627	-4.86324
55	15	85	2.65248	-3.23383	-3.13324
55	25	5	2.79433	-4.54027	-4.41867
55	25	15	2.95558	-5.27313	-5.275
55	25	25	2.93595	-4.66176	-4.96576
55	25	35	3.19921	-4.12166	-4.64978
55	25	45	2.86397	-4.39869	-4.43074
55	25	55	2.81848	-5.0509	-4.95584
55	25	65	2.95767	-5.28158	-5.16401
55	25	75	2.97311	-5.05884	-4.67922
55	25	85	2.81517	-4.17405	-3.95084
55	35	5	3.10958	-4.62652	-4.35051
55	35	15	3.49033	-5.56926	-5.5604
55	35	25	3.16355	-5.3093	-5.14657
55	35	35	2.9237	-4.8717	-4.91304
55	35	45	2.78074	-3.86212	-3.72302
55	35	55	2.73435	-4.72089	-4.70173
55	35	65	2.77588	-5.13819	-5.19742
55	35	75	2.70313	-4.96622	-4.94064
55	35	85	2.82566	-4.1287	-4.01756
55	45	5	2.74253	-3.23364	-3.32581
55	45	15	3.10016	-5.09348	-5.63478
55	45	25	2.94488	-5.10489	-5.49284
55	45	35	2.67912	-4.99329	-5.11569
55	45	45	2.61351	-3.32171	-3.38336
55	45	55	2.57264	-4.44096	-4.46096
55	45	65	2.61424	-5.07144	-5.13143
55	45	75	2.64134	-4.58679	-4.66565
55	45	85	2.6029	-3.4244	-3.45869
55	55	5	2.83426	-2.82826	-3.10928
55	55	15	3.3985	-5.0568	-5.90223
55	55	25	3.24924	-5.10329	-5.7989
55	55	35	2.6007	-4.84205	-4.89087
55	55	45	2.59268	-3.01524	-3.05606
55	55	55	2.61145	-4.01904	-4.03941
55	55	65	2.71589	-5.03997	-5.2047
55	55	75	2.58617	-3.84105	-3.87594
55	55	85	2.55285	-2.90707	-2.90759
55	65	5	3.09235	-3.74207	-3.40085
55	65	15	4.0939	-5.73392	-5.9567
55	65	25	3.94993	-5.6619	-5.82072
55	65	35	3.09746	-5.28207	-5.02845
55	65	45	2.75225	-3.59284	-3.51327
55	65	55	2.67144	-4.6133	-4.6537
55	65	65	2.89383	-5.04867	-5.27145
55	65	75	2.60353	-4.37667	-4.38917
55	65	85	2.65172	-3.27049	-3.17022
55	75	5	4.32512	-5.79216	-4.13808
55	75	15	5.57225	-7.25217	-5.91256
55	75	25	5.45983	-7.33934	-5.61294
55	75	35	4.50201	-6.74806	-5.08702
55	75	45	3.89306	-5.91805	-4.89847
55	75	55	3.01305	-5.43652	-5.09773
55	75	65	3.07384	-5.27987	-5.40185
55	75	75	2.8967	-5.25602	-4.9184
55	75	85	3.69874	-5.53903	-4.39134
55	85	5	2.88552	-4.96613	-4.63167
55	85	15	3.2972	-5.43662	-5.45205
55	85	25	3.95605	-6.06307	-5.38523
55	85	35	3.60606	-5.37329	-4.56503
55	85	45	3.22788	-4.96726	-4.70007
55	85	55	2.66504	-5.17499	-5.11379
55	85	65	2.60236	-5.12838	-5.12442
55	85	75	2.61855	-5.08798	-5.0213
55	85	85	2.77465	-5.25281	-5.03003
65	5	5	2.64216	-4.43168	-4.42064
65	5	15	2.87145	-5.19305	-5.23265
65	5	25	3.11694	-5.11771	-4.89106
65	5	35	3.08646	-3.41405	-3.36225
65	5	45	3.01168	-3.42908	-3.60924
65	5	55	2.76158	-5.03605	-5.19432
65	5	65	2.60483	-5.13431	-5.12299
65	5	75	2.64157	-5.11135	-5.06323
65	5	85	2.5866	-4.83512	-4.80129
65	15	5	2.77568	-3.28968	-3.14583
65	15	15	2.77465	-4.97369	-4.9517
65	15	25	2.72307	-3.74886	-3.78652
65	15	35	3.15445	-2.69089	-3.2478
65	15	45	3.27403	-3.36859	-4.08803
65	15	55	2.74122	-5.0824	-5.22742
65	15	65	2.65546	-5.16488	-5.14296
65	15	75	2.69788	-5.00763	-4.94329
65	15	85	2.59415	-3.59869	-3.5565
65	25	5	3.29618	-4.1073	-3.56317
65	25	15	3.57937	-5.84581	-5.14563
65	25	25	3.4614	-5.52545	-5.02744
65	25	35	3.95474	-4.43847	-5.07891
65	25	45	3.42307	-4.38061	-4.68541
65	25	55	2.89717	-5.25333	-5.1585
65	25	65	2.47525	-5.12377	-5.12363
65	25	75	2.71336	-4.80267	-4.68372
65	25	85	3.01418	-3.59873	-3.17731
65	35	5	3.15133	-3.73831	-3.45921
65	35	15	3.25734	-5.55046	-5.29017
65	35	25	3.15474	-5.15753	-5.36906
65	35	35	3.32367	-4.94015	-5.41735
65	35	45	3.00328	-4.24369	-4.41103
65	35	55	2.79876	-5.00597	-5.21208
65	35	65	2.65314	-5.11779	-5.1391
65	35	75	2.65124	-4.66121	-4.60378
65	35	85	2.8804	-3.45962	-3.21608
65	45	5	2.84517	-3.07137	-3.30021
65	45	15	2.85145	-5.01972	-5.20907
65	45	25	2.9527	-5.05323	-5.35225
65	45	35	2.88195	-5.12374	-5.32405
65	45	45	2.67681	-4.05576	-4.13827
65	45	55	2.67433	-4.83476	-4.91566
65	45	65	2.71594	-5.09402	-5.25568
65	45	75	2.64216	-4.40475	-4.4886
65	45	85	2.62101	-3.18401	-3.24115
65	55	5	2.83629	-2.89259	-3.1293
65	55	15	3.16005	-4.82743	-5.30896
65	55	25	2.8161	-4.70428	-4.96438
65	55	35	2.65728	-4.9845	-5.08584
65	55	45	2.59282	-3.36111	-3.40031
65	55	55	2.65158	-4.44657	-4.50684
65	55	65	2.78114	-5.06929	-5.29844
65	55	75	2.70595	-4.142	-4.29573
65	55	85	2.64327	-2.77189	-2.86359
65	65	5	3.25881	-3.92327	-3.86077
65	65	15	4.10123	-5.66114	-5.80216
65	65	25	4.03449	-5.78201	-5.22369
65	65	35	3.49304	-5.90209	-5.08401
65	65	45	2.87189	-4.31765	-4.03688
65	65	55	2.83146	-4.80072	-5.00031
65	65	65	3.32229	-5.06042	-5.7908
65	65	75	2.63084	-4.68161	-4.71981
65	65	85	2.74	-3.69942	-3.7232
65	75	5	3.85252	-5.84358	-4.82472
65	75	15	5.21831	-6.69008	-5.90924
65	75	25	5.1403	-7.35031	-5.40193
65	75	35	4.66419	-7.09244	-5.0624
65	75	45	4.15389	-6.20008	-4.63807
65	75	55	3.29228	-5.65029	-5.18906
65	75	65	3.55667	-5.47191	-5.71667
65	75	75	2.94434	-5.40225	-5.03062
65	75	85	2.90872	-5.28223	-4.92973
65	85	5	2.81054	-5.1869	-5.00827
65	85	15	3.44722	-5.41735	-5.64198
65	85	25	3.74075	-6.02231	-5.33029
65	85	35	4.14509	-6.01309	-4.54185
65	85	45	3.73087	-4.67783	-3.6597
65	85	55	2.98077	-5.32449	-5.13474
65	85	65	2.92048	-5.26856	-5.30234
65	85	75	2.73979	-5.28951	-5.10243
65	85	85	2.70418	-5.23089	-5.07885
75	5	5	2.70476	-5.09461	-4.98226
75	5	15	3.20684	-5.27223	-5.5023
75	5	25	2.76239	-5.16205	-5.09258
75	5	35	2.95367	-3.86136	-3.54455
75	5	45	2.71419	-2.99277	-2.82962
75	5	55	2.7212	-4.52096	-4.51238
75	5	65	2.72288	-5.23003	-5.14242
75	5	75	2.73812	-5.24102	-5.11011
75	5	85	2.8534	-5.24221	-4.98423
75	15	5	2.66604	-3.57042	-3.45662
75	15	15	3.26504	-4.51994	-4.7693
75	15	25	2.85516	-3.9743	-3.85195
75	15	35	2.78135	-3.02427	-2.83491
75	15	45	2.85375	-3.18433	-3.32322
75	15	55	2.79412	-5.10685	-4.9878
75	15	65	2.63642	-5.1249	-5.16089
75	15	75	2.70428	-5.19151	-5.12582
75	15	85	2.58585	-4.05311	-4.02341
75	25	5	2.91477	-2.99398	-2.71201
75	25	15	3.77927	-5.38744	-4.64503
75	25	25	3.72496	-5.96244	-4.80553
75	25	35	3.4172	-4.61855	-3.8749
75	25	45	3.31712	-4.25905	-4.25335
75	25	55	2.73609	-5.16954	-5.10941
75	25	65	2.53487	-5.1221	-5.14414
75	25	75	2.53482	-4.88246	-4.88541
75	25	85	2.61236	-3.01927	-2.99815
75	35	5	3.07852	-3.36638	-3.24738
75	35	15	3.49314	-5.20216	-4.87846
75	35	25	3.43203	-5.67657	-5.0037
75	35	35	3.53884	-5.44292	-5.29775
75	35	45	3.09921	-4.74646	-4.764
75	35	55	2.73528	-5.02401	-5.04413
75	35	65	2.69611	-5.16108	-5.18531
75	35	75	2.67334	-4.46243	-4.42475
75	35	85	2.75763	-3.03526	-2.87903
75	45	5	2.71512	-3.71714	-3.85391
75	45	15	3.14612	-4.58009	-4.74695
75	45	25	2.98491	-4.36904	-4.42753
75	45	35	3.16547	-5.02371	-5.38919
75	45	45	3.02052	-4.67907	-4.90212
75	45	55	2.70199	-5.06685	-5.08817
75	45	65	2.70796	-5.10693	-5.28942
75	45	75	2.72149	-4.64597	-4.7676
75	45	85	2.61132	-3.32166	-3.3219
75	55	5	2.92532	-3.81339	-3.92801
75	55	15	3.32558	-4.89805	-5.15806
75	55	25	3.06157	-4.40889	-4.46023
75	55	35	2.80317	-4.74485	-4.90737
75	55	45	2.65857	-4.1836	-4.28628
75	55	55	2.75646	-4.80156	-4.92524
75	55	65	2.94721	-5.1176	-5.47113
75	55	75	2.75322	-4.30407	-4.46182
75	55	85	2.6664	-3.04872	-3.08271
75	65	5	3.56991	-5.11049	-4.61926
75	65	15	4.68955	-6.00649	-6.12678
75	65	25	3.94419	-5.63855	-4.62516
75	65	35	4.01771	-5.95576	-4.53899
75	65	45	3.15181	-5.05985	-4.50022
75	65	55	3.15484	-4.98938	-5.34883
75	65	65	3.32967	-5.15073	-5.80498
75	65	75	3.172	-4.64367	-5.22006
75	65	85	2.72422	-3.80648	-3.73237
75	75	5	3.46174	-5.60235	-5.25304
75	75	15	4.63373	-5.9646	-6.13964
75	75	25	4.4389	-6.70846	-5.01769
75	75	35	4.59704	-6.57885	-4.53762
75	75	45	4.18441	-5.61299	-3.98128
75	75	55	4.04167	-5.76976	-5.36156
75	75	65	3.98894	-5.58271	-6.04562
75	75	75	3.26227	-5.47274	-5.40011
75	75	85	3.0792	-5.30935	-5.04526
75	85	5	3.44754	-5.83388	-5.25972
75	85	15	4.12786	-5.64804	-6.11614
75	85	25	3.65019	-6.04035	-5.09747
75	85	35	4.38665	-6.29581	-4.50308
75	85	45	4.23275	-4.66134	-2.98123
75	85	55	3.82329	-5.52462	-4.77236
75	85	65	3.40076	-5.40831	-5.64339
75	85	75	3.3094	-5.71013	-5.2119
75	85	85	3.08369	-5.46703	-5.06644
85	5	5	3.28782	-5.61333	-5.12349
85	5	15	4.17884	-5.76254	-5.94922
85	5	25	3.2401	-5.5785	-5.03432
85	5	35	3.25382	-4.18268	-3.56089
85	5	45	3.0437	-3.10191	-2.61003
85	5	55	2.76769	-3.61587	-3.64001
85	5	65	3.10854	-5.14412	-5.5939
85	5	75	3.08821	-5.27719	-5.34405
85	5	85	3.08355	-5.43545	-5.02035
85	15	5	2.7594	-4.38051	-4.46635
85	15	15	3.24114	-4.48207	-4.88651
85	15	25	2.96349	-4.40763	-4.28721
85	15	35	2.80275	-3.13171	-2.86089
85	15	45	2.79679	-3.1758	-2.97004
85	15	55	2.96217	-4.72166	-4.52267
85	15	65	3.10583	-5.23861	-5.49347
85	15	75	2.70615	-5.12743	-5.19171
85	15	85	2.60692	-4.54297	-4.55621
85	25	5	2.7361	-2.92122	-2.9047
85	25	15	3.25869	-3.93192	-4.31399
85	25	25	3.22029	-5.15097	-4.5298
85	25	35	3.43833	-4.48209	-3.67567
85	25	45	2.97644	-4.06049	-3.83711
85	25	55	2.85168	-5.18803	-4.95633
85	25	65	2.84406	-5.20224	-5.28783
85	25	75	2.70099	-4.86367	-4.97031
85	25	85	2.64158	-3.52168	-3.49216
85	35	5	3.20006	-4.10237	-3.74579
85	35	15	3.66039	-4.69711	-4.4391
85	35	25	3.31989	-5.0938	-4.45115
85	35	35	2.95606	-4.58088	-4.21604
85	35	45	2.91886	-4.78042	-4.69996
85	35	55	2.85941	-5.11871	-5.10461
85	35	65	2.96081	-5.32217	-5.24951
85	35	75	2.91731	-5.14283	-4.7875
85	35	85	2.81674	-3.27845	-3.10176
85	45	5	3.04655	-4.41207	-4.83759
85	45	15	3.24637	-4.89261	-4.60447
85	45	25	3.48088	-4.85508	-4.05755
85	45	35	3.17441	-4.31841	-3.98096
85	45	45	2.90162	-4.93835	-4.80731
85	45	55	2.90567	-5.03128	-5.14262
85	45	65	2.7708	-5.14286	-5.2746
85	45	75	2.90704	-4.66849	-4.89157
85	45	85	2.87471	-3.35897	-3.45997
85	55	5	3.78261	-4.96839	-5.83486
85	55	15	3.6134	-5.68694	-5.24358
85	55	25	3.50533	-4.88333	-4.92562
85	55	35	3.02858	-3.90763	-4.05719
85	55	45	2.94462	-4.72438	-4.94518
85	55	55	3.0472	-4.82153	-5.29689
85	55	65	2.96268	-5.20925	-5.40249
85	55	75	3.17583	-4.19201	-4.59679
85	55	85	3.1882	-3.20732	-3.61473
85	65	5	4.22204	-5.64683	-5.7045
85	65	15	5.09911	-6.57454	-6.1209
85	65	25	4.60968	-6.20466	-4.87963
85	65	35	4.27322	-5.05009	-3.83928
85	65	45	3.96002	-5.25525	-4.30175
85	65	55	3.92128	-5.53094	-5.64656
85	65	65	4.02087	-5.56625	-6.09402
85	65	75	3.66033	-4.89708	-5.25608
85	65	85	3.37105	-4.30247	-3.92883
85	75	5	3.3532	-5.40514	-5.54435
85	75	15	4.81267	-5.83421	-6.56165
85	75	25	4.51745	-6.37853	-4.90779
85	75	35	4.63123	-5.95997	-3.93765
85	75	45	4.34187	-5.11919	-3.49222
85	75	55	4.41955	-5.25565	-5.03206
85	75	65	4.09833	-5.71064	-6.03136
85	75	75	3.39483	-5.34833	-5.45902
85	75	85	3.15766	-5.04751	-4.82399
85	85	5	4.00387	-6.06735	-5.50203
85	85	15	5.131	-6.75171	-6.02716
85	85	25	4.31446	-6.32398	-4.7999
85	85	35	4.614	-5.59939	-3.62035
85	85	45	4.59896	-4.73735	-2.812
85	85	55	4.22974	-4.79753	-4.16041
85	85	65	3.98567	-5.56545	-6.06201
85	85	75	3.64042	-5.46887	-5.58434
85	85	85	3.53624	-5.77184	-4.85661
