5	5	5	0.067341	-0.182863	0.103735
5	5	15	0.126585	-0.0137213	1.01432
5	5	25	1.85097	-1.19232	-3.54754
5	5	35	1.32737	-0.62241	-3.79518
5	5	45	0.0270357	-0.262685	-0.947004
5	5	55	-0.113357	-0.257413	0.968834
5	5	65	-1.9305	-1.43308	2.97667
5	5	75	-1.17535	-1.74505	2.12973
5	5	85	0.263182	0.103025	-1.2506
5	15	5	0.138853	-0.2266	-0.0595829
5	15	15	0.206716	0.156029	-0.184011
5	15	25	-0.0723077	5.50603	-4.29191
5	15	35	0.932913	5.88106	-3.84549
5	15	45	-0.14286	1.5687	-0.345202
5	15	55	-0.216338	0.842515	0.76418
5	15	65	-2.21857	4.81637	3.08368
5	15	75	-1.08279	4.12047	2.31914
5	15	85	-0.0302932	0.172641	-0.168705
5	25	5	0.2782	-0.964225	0.0607437
5	25	15	0.138543	-0.228436	-1.02295
5	25	25	0.837998	1.73188	-3.11398
5	25	35	0.887215	4.03473	-1.44951
5	25	45	-0.0570187	1.78183	0.362328
5	25	55	-0.0676977	1.51885	0.279361
5	25	65	-0.612338	3.20807	0.889131
5	25	75	-0.420336	0.399607	0.741857
5	25	85	0.143261	-1.03001	-0.00274
5	35	5	0.506224	-0.810567	-0.00219805
5	35	15	0.951549	-2.88596	1.20774
5	35	25	0.969704	-5.32647	3.75641
5	35	35	0.254054	-1.3052	2.20857
5	35	45	0.123594	0.787439	0.308945
5	35	55	0.0414474	0.754712	0.153487
5	35	65	0.163678	-1.56601	-2.20833
5	35	75	0.69221	-5.05365	-3.04694
5	35	85	0.41365	-2.67276	-0.816869
5	45	5	0.464114	-0.829671	0.0651448
5	45	15	0.499611	-1.67936	2.51892
5	45	25	0.254308	-4.26334	4.56341
5	45	35	0.123776	-1.48848	1.46561
5	45	45	-0.0570882	0.119296	-0.508809
5	45	55	0.236765	0.176425	0.498131
5	45	65	-0.0187822	-0.594295	-0.651937
5	45	75	-0.18217	-4.06644	-5.60176
5	45	85	0.504454	-2.05708	-1.96768
5	55	5	0.15935	0.104392	0.0755795
5	55	15	-0.0455458	1.7507	2.25826
5	55	25	-0.0251749	4.14516	5.75368
5	55	35	0.792303	2.77681	0.468308
5	55	45	0.0591095	0.140833	-0.379977
5	55	55	0.303108	0.0359092	0.693114
5	55	65	0.743505	2.56284	-0.898269
5	55	75	0.552389	3.81458	-4.82767
5	55	85	0.155778	1.29036	-1.46419
5	65	5	0.24345	1.04775	-0.118817
5	65	15	0.0689653	2.96331	0.690224
5	65	25	-0.193064	5.228	2.65265
5	65	35	0.343088	1.88312	1.72576
5	65	45	0.0551819	-0.488812	0.0930378
5	65	55	0.0439241	-0.732711	0.0569926
5	65	65	0.245096	2.01509	-1.50139
5	65	75	-0.183552	4.64556	-3.20946
5	65	85	0.0962428	2.77001	-0.656977
5	75	5	0.220179	0.742574	-0.0243706
5	75	15	0.274004	0.328138	-1.12264
5	75	25	1.91845	-2.3889	-3.61389
5	75	35	1.01921	-3.78417	-1.59938
5	75	45	0.121854	-2.32637	-0.121848
5	75	55	0.0812133	-1.45849	0.500183
5	75	65	0.257114	-2.72476	1.10315
5	75	75	-0.164287	-1.54595	1.25308
5	75	85	-0.035039	0.952972	-0.00900338
5	85	5	-0.0195649	0.362587	-0.124088
5	85	15	0.378976	-0.456574	-0.361704
5	85	25	2.14199	-5.59682	-3.83823
5	85	35	1.03463	-6.37552	-3.47648
5	85	45	-0.159637	-1.92154	-0.85956
5	85	55	0.0401566	-2.15082	0.504956
5	85	65	-0.903201	-5.80067	2.82915
5	85	75	-1.08296	-5.14638	3.02315
5	85	85	0.0574615	-0.59394	0.228536
15	5	5	0.524447	-0.315494	0.0586772
15	5	15	1.43441	-0.314479	0.565114
15	5	25	6.25473	-0.51035	-0.156484
15	5	35	0.147993	0.414168	-0.799422
15	5	45	-0.939375	-0.382718	-0.21089
15	5	55	-0.839007	-0.330137	0.128678
15	5	65	-0.352777	-1.11718	0.478424
15	5	75	6.58922	-1.61308	-0.182594
15	5	85	2.32922	0.38549	-1.12035
15	15	5	0.366637	-0.331807	-0.10095
15	15	15	1.68734	0.705983	-0.804436
15	15	25	4.43507	4.72061	-2.64359
15	15	35	-0.265215	2.24835	-0.686214
15	15	45	-1.03053	1.09457	0.0335976
15	15	55	-0.811695	0.507335	-0.0256186
15	15	65	-0.212221	2.2105	0.180311
15	15	75	4.44646	3.40003	0.702381
15	15	85	1.08994	0.464338	0.248652
15	25	5	-0.100953	-0.710454	0.121036
15	25	15	1.01176	-0.693565	-1.85771
15	25	25	3.95501	0.865742	-2.05937
15	25	35	1.97063	1.46895	0.706564
15	25	45	-0.277183	0.895751	1.11873
15	25	55	-0.289779	0.544451	-0.61695
15	25	65	1.50848	0.704738	-0.947518
15	25	75	4.00393	-0.258661	0.593421
15	25	85	0.724081	-0.835213	0.677654
15	35	5	-0.730056	-0.72532	0.0402581
15	35	15	0.0208377	-1.33876	-0.103539
15	35	25	2.28247	-3.6615	1.66753
15	35	35	3.96787	-2.08253	2.50426
15	35	45	0.485493	0.437084	1.177
15	35	55	0.465398	0.556444	-0.503407
15	35	65	3.53577	-2.16376	-2.57144
15	35	75	1.85325	-3.88418	-1.87624
15	35	85	0.065196	-2.06603	-0.302502
15	45	5	-1.05406	-0.564595	-0.097623
15	45	15	-0.45914	-0.745476	0.749949
15	45	25	2.22036	-2.55209	2.23626
15	45	35	6.25566	-1.66308	-0.0135185
15	45	45	1.54245	0.0694294	-0.142899
15	45	55	1.48279	0.100414	0.348
15	45	65	5.76835	-1.97385	0.530283
15	45	75	2.91912	-3.21653	-2.74797
15	45	85	-0.0114614	-1.43786	-1.42294
15	55	5	-0.553236	0.383634	-0.0228096
15	55	15	-0.117103	1.06632	0.917493
15	55	25	2.44811	3.49588	2.83004
15	55	35	6.45374	3.91529	0.0789772
15	55	45	1.92326	0.711179	-0.575961
15	55	55	1.60077	0.159218	0.370789
15	55	65	6.09218	2.29497	0.329021
15	55	75	3.16323	2.69548	-3.27093
15	55	85	-0.190602	1.06517	-1.10258
15	65	5	-0.592891	0.725354	-0.100624
15	65	15	0.377983	1.31257	-0.458467
15	65	25	3.0277	3.7532	1.11587
15	65	35	4.25723	3.04284	2.36413
15	65	45	0.825903	0.134053	0.701035
15	65	55	0.73425	-0.415141	-0.335751
15	65	65	4.29776	1.764	-1.73496
15	65	75	3.85176	3.06739	-1.08292
15	65	85	0.155777	1.89728	-0.230796
15	75	5	0.0356808	0.491581	-0.102547
15	75	15	1.94965	0.244299	-1.82305
15	75	25	5.03444	-1.51434	-2.19783
15	75	35	1.82276	-1.869	0.0327655
15	75	45	-0.181162	-0.606636	0.456691
15	75	55	-0.0788128	-0.929299	-0.237505
15	75	65	1.75084	-1.36164	0.212836
15	75	75	4.3541	-0.567815	1.28106
15	75	85	0.887823	0.636428	0.334699
15	85	5	0.254086	0.291777	-0.00524362
15	85	15	1.73921	-0.669029	-0.698832
15	85	25	4.41553	-3.27183	-2.11187
15	85	35	0.199902	-2.79873	-0.664335
15	85	45	-0.788775	-1.0238	-0.157572
15	85	55	-1.10265	-0.993496	-0.0950642
15	85	65	-0.56453	-2.89924	0.703753
15	85	75	4.31711	-4.05511	2.44908
15	85	85	2.16972	-1.07278	0.637781
25	5	5	0.944876	-0.318588	-0.125953
25	5	15	3.2999	0.484468	-0.932845
25	5	25	4.30273	0.492179	0.538997
25	5	35	-1.72063	-0.0522852	1.8291
25	5	45	-1.19698	-0.0171564	0.657815
25	5	55	-1.17351	-0.0172652	-0.518053
25	5	65	-1.7837	0.0720541	-1.29216
25	5	75	5.86436	0.266133	-1.30989
25	5	85	2.96151	-0.0410119	0.175979
25	15	5	0.55162	-0.0615465	-0.26319
25	15	15	2.50217	1.17376	-1.80436
25	15	25	3.56519	4.02551	-0.926206
25	15	35	-0.977585	2.66273	2.44895
25	15	45	-0.961132	0.184557	1.02595
25	15	55	-1.07517	0.0862247	-1.26574
25	15	65	-1.38073	1.60013	-2.36814
25	15	75	4.57529	2.79012	0.0941337
25	15	85	2.26301	1.04474	1.15806
25	25	5	-0.0816308	0.0615553	-0.363328
25	25	15	0.724488	0.686844	-3.31951
25	25	25	2.03736	2.21612	-1.52993
25	25	35	0.866079	0.727966	3.34196
25	25	45	-0.200078	0.321162	2.0333
25	25	55	0.0179506	-0.315327	-2.40843
25	25	65	1.01298	-0.025208	-3.53038
25	25	75	2.11487	0.359472	1.45279
25	25	85	-0.119174	-0.180004	2.41043
25	35	5	-0.729401	0.365112	-0.303217
25	35	15	-1.11176	-0.260622	-2.17724
25	35	25	0.977846	-2.9996	-1.50462
25	35	35	2.37247	-1.87472	2.83997
25	35	45	0.87081	-0.0170926	1.60674
25	35	55	0.906017	0.0848201	-1.74867
25	35	65	2.50015	-2.15914	-3.16882
25	35	75	-0.440418	-2.6212	0.773145
25	35	85	-1.29208	-0.699471	2.03268
25	45	5	-1.00619	0.121509	-0.262678
25	45	15	-2.01373	-0.517358	-1.13483
25	45	25	-0.87683	-2.66216	-1.39289
25	45	35	4.1768	-2.12926	0.215329
25	45	45	1.91192	-0.444094	0.438921
25	45	55	1.99257	-0.0171801	-0.448618
25	45	65	5.38172	-2.4095	-0.448075
25	45	75	0.209699	-1.76098	0.907733
25	45	85	-2.56577	-0.582649	1.47357
25	55	5	-1.02556	-0.321903	-0.345521
25	55	15	-2.53902	0.122248	-1.03429
25	55	25	-1.59037	2.12935	0.386388
25	55	35	5.34538	2.30426	1.20567
25	55	45	1.87922	0.0982418	0.255896
25	55	55	1.75273	0.312217	-0.274856
25	55	65	5.16708	2.04703	-0.137434
25	55	75	0.683403	2.22392	0.442957
25	55	85	-2.26067	0.501789	0.988157
25	65	5	-0.565008	0.0961092	-0.305294
25	65	15	-0.36594	0.472898	-2.93122
25	65	25	0.890056	2.538	-1.72805
25	65	35	3.62586	2.20614	3.00564
25	65	45	1.60698	0.179964	1.76953
25	65	55	1.19093	0.344936	-1.43273
25	65	65	3.90351	1.92389	-2.11096
25	65	75	2.23696	2.19874	1.74054
25	65	85	-0.889439	0.36463	2.21309
25	75	5	0.00271435	-0.178361	-0.19764
25	75	15	0.763957	-1.22324	-3.84014
25	75	25	2.14642	-1.77439	-1.97286
25	75	35	-0.0663584	-0.848023	2.91827
25	75	45	0.179272	-0.299099	1.72999
25	75	55	-0.0964198	-0.000815822	-1.56722
25	75	65	0.815329	-0.52515	-2.48288
25	75	75	2.6015	-0.596424	1.71374
25	75	85	0.187275	-0.504381	2.81479
25	85	5	0.508245	0.281794	-0.52455
25	85	15	2.28177	-0.642497	-2.39634
25	85	25	2.91263	-3.9506	-0.146479
25	85	35	-0.691485	-1.7825	2.32759
25	85	45	-0.673726	-0.281582	0.379586
25	85	55	-1.25377	-0.297704	-0.885489
25	85	65	-1.05191	-1.55873	-2.42329
25	85	75	4.18956	-3.09529	1.07428
25	85	85	2.1593	-0.979818	1.64451
35	5	5	1.2829	0.162774	-0.292442
35	5	15	1.38171	0.579242	-1.1406
35	5	25	-3.19813	0.564883	-0.442524
35	5	35	-5.66602	-0.0526142	-0.840786
35	5	45	-0.881567	-0.356822	0.0217914
35	5	55	-0.9824	0.28343	-0.119993
35	5	65	-5.23542	-0.0409453	-0.40964
35	5	75	-0.733373	-0.383112	-0.208102
35	5	85	1.77806	-0.117047	0.385861
35	15	5	1.1878	0.150848	-0.174748
35	15	15	1.23092	1.23921	-1.41153
35	15	25	-1.81443	3.73679	-0.330583
35	15	35	-4.19947	3.02123	1.79469
35	15	45	-0.728176	0.160461	0.436283
35	15	55	-0.523123	0.157242	-0.702789
35	15	65	-3.65051	3.31943	-2.58444
35	15	75	-0.818958	4.30778	-0.721916
35	15	85	1.08631	0.735553	0.889879
35	25	5	0.568668	0.386806	-0.219526
35	25	15	0.246874	1.61721	-2.39083
35	25	25	-2.55353	2.33537	-1.05521
35	25	35	-2.45571	1.37074	2.65402
35	25	45	-0.258702	0.163151	1.00638
35	25	55	0.143088	0.379558	-1.64918
35	25	65	-2.00081	1.93577	-3.05957
35	25	75	-2.91678	2.07206	0.89844
35	25	85	-0.0118576	0.690407	2.35076
35	35	5	-0.441876	0.503278	-0.557261
35	35	15	-1.68986	-0.354091	-1.9707
35	35	25	-3.84788	-2.49396	-2.4729
35	35	35	0.0471599	-1.37229	0.942017
35	35	45	0.988363	-0.417231	0.987541
35	35	55	1.33052	-0.504016	-1.00557
35	35	65	-0.415967	-1.67684	-1.46749
35	35	75	-4.39506	-2.53957	1.49731
35	35	85	-2.053	-0.537641	2.26923
35	45	5	-0.836603	0.179401	0.020104
35	45	15	-2.61471	-0.792899	-0.486115
35	45	25	-4.71149	-3.21174	-1.16279
35	45	35	1.42264	-1.91859	-0.486211
35	45	45	1.48424	-0.14883	0.348535
35	45	55	1.68751	-0.504971	-0.284481
35	45	65	1.5026	-1.76902	0.0355408
35	45	75	-4.82916	-3.13273	1.81831
35	45	85	-2.70198	-0.474025	0.800873
35	55	5	-0.692616	-0.128095	-0.0820802
35	55	15	-3.32806	0.439714	-0.229887
35	55	25	-5.89579	2.91902	-0.861894
35	55	35	0.755601	1.1122	-0.221037
35	55	45	1.32698	0.124137	0.310616
35	55	55	1.50223	0.347975	-0.413891
35	55	65	1.25876	1.34885	0.0751008
35	55	75	-4.59683	2.56929	2.10373
35	55	85	-2.45449	0.160136	0.699653
35	65	5	0.141456	-0.487418	0.138621
35	65	15	-1.96392	0.253202	-2.2751
35	65	25	-3.41994	1.67594	-1.11154
35	65	35	-0.0280845	1.795	1.35014
35	65	45	0.977217	0.388799	0.414027
35	65	55	1.27533	0.261844	-1.76886
35	65	65	0.0641941	2.45672	-1.98099
35	65	75	-3.05014	3.36632	2.11717
35	65	85	-1.14394	0.558482	2.76832
35	75	5	0.565063	-0.223644	-0.361697
35	75	15	-0.36354	-0.967193	-2.53125
35	75	25	-3.64485	-1.58005	-1.12769
35	75	35	-1.63134	-0.263204	2.16744
35	75	45	0.565952	0.501376	0.697438
35	75	55	0.723462	0.664637	-1.61296
35	75	65	-1.82446	-0.705488	-2.83711
35	75	75	-2.29705	-0.867672	0.813622
35	75	85	0.201474	-0.303705	1.87341
35	85	5	0.817048	-0.0222555	-0.225543
35	85	15	0.737987	-0.775182	-1.36546
35	85	25	-4.3051	-3.16292	-1.08718
35	85	35	-3.94393	-1.8404	1.14757
35	85	45	-0.402191	0.104749	0.517184
35	85	55	-0.824665	-0.0971974	-0.720996
35	85	65	-3.9548	-2.87701	-2.6396
35	85	75	-1.35454	-3.90008	0.688519
35	85	85	1.49294	-1.07379	1.14991
45	5	5	0.795995	-0.00193123	-0.114815
45	5	15	-0.822546	0.157933	1.28031
45	5	25	-3.64022	0.4232	3.60862
45	5	35	-3.28835	-0.522644	-0.896773
45	5	45	-0.195739	-0.0411342	-0.6324
45	5	55	-0.481718	-0.115812	0.375955
45	5	65	-2.51489	0.344231	-0.550895
45	5	75	-1.86739	0.636921	-5.41151
45	5	85	0.176848	0.361003	-1.9068
45	15	5	0.00924468	1.07635	-0.00744732
45	15	15	-0.112918	2.28885	1.41513
45	15	25	-1.78671	5.54542	3.26709
45	15	35	-2.30203	2.42937	1.25939
45	15	45	-0.00719149	-0.0777224	0.00163564
45	15	55	-0.144639	-0.00224463	0.20061
45	15	65	-2.01757	2.23096	-1.79821
45	15	75	0.963581	6.16233	-4.52448
45	15	85	0.377146	3.37964	-1.73543
45	25	5	0.320309	1.36456	0.100765
45	25	15	-0.184421	2.59829	0.503268
45	25	25	-2.51762	3.50003	1.98282
45	25	35	-1.62754	0.0122127	1.85166
45	25	45	-0.0404115	-0.857814	0.133373
45	25	55	0.0395392	-0.715873	-0.537747
45	25	65	-1.02711	0.506174	-1.75824
45	25	75	-1.2313	3.0923	-1.51868
45	25	85	0.281514	3.03198	0.0946294
45	35	5	0.157697	0.585827	-0.0615851
45	35	15	-1.03285	0.0622252	-1.28798
45	35	25	-2.20081	-3.51756	-3.95725
45	35	35	-0.346812	-5.14748	-2.51208
45	35	45	-0.0773093	-1.96169	-0.260267
45	35	55	-0.530472	-1.96303	0.293082
45	35	65	-0.793704	-3.83864	2.19433
45	35	75	-2.19289	-3.60322	2.60881
45	35	85	-0.878915	-0.398522	1.30514
45	45	5	-0.389314	0.148119	-0.216555
45	45	15	-1.00823	-0.557498	0.293043
45	45	25	-2.06474	-4.0217	-4.59919
45	45	35	-0.97971	-4.29626	-4.5716
45	45	45	0.122836	-1.11148	-1.21367
45	45	55	-0.0230304	-1.06859	0.896253
45	45	65	-0.981401	-4.32569	4.04525
45	45	75	-3.25401	-3.25459	2.76066
45	45	85	-0.825529	-0.382936	-0.17597
45	55	5	-0.226091	-0.218266	-0.0562519
45	55	15	-1.39323	0.0584001	0.344553
45	55	25	-1.68712	2.54704	-4.20217
45	55	35	-0.390882	2.55032	-3.71146
45	55	45	0.283299	1.07673	-1.08265
45	55	55	0.0469488	0.759568	0.833378
45	55	65	-0.596735	3.20913	3.70929
45	55	75	-2.92059	3.4033	3.80713
45	55	85	-0.912638	0.097999	0.051817
45	65	5	0.0964189	-0.624689	0.120941
45	65	15	-1.202	-0.0808915	-0.766414
45	65	25	-2.17773	3.88599	-3.43993
45	65	35	-0.713669	4.53652	-2.27491
45	65	45	0.0877941	2.07403	-0.738889
45	65	55	0.321505	1.85448	0.501007
45	65	65	-1.0417	4.02459	1.99376
45	65	75	-2.59933	2.61632	2.8675
45	65	85	-0.430319	-0.173693	1.21972
45	75	5	-0.120373	-1.26238	-0.0796985
45	75	15	-1.24775	-1.71755	-0.272419
45	75	25	-2.58861	-0.952131	-0.921365
45	75	35	-1.04008	1.11987	-0.264467
45	75	45	-0.0808846	1.20105	-0.112249
45	75	55	-0.0155893	1.03719	-0.498881
45	75	65	-1.20481	0.495444	-1.02764
45	75	75	-1.20489	-2.55185	-1.76637
45	75	85	0.177207	-2.02401	-0.101566
45	85	5	0.434052	-0.982843	0.050371
45	85	15	-0.7035	-2.07997	1.08337
45	85	25	-2.93246	-4.3995	1.98578
45	85	35	-1.97742	-1.26025	0.439786
45	85	45	0.0755754	0.344132	-0.142699
45	85	55	-0.179146	0.00520151	-0.0474111
45	85	65	-1.91599	-2.01197	-1.89178
45	85	75	0.106882	-5.84416	-3.52135
45	85	85	0.0386572	-2.9656	-1.51177
55	5	5	-0.493703	-0.436447	-0.183019
55	5	15	-0.352124	-0.059551	1.61456
55	5	25	2.83796	0.329346	4.539
55	5	35	2.92466	-0.0687352	-0.242824
55	5	45	0.451244	0.270398	-0.581887
55	5	55	0.534067	0.127211	0.671083
55	5	65	3.70827	-0.270545	-0.122468
55	5	75	3.62266	-0.467575	-5.33116
55	5	85	0.0826516	-0.25432	-1.70983
55	15	5	-0.235636	1.156	0.038332
55	15	15	0.264477	2.47794	1.11662
55	15	25	0.562288	5.58588	3.47554
55	15	35	1.87506	2.48804	1.33564
55	15	45	0.262896	-0.102857	-0.335901
55	15	55	0.13617	-0.251305	0.255465
55	15	65	2.97504	2.52954	-1.39871
55	15	75	2.65115	5.23993	-3.75558
55	15	85	-0.0982582	3.02902	-1.41819
55	25	5	-0.18239	1.35072	0.00285539
55	25	15	0.145255	1.85797	-0.0913941
55	25	25	1.8903	2.73121	1.87677
55	25	35	1.30798	-0.118692	1.40346
55	25	45	-0.0619356	-1.14094	0.0712734
55	25	55	0.118975	-0.880053	-0.197357
55	25	65	1.53348	0.280212	-1.99994
55	25	75	2.26493	2.88939	-1.20873
55	25	85	0.879938	2.29457	0.0926824
55	35	5	0.0582332	1.1051	-0.0180655
55	35	15	1.1153	-0.499252	-1.33118
55	35	25	1.811	-3.71837	-3.4105
55	35	35	0.0602598	-3.1883	-0.929494
55	35	45	0.116426	-1.28744	-0.137697
55	35	55	-0.537258	-1.29951	0.139002
55	35	65	-0.173913	-4.0531	1.36481
55	35	75	2.64727	-4.01582	3.27739
55	35	85	0.589681	-0.43126	1.22706
55	45	5	0.14832	-0.00906924	-0.0536208
55	45	15	0.866264	-0.647166	0.228436
55	45	25	2.05814	-4.08198	-4.13322
55	45	35	-0.594325	-3.6105	-2.82812
55	45	45	-0.466813	-0.629369	-0.612662
55	45	55	-0.45571	-0.64486	0.775422
55	45	65	-0.722935	-3.69174	3.54195
55	45	75	3.15495	-3.84954	3.49732
55	45	85	0.839453	-0.600239	-0.46486
55	55	5	-0.113265	-0.216668	0.044223
55	55	15	1.06055	0.546477	0.84293
55	55	25	3.7968	3.84634	-3.79341
55	55	35	0.242217	2.38371	-2.64227
55	55	45	-0.598656	0.632109	-0.407107
55	55	55	-0.691156	0.587424	0.921179
55	55	65	-0.00830236	2.65909	2.74516
55	55	75	4.12269	3.546	3.72307
55	55	85	1.32888	0.213425	0.582331
55	65	5	-0.0542672	-1.04167	0.320239
55	65	15	0.984621	0.599942	-1.62539
55	65	25	2.58628	4.2779	-3.82779
55	65	35	-0.185114	3.86862	-1.08802
55	65	45	-0.695945	1.03361	0.319295
55	65	55	-0.255701	0.969255	0.114657
55	65	65	0.337741	3.38758	1.19199
55	65	75	1.69605	2.95574	2.50408
55	65	85	0.471947	-0.00380659	1.01002
55	75	5	-0.70449	-1.68212	-0.0415759
55	75	15	-0.30168	-1.74442	-0.476946
55	75	25	2.58901	-1.84267	-0.249381
55	75	35	0.887867	0.398398	0.758228
55	75	45	-0.263551	0.934642	0.250784
55	75	55	-0.119294	0.496659	-0.3361
55	75	65	1.18756	-0.14102	-1.94482
55	75	75	2.35058	-3.448	-2.1251
55	75	85	0.187641	-2.74407	-0.312829
55	85	5	-0.541246	-1.47608	-0.200194
55	85	15	-0.762862	-3.03519	1.36523
55	85	25	1.21991	-5.75009	3.21584
55	85	35	2.08285	-1.41005	1.17724
55	85	45	0.0722367	0.200691	-0.0568904
55	85	55	0.307728	0.163371	-0.262059
55	85	65	2.49912	-2.27645	-1.71412
55	85	75	1.45369	-6.31735	-4.35141
55	85	85	-0.322663	-3.77744	-1.90298
65	5	5	-1.01276	-0.217656	-0.000264917
65	5	15	-1.36561	0.033136	-0.431916
65	5	25	2.05416	0.198968	0.482541
65	5	35	4.72577	0.241126	0.538813
65	5	45	1.06674	0.321706	-0.41607
65	5	55	1.49449	0.0234379	-0.0506864
65	5	65	6.93372	-0.842292	0.969771
65	5	75	3.02571	-0.543241	0.464374
65	5	85	-1.1568	-0.184414	0.399058
65	15	5	-0.861693	0.403704	-0.140607
65	15	15	-1.06678	0.891826	-0.852013
65	15	25	1.88174	3.09804	-0.212598
65	15	35	4.46907	2.60967	2.22475
65	15	45	0.38688	-0.260998	0.195312
65	15	55	0.848853	-0.282128	-0.617372
65	15	65	5.02745	2.75189	-1.39239
65	15	75	2.44447	3.02829	0.0343602
65	15	85	-1.10105	0.809399	0.454144
65	25	5	-0.484312	0.525175	0.0647574
65	25	15	0.602373	0.369647	-2.32918
65	25	25	3.68776	0.59123	-1.03987
65	25	35	2.51111	0.885928	3.17874
65	25	45	-0.561832	-0.7278	1.28722
65	25	55	-0.0970107	-0.0605234	-1.10878
65	25	65	2.38794	1.27407	-2.96801
65	25	75	3.42742	1.53043	0.926563
65	25	85	0.408635	0.687987	2.2713
65	35	5	-0.0997902	0.423685	-0.139179
65	35	15	2.07009	-1.15419	-2.59467
65	35	25	4.07603	-2.78507	-1.59654
65	35	35	-0.157162	-0.934367	1.71675
65	35	45	-1.30932	-0.222915	0.91908
65	35	55	-1.19156	0.0997205	-1.38807
65	35	65	-0.480867	-1.49557	-1.55156
65	35	75	3.63834	-2.80837	2.19844
65	35	85	1.77399	-0.843725	2.67788
65	45	5	0.831071	0.162777	0.0835301
65	45	15	2.34824	-0.671935	-1.15051
65	45	25	4.22574	-3.01162	-2.30276
65	45	35	-1.30995	-0.982552	0.174185
65	45	45	-1.71661	0.0363125	0.859997
65	45	55	-1.1455	-0.231982	-0.165299
65	45	65	-1.38542	-1.26148	-0.282801
65	45	75	4.46566	-2.71097	1.01354
65	45	85	2.09069	-0.582321	1.22457
65	55	5	0.930796	-0.169161	0.0408624
65	55	15	2.985	1.05855	-1.42771
65	55	25	3.5913	3.43231	-1.77144
65	55	35	-1.32243	1.05112	0.239425
65	55	45	-1.41531	0.24546	0.392893
65	55	55	-1.35994	0.283518	-0.065708
65	55	65	-0.987544	0.496832	-0.420679
65	55	75	4.57985	2.84213	0.652645
65	55	85	2.38797	0.983988	1.29501
65	65	5	-0.501746	-0.484005	0.223656
65	65	15	1.53322	0.815625	-2.85022
65	65	25	3.69113	2.35674	-2.19347
65	65	35	0.210438	1.18436	1.41474
65	65	45	-1.13293	0.0389374	1.06192
65	65	55	-0.911222	-0.119105	-1.14234
65	65	65	0.26555	0.813004	-1.48987
65	65	75	3.73839	1.93916	1.9443
65	65	85	1.66331	0.653581	3.19556
65	75	5	-0.851109	-0.623958	0.0988098
65	75	15	-0.601161	-1.06446	-2.60671
65	75	25	2.84112	-2.04018	-0.827098
65	75	35	2.09814	-1.45343	3.13997
65	75	45	-0.370192	-0.354252	1.80394
65	75	55	-0.243073	0.156537	-1.31245
65	75	65	2.3687	-1.72726	-2.73952
65	75	75	2.7361	-1.8673	0.630015
65	75	85	-0.341655	-0.989752	2.40278
65	85	5	-1.11651	-0.390594	0.0995924
65	85	15	-1.50881	-1.25225	-1.01035
65	85	25	1.41072	-4.27014	-0.0585736
65	85	35	3.7924	-2.89219	2.09254
65	85	45	0.226413	0.266171	0.480224
65	85	55	0.570581	0.0648558	-0.525478
65	85	65	4.72827	-2.67069	-1.29158
65	85	75	2.51871	-4.10617	-0.00618411
65	85	85	-1.5706	-1.458	1.27133
75	5	5	-0.943347	-0.356834	-0.304009
75	5	15	-2.26414	-0.285541	-0.756025
75	5	25	-3.95415	-0.72632	0.329326
75	5	35	2.72785	-0.538492	1.107
75	5	45	1.55709	0.280905	0.105796
75	5	55	1.6919	0.098737	-0.817971
75	5	65	2.41118	-0.646614	-1.52842
75	5	75	-3.54692	-1.26574	1.35903
75	5	85	-2.34703	-0.219383	0.943319
75	15	5	-0.449145	-0.0681733	0.155387
75	15	15	-1.73634	0.861201	-2.62647
75	15	25	-2.25247	3.40476	-1.23222
75	15	35	1.47057	1.74876	2.22849
75	15	45	1.25799	0.323737	0.780595
75	15	55	1.27484	0.5841	-1.39211
75	15	65	0.986384	2.52298	-2.01266
75	15	75	-3.3392	3.58734	2.2822
75	15	85	-1.4576	0.826243	2.49102
75	25	5	0.0813058	-0.278102	0.0404979
75	25	15	-0.401642	0.738347	-3.71085
75	25	25	-1.67859	1.49087	-1.44799
75	25	35	0.0269042	1.10251	3.24801
75	25	45	0.400869	0.0215017	2.02915
75	25	55	0.0648586	0.157925	-2.10691
75	25	65	-1.25616	1.37639	-3.19963
75	25	75	-2.48406	2.1545	2.62042
75	25	85	-0.0939618	0.501219	3.35644
75	35	5	0.688235	0.0795015	-0.0191756
75	35	15	1.79293	-0.618528	-3.0153
75	35	25	-0.995449	-1.63309	-1.36347
75	35	35	-2.04262	-1.10819	3.21519
75	35	45	-0.545663	0.385228	2.05114
75	35	55	-0.403265	0.525934	-2.15363
75	35	65	-2.88224	-0.723505	-3.03841
75	35	75	-0.653249	-1.6404	1.2515
75	35	85	1.30993	-0.342246	2.29316
75	45	5	1.30858	0.0802639	0.0324316
75	45	15	1.77472	-0.385862	-1.38756
75	45	25	-0.904252	-1.70185	-1.08551
75	45	35	-4.50106	-1.44046	1.43687
75	45	45	-1.60171	0.542342	0.961664
75	45	55	-1.35971	0.262922	-0.796351
75	45	65	-3.91381	-0.919693	-1.18638
75	45	75	-1.56254	-1.36552	1.28413
75	45	85	1.91168	-0.406746	1.47464
75	55	5	1.00035	-0.202163	-0.159355
75	55	15	2.04942	0.601609	-1.33393
75	55	25	-1.22935	1.19071	-1.5413
75	55	35	-4.53109	0.830968	0.495653
75	55	45	-1.40526	-0.0485772	0.734825
75	55	55	-0.85368	-0.277408	-0.616715
75	55	65	-3.71703	1.32597	-0.862961
75	55	75	-1.43228	2.02457	1.95842
75	55	85	1.83132	0.102099	1.68239
75	65	5	0.389018	-0.301546	0.37894
75	65	15	1.28777	-0.0438814	-2.31351
75	65	25	-0.92408	1.7136	-1.3031
75	65	35	-2.36304	1.75356	2.91995
75	65	45	-1.08405	0.160851	1.54037
75	65	55	-0.545295	-0.344684	-1.44681
75	65	65	-3.21955	1.22502	-2.61582
75	65	75	-2.2789	1.32127	2.48409
75	65	85	0.52367	0.088259	3.05654
75	75	5	-0.121887	-0.0395119	0.40275
75	75	15	-0.54617	-1.06525	-2.75365
75	75	25	-3.11134	-1.39805	-1.78914
75	75	35	-0.908535	-0.987565	3.89081
75	75	45	0.278129	-0.141924	1.65087
75	75	55	0.35852	-0.507182	-1.41051
75	75	65	0.0327444	-1.52834	-2.89767
75	75	75	-2.94014	-2.22851	2.0798
75	75	85	-0.969231	-1.59243	3.78136
75	85	5	-0.692849	-0.179553	0.382329
75	85	15	-2.52863	-1.39433	-1.85999
75	85	25	-4.16197	-4.31621	-1.37782
75	85	35	1.38129	-1.62663	2.37492
75	85	45	1.17901	-0.0432754	0.747442
75	85	55	1.01779	-0.1442	-1.08048
75	85	65	1.62562	-2.82461	-1.92544
75	85	75	-2.25519	-5.10821	2.01306
75	85	85	-2.08251	-1.47589	2.48462
85	5	5	-0.541492	-0.330223	0.101579
85	5	15	-1.89149	-0.0883652	0.756089
85	5	25	-5.94072	-0.962525	-0.444114
85	5	35	0.431007	-0.394003	-1.30069
85	5	45	0.645748	0.105177	-0.543824
85	5	55	0.951945	-0.163232	-0.135546
85	5	65	-1.67194	-0.272661	1.49248
85	5	75	-7.71762	-1.77021	0.0322914
85	5	85	-1.51812	-0.240976	-0.349724
85	15	5	0.160825	-0.255897	0.114788
85	15	15	-1.68346	0.349823	-0.991238
85	15	25	-3.57777	4.70004	-2.85657
85	15	35	0.835872	2.85949	-0.800408
85	15	45	0.549645	0.665794	-0.233421
85	15	55	0.505593	0.696419	0.191381
85	15	65	-2.10812	2.97721	0.992566
85	15	75	-5.73607	3.46746	2.5419
85	15	85	-1.1217	0.282214	0.41927
85	25	5	0.726517	-0.527169	0.0416891
85	25	15	-0.843423	0.0528224	-1.8038
85	25	25	-3.18545	1.36828	-2.3706
85	25	35	-1.02267	2.28719	0.0836628
85	25	45	0.502871	1.51886	0.14013
85	25	55	-0.0168752	1.57515	-0.524958
85	25	65	-3.0949	2.07379	0.37588
85	25	75	-4.39295	0.633896	1.33533
85	25	85	-0.384352	-0.589205	1.14359
85	35	5	0.71547	-0.406482	-0.000523908
85	35	15	0.236211	-1.1968	-0.052037
85	35	25	-1.59902	-3.03059	1.57414
85	35	35	-3.34042	-1.268	2.04023
85	35	45	-0.684034	0.677011	0.663293
85	35	55	-0.402875	1.13977	-0.40072
85	35	65	-3.36369	-0.785153	-2.22037
85	35	75	-1.80473	-3.0462	-1.36149
85	35	85	0.657687	-1.37547	0.450276
85	45	5	0.937211	0.0456159	0.0218392
85	45	15	0.770078	-0.431501	0.164173
85	45	25	-1.85631	-2.79991	1.84446
85	45	35	-4.45879	-1.2856	1.38567
85	45	45	-0.547118	0.620281	-0.0931299
85	45	55	-0.401977	0.349526	-0.104306
85	45	65	-4.34415	-0.856481	-0.863398
85	45	75	-2.99573	-2.04127	-2.13375
85	45	85	0.977542	-0.640275	-0.520364
85	55	5	0.897272	0.224486	-0.120488
85	55	15	0.631602	0.331255	0.269658
85	55	25	-2.75766	2.38038	1.90543
85	55	35	-4.95612	1.62847	0.273572
85	55	45	-0.650094	0.0829071	0.219437
85	55	55	-0.413267	0.0145106	-0.0631507
85	55	65	-4.75735	1.22134	-0.325866
85	55	75	-3.36149	2.85352	-0.891703
85	55	85	0.744752	0.53397	-0.383912
85	65	5	0.676234	0.143884	0.183316
85	65	15	0.150779	0.951215	-0.494209
85	65	25	-2.40436	2.97357	0.745948
85	65	35	-3.16976	1.58066	1.95665
85	65	45	-0.186267	-0.48081	0.214049
85	65	55	-0.359739	-0.615273	-0.463666
85	65	65	-3.63805	1.05404	-1.59412
85	65	75	-3.29013	2.58113	-0.0327472
85	65	85	0.476269	0.967541	0.61877
85	75	5	0.281988	0.365989	0.00125611
85	75	15	-1.50562	-0.00763504	-1.80083
85	75	25	-4.02148	-1.14703	-2.26262
85	75	35	-0.452009	-1.6819	0.523222
85	75	45	0.408719	-1.19159	0.36236
85	75	55	0.278708	-1.29265	-0.357738
85	75	65	-1.71165	-2.37754	0.097969
85	75	75	-5.59433	-1.67829	2.36119
85	75	85	-0.767938	-0.155295	1.40693
85	85	5	-0.357519	0.129113	-0.298742
85	85	15	-1.5479	-1.2611	-0.810665
85	85	25	-3.94929	-5.65634	-2.467
85	85	35	0.321332	-2.98441	-0.910751
85	85	45	0.614255	-0.958631	-0.199122
85	85	55	0.803838	-1.4446	-0.228989
85	85	65	-0.919777	-3.47915	0.666488
85	85	75	-5.97563	-4.89346	1.83986
85	85	85	-1.76313	-1.43603	0.687961
