5	5	5	0.142015	-2.43739	-0.778128
5	5	15	0.300806	-1.65211	1.00949
5	5	25	0.0423283	-0.44206	-0.619312
5	5	35	0.481087	-1.10727	-4.02893
5	5	45	-0.276556	-2.12654	-2.73819
5	5	55	-1.25635	-2.55526	3.52781
5	5	65	-1.06573	-1.12445	2.23474
5	5	75	-1.22027	-1.06724	-2.01303
5	5	85	-0.270422	-2.71916	-4.06659
5	15	5	1.5824	-5.90658	-1.79807
5	15	15	1.65131	-1.55444	-0.298763
5	15	25	0.378658	-0.164648	-0.571198
5	15	35	1.1134	-0.566523	-2.35766
5	15	45	3.70482	-5.71049	-1.21688
5	15	55	-0.0279999	-5.4866	1.90129
5	15	65	-0.126626	-0.904812	0.41695
5	15	75	-0.90592	-0.970212	-1.25496
5	15	85	-1.21391	-3.63077	-3.20652
5	25	5	3.0503	-2.32626	-1.7668
5	25	15	2.05147	0.629432	-0.627615
5	25	25	1.16863	0.31549	-0.606081
5	25	35	2.27374	1.24108	-0.332295
5	25	45	6.34228	-0.946224	0.611721
5	25	55	1.32754	-1.74658	1.3773
5	25	65	-0.272303	-0.436212	-0.571857
5	25	75	-0.453091	-0.486766	-1.1256
5	25	85	-1.2067	-1.95502	-3.34233
5	35	5	2.40574	4.15957	-2.43473
5	35	15	1.35256	2.02372	1.37071
5	35	25	1.44763	0.375227	0.587824
5	35	35	1.73279	1.11085	0.0910938
5	35	45	4.71951	3.78667	-0.369896
5	35	55	1.31504	2.79881	0.866161
5	35	65	-0.0637568	0.235714	0.11179
5	35	75	-0.423601	-0.128107	-1.95034
5	35	85	-0.232099	2.10443	-4.60723
5	45	5	1.45806	2.10837	-0.767248
5	45	15	0.846436	1.08137	2.71811
5	45	25	1.10469	-0.0427496	0.86653
5	45	35	1.55453	0.596735	-0.990994
5	45	45	2.47847	2.28346	-1.12895
5	45	55	1.27047	1.14534	1.04722
5	45	65	-0.000994268	0.521217	0.402516
5	45	75	-0.581787	0.176319	-2.29087
5	45	85	-0.26763	1.20018	-4.99816
5	55	5	1.40608	-4.59486	-1.08474
5	55	15	0.986941	-1.7675	1.64381
5	55	25	0.260998	-0.17695	0.186436
5	55	35	1.10827	-0.680134	-0.892984
5	55	45	2.8003	-2.88734	-1.27114
5	55	55	1.63131	-2.24364	1.42841
5	55	65	0.0430549	-0.461529	0.621041
5	55	75	-0.122136	-0.359654	-1.90809
5	55	85	-0.402827	-2.76938	-4.18967
5	65	5	1.9933	-4.69402	-1.50832
5	65	15	1.01795	-1.68587	-0.0429435
5	65	25	0.406858	-0.659233	-0.0453515
5	65	35	0.675085	-0.979488	-0.561387
5	65	45	3.89015	-4.398	-0.617325
5	65	55	1.82536	-3.95763	1.763
5	65	65	-0.100831	-0.749676	0.259785
5	65	75	-0.364281	-0.426863	-1.00589
5	65	85	-0.162835	-2.41104	-2.83355
5	75	5	2.64489	-0.60247	-2.00084
5	75	15	1.67028	-1.44097	-0.210102
5	75	25	0.742283	-1.09275	-0.567674
5	75	35	1.08677	-1.34466	-1.09393
5	75	45	3.7465	-2.9298	-0.800285
5	75	55	1.29049	-1.11343	3.51462
5	75	65	0.331707	-0.515493	0.512941
5	75	75	0.0380549	-0.623611	-0.885479
5	75	85	-0.136607	-1.00857	-2.95822
5	85	5	1.30157	1.14876	-0.606465
5	85	15	0.58363	-0.347554	1.36647
5	85	25	0.161921	-0.704159	-0.165914
5	85	35	0.541142	-0.501268	-3.24086
5	85	45	1.05522	2.00102	-3.02491
5	85	55	0.283902	2.21395	3.08693
5	85	65	-0.427002	0.0987075	1.80887
5	85	75	-0.325527	-0.463386	-1.56539
5	85	85	0.0989603	1.29422	-3.35684
15	5	5	-3.14149	-1.62852	-0.564645
15	5	15	-0.603983	-1.32618	0.905474
15	5	25	0.0205939	-0.619235	-0.582541
15	5	35	-0.668909	-1.59881	-1.66471
15	5	45	-4.62741	-2.52751	-0.280225
15	5	55	-2.52948	-2.23933	1.77677
15	5	65	0.0852043	-1.54518	1.54696
15	5	75	-0.680761	-0.861219	-1.77336
15	5	85	-3.27689	-1.32371	-3.80244
15	15	5	-3.16431	-6.17757	-2.94195
15	15	15	-0.404593	-3.41392	-1.38832
15	15	25	-0.124426	-1.10313	-0.194359
15	15	35	0.0160378	-4.36915	0.748567
15	15	45	-0.625805	-8.99269	3.73566
15	15	55	-1.79007	-7.11353	0.769627
15	15	65	-0.205818	-1.86358	-0.2749
15	15	75	-0.796988	-1.48986	-1.35093
15	15	85	-3.54557	-5.2319	-1.92149
15	25	5	-6.03293	-4.50189	-3.85367
15	25	15	-2.08793	-2.56478	-2.22997
15	25	25	-0.661188	-1.50541	0.174976
15	25	35	-0.549954	-1.47473	1.42382
15	25	45	-3.3445	-5.63661	4.4202
15	25	55	-2.99279	-4.55306	2.02845
15	25	65	-0.198546	-0.919078	-0.74355
15	25	75	-0.83432	-1.05935	-1.14485
15	25	85	-4.71547	-3.5075	-1.0488
15	35	5	-6.90367	-0.218505	-3.14091
15	35	15	-3.1611	0.0758515	-1.07594
15	35	25	-0.351927	-0.15889	0.287574
15	35	35	-0.148163	0.25027	0.728085
15	35	45	-1.21195	2.61119	1.54737
15	35	55	-1.69938	2.07726	2.61869
15	35	65	-0.19313	0.432407	-0.0131012
15	35	75	-0.215501	0.168173	-1.07208
15	35	85	-4.56784	0.650509	-2.62744
15	45	5	-3.87004	0.127563	-0.654617
15	45	15	-1.2641	0.311994	0.311683
15	45	25	0.422935	-0.225813	0.426187
15	45	35	0.508328	0.52021	-0.500514
15	45	45	0.54162	1.44206	-0.134959
15	45	55	0.433401	1.94373	1.24751
15	45	65	0.403327	0.575003	0.66089
15	45	75	-0.0628669	-0.24051	-1.47536
15	45	85	-2.04696	0.115294	-2.73281
15	55	5	-2.18784	-5.19701	-2.39493
15	55	15	0.674765	-2.62791	0.59828
15	55	25	0.686065	-0.117646	0.684143
15	55	35	1.32807	-0.801141	-0.980412
15	55	45	1.65921	-2.07376	-0.297745
15	55	55	1.27495	-2.0775	1.59996
15	55	65	1.02975	-0.719072	0.800571
15	55	75	0.140874	-0.477458	-1.00681
15	55	85	-1.78051	-3.28336	-3.08225
15	65	5	-3.30096	-5.58418	-2.68638
15	65	15	0.553749	-2.00794	-0.680166
15	65	25	0.340134	-0.139923	-0.0195978
15	65	35	1.06569	-0.583706	-0.429088
15	65	45	-0.610421	-2.9487	0.235149
15	65	55	-0.563217	-3.19033	1.54745
15	65	65	0.626963	-0.605558	0.199871
15	65	75	0.194774	-0.126593	-0.644001
15	65	85	-1.16205	-2.63164	-2.12348
15	75	5	-4.28061	2.4341	-3.21977
15	75	15	-0.17203	0.435942	-1.25788
15	75	25	0.168801	-0.203457	-0.31687
15	75	35	0.284218	0.421347	-0.284208
15	75	45	-3.74185	2.33706	2.36057
15	75	55	-2.18633	1.76106	0.782635
15	75	65	0.523006	0.196693	0.305505
15	75	75	0.36432	-0.181974	-0.700961
15	75	85	-2.24644	0.728656	-1.69237
15	85	5	-2.05656	3.67841	-1.64217
15	85	15	-0.256896	1.21848	-0.223129
15	85	25	0.183459	0.318131	-0.583553
15	85	35	-0.567973	1.1834	-0.739362
15	85	45	-5.0648	4.44575	0.955025
15	85	55	-1.73278	3.85997	0.740136
15	85	65	0.68893	0.763342	1.0452
15	85	75	0.223594	0.115491	-0.645945
15	85	85	-1.7919	2.18988	-2.02357
25	5	5	-1.3384	-1.26038	-2.38231
25	5	15	-0.956539	-1.4568	-0.289739
25	5	25	-0.598735	-0.736284	0.300811
25	5	35	-0.633905	-1.55697	0.135566
25	5	45	-1.4913	-1.76203	0.0433857
25	5	55	1.24481	-2.96914	-0.419964
25	5	65	0.947545	-1.84244	0.290538
25	5	75	-0.115971	-0.519563	-1.56778
25	5	85	-1.33985	-0.919306	-3.41987
25	15	5	-2.92026	-7.33912	-4.62831
25	15	15	-2.44739	-7.01863	-4.33051
25	15	25	-1.53312	-4.39143	-0.760352
25	15	35	0.810293	-7.88607	3.91435
25	15	45	-0.145012	-8.31726	4.42902
25	15	55	2.25517	-7.74755	-2.71513
25	15	65	0.0141144	-4.31438	-1.00019
25	15	75	-0.265696	-2.30571	-0.260617
25	15	85	-2.55433	-5.54202	-0.128966
25	25	5	-4.59054	-4.50994	-7.93145
25	25	15	-3.03767	-4.81392	-4.88592
25	25	25	-1.33515	-2.62213	-0.583136
25	25	35	-1.90013	-3.20978	4.07817
25	25	45	-2.04789	-5.53615	6.75993
25	25	55	0.642707	-5.43579	-3.41283
25	25	65	-0.0204663	-1.42937	-0.767537
25	25	75	-0.555304	-1.15394	0.015442
25	25	85	-3.66031	-2.47435	-0.553479
25	35	5	-4.13303	0.224796	-5.49313
25	35	15	-2.87944	0.307806	-2.26893
25	35	25	-0.644432	-0.00753881	-0.231876
25	35	35	-0.930019	0.98689	1.6023
25	35	45	-1.35699	2.34013	4.09078
25	35	55	0.478101	1.88333	0.878859
25	35	65	0.0696548	0.567698	-0.19416
25	35	75	-0.294397	0.223298	0.157708
25	35	85	-2.81028	1.03462	-1.78697
25	45	5	-1.41921	-0.451374	-0.596557
25	45	15	-0.548308	-0.280972	-0.191296
25	45	25	0.0876694	-0.237567	0.0519788
25	45	35	0.457995	0.289075	0.0436167
25	45	45	1.12282	1.369	0.127618
25	45	55	0.77152	1.43865	1.14551
25	45	65	0.501164	0.414054	0.598572
25	45	75	0.139311	-0.17165	-0.277798
25	45	85	-0.845124	-0.132559	-1.19355
25	55	5	-1.50324	-5.47518	-2.61036
25	55	15	0.459337	-2.88733	-0.42767
25	55	25	0.502252	-0.813908	0.35417
25	55	35	0.856145	-0.612114	0.084404
25	55	45	2.06797	-1.56123	0.0790699
25	55	55	1.93375	-1.56303	0.669684
25	55	65	1.11173	-0.955598	0.574675
25	55	75	0.600278	-0.974453	-0.357843
25	55	85	-0.402674	-2.7106	-1.10907
25	65	5	-1.98995	-3.50626	-4.88547
25	65	15	1.32864	-4.43042	-3.21338
25	65	25	0.599656	-0.351285	0.0368594
25	65	35	1.41336	-0.311803	0.762956
25	65	45	1.30426	-2.21567	0.905468
25	65	55	2.83389	-2.88575	-0.182364
25	65	65	0.864072	-0.260235	-0.411882
25	65	75	0.464075	-0.525059	-0.079745
25	65	85	-0.0115936	-2.45959	0.371856
25	75	5	-2.25018	5.63537	-4.80774
25	75	15	1.04373	4.18852	-4.5019
25	75	25	0.485089	1.15034	-0.376597
25	75	35	1.50256	2.22248	1.55506
25	75	45	-0.16094	5.16043	5.47736
25	75	55	2.19489	3.81476	-1.8482
25	75	65	1.04954	1.13342	-0.78588
25	75	75	0.31383	0.558152	0.375783
25	75	85	-0.288068	2.31304	1.30798
25	85	5	-0.472099	8.15291	-2.62138
25	85	15	-0.679383	7.35239	-3.48948
25	85	25	0.285852	2.9965	-0.441237
25	85	35	0.802273	3.22584	1.50555
25	85	45	-0.326285	6.97678	2.14971
25	85	55	1.84707	5.62519	-2.38375
25	85	65	1.39552	2.08342	0.0116166
25	85	75	0.293824	1.18476	-0.437606
25	85	85	-0.193423	4.02147	0.241433
35	5	5	1.29536	0.368089	-3.01835
35	5	15	-1.53205	0.542951	0.565642
35	5	25	-0.607851	0.32431	0.907418
35	5	35	-0.303122	-0.276298	-0.197799
35	5	45	2.13016	-1.15692	-1.16799
35	5	55	2.44602	-0.816841	-0.848371
35	5	65	1.00433	-0.859784	-0.269818
35	5	75	1.16486	-0.380356	-1.38848
35	5	85	2.64451	-0.738846	-2.99786
35	15	5	-0.793751	-7.13915	-4.65355
35	15	15	-2.27606	-4.14085	-2.9763
35	15	25	-1.03671	-1.68463	0.0842866
35	15	35	-0.353258	-3.52645	1.96458
35	15	45	1.26529	-5.55947	1.83309
35	15	55	2.68775	-4.43008	-2.39486
35	15	65	1.42273	-2.33285	-1.25687
35	15	75	0.320485	-1.19333	-0.545749
35	15	85	0.83285	-4.22605	-0.932244
35	25	5	1.55463	-4.60416	-5.46414
35	25	15	-0.635131	-2.34442	-2.1664
35	25	25	-0.537154	-1.10992	-0.55965
35	25	35	1.15916	-1.33835	1.28059
35	25	45	4.86846	-1.39643	4.97187
35	25	55	6.35884	-1.72256	-2.53397
35	25	65	1.22916	-0.778538	-0.226649
35	25	75	-0.0109721	-0.743543	-0.0161508
35	25	85	1.71524	-1.77522	-2.02085
35	35	5	1.1636	0.188883	-2.60659
35	35	15	-0.316877	-0.228293	-0.858274
35	35	25	-0.303049	-0.436342	-0.52907
35	35	35	0.654886	0.937324	-0.0914863
35	35	45	5.11257	2.30291	2.63292
35	35	55	4.58037	2.26628	-0.0570986
35	35	65	0.855901	0.276171	0.484926
35	35	75	0.0689197	-0.318393	0.052759
35	35	85	0.816917	0.881519	-1.56761
35	45	5	-0.181395	-0.221294	-0.246835
35	45	15	-0.214733	-0.176347	-0.199051
35	45	25	-0.581613	-0.297153	-0.150484
35	45	35	0.597548	0.0869377	-0.322908
35	45	45	3.36539	1.84459	0.292342
35	45	55	2.31382	1.50176	0.781363
35	45	65	0.52431	0.0533651	0.483724
35	45	75	0.0810248	0.131892	-0.159864
35	45	85	0.194576	0.0302289	-0.794707
35	55	5	0.706533	-2.47457	-0.554451
35	55	15	0.56366	-1.47724	-0.177835
35	55	25	-0.0983928	-0.356989	-0.0740221
35	55	35	0.740088	-0.390829	-0.245795
35	55	45	3.50204	-1.18895	0.4199
35	55	55	3.05505	-1.27751	0.414017
35	55	65	1.17007	-0.754655	0.21847
35	55	75	0.319106	-0.316693	0.147506
35	55	85	0.939051	-1.35997	-0.531697
35	65	5	3.89951	-1.19453	-2.37043
35	65	15	1.84742	-1.19845	-1.67892
35	65	25	0.632687	0.0989551	-0.188352
35	65	35	2.48741	0.0579645	0.982563
35	65	45	6.79234	-0.302043	1.40798
35	65	55	5.71568	-1.85859	-1.45675
35	65	65	2.57471	-0.496319	-0.174298
35	65	75	0.689194	-0.216922	0.355194
35	65	85	2.43761	-1.26919	1.04343
35	75	5	4.28708	7.04307	-2.35608
35	75	15	1.84609	4.08852	-2.63054
35	75	25	0.946192	1.43451	-0.94547
35	75	35	3.44621	2.42524	2.09154
35	75	45	7.44736	2.94694	2.91671
35	75	55	6.86425	3.31468	-3.85037
35	75	65	3.05062	2.09397	-1.77706
35	75	75	1.03912	0.650068	0.357658
35	75	85	3.9111	3.50456	2.57248
35	85	5	0.836609	7.92382	-3.71298
35	85	15	-0.685023	6.44705	-1.90958
35	85	25	0.685287	2.42293	-0.420419
35	85	35	1.91741	2.81695	1.16723
35	85	45	3.81461	5.87029	0.763402
35	85	55	3.64409	4.21842	-2.05964
35	85	65	2.40954	2.51245	-0.96427
35	85	75	1.66803	1.84669	0.119604
35	85	85	2.82356	4.5421	0.64535
45	5	5	2.77421	1.28251	-0.731291
45	5	15	-0.336059	0.664056	2.71803
45	5	25	-0.443185	0.519802	0.863362
45	5	35	0.925023	0.425759	-1.55416
45	5	45	2.48263	0.267201	-1.47892
45	5	55	1.83033	0.186258	0.202571
45	5	65	0.541444	0.0417147	-0.36357
45	5	75	1.56641	0.50003	-2.05147
45	5	85	3.25065	0.650849	-3.8234
45	15	5	1.71609	-4.3152	-1.7169
45	15	15	-0.911777	-1.36193	0.0104196
45	15	25	-0.504223	-0.0276334	0.429758
45	15	35	0.173838	-0.725144	-0.897051
45	15	45	3.39797	-3.61273	-1.49443
45	15	55	2.17016	-2.67084	-0.530486
45	15	65	0.360973	-0.505032	-0.0113901
45	15	75	0.381584	-0.328846	-0.997331
45	15	85	2.48611	-2.07985	-1.69859
45	25	5	1.41289	-1.72821	-0.506827
45	25	15	-0.512504	-0.996965	0.0100021
45	25	25	-0.418539	-0.598274	-0.258421
45	25	35	0.0240927	-0.685209	-1.00948
45	25	45	5.04803	-0.513606	-0.572915
45	25	55	3.21094	-1.04116	-0.0476394
45	25	65	0.338199	-0.677291	0.294342
45	25	75	0.334766	-0.341144	-0.116973
45	25	85	1.38386	-0.959604	-1.08911
45	35	5	0.656716	0.551646	0.321923
45	35	15	-0.431551	0.180542	0.447265
45	35	25	-0.533164	-1.16592	-0.206202
45	35	35	-0.0862518	-0.00537158	-2.04798
45	35	45	4.47223	2.22215	-0.884096
45	35	55	3.018	1.56384	1.33358
45	35	65	0.339755	-0.244892	0.48378
45	35	75	0.0596877	-0.190646	-0.335982
45	35	85	0.921912	0.472487	-1.12008
45	45	5	-0.125008	0.0543925	0.358329
45	45	15	-0.0447656	-0.505857	0.407038
45	45	25	-0.602202	-0.36762	-0.318895
45	45	35	-0.783044	1.07714	-2.92161
45	45	45	2.02128	1.82671	-1.45052
45	45	55	1.93545	1.50669	2.03813
45	45	65	0.542722	0.618168	1.75199
45	45	75	0.0580865	-0.224493	-0.16337
45	45	85	0.422252	-0.247553	-0.643818
45	55	5	0.474996	-1.42926	0.143713
45	55	15	-0.331324	-1.00734	0.451423
45	55	25	-0.640356	-0.27986	-0.544542
45	55	35	-0.235762	-0.601474	-2.78011
45	55	45	2.82425	-1.56755	-1.27377
45	55	55	2.33031	-1.52349	1.06681
45	55	65	0.824263	-0.196538	1.25316
45	55	75	0.199259	-0.101259	0.180716
45	55	85	0.499224	-1.10288	-0.542314
45	65	5	2.95375	-2.09008	0.0945632
45	65	15	-0.503672	-0.609087	1.1025
45	65	25	-0.186442	0.281433	-0.587567
45	65	35	0.763339	-0.315394	-1.63971
45	65	45	5.89888	-1.33579	-1.73142
45	65	55	4.36127	-1.60461	-0.558298
45	65	65	1.06578	-0.134773	0.621107
45	65	75	0.39715	0.104581	0.163963
45	65	85	1.43928	-0.853323	-0.232439
45	75	5	4.35111	3.12301	0.986538
45	75	15	-0.19499	1.66435	0.970783
45	75	25	0.149657	0.918716	-0.555504
45	75	35	0.678635	1.6579	-1.1204
45	75	45	5.73062	2.97112	-1.43882
45	75	55	4.39117	2.47399	-1.05354
45	75	65	1.0641	0.633334	-0.09275
45	75	75	0.641134	0.566179	0.122925
45	75	85	2.47035	1.5187	0.405567
45	85	5	3.27115	5.95551	-0.630844
45	85	15	-1.0747	2.77367	1.1815
45	85	25	-0.306805	0.564785	0.200501
45	85	35	0.544142	1.00856	-0.972114
45	85	45	3.87324	3.93862	-1.4909
45	85	55	2.58382	2.7847	-0.716391
45	85	65	0.964724	0.866063	-0.149273
45	85	75	0.851298	0.346593	-0.887375
45	85	85	2.58781	3.18751	-1.15084
55	5	5	-2.45336	0.389705	0.52404
55	5	15	-1.00671	0.564501	2.92529
55	5	25	0.28544	0.421695	1.00809
55	5	35	1.5488	0.768572	-2.29499
55	5	45	1.41911	0.606322	-1.19406
55	5	55	1.18675	0.547996	0.782853
55	5	65	0.766403	0.18181	-0.0354771
55	5	75	1.06826	0.324911	-2.47814
55	5	85	-0.356702	0.442038	-4.38301
55	15	5	-1.8851	-4.30905	-0.00552945
55	15	15	-0.265372	-1.548	1.04437
55	15	25	0.0687851	0.127094	-0.0935375
55	15	35	0.628983	-1.20806	-1.77998
55	15	45	0.385158	-3.51092	-2.05877
55	15	55	0.437413	-2.26625	-0.252068
55	15	65	0.573832	-0.067793	-0.108822
55	15	75	1.3206	-0.188166	-1.2567
55	15	85	0.641912	-1.55892	-1.28998
55	25	5	-2.98829	-1.69188	0.848031
55	25	15	-0.791114	-1.18326	0.566815
55	25	25	0.0299529	-0.402799	-0.47687
55	25	35	0.537917	-0.230631	-1.72323
55	25	45	-1.59105	-1.51134	-3.12597
55	25	55	-0.633386	-0.583396	-0.231662
55	25	65	0.625227	-0.211276	0.0870412
55	25	75	0.336175	-0.375907	-0.157422
55	25	85	0.170134	-0.311354	-0.0983545
55	35	5	-1.44674	1.22359	0.314837
55	35	15	-0.479985	0.0227186	0.994594
55	35	25	0.0415268	-0.364929	-0.226019
55	35	35	-0.0405289	0.533295	-2.3311
55	35	45	-2.88948	3.87345	-3.60206
55	35	55	-0.703134	2.4346	0.687996
55	35	65	0.377903	-0.0812269	0.847086
55	35	75	0.347882	0.0115354	-0.0803799
55	35	85	0.088527	0.0748909	-0.559634
55	45	5	-0.84653	-0.129911	0.15802
55	45	15	-0.486163	-0.308215	0.670365
55	45	25	-0.4388	-0.727564	-0.4065
55	45	35	-1.50784	1.13796	-4.12125
55	45	45	-3.13705	2.29226	-3.56501
55	45	55	-1.24814	1.17943	1.64643
55	45	65	0.407539	0.498494	1.55193
55	45	75	0.241642	-0.239613	0.139471
55	45	85	-0.360698	-0.307811	-0.526715
55	55	5	-1.76902	-2.43129	0.598139
55	55	15	-0.887319	-1.66764	1.27056
55	55	25	-0.261527	-0.555112	-1.52486
55	55	35	-1.30628	-1.60304	-3.6265
55	55	45	-2.6111	-3.65684	-3.40501
55	55	55	-1.51436	-2.10845	1.08347
55	55	65	0.303042	-0.121069	1.16798
55	55	75	0.162176	-0.119224	0.00267437
55	55	85	-0.702346	-0.962543	-0.564297
55	65	5	-3.68897	-2.19659	1.12262
55	65	15	-1.33362	-0.756495	1.48026
55	65	25	-0.118969	0.085396	-0.552721
55	65	35	-0.528542	-1.14628	-3.44188
55	65	45	-2.89444	-3.76585	-4.38149
55	65	55	-0.93695	-2.5516	-0.053627
55	65	65	0.0657379	-0.100418	0.78142
55	65	75	-0.353835	-0.180408	0.305561
55	65	85	-0.453041	-0.785296	-0.109843
55	75	5	-4.82665	3.158	1.4143
55	75	15	-1.16387	1.8491	0.723847
55	75	25	0.201197	0.230887	-0.453418
55	75	35	0.274325	0.903542	-2.43107
55	75	45	-1.69727	2.41482	-4.31121
55	75	55	-0.00328896	1.15576	-0.285231
55	75	65	0.133135	-0.0203706	-0.235408
55	75	75	0.170409	-0.354065	-0.341359
55	75	85	-0.961111	0.493257	-0.146552
55	85	5	-3.68382	5.88388	1.17684
55	85	15	-0.809924	2.80876	2.25928
55	85	25	0.185517	0.386537	0.0572764
55	85	35	0.850389	1.9753	-2.75459
55	85	45	0.152276	4.19476	-2.41929
55	85	55	0.499724	2.60036	0.4359
55	85	65	0.532292	0.644205	-0.305997
55	85	75	0.146336	0.24279	-0.971402
55	85	85	-0.533279	2.44623	-1.4605
65	5	5	-2.47229	-2.17133	-0.70456
65	5	15	-0.057936	-0.224727	1.69915
65	5	25	1.03021	0.218595	0.124711
65	5	35	1.12948	0.987108	-1.54758
65	5	45	0.879983	0.408628	-1.58236
65	5	55	0.563865	0.00944269	-0.658229
65	5	65	0.629029	0.222148	-0.487016
65	5	75	0.618925	-0.61708	-0.905681
65	5	85	-1.34159	-1.04732	-1.56337
65	15	5	-1.28448	-7.78229	-0.462406
65	15	15	0.946444	-3.94856	-0.840088
65	15	25	1.08172	-0.62777	0.00601046
65	15	35	1.16901	-1.52155	-1.6341
65	15	45	-0.0298634	-3.97792	-3.72897
65	15	55	1.03029	-4.84924	-2.95931
65	15	65	0.734317	-1.41559	-1.47672
65	15	75	0.543158	-1.08732	-0.584151
65	15	85	0.437781	-3.99218	1.16867
65	25	5	-4.34538	-4.81307	1.29829
65	25	15	-0.425368	-2.30578	-1.48422
65	25	25	0.430412	-0.410137	-0.441019
65	25	35	0.376558	-0.365632	-0.889934
65	25	45	-3.40487	0.835217	-2.05918
65	25	55	-1.54654	-0.989777	-4.9895
65	25	65	-0.397421	-0.305355	-1.55073
65	25	75	0.531064	-0.205427	0.236168
65	25	85	-1.08491	-1.43004	2.09427
65	35	5	-3.18629	2.51968	0.838085
65	35	15	-0.39463	0.570687	-0.222742
65	35	25	0.0931809	-0.255082	-0.409254
65	35	35	-0.131667	1.3009	-1.08964
65	35	45	-3.27857	5.21351	-1.03683
65	35	55	-0.850447	5.35142	-3.56352
65	35	65	-0.136295	1.71795	-0.57731
65	35	75	0.178096	0.373452	0.281368
65	35	85	-0.774027	1.17124	0.987099
65	45	5	-0.844048	0.281556	0.1017
65	45	15	-0.271438	-0.308823	0.801438
65	45	25	-0.113655	-0.465128	-0.265676
65	45	35	-1.34814	0.875498	-2.09393
65	45	45	-3.96771	2.96433	-2.48097
65	45	55	-2.3005	2.41841	-0.766892
65	45	65	-0.300906	1.19288	0.53596
65	45	75	-0.0510571	-0.00411823	0.122967
65	45	85	-0.431431	0.273414	-0.210417
65	55	5	-2.00498	-3.34227	0.701398
65	55	15	-1.95777	-2.78683	0.204446
65	55	25	-1.29797	-1.54167	-0.824447
65	55	35	-2.52011	-2.32291	-0.689901
65	55	45	-4.65726	-4.46832	-1.98045
65	55	55	-2.66693	-2.9519	-1.19231
65	55	65	-1.32716	-1.69982	-0.188551
65	55	75	-0.797474	-1.15733	0.401324
65	55	85	-1.19493	-1.90417	0.51528
65	65	5	-4.77333	-1.67833	1.9646
65	65	15	-2.40246	-1.58085	-1.18091
65	65	25	-0.396576	-0.88444	-0.90609
65	65	35	-1.3701	-1.73731	-0.516522
65	65	45	-4.98472	-4.41769	-3.02738
65	65	55	-2.22083	-3.61082	-4.48932
65	65	65	-2.65459	-2.22454	-2.27255
65	65	75	-1.7145	-1.78547	0.531441
65	65	85	-2.27159	-2.06454	2.24415
65	75	5	-6.03777	4.17907	1.41503
65	75	15	-3.17111	2.46081	-2.00189
65	75	25	-0.093788	0.37114	-0.657713
65	75	35	-0.798445	0.280083	-0.711285
65	75	45	-4.75105	-1.58563	-4.40511
65	75	55	-2.73555	0.687838	-5.07283
65	75	65	-2.62833	0.281565	-2.65847
65	75	75	-1.84773	0.0644855	0.450659
65	75	85	-4.34655	1.27551	3.22396
65	85	5	-3.84779	5.779	-1.46902
65	85	15	-1.063	3.60616	-0.0928867
65	85	25	0.276789	1.20628	0.137054
65	85	35	0.37809	1.34585	-1.00198
65	85	45	-1.18384	3.17939	-2.95329
65	85	55	-0.938747	3.28778	-2.15027
65	85	65	-0.857118	1.85534	-1.53592
65	85	75	-0.535678	1.10905	-0.451898
65	85	85	-3.38009	2.74337	1.32492
75	5	5	1.20626	-3.25616	-1.35293
75	5	15	1.70448	-1.20209	0.218926
75	5	25	1.23524	-0.45921	0.513312
75	5	35	1.72484	0.14394	-0.800018
75	5	45	2.37364	0.0750231	-2.4773
75	5	55	1.73631	-0.539031	-1.91661
75	5	65	-0.0282654	-1.10302	-0.867961
75	5	75	0.299795	-1.10283	-0.457706
75	5	85	0.0805396	-2.01555	-0.531494
75	15	5	3.24754	-6.97708	-1.11827
75	15	15	3.34125	-5.25004	-1.85023
75	15	25	1.89162	-1.4608	-0.171912
75	15	35	3.73236	-1.75208	-1.28088
75	15	45	3.30599	-1.54873	-3.47011
75	15	55	3.13046	-4.5699	-5.96189
75	15	65	1.52318	-4.82971	-2.62047
75	15	75	1.04938	-2.0179	0.00940051
75	15	85	1.66259	-4.43874	2.31047
75	25	5	4.49561	-1.27944	0.0747043
75	25	15	5.0436	-2.50092	-4.18554
75	25	25	1.98721	-0.94916	-1.30123
75	25	35	3.13843	-0.536557	0.578314
75	25	45	2.51267	1.20569	-1.3684
75	25	55	2.65628	2.29433	-9.39045
75	25	65	1.12409	0.523878	-4.99132
75	25	75	0.928134	0.136498	0.628684
75	25	85	3.16716	-0.403399	5.87178
75	35	5	3.68976	3.05189	0.672659
75	35	15	3.24983	3.49584	-2.876
75	35	25	1.12073	1.24332	-0.740138
75	35	35	1.87829	2.6043	0.457097
75	35	45	1.63361	3.97923	-1.09914
75	35	55	1.04746	5.62313	-6.01133
75	35	65	1.04406	6.33303	-3.77891
75	35	75	0.80808	3.30267	1.0588
75	35	85	1.96775	4.45276	3.36203
75	45	5	1.97222	0.905224	-0.0745571
75	45	15	1.02543	0.78812	0.792639
75	45	25	0.305427	0.450478	-0.222277
75	45	35	-0.18363	1.25283	-1.38621
75	45	45	-0.155408	4.00313	-1.97798
75	45	55	-0.349056	3.72513	-1.92551
75	45	65	0.157765	2.01167	-0.256786
75	45	75	0.139225	0.469526	0.0198605
75	45	85	1.22592	0.845777	0.227678
75	55	5	0.263475	-6.80662	0.247676
75	55	15	-2.0536	-5.45661	-1.01104
75	55	25	-0.902318	-2.50323	-0.119782
75	55	35	-1.90604	-2.8228	0.420879
75	55	45	-2.36415	-4.78964	-0.789065
75	55	55	-1.86596	-4.52448	-1.71228
75	55	65	-1.59296	-2.93544	-1.30867
75	55	75	-0.666022	-1.89792	-0.253446
75	55	85	-0.943622	-4.85808	1.18146
75	65	5	-0.0314	-7.01463	1.26181
75	65	15	-1.90541	-7.36386	-4.36195
75	65	25	-0.340493	-2.85017	-1.06806
75	65	35	-0.492984	-3.90718	1.14055
75	65	45	-0.0712325	-4.98067	-1.63621
75	65	55	-0.53523	-7.22787	-6.53054
75	65	65	-2.81541	-6.45563	-3.49662
75	65	75	-1.00259	-3.34177	0.515698
75	65	85	-2.68706	-7.21962	4.64119
75	75	5	2.29125	-4.41013	-1.84148
75	75	15	1.37074	-0.767737	-3.78331
75	75	25	0.623754	-0.437696	-0.568445
75	75	35	1.20674	-0.480063	-0.690139
75	75	45	2.33551	-4.49973	-4.27263
75	75	55	-0.139658	-4.78253	-9.3315
75	75	65	-2.46632	-0.734615	-3.51741
75	75	75	-1.10276	-0.956938	0.525185
75	75	85	-0.203934	-2.21916	5.33304
75	85	5	0.376537	4.06564	-2.43574
75	85	15	0.523808	2.97504	-1.07155
75	85	25	0.742038	0.771308	-0.212502
75	85	35	1.61844	0.885673	-0.630917
75	85	45	2.73924	2.27219	-3.714
75	85	55	1.43687	3.71111	-4.14786
75	85	65	-0.805429	1.99186	-1.30696
75	85	75	-0.554316	0.481028	0.456098
75	85	85	-0.175007	1.35144	0.180379
85	5	5	3.47197	-3.12758	-1.121
85	5	15	1.81601	-1.53062	0.0874097
85	5	25	0.554236	-0.277495	-0.532567
85	5	35	1.98412	-0.204903	-1.59708
85	5	45	4.11	-0.942081	-3.03153
85	5	55	2.36542	-1.27694	-1.05847
85	5	65	-0.353626	-1.04754	0.352146
85	5	75	-0.40021	-0.667139	-0.418791
85	5	85	1.30915	-1.45306	-1.35233
85	15	5	5.24876	-4.47172	-0.840224
85	15	15	3.55247	-2.31404	-1.74098
85	15	25	2.00503	-0.987407	-0.824874
85	15	35	3.0135	-0.9982	-0.0973364
85	15	45	6.71931	-1.91366	-3.37823
85	15	55	1.84948	-4.87317	-4.03767
85	15	65	0.670278	-2.06251	-0.754086
85	15	75	-0.595887	-0.941345	-0.174044
85	15	85	0.717299	-2.65928	-0.220493
85	25	5	9.11117	2.84884	-0.926881
85	25	15	6.52422	1.68581	-4.30656
85	25	25	3.33192	0.344354	-1.44598
85	25	35	4.42453	1.52775	1.17168
85	25	45	8.36367	2.23418	0.395572
85	25	55	3.78031	0.646357	-4.80684
85	25	65	1.62717	0.180341	-1.78274
85	25	75	0.18894	0.207148	-0.0689556
85	25	85	3.27484	-0.291097	1.89686
85	35	5	7.67563	4.68411	-0.665121
85	35	15	5.00186	3.64252	-2.72534
85	35	25	2.91368	2.15993	-0.540968
85	35	35	3.21235	3.11665	1.13351
85	35	45	5.694	3.2375	-0.0936003
85	35	55	1.65835	3.85294	-3.04479
85	35	65	1.53872	2.23392	-1.6845
85	35	75	0.171161	0.75543	-0.890931
85	35	85	3.48467	3.00656	0.8437
85	45	5	4.07363	1.641	-0.0602918
85	45	15	2.2426	1.43321	1.00463
85	45	25	0.924264	0.356014	0.32135
85	45	35	1.268	0.816248	-0.469908
85	45	45	2.83936	2.69413	-0.938287
85	45	55	1.78181	2.20152	-0.572944
85	45	65	0.474832	1.04249	-0.261834
85	45	75	-0.286343	0.376083	-1.37021
85	45	85	1.97481	1.23782	-1.56724
85	55	5	3.32327	-6.12579	-0.496847
85	55	15	0.0557098	-3.67312	0.0459631
85	55	25	0.0246819	-1.02257	0.0821117
85	55	35	0.503232	-1.88604	-0.706826
85	55	45	2.7354	-4.39237	-0.620384
85	55	55	0.630936	-2.71797	-0.189805
85	55	65	-0.0276973	-0.678057	0.119129
85	55	75	-0.524734	-0.558381	-1.06969
85	55	85	0.303879	-3.48749	-0.968794
85	65	5	4.5999	-7.59613	-0.0554486
85	65	15	0.949167	-4.48794	-2.73092
85	65	25	0.637629	-1.89243	-1.18131
85	65	35	0.675024	-2.29885	0.741801
85	65	45	4.69468	-5.78969	-0.306444
85	65	55	0.94319	-5.46712	-2.93687
85	65	65	-0.471704	-1.91555	-0.913209
85	65	75	-0.226616	-0.937869	-0.383243
85	65	85	0.435347	-4.06565	0.746833
85	75	5	7.18712	-2.79526	-1.31259
85	75	15	2.36794	-2.08776	-1.76682
85	75	25	0.496429	-0.775057	-0.688161
85	75	35	1.29082	-1.85256	-0.425806
85	75	45	7.67801	-4.658	-1.8439
85	75	55	3.14135	-2.50795	-4.34253
85	75	65	-0.463029	-0.353333	-0.666275
85	75	75	-0.374722	-0.45757	-0.251573
85	75	85	1.98331	-1.63774	0.515445
85	85	5	4.09625	1.91848	-1.2045
85	85	15	1.14202	-0.0158006	-0.0944669
85	85	25	-0.0525291	-0.215127	-0.0845751
85	85	35	1.20298	-0.0480456	-1.35794
85	85	45	5.85173	0.17444	-3.05148
85	85	55	2.68635	0.848296	-2.44396
85	85	65	-0.883955	0.297649	0.377662
85	85	75	-0.425755	-0.678167	-0.336737
85	85	85	1.33511	-0.167883	-1.22403
