5	5	5	-0.180755	0.369791	-0.199016
5	5	15	0.306441	0.013765	-0.588196
5	5	25	0.0494482	-0.179698	-0.967192
5	5	35	0.291036	0.100373	-0.29306
5	5	45	-0.237602	0.239512	-0.235395
5	5	55	0.200153	-0.0203774	0.177884
5	5	65	-0.130914	0.0996259	0.422154
5	5	75	-0.388688	-0.256965	0.629487
5	5	85	-0.179169	0.0877621	0.258212
5	15	5	-0.808018	-3.32984	0.219991
5	15	15	-0.262938	-0.832771	-1.09582
5	15	25	0.0069225	0.653866	-1.5993
5	15	35	0.137191	1.08706	-0.154916
5	15	45	0.0208334	1.16252	0.250226
5	15	55	0.25616	1.18279	0.253868
5	15	65	-0.00436908	0.766675	0.069169
5	15	75	-0.32279	0.052647	1.19162
5	15	85	-0.0627445	-0.991405	1.47098
5	25	5	0.392001	-5.80152	1.02386
5	25	15	-0.460447	-2.58101	-1.90565
5	25	25	-0.0929728	-0.147207	-0.592131
5	25	35	-0.467028	0.327749	1.49761
5	25	45	-0.00260766	3.45923	1.35395
5	25	55	0.159786	3.77646	-1.01354
5	25	65	-0.449671	1.29225	-0.90108
5	25	75	0.000772768	-0.235334	-0.0931029
5	25	85	0.165646	-3.24116	2.06911
5	35	5	0.0212624	-2.50497	-0.0523446
5	35	15	0.220896	-1.55401	-0.902593
5	35	25	-0.358657	-0.735897	0.471954
5	35	35	-0.458746	0.217096	2.15548
5	35	45	-0.518664	3.72912	1.69585
5	35	55	0.309152	3.76123	-1.15521
5	35	65	0.113066	0.461015	-2.03379
5	35	75	-0.0117065	-0.974252	-0.533372
5	35	85	0.252914	-1.7254	0.377701
5	45	5	-0.101377	-0.632922	-0.0959653
5	45	15	0.177759	-0.71084	0.254436
5	45	25	-0.180232	-0.400123	0.585527
5	45	35	-0.233466	-0.333776	0.779014
5	45	45	-0.0963266	1.41045	1.14143
5	45	55	0.240363	1.08337	-0.254131
5	45	65	0.161587	-0.161168	-0.971679
5	45	75	0.0295324	-0.361882	-0.370039
5	45	85	0.126363	-0.612895	-0.0824173
5	55	5	-0.362259	0.592216	0.22724
5	55	15	0.0690711	0.653434	0.395012
5	55	25	0.154835	0.345735	0.367272
5	55	35	-0.0420212	0.128652	0.617488
5	55	45	-0.13996	-0.525102	0.616232
5	55	55	0.0384983	-1.09305	-0.026621
5	55	65	0.106473	0.0666914	-0.851185
5	55	75	0.0189639	0.241553	-0.436375
5	55	85	0.400061	0.633319	-0.226646
5	65	5	-0.180423	2.52376	0.351977
5	65	15	0.0622425	1.8698	-0.404517
5	65	25	-0.424218	0.840854	0.734886
5	65	35	0.0928499	-0.64395	2.37889
5	65	45	-0.262491	-3.58152	1.97953
5	65	55	0.336632	-3.53312	-1.97722
5	65	65	0.426905	-0.344727	-1.90302
5	65	75	0.396543	0.714936	-0.515934
5	65	85	0.762421	2.09271	0.494961
5	75	5	0.265092	5.40659	0.160471
5	75	15	0.420364	2.84922	-2.00608
5	75	25	-0.0341885	0.82949	-0.518979
5	75	35	0.0508732	-1.08151	1.11772
5	75	45	0.239565	-3.54763	1.44382
5	75	55	0.381625	-3.84493	-0.795073
5	75	65	0.166815	-0.699549	-0.542792
5	75	75	0.241534	0.30287	0.889984
5	75	85	0.221793	2.38769	1.99146
5	85	5	0.178811	3.53117	-0.424457
5	85	15	0.440655	0.991005	-1.97889
5	85	25	0.10737	-0.32625	-1.29615
5	85	35	0.0417333	-0.59135	-0.25422
5	85	45	0.0611475	-1.28536	-0.353135
5	85	55	-0.361617	-1.32687	0.0478718
5	85	65	-0.483391	-0.987839	0.0698122
5	85	75	-0.128979	0.0762622	1.14179
5	85	85	-0.0435341	1.11128	0.976936
15	5	5	1.97874	0.464803	-0.359233
15	5	15	1.7391	-0.268024	-1.06568
15	5	25	0.100649	0.202634	-1.05587
15	5	35	-0.813473	-0.319992	-0.327312
15	5	45	-2.59871	-0.182832	0.523873
15	5	55	-2.85637	-0.0828579	-0.67657
15	5	65	-1.19593	-0.183601	0.00263991
15	5	75	0.0471202	-0.0226357	1.00084
15	5	85	1.23791	-0.0799448	0.75102
15	15	5	2.40963	-3.71414	0.246367
15	15	15	2.74865	0.266821	-2.3129
15	15	25	0.721676	0.819891	-1.41399
15	15	35	-0.876433	0.634685	0.172926
15	15	45	-3.10339	0.976755	0.967785
15	15	55	-2.88612	1.25348	-0.62666
15	15	65	-0.97747	1.37144	-0.504084
15	15	75	0.658719	0.258721	0.935074
15	15	85	3.17802	-1.14676	2.09297
15	25	5	-1.93137	-4.56993	0.0723435
15	25	15	0.314379	-1.67025	-3.12474
15	25	25	1.58915	0.160597	-1.16181
15	25	35	1.56579	0.453552	1.83485
15	25	45	-1.99003	2.70981	2.60716
15	25	55	-1.8368	3.28026	-1.6588
15	25	65	0.943284	0.686031	-1.83691
15	25	75	2.08651	-0.408372	0.540502
15	25	85	0.998475	-1.58765	3.01418
15	35	5	-4.34984	-3.38428	0.522353
15	35	15	-2.32074	-2.31486	-1.82207
15	35	25	-0.462715	-1.32293	0.222536
15	35	35	2.04987	-0.22157	3.19141
15	35	45	1.16274	2.45646	2.11401
15	35	55	1.77356	2.75962	-1.86571
15	35	65	2.61068	-0.340856	-2.60137
15	35	75	0.303862	-0.960068	-0.0801477
15	35	85	-1.42756	-2.17514	1.89958
15	45	5	-4.60264	-0.793596	0.714082
15	45	15	-1.54855	-0.563482	-0.176136
15	45	25	-0.927576	-0.625757	0.672262
15	45	35	0.746998	0.0811236	0.89786
15	45	45	2.30098	1.43344	0.997283
15	45	55	1.95439	1.21053	-0.795744
15	45	65	1.15035	0.026858	-1.45103
15	45	75	-0.730193	-0.455392	-0.449412
15	45	85	-1.6801	-0.6602	0.459014
15	55	5	-3.68185	0.796367	0.230106
15	55	15	-1.26184	0.843549	-0.106387
15	55	25	-0.412325	0.836586	0.454402
15	55	35	0.779795	0.402997	1.25359
15	55	45	2.51851	-0.871746	0.819298
15	55	55	2.35392	-0.56569	-1.04059
15	55	65	1.01327	0.327445	-1.33979
15	55	75	-0.419082	0.493108	-0.392221
15	55	85	-1.69932	0.460834	0.335963
15	65	5	-3.72234	2.55507	-0.199699
15	65	15	-1.44363	1.39545	-1.0711
15	65	25	-0.0612053	0.845901	0.273144
15	65	35	2.57536	0.463501	3.49267
15	65	45	2.48906	-2.60881	2.72246
15	65	55	2.35026	-2.41768	-3.31043
15	65	65	2.59749	-0.049999	-3.16593
15	65	75	0.373746	0.869412	-0.185113
15	65	85	-1.07801	1.24736	1.72679
15	75	5	-1.30024	4.51393	0.537911
15	75	15	1.38339	1.54539	-2.16024
15	75	25	2.57446	0.0687098	-1.36124
15	75	35	1.4604	-0.7864	1.99689
15	75	45	-0.887739	-2.66526	2.76132
15	75	55	-1.42871	-3.29243	-1.9969
15	75	65	1.54385	-0.747784	-1.69272
15	75	75	2.17114	0.212709	0.942662
15	75	85	1.18439	1.03677	2.78996
15	85	5	2.50731	3.78041	-1.09006
15	85	15	3.01696	0.665881	-2.55345
15	85	25	1.1255	-0.41527	-1.81688
15	85	35	-0.901078	-1.11279	0.463161
15	85	45	-2.35656	-1.86832	0.82881
15	85	55	-2.92899	-1.32993	-1.245
15	85	65	-0.596489	-0.728388	-0.239307
15	85	75	0.531226	-0.521263	1.18868
15	85	85	2.70602	0.746947	1.51662
25	5	5	4.82147	0.326118	-0.404921
25	5	15	3.79041	0.337796	-1.5697
25	5	25	0.0529795	0.181421	-0.530948
25	5	35	-1.96447	0.203999	1.0026
25	5	45	-5.70602	0.958463	2.77307
25	5	55	-5.12126	-0.161593	-2.16181
25	5	65	-1.89563	-0.421977	-0.917835
25	5	75	0.364136	-0.140687	0.737089
25	5	85	3.73657	-0.0308115	1.34999
25	15	5	4.1456	-2.41277	0.288367
25	15	15	3.80255	-0.397549	-2.92286
25	15	25	0.897453	-0.0139446	-0.741317
25	15	35	-2.07331	0.202929	1.89169
25	15	45	-5.5747	0.513045	3.047
25	15	55	-5.14786	-0.102489	-2.76805
25	15	65	-2.29279	1.01054	-2.33896
25	15	75	0.879316	0.773705	0.684135
25	15	85	4.37364	-0.363627	3.22856
25	25	5	0.426048	-0.514138	0.077527
25	25	15	1.47566	0.300759	-6.07518
25	25	25	1.40729	0.197368	-1.61462
25	25	35	0.263409	-0.154592	4.39012
25	25	45	-1.4161	-0.429353	4.73389
25	25	55	-1.39085	0.506953	-4.30899
25	25	65	0.192078	0.294848	-4.33945
25	25	75	1.49466	0.0923131	1.7457
25	25	85	1.28328	0.392008	5.41753
25	35	5	-4.27239	-0.0110884	-0.252015
25	35	15	-3.67255	-1.25016	-4.45386
25	35	25	-0.477091	-1.20968	-1.18546
25	35	35	2.76329	-0.941307	4.05095
25	35	45	3.71962	0.676696	3.44943
25	35	55	3.40189	0.539953	-4.12397
25	35	65	2.10972	-0.941875	-3.5749
25	35	75	-0.763648	-1.4736	0.698872
25	35	85	-3.44791	-0.88298	4.17035
25	45	5	-5.44244	0.487813	-0.379978
25	45	15	-3.91848	-0.329385	-1.25511
25	45	25	-1.01432	-0.483318	-0.0134683
25	45	35	1.58682	-0.701255	1.66741
25	45	45	4.28113	0.227535	2.09262
25	45	55	4.35707	0.811903	-2.35832
25	45	65	2.00743	-0.563094	-2.33092
25	45	75	-1.27511	-0.95664	-0.285827
25	45	85	-3.76183	-0.701408	1.61181
25	55	5	-5.63628	-0.445492	-0.323195
25	55	15	-3.51425	0.216367	-1.69465
25	55	25	-0.690085	0.886307	-0.153147
25	55	35	2.05049	0.610641	1.60862
25	55	45	4.65606	-0.254239	1.59859
25	55	55	4.61955	-0.19746	-1.85106
25	55	65	1.16446	0.523817	-2.28014
25	55	75	-1.17541	0.375839	-0.393038
25	55	85	-4.19529	0.312773	1.38393
25	65	5	-4.32063	0.455408	0.0252579
25	65	15	-3.40206	0.700109	-4.08874
25	65	25	-0.837272	0.360798	-1.01038
25	65	35	2.4464	0.720146	3.81406
25	65	45	4.32068	0.467665	3.65463
25	65	55	3.54428	-0.239111	-4.62511
25	65	65	2.94829	0.930548	-3.90758
25	65	75	0.122377	1.12106	1.12219
25	65	85	-2.33552	0.773235	4.01555
25	75	5	-0.305184	0.794073	-0.475185
25	75	15	1.57304	-1.19276	-6.19605
25	75	25	0.814297	-0.736953	-1.49178
25	75	35	-0.175376	-0.975288	4.73925
25	75	45	-0.827993	-0.114473	4.56506
25	75	55	-1.53851	-1.3797	-4.60621
25	75	65	0.25496	-0.00109662	-4.14801
25	75	75	1.39062	0.0462082	1.4957
25	75	85	0.892208	-0.309184	5.4321
25	85	5	4.16605	2.11453	-0.347248
25	85	15	4.05526	-0.35024	-4.19672
25	85	25	1.28757	0.175499	-0.95901
25	85	35	-2.42849	-0.254534	2.57038
25	85	45	-5.04621	-0.757556	3.02096
25	85	55	-4.94754	-0.39199	-2.60764
25	85	65	-1.64992	-0.755591	-1.85656
25	85	75	1.08125	-0.975611	0.696294
25	85	85	3.49099	-0.213588	2.98375
35	5	5	4.86116	0.425616	-0.126054
35	5	15	2.57386	0.285297	-1.01033
35	5	25	1.53134	0.0726407	0.546548
35	5	35	-1.42225	0.120695	1.79801
35	5	45	-3.65971	0.0368567	1.68454
35	5	55	-3.73646	0.262578	-1.28136
35	5	65	-1.15544	-0.146085	-1.69841
35	5	75	1.1644	0.401303	-0.560622
35	5	85	2.82149	-0.365311	0.395291
35	15	5	5.09369	0.676759	0.318371
35	15	15	3.3271	1.55763	-1.99999
35	15	25	1.25435	1.41492	0.637673
35	15	35	-2.23796	0.666715	2.51938
35	15	45	-4.10705	-0.909446	2.04519
35	15	55	-4.17189	-0.785574	-2.30793
35	15	65	-2.54131	0.688888	-2.84975
35	15	75	0.327818	0.750645	-0.0511048
35	15	85	2.54115	0.956826	1.82453
35	25	5	3.3764	2.63034	1.32071
35	25	15	0.797463	0.593507	-4.19866
35	25	25	-1.61335	0.561608	-0.964975
35	25	35	-2.63863	-0.35186	3.90317
35	25	45	-0.128512	-1.9363	3.1173
35	25	55	0.25716	-1.20891	-3.14808
35	25	65	-1.78729	0.678309	-3.07487
35	25	75	-1.59741	0.0322815	0.730324
35	25	85	-0.352121	0.670028	4.19322
35	35	5	-1.82546	3.18829	0.619663
35	35	15	-3.53985	-0.245462	-4.04877
35	35	25	-1.3023	-1.14453	-2.03201
35	35	35	1.17117	-1.34697	1.82176
35	35	45	4.09889	-1.6907	2.53052
35	35	55	4.6148	-1.67207	-2.58484
35	35	65	0.908562	-1.00567	-1.79987
35	35	75	-1.55165	-0.333346	1.11054
35	35	85	-3.55763	0.636747	4.07756
35	45	5	-3.07376	0.732435	0.0175688
35	45	15	-2.98837	0.381093	-1.32368
35	45	25	-0.587464	-0.581171	-0.361421
35	45	35	1.63439	-0.892889	0.301653
35	45	45	3.56772	-0.455092	1.30832
35	45	55	3.86198	-0.431972	-1.0138
35	45	65	1.43043	-0.775223	-0.336757
35	45	75	-0.379555	-0.661748	0.365465
35	45	85	-2.78851	0.236277	0.865621
35	55	5	-3.93569	-1.31752	0.0723837
35	55	15	-3.26463	-0.359857	-2.16396
35	55	25	-0.538525	0.715497	-0.817628
35	55	35	1.43606	0.816813	0.341184
35	55	45	3.64768	0.274717	1.51114
35	55	55	3.74438	0.428751	-1.47187
35	55	65	1.09381	0.905167	-0.670579
35	55	75	-0.558117	0.423288	0.380487
35	55	85	-2.54613	-0.398924	1.41011
35	65	5	-1.88263	-3.03268	0.0923752
35	65	15	-3.7411	0.638203	-4.3332
35	65	25	-1.68773	0.464442	-1.9449
35	65	35	1.52509	1.68969	1.17802
35	65	45	4.37689	1.97892	2.684
35	65	55	4.45837	1.51808	-3.01799
35	65	65	1.23783	1.7218	-1.94385
35	65	75	-1.45971	0.437708	1.83427
35	65	85	-2.99889	-0.504524	3.88167
35	75	5	2.73736	-1.44035	-0.1788
35	75	15	-1.26097	-0.398418	-4.58367
35	75	25	-2.79234	-0.236062	-1.85748
35	75	35	-1.7502	0.769345	1.56851
35	75	45	1.40465	2.75866	2.72341
35	75	55	-0.119682	1.17697	-3.8065
35	75	65	-1.52732	0.0558415	-3.41729
35	75	75	-1.56536	-0.457183	1.01481
35	75	85	0.362023	-1.00681	4.18849
35	85	5	4.95941	-0.0147503	-0.482001
35	85	15	2.00103	-0.740587	-2.64434
35	85	25	-0.83631	0.315643	-0.846272
35	85	35	-3.31802	0.370617	2.89892
35	85	45	-3.61204	0.750876	2.7076
35	85	55	-4.01743	0.957398	-2.40713
35	85	65	-2.59978	-0.122817	-3.13265
35	85	75	0.501281	-0.275031	-0.271767
35	85	85	2.67902	-0.93048	1.48016
45	5	5	1.25138	0.142376	-0.165161
45	5	15	0.146633	0.101477	-0.270935
45	5	25	0.00790245	0.0367795	0.319258
45	5	35	-0.473458	0.0187569	1.22243
45	5	45	-1.05985	0.0733011	0.175602
45	5	55	-0.820933	0.463101	-0.636939
45	5	65	-0.346609	0.226842	-0.71004
45	5	75	0.269434	-0.0754992	-0.348743
45	5	85	1.0311	0.115571	-0.342938
45	15	5	1.34788	0.993346	0.196668
45	15	15	0.688283	1.39845	-0.327324
45	15	25	-0.102644	0.811181	0.0311993
45	15	35	-0.790614	0.345668	1.59133
45	15	45	-1.02269	-1.82242	1.19797
45	15	55	-0.842757	-2.25737	-0.429486
45	15	65	-0.855057	-0.212562	-1.12915
45	15	75	-0.195198	0.721359	-0.452968
45	15	85	1.02403	1.22908	-0.0749132
45	25	5	0.7872	4.06863	0.779697
45	25	15	0.138633	1.97298	-1.49227
45	25	25	-0.56076	0.340723	-0.0356942
45	25	35	-1.48802	-0.989876	1.85136
45	25	45	-0.682949	-4.0704	2.0604
45	25	55	0.380277	-4.18409	-1.29317
45	25	65	-0.588693	-0.554178	-1.34799
45	25	75	-1.24214	0.107482	0.255924
45	25	85	-0.350645	2.65481	1.26717
45	35	5	-0.690714	4.06652	0.641688
45	35	15	-1.16207	1.38833	-2.31422
45	35	25	-0.765208	-0.470399	-2.02395
45	35	35	0.148948	-1.70767	0.265304
45	35	45	1.16498	-2.42388	0.860927
45	35	55	1.60853	-1.93401	-0.69432
45	35	65	0.217614	-1.54688	0.151128
45	35	75	-0.916566	-0.401476	1.28454
45	35	85	-1.45004	1.11704	2.11821
45	45	5	-1.35528	1.09157	-0.296456
45	45	15	-1.22967	0.500507	-0.436714
45	45	25	-0.257928	-0.346163	-0.603459
45	45	35	0.481756	-0.536279	-0.203407
45	45	45	1.07182	-0.89703	0.0479073
45	45	55	1.05453	-0.533892	-0.0446088
45	45	65	0.425407	-0.728652	0.164095
45	45	75	-0.349635	-0.368529	0.458924
45	45	85	-0.881806	0.126306	0.480543
45	55	5	-1.03886	-1.37877	-0.0208544
45	55	15	-0.93091	-0.36703	-0.686748
45	55	25	-0.231538	0.456304	-0.655287
45	55	35	0.463686	0.68205	-0.320537
45	55	45	1.10394	0.718922	-0.153072
45	55	55	1.30793	0.80068	0.140086
45	55	65	0.219726	0.548137	0.10401
45	55	75	-0.235719	0.427151	0.68069
45	55	85	-0.794152	-0.640903	0.18381
45	65	5	-0.81347	-4.87842	0.484415
45	65	15	-1.69641	-0.969585	-2.2134
45	65	25	-0.442947	0.630986	-1.52146
45	65	35	0.0451162	1.44783	0.37219
45	65	45	1.54572	2.33782	0.582236
45	65	55	1.33661	2.43275	-0.553581
45	65	65	-0.0950128	0.951165	-0.629687
45	65	75	-1.05654	0.294311	1.66037
45	65	85	-1.23683	-0.759997	2.02253
45	75	5	0.54327	-3.50859	0.0816728
45	75	15	-0.604214	-1.30657	-1.48008
45	75	25	-1.3489	0.633547	-1.1262
45	75	35	-1.17461	1.52729	-0.133138
45	75	45	0.256535	4.12024	1.74049
45	75	55	0.53744	3.57617	-2.19643
45	75	65	-1.36576	0.871298	-1.9718
45	75	75	-0.880197	-0.434496	-0.174156
45	75	85	0.28797	-1.97125	1.14321
45	85	5	1.58961	-1.43207	0.221578
45	85	15	0.386075	-0.638564	-0.110495
45	85	25	-0.448059	0.364075	0.17407
45	85	35	-1.28345	0.746058	1.64441
45	85	45	-1.34111	2.09967	1.19602
45	85	55	-1.14751	2.15053	-1.01967
45	85	65	-0.888266	-0.0278111	-1.83953
45	85	75	-0.00243293	-0.51667	-0.400125
45	85	85	1.12835	-1.5052	0.0849681
55	5	5	-1.46914	-0.0400643	-0.10172
55	5	15	-0.826328	-0.199262	0.148311
55	5	25	-0.329963	-0.0777265	0.586818
55	5	35	0.382154	0.172885	1.07789
55	5	45	1.00059	-0.280315	0.599443
55	5	55	1.04534	0.0212748	-0.537668
55	5	65	0.574038	-0.133938	-0.664448
55	5	75	-0.131955	-0.0878216	-0.724319
55	5	85	-0.729552	0.15767	-0.679695
55	15	5	-1.4382	1.16151	-0.197136
55	15	15	-1.06318	1.44881	0.186204
55	15	25	-0.206638	0.431233	0.0453835
55	15	35	0.585395	0.218896	1.41971
55	15	45	1.12	-2.26694	1.07675
55	15	55	1.38888	-2.92462	-0.679509
55	15	65	1.38256	0.139558	-1.40524
55	15	75	0.172394	0.532134	-0.538254
55	15	85	-0.777531	0.792586	-0.0240029
55	25	5	-2.0528	4.3745	0.214073
55	25	15	-0.288148	1.9464	-1.2036
55	25	25	1.02395	-0.0643992	0.0404256
55	25	35	1.01598	-1.15689	1.87358
55	25	45	-0.253063	-4.06641	2.05998
55	25	55	-0.0820634	-4.24953	-1.66801
55	25	65	1.69882	-0.934881	-1.05891
55	25	75	1.48673	-0.711634	0.753338
55	25	85	0.196065	2.15776	1.39758
55	35	5	0.933139	4.48556	0.646415
55	35	15	1.84894	2.00946	-2.30939
55	35	25	0.894618	0.208859	-1.50784
55	35	35	-0.0723754	-1.07346	0.159091
55	35	45	-1.4732	-2.47992	0.462358
55	35	55	-1.31896	-2.28443	-0.182816
55	35	65	-0.0472192	-1.57304	-0.327067
55	35	75	0.935553	-0.662911	2.12192
55	35	85	1.79006	1.64167	2.64066
55	45	5	0.817201	1.31721	-0.102409
55	45	15	0.685566	0.22385	-0.924618
55	45	25	0.241348	-0.191188	-0.444097
55	45	35	-0.477407	-0.692241	-0.196389
55	45	45	-1.09198	-0.823351	-0.0525124
55	45	55	-1.12801	-0.742622	-0.246596
55	45	65	-0.441259	-0.776472	0.00536654
55	45	75	0.194633	-0.373449	0.586592
55	45	85	1.15727	0.122399	0.605092
55	55	5	0.918723	-1.33871	0.0371046
55	55	15	0.510664	-0.122284	-0.913713
55	55	25	0.00754075	0.393446	-0.49879
55	55	35	-0.585715	0.466167	0.044177
55	55	45	-1.40789	0.794486	0.128385
55	55	55	-1.40919	1.16181	0.0701796
55	55	65	-0.161749	0.288441	-0.0841687
55	55	75	0.0533141	0.254388	0.578999
55	55	85	1.02493	-0.739506	0.561499
55	65	5	1.05185	-4.58318	-0.0966878
55	65	15	1.64618	-1.76765	-2.27059
55	65	25	1.24648	0.916141	-1.90117
55	65	35	-0.237233	1.47579	0.269845
55	65	45	-1.48974	2.45063	0.248624
55	65	55	-1.72915	2.72083	-0.815147
55	65	65	-0.26081	0.967781	-0.141416
55	65	75	1.42946	-0.195452	1.75108
55	65	85	2.05448	-1.22643	2.46694
55	75	5	-0.879007	-3.76317	-0.000383355
55	75	15	0.470226	-1.64338	-1.22
55	75	25	1.28953	0.104737	-0.261353
55	75	35	0.545674	1.17919	1.06409
55	75	45	-0.506721	4.4681	1.65402
55	75	55	0.248595	3.90292	-2.61438
55	75	65	1.59214	1.08173	-1.82724
55	75	75	1.25182	0.121412	0.276093
55	75	85	0.251132	-1.74107	0.944307
55	85	5	-1.92749	-1.5462	0.115746
55	85	15	-0.769527	-1.23476	-0.225325
55	85	25	0.12605	-0.132228	0.503714
55	85	35	1.06982	0.0434582	1.82081
55	85	45	1.24106	2.18262	0.716699
55	85	55	1.09763	2.06492	-1.02318
55	85	65	0.913806	0.0526687	-1.57587
55	85	75	0.065249	-0.461203	-0.422629
55	85	85	-0.512449	-0.784828	0.487128
65	5	5	-5.4496	0.297153	-0.615973
65	5	15	-2.9828	-0.542844	-1.06697
65	5	25	-0.784337	-0.0957053	0.370469
65	5	35	1.6625	-0.0362595	1.67905
65	5	45	3.87769	-0.143617	1.13179
65	5	55	3.47669	0.182334	-1.84332
65	5	65	1.68932	-0.253978	-1.19612
65	5	75	-0.568683	-0.111043	0.228498
65	5	85	-3.3173	0.0161188	1.08791
65	15	5	-5.07464	1.18288	0.0195668
65	15	15	-2.33747	1.17262	-1.71724
65	15	25	0.308848	0.802775	-0.483103
65	15	35	2.82768	0.258529	2.46354
65	15	45	3.9752	-1.96666	1.65124
65	15	55	4.15745	-1.31872	-2.93194
65	15	65	3.33581	0.0919594	-3.37344
65	15	75	-0.381436	0.838324	0.262445
65	15	85	-2.22469	1.41683	2.17931
65	25	5	-2.77932	2.31183	0.101136
65	25	15	0.682945	1.20128	-3.84039
65	25	25	1.87957	-0.0042142	-1.19927
65	25	35	2.27234	-0.233387	3.00048
65	25	45	-0.0678948	-2.42103	3.55746
65	25	55	-0.56147	-3.11215	-2.75419
65	25	65	2.48794	0.365116	-3.66934
65	25	75	1.31909	0.518696	0.966594
65	25	85	-0.253881	1.00869	3.9279
65	35	5	1.87029	2.57036	0.562799
65	35	15	3.77953	-0.0808733	-3.51673
65	35	25	1.35847	-0.675891	-1.58809
65	35	35	-0.684202	-0.647007	1.79848
65	35	45	-4.27801	-1.77052	2.8681
65	35	55	-3.85717	-2.36853	-2.56562
65	35	65	-0.631816	-1.36412	-1.6341
65	35	75	2.16049	-0.0914005	1.4368
65	35	85	3.96845	0.574106	3.84894
65	45	5	3.59723	1.83848	0.215069
65	45	15	2.88977	0.49641	-1.17834
65	45	25	0.133457	-0.284275	-0.79711
65	45	35	-1.70798	-0.685306	0.309483
65	45	45	-4.14997	-0.875644	1.9163
65	45	55	-4.32599	-0.530032	-1.19668
65	45	65	-1.76077	-0.707071	-0.672572
65	45	75	-0.189015	-0.664349	1.14888
65	45	85	2.44389	0.122913	1.5742
65	55	5	3.2237	-1.277	-0.398911
65	55	15	2.70507	-0.714834	-1.56336
65	55	25	0.171305	0.459004	-0.896627
65	55	35	-2.11212	0.546036	0.568082
65	55	45	-3.80814	0.491172	1.51583
65	55	55	-4.56365	0.460332	-0.892319
65	55	65	-1.51233	0.740059	-0.732545
65	55	75	0.204092	0.747573	0.988872
65	55	85	3.02379	-0.302361	1.74842
65	65	5	2.73546	-3.67793	-0.66276
65	65	15	3.40158	-0.833912	-3.47228
65	65	25	1.16589	0.571794	-1.94618
65	65	35	-0.995339	0.944837	1.98659
65	65	45	-4.16161	1.9397	2.46402
65	65	55	-4.22003	1.31327	-2.28606
65	65	65	-1.1408	1.26322	-1.92048
65	65	75	1.47689	0.230059	1.7797
65	65	85	3.91196	-0.937451	4.50039
65	75	5	-2.87958	-3.07403	-0.348359
65	75	15	-0.0422709	-1.45237	-3.22223
65	75	25	1.89546	-0.352449	-1.24838
65	75	35	2.27712	-0.609877	3.27119
65	75	45	-0.0203591	1.54782	3.14586
65	75	55	0.345808	1.86861	-3.69338
65	75	65	2.30804	-0.119801	-3.71239
65	75	75	1.41941	0.105392	1.30103
65	75	85	-0.519469	-1.14241	4.06551
65	85	5	-5.10217	-1.31682	0.701233
65	85	15	-2.45485	-1.02639	-1.48295
65	85	25	-0.537768	-0.995439	0.491608
65	85	35	3.09362	-0.341385	2.90569
65	85	45	3.9449	1.37079	1.76444
65	85	55	3.77838	1.63693	-1.96295
65	85	65	2.43904	-0.0406185	-2.49845
65	85	75	-0.334032	-0.894193	-0.281002
65	85	85	-3.03952	-1.77228	2.38437
75	5	5	-4.71644	0.0660158	0.176434
75	5	15	-3.63349	-0.179983	-1.83617
75	5	25	-0.243844	-0.0284486	-0.304059
75	5	35	2.01319	-0.742891	1.06602
75	5	45	5.40719	-0.375647	1.45502
75	5	55	5.87034	-0.40406	-2.90448
75	5	65	2.29874	-0.185704	-0.974003
75	5	75	-0.502154	0.25754	0.445848
75	5	85	-3.69955	0.0368492	1.98217
75	15	5	-4.22247	-1.87962	0.243903
75	15	15	-3.20605	-0.386915	-3.59188
75	15	25	-0.315644	0.895317	-1.33242
75	15	35	2.22382	0.953818	2.18442
75	15	45	5.4056	0.291195	2.80855
75	15	55	5.29027	0.155247	-3.38271
75	15	65	1.74128	1.18897	-2.17304
75	15	75	-0.961643	1.32682	0.913815
75	15	85	-3.39981	-0.183328	3.27132
75	25	5	0.0780153	-1.23328	0.205576
75	25	15	-0.652608	-0.27888	-6.13803
75	25	25	0.0269285	0.713046	-2.21615
75	25	35	0.684702	1.40974	3.4905
75	25	45	1.77097	1.57371	4.46747
75	25	55	1.97367	1.22858	-4.38906
75	25	65	0.307281	0.408288	-3.96818
75	25	75	-0.80168	0.303448	1.90413
75	25	85	-1.05182	-0.157305	4.76065
75	35	5	5.0384	0.354216	-0.146369
75	35	15	2.72372	-0.835202	-4.4824
75	35	25	-0.165582	-0.63462	-1.12776
75	35	35	-2.22208	-0.508853	3.46938
75	35	45	-3.7183	1.31393	4.40421
75	35	55	-3.53587	0.780382	-4.23772
75	35	65	-3.43955	-0.928389	-4.82455
75	35	75	0.333849	-1.11562	1.11294
75	35	85	2.82812	-0.528925	4.10013
75	45	5	6.34683	0.0778414	-0.274382
75	45	15	3.82857	-0.798514	-2.3063
75	45	25	0.583626	-0.625143	0.356521
75	45	35	-1.97534	-0.390626	2.06186
75	45	45	-4.06669	0.0801928	2.0731
75	45	55	-4.82854	0.686457	-2.17442
75	45	65	-1.95614	-0.532652	-1.88085
75	45	75	0.698884	-0.610156	0.159109
75	45	85	4.02111	-0.26128	1.44695
75	55	5	6.58559	-0.883059	0.309961
75	55	15	4.15713	0.172489	-2.1688
75	55	25	0.662403	0.325951	0.123697
75	55	35	-1.85933	-0.126994	1.54878
75	55	45	-3.86322	-0.682984	1.89722
75	55	55	-4.58418	-0.519773	-1.79467
75	55	65	-1.5088	0.387815	-1.50258
75	55	75	0.579426	0.614091	0.186055
75	55	85	4.29854	0.500014	1.78289
75	65	5	4.47641	0.584561	0.43876
75	65	15	3.15254	0.879282	-4.27593
75	65	25	0.42297	0.793148	-1.19571
75	65	35	-3.3127	0.854938	3.33368
75	65	45	-3.54066	-0.244664	4.007
75	65	55	-3.28945	-0.922007	-4.3534
75	65	65	-2.64031	0.0814923	-3.79082
75	65	75	-0.0991292	0.710279	1.48602
75	65	85	3.26452	0.629346	4.21759
75	75	5	-0.496049	0.928401	-0.215142
75	75	15	-1.71508	-0.68476	-5.09927
75	75	25	-0.970415	-0.565104	-1.52853
75	75	35	0.357679	-0.282303	3.9416
75	75	45	1.35412	-0.912536	4.33902
75	75	55	1.74934	-2.24815	-4.13195
75	75	65	-0.244887	-0.806369	-4.01135
75	75	75	-0.984193	-0.862895	2.3302
75	75	85	-1.08411	0.0433282	5.4707
75	85	5	-4.12774	1.21035	0.38847
75	85	15	-3.79895	-0.212204	-3.13542
75	85	25	-0.577767	-0.618833	-0.939306
75	85	35	2.58894	-0.97932	2.59484
75	85	45	4.45385	-0.195827	2.54571
75	85	55	4.8595	-0.983301	-3.33882
75	85	65	1.34122	-1.51519	-2.30823
75	85	75	-0.580988	-1.35296	1.16475
75	85	85	-4.11455	-0.0351497	3.79664
85	5	5	-2.10215	-0.0684404	0.213905
85	5	15	-1.55236	-0.117319	-0.746954
85	5	25	0.119638	-0.0599091	-1.11595
85	5	35	0.762586	0.0036414	-0.309254
85	5	45	2.88221	-0.144706	0.185418
85	5	55	2.54275	-0.219162	-0.603762
85	5	65	1.09047	-0.277595	0.440669
85	5	75	0.00479061	0.117788	0.774906
85	5	85	-1.95819	-0.00946193	1.07856
85	15	5	-2.04643	-3.19169	0.221633
85	15	15	-2.45093	-0.927412	-1.61695
85	15	25	-0.697359	0.177203	-1.33025
85	15	35	0.73014	0.954027	0.340979
85	15	45	2.56219	1.21192	0.533102
85	15	55	2.82651	1.55027	-0.752435
85	15	65	0.790008	0.931491	-0.42031
85	15	75	-0.995272	0.645948	1.49366
85	15	85	-2.51942	-0.632431	1.79504
85	25	5	1.12057	-4.45859	0.04488
85	25	15	-1.05315	-1.25088	-2.63668
85	25	25	-1.94304	0.045914	-0.492221
85	25	35	-1.47519	0.586776	1.082
85	25	45	1.51676	3.38166	2.60972
85	25	55	2.45459	3.60342	-2.46085
85	25	65	-1.04806	0.884897	-1.86899
85	25	75	-1.52881	-0.312173	0.407941
85	25	85	-0.898411	-1.60117	2.69754
85	35	5	4.08469	-3.25353	-0.144033
85	35	15	1.89857	-1.80642	-1.93329
85	35	25	-0.737463	-0.771379	0.30657
85	35	35	-2.31794	0.517288	2.50457
85	35	45	-1.47842	3.07618	2.43014
85	35	55	-1.57529	3.79901	-2.32325
85	35	65	-3.02957	0.242646	-2.85866
85	35	75	-0.109662	-0.489272	-0.242003
85	35	85	1.53009	-1.88244	1.53477
85	45	5	4.08138	-0.573929	-0.153209
85	45	15	1.50371	-0.739552	-0.356079
85	45	25	0.72844	-0.81523	0.449756
85	45	35	-1.25505	-0.361999	0.908782
85	45	45	-1.9389	0.931164	0.465356
85	45	55	-2.07569	1.51497	-0.514085
85	45	65	-0.947282	0.0534434	-1.55693
85	45	75	0.237947	-0.6811	-0.491932
85	45	85	2.46234	-1.26501	0.064606
85	55	5	4.16256	0.892422	-0.562001
85	55	15	1.2978	0.519621	-0.423687
85	55	25	0.60694	0.58637	0.61567
85	55	35	-1.09614	0.0819601	1.09566
85	55	45	-1.8924	-1.36651	0.675484
85	55	55	-1.96847	-1.3534	-0.354468
85	55	65	-1.09476	0.284803	-1.08813
85	55	75	0.7887	0.568515	-0.425998
85	55	85	2.16601	0.981095	-0.151923
85	65	5	4.04967	2.99352	-0.846943
85	65	15	1.14034	1.93987	-1.6565
85	65	25	-0.237823	1.17946	0.50582
85	65	35	-3.72126	-0.499322	2.87724
85	65	45	-2.56473	-3.60287	2.58477
85	65	55	-1.70049	-2.8014	-2.65571
85	65	65	-2.6915	-0.128375	-2.57727
85	65	75	-0.137614	1.24571	-0.528878
85	65	85	1.69485	1.75953	1.24078
85	75	5	1.58136	5.28105	-0.00712595
85	75	15	-1.52766	1.9256	-2.49582
85	75	25	-2.07196	0.458556	-1.1045
85	75	35	-1.40582	-0.439103	2.03883
85	75	45	1.91236	-3.73106	1.63963
85	75	55	2.48363	-3.77389	-2.81042
85	75	65	-0.500835	-1.14604	-1.23684
85	75	75	-2.42077	-0.338114	0.978574
85	75	85	-1.20285	1.76976	2.86027
85	85	5	-2.04775	3.49337	-0.707328
85	85	15	-2.6982	1.58601	-1.81574
85	85	25	-0.448938	-0.578936	-1.35138
85	85	35	0.836656	-0.649884	0.278414
85	85	45	3.0859	-1.53545	0.29229
85	85	55	3.22415	-1.52432	-1.39511
85	85	65	0.844611	-1.27519	-0.575574
85	85	75	-0.707066	-0.74955	1.46889
85	85	85	-2.81887	1.43893	1.61979
