5	5	5	3.16865	-5.15802	-5.10284
5	5	15	2.95464	-5.26186	-5.25824
5	5	25	3.67502	-5.20309	-6.11983
5	5	35	2.89073	-4.78311	-4.91903
5	5	45	2.7445	-3.76897	-3.58209
5	5	55	2.97721	-3.15679	-2.7708
5	5	65	3.31507	-4.30124	-3.70163
5	5	75	4.00749	-6.03241	-5.63688
5	5	85	3.54464	-5.55391	-5.40511
5	15	5	2.77493	-5.04232	-5.10485
5	15	15	2.65325	-5.00183	-5.12042
5	15	25	2.81186	-5.0428	-5.30198
5	15	35	2.59469	-5.00192	-4.9655
5	15	45	2.6918	-3.62047	-3.48102
5	15	55	3.19618	-3.13357	-2.77084
5	15	65	3.53437	-4.43571	-3.54687
5	15	75	3.60078	-5.45953	-5.93072
5	15	85	3.4195	-5.18928	-5.72325
5	25	5	2.77392	-4.52172	-4.70446
5	25	15	2.61345	-4.31966	-4.38125
5	25	25	2.85182	-4.42043	-4.38003
5	25	35	2.97422	-4.56039	-4.14279
5	25	45	3.1006	-3.24724	-3.10333
5	25	55	3.99244	-3.24457	-3.89491
5	25	65	2.89764	-4.36595	-4.51225
5	25	75	2.99717	-5.15075	-5.59307
5	25	85	3.35318	-5.10334	-5.86485
5	35	5	3.11745	-3.86324	-3.66649
5	35	15	3.31824	-3.46522	-2.94363
5	35	25	3.09583	-3.91273	-3.65072
5	35	35	2.82427	-4.74659	-4.55497
5	35	45	3.29729	-3.67724	-4.33947
5	35	55	3.90396	-3.75595	-5.06677
5	35	65	3.45952	-5.06409	-5.69208
5	35	75	2.81699	-5.0981	-5.48366
5	35	85	3.41627	-5.04202	-5.58805
5	45	5	3.97272	-3.27287	-4.2821
5	45	15	3.69671	-3.99162	-4.35199
5	45	25	2.98589	-4.13867	-4.22265
5	45	35	2.77989	-4.40524	-4.5945
5	45	45	3.4167	-4.21592	-5.08165
5	45	55	3.00509	-4.55707	-5.05116
5	45	65	3.25494	-4.97817	-5.66062
5	45	75	2.66247	-5.12206	-5.53046
5	45	85	3.22471	-4.81083	-5.38651
5	55	5	5.73025	-4.39035	-5.42092
5	55	15	5.65544	-6.04147	-5.81711
5	55	25	4.2176	-5.46178	-4.68647
5	55	35	3.54196	-4.5474	-4.41907
5	55	45	3.2807	-4.05802	-4.32693
5	55	55	3.01834	-4.85713	-5.16445
5	55	65	3.73022	-5.20962	-5.78962
5	55	75	4.02228	-5.70009	-5.98924
5	55	85	4.76296	-5.48508	-5.93008
5	65	5	5.10405	-3.81416	-5.02135
5	65	15	5.00633	-5.52981	-6.51695
5	65	25	4.17387	-5.63771	-5.77327
5	65	35	4.00234	-4.88653	-5.40903
5	65	45	3.24837	-4.00601	-4.17936
5	65	55	2.93397	-4.9392	-4.78012
5	65	65	3.70944	-4.99073	-5.83073
5	65	75	3.51587	-5.3405	-5.86444
5	65	85	4.62869	-4.52286	-5.79881
5	75	5	4.23545	-4.22363	-4.82846
5	75	15	4.35024	-5.59534	-5.91814
5	75	25	4.45018	-5.71885	-6.38881
5	75	35	4.334	-4.91493	-5.89049
5	75	45	3.43447	-4.08435	-3.88617
5	75	55	3.19365	-4.65401	-4.03664
5	75	65	3.70902	-5.70362	-5.30362
5	75	75	4.19343	-5.676	-6.11843
5	75	85	3.96343	-4.88193	-5.47434
5	85	5	3.45307	-5.15285	-4.97405
5	85	15	3.45023	-5.37165	-5.67242
5	85	25	4.51409	-5.46828	-6.58899
5	85	35	3.95784	-5.22877	-5.49835
5	85	45	3.45841	-4.63823	-4.08563
5	85	55	3.28239	-4.10148	-3.45045
5	85	65	3.33583	-4.87481	-4.33082
5	85	75	4.15304	-5.77817	-6.01862
5	85	85	4.27623	-5.88217	-5.76738
15	5	5	2.97432	-3.86211	-3.55966
15	5	15	2.68545	-4.84666	-4.91227
15	5	25	3.56216	-5.19259	-6.02139
15	5	35	3.46229	-4.30255	-5.13061
15	5	45	2.56209	-3.11561	-3.12186
15	5	55	2.59717	-2.72384	-2.75863
15	5	65	2.81076	-3.34594	-3.21022
15	5	75	3.57636	-5.54914	-5.02463
15	5	85	3.09475	-3.66607	-3.28476
15	15	5	2.61788	-3.88648	-3.81969
15	15	15	2.57495	-5.04036	-5.05643
15	15	25	3.45281	-5.12215	-5.98197
15	15	35	2.75646	-4.76213	-4.88729
15	15	45	2.55609	-3.17382	-3.15849
15	15	55	2.99278	-2.95239	-2.71254
15	15	65	3.36212	-3.70207	-2.93906
15	15	75	3.15944	-5.24038	-4.87321
15	15	85	2.73702	-4.04793	-3.98434
15	25	5	2.57201	-4.98099	-5.00091
15	25	15	2.59145	-4.77926	-4.69964
15	25	25	2.93263	-4.72041	-4.6812
15	25	35	2.76467	-4.26124	-4.11449
15	25	45	2.81375	-3.26127	-3.09998
15	25	55	3.01282	-3.04885	-3.30977
15	25	65	2.63319	-3.57111	-3.53224
15	25	75	2.59689	-4.89461	-4.97124
15	25	85	2.73209	-4.68404	-4.82464
15	35	5	3.13192	-4.7421	-4.3621
15	35	15	3.39264	-4.43165	-3.63004
15	35	25	3.29462	-4.30999	-3.80679
15	35	35	2.93148	-3.94521	-3.82483
15	35	45	2.89588	-3.6236	-3.88693
15	35	55	3.36771	-3.37244	-4.19426
15	35	65	2.74548	-4.83176	-5.0534
15	35	75	2.31229	-5.10476	-5.22628
15	35	85	2.58834	-5.04187	-5.10618
15	45	5	2.83989	-3.83164	-3.79811
15	45	15	2.82744	-4.68606	-4.54964
15	45	25	3.27104	-4.43604	-4.73682
15	45	35	2.80908	-4.09426	-4.2598
15	45	45	3.17604	-3.17162	-3.7539
15	45	55	2.97606	-3.71394	-4.09611
15	45	65	2.85095	-4.71462	-5.01463
15	45	75	2.63335	-5.09875	-5.50077
15	45	85	2.78943	-5.10397	-5.24396
15	55	5	3.17653	-3.64088	-4.25687
15	55	15	3.17756	-4.90696	-5.22234
15	55	25	3.19893	-5.17629	-5.39559
15	55	35	3.01886	-4.7805	-4.88348
15	55	45	3.49564	-3.4882	-3.95178
15	55	55	2.75427	-4.08513	-4.12677
15	55	65	3.11185	-4.71195	-5.15116
15	55	75	2.77585	-5.05957	-5.32356
15	55	85	2.85424	-4.86483	-5.12562
15	65	5	3.21267	-3.3521	-4.35371
15	65	15	3.84907	-4.98296	-6.24454
15	65	25	3.2563	-5.20762	-5.63235
15	65	35	3.2579	-4.94688	-5.16963
15	65	45	3.12269	-3.30494	-3.46543
15	65	55	2.53308	-4.45836	-4.4164
15	65	65	3.02947	-4.79478	-5.31435
15	65	75	2.9743	-5.09827	-5.52222
15	65	85	3.2159	-4.12204	-4.888
15	75	5	2.94985	-3.66004	-4.1813
15	75	15	3.54143	-4.99583	-5.95503
15	75	25	2.879	-5.09811	-5.40131
15	75	35	3.40267	-4.76271	-5.48551
15	75	45	3.09909	-3.68965	-3.33526
15	75	55	2.99147	-4.05488	-3.55531
15	75	65	3.32945	-5.15316	-4.81319
15	75	75	3.61103	-5.31665	-5.99747
15	75	85	3.09664	-4.082	-4.54802
15	85	5	3.35185	-4.61004	-4.2101
15	85	15	4.109	-5.73246	-5.65207
15	85	25	3.69491	-5.25747	-6.04066
15	85	35	3.86508	-4.90429	-5.85315
15	85	45	2.78761	-3.53502	-3.56199
15	85	55	3.06069	-3.24087	-2.73094
15	85	65	3.97664	-4.86508	-3.6823
15	85	75	4.27301	-6.09969	-5.63851
15	85	85	3.61301	-4.52232	-3.98393
25	5	5	2.85161	-2.99459	-2.69491
25	5	15	3.0731	-4.14225	-3.98022
25	5	25	3.33027	-5.29471	-5.68112
25	5	35	3.1891	-4.53077	-5.0704
25	5	45	2.56119	-3.30124	-3.29779
25	5	55	2.64235	-3.01904	-3.08949
25	5	65	2.61248	-4.15479	-4.1359
25	5	75	2.9641	-4.54389	-4.29164
25	5	85	2.97289	-3.11981	-2.742
25	15	5	2.66373	-3.05596	-2.9449
25	15	15	2.57873	-4.29766	-4.27002
25	15	25	3.0156	-5.09761	-5.57946
25	15	35	3.00476	-4.42251	-4.83529
25	15	45	2.47457	-3.02536	-3.00863
25	15	55	2.55324	-2.92392	-2.96282
25	15	65	2.67414	-3.17663	-3.09521
25	15	75	2.73752	-3.42904	-3.36339
25	15	85	2.80196	-3.12541	-2.91649
25	25	5	2.53618	-4.32361	-4.31862
25	25	15	2.61402	-4.95938	-4.97641
25	25	25	2.85706	-5.04156	-5.22593
25	25	35	2.97354	-4.74203	-4.80494
25	25	45	2.37975	-2.99527	-2.96235
25	25	55	2.43179	-2.60196	-2.76375
25	25	65	2.59157	-3.07237	-3.05185
25	25	75	2.61318	-3.39965	-3.45792
25	25	85	2.55584	-3.27905	-3.27706
25	35	5	2.71203	-4.91414	-4.79334
25	35	15	3.29066	-5.23964	-4.61962
25	35	25	4.03462	-5.57559	-5.41678
25	35	35	3.54706	-3.9708	-3.04524
25	35	45	3.02138	-3.84405	-3.60961
25	35	55	2.79016	-3.17801	-3.2579
25	35	65	2.65071	-4.71463	-4.69506
25	35	75	1.7532	-5.07081	-5.11188
25	35	85	1.7317	-5.03683	-5.04302
25	45	5	2.69516	-4.63925	-4.47897
25	45	15	2.87344	-5.32765	-5.04523
25	45	25	3.84464	-5.00383	-5.7142
25	45	35	2.94989	-4.10818	-4.09695
25	45	45	2.81537	-2.76522	-2.76636
25	45	55	2.6613	-2.7981	-2.85549
25	45	65	2.65234	-4.34803	-4.3884
25	45	75	2.19155	-5.05685	-5.13723
25	45	85	2.21666	-4.82211	-4.84372
25	55	5	2.36633	-3.76325	-3.76005
25	55	15	2.5743	-4.97716	-4.99354
25	55	25	3.09309	-5.05187	-5.58979
25	55	35	2.76633	-4.84843	-5.01633
25	55	45	2.84373	-3.38388	-3.47108
25	55	55	2.81206	-3.1431	-2.86394
25	55	65	2.77275	-3.89433	-3.91511
25	55	75	2.6528	-4.67639	-4.77438
25	55	85	2.56824	-4.8052	-4.82599
25	65	5	1.9513	-3.17691	-3.23726
25	65	15	2.73057	-4.91237	-5.0927
25	65	25	2.83145	-5.13527	-5.35563
25	65	35	2.87586	-5.19907	-5.28385
25	65	45	2.89473	-3.63318	-3.53442
25	65	55	2.49355	-3.26664	-3.20581
25	65	65	2.77207	-4.11985	-4.33977
25	65	75	2.69177	-4.93323	-5.11356
25	65	85	2.49168	-4.0214	-4.08283
25	75	5	2.55064	-3.42324	-3.46408
25	75	15	2.82503	-4.70824	-4.94866
25	75	25	2.81262	-5.12012	-5.34012
25	75	35	2.87423	-4.94134	-5.22495
25	75	45	2.69346	-3.4741	-3.33654
25	75	55	2.79195	-3.40239	-3.16251
25	75	65	3.23007	-3.96835	-3.64895
25	75	75	3.01189	-5.0959	-5.13718
25	75	85	2.71426	-3.68197	-3.6852
25	85	5	3.77744	-4.12684	-2.94132
25	85	15	3.97183	-5.49604	-4.63245
25	85	25	3.6326	-5.82011	-5.46091
25	85	35	3.45264	-5.44151	-5.22314
25	85	45	2.65349	-3.77437	-3.71605
25	85	55	2.67316	-2.90537	-2.78591
25	85	65	2.87606	-3.5955	-3.35253
25	85	75	3.71867	-5.45869	-4.85276
25	85	85	3.85865	-4.28753	-3.10436
35	5	5	3.07779	-3.46718	-2.94128
35	5	15	3.20755	-4.17454	-3.63883
35	5	25	3.01585	-5.4707	-5.1683
35	5	35	2.72309	-4.97	-5.00606
35	5	45	2.64191	-3.72164	-3.76451
35	5	55	2.60962	-3.42071	-3.46564
35	5	65	2.67743	-4.97865	-4.93915
35	5	75	2.76623	-4.87971	-4.88794
35	5	85	2.89713	-3.47505	-3.17393
35	15	5	2.79267	-3.25483	-3.01568
35	15	15	2.95129	-3.87252	-3.75553
35	15	25	3.14329	-5.22544	-5.51883
35	15	35	2.76088	-4.18372	-4.31007
35	15	45	2.45608	-2.91018	-2.95414
35	15	55	2.5365	-3.16723	-3.19003
35	15	65	2.5964	-4.24464	-4.22108
35	15	75	2.71936	-3.76899	-3.78393
35	15	85	2.68118	-3.91114	-3.82667
35	25	5	2.56492	-3.3301	-3.31966
35	25	15	2.75712	-4.78412	-4.89974
35	25	25	3.19518	-5.08672	-5.74824
35	25	35	2.78159	-4.46199	-4.57243
35	25	45	2.39894	-3.00812	-2.97589
35	25	55	2.49519	-2.92377	-2.82461
35	25	65	2.65355	-3.42133	-3.36129
35	25	75	2.71277	-3.28282	-3.2419
35	25	85	2.61944	-3.15324	-3.16769
35	35	5	2.57262	-4.8864	-4.8662
35	35	15	2.8319	-4.84722	-5.08639
35	35	25	3.81747	-5.15954	-6.18437
35	35	35	3.52756	-3.98123	-3.79534
35	35	45	3.44698	-3.69367	-3.10517
35	35	55	3.21242	-3.9051	-3.40527
35	35	65	2.89426	-5.02048	-4.71889
35	35	75	2.57589	-5.02512	-5.08186
35	35	85	2.45768	-5.0113	-4.99205
35	45	5	2.69007	-4.68232	-4.52141
35	45	15	2.81223	-5.17667	-5.15547
35	45	25	3.49463	-5.0928	-5.69319
35	45	35	3.0523	-3.95871	-4.27274
35	45	45	2.8118	-2.88543	-2.77575
35	45	55	2.80196	-2.83805	-2.79296
35	45	65	2.63712	-4.1069	-4.18323
35	45	75	2.71628	-4.9968	-5.11476
35	45	85	2.5995	-4.76623	-4.66706
35	55	5	2.53761	-3.80499	-3.79611
35	55	15	2.6543	-4.97291	-5.06959
35	55	25	3.69589	-5.10418	-6.26171
35	55	35	3.21026	-5.05627	-5.71146
35	55	45	2.74409	-3.69952	-3.88969
35	55	55	2.6553	-2.65445	-2.63517
35	55	65	2.6781	-3.71969	-3.67826
35	55	75	2.66061	-4.75451	-4.82738
35	55	85	2.56695	-3.97061	-3.96718
35	65	5	2.37108	-3.1961	-3.19605
35	65	15	2.55103	-4.83925	-4.83921
35	65	25	3.13103	-5.09948	-5.67947
35	65	35	3.09825	-5.14101	-5.60861
35	65	45	2.59832	-3.99653	-4.04376
35	65	55	2.59399	-2.66572	-2.72848
35	65	65	2.51529	-2.89744	-2.88176
35	65	75	2.71254	-4.21647	-4.41641
35	65	85	2.51197	-3.63316	-3.63396
35	75	5	2.77106	-3.46245	-3.18286
35	75	15	2.86985	-4.71235	-4.43236
35	75	25	2.97143	-5.27826	-5.33865
35	75	35	2.69504	-5.10231	-5.20552
35	75	45	2.59385	-3.96158	-4.00442
35	75	55	2.59506	-2.74824	-2.75228
35	75	65	2.61727	-2.86411	-2.85073
35	75	75	2.79252	-3.62202	-3.46429
35	75	85	2.91152	-3.49868	-3.17954
35	85	5	4.56424	-4.72404	-2.75246
35	85	15	4.59903	-5.77849	-3.8105
35	85	25	3.83424	-6.19667	-5.27427
35	85	35	3.49386	-5.90279	-5.20403
35	85	45	3.03829	-4.77963	-4.34449
35	85	55	2.9227	-3.54708	-3.23796
35	85	65	3.13664	-4.40525	-3.94685
35	85	75	3.72169	-5.29818	-4.45119
35	85	85	4.22545	-4.55072	-2.95917
45	5	5	2.91723	-3.90413	-3.5388
45	5	15	3.59287	-4.49607	-3.49505
45	5	25	3.58468	-6.00706	-5.17782
45	5	35	3.32633	-5.4739	-5.30516
45	5	45	3.20276	-4.26925	-4.74577
45	5	55	2.75911	-4.19402	-4.34681
45	5	65	2.71028	-5.07123	-5.09629
45	5	75	2.81714	-5.24126	-5.08019
45	5	85	2.92714	-4.42066	-4.12702
45	15	5	2.93068	-3.82223	-3.48349
45	15	15	3.22253	-3.80947	-3.25968
45	15	25	2.95621	-5.33355	-5.29478
45	15	35	2.96128	-4.66794	-4.9458
45	15	45	3.14252	-3.1814	-3.76618
45	15	55	2.72768	-3.69771	-3.86685
45	15	65	2.71987	-5.05133	-5.05407
45	15	75	2.71994	-4.9623	-5.02245
45	15	85	2.65896	-4.62203	-4.55696
45	25	5	2.82064	-3.12401	-3.01784
45	25	15	2.71816	-4.20615	-4.30156
45	25	25	2.95906	-5.11508	-5.49751
45	25	35	2.79604	-4.30204	-4.48682
45	25	45	2.81869	-3.30348	-3.42986
45	25	55	2.71772	-3.64238	-3.5663
45	25	65	2.6738	-4.58561	-4.627
45	25	75	2.77368	-4.68503	-4.70645
45	25	85	2.81628	-4.29724	-4.15651
45	35	5	2.81547	-5.14382	-4.94558
45	35	15	2.77332	-4.92682	-4.9882
45	35	25	3.13588	-5.15481	-5.62
45	35	35	3.02318	-4.30216	-4.61381
45	35	45	2.85754	-3.5493	-3.49331
45	35	55	2.87521	-3.80587	-3.60584
45	35	65	2.97268	-5.0413	-4.66125
45	35	75	2.85671	-5.21089	-5.02841
45	35	85	2.81848	-5.10609	-5.00943
45	45	5	3.04625	-4.93379	-4.44089
45	45	15	3.26078	-5.38534	-5.23944
45	45	25	3.48355	-5.2026	-5.80298
45	45	35	3.43153	-4.24478	-4.75729
45	45	45	2.70152	-3.64924	-3.59726
45	45	55	2.67507	-2.82184	-2.78026
45	45	65	2.68027	-4.39534	-4.34689
45	45	75	2.92871	-5.24685	-5.21876
45	45	85	3.00372	-5.19771	-4.81504
45	55	5	2.55475	-3.65754	-3.65385
45	55	15	2.65404	-4.63341	-4.73048
45	55	25	3.4367	-5.10356	-5.98354
45	55	35	3.3287	-5.09864	-5.8755
45	55	45	2.69822	-4.2379	-4.38349
45	55	55	2.59346	-2.61561	-2.67483
45	55	65	2.63713	-3.67951	-3.75421
45	55	75	2.84261	-5.01083	-5.28484
45	55	85	2.63319	-4.04913	-4.03237
45	65	5	2.51206	-3.16023	-3.15922
45	65	15	2.61234	-4.33723	-4.39594
45	65	25	3.41226	-5.09982	-5.9606
45	65	35	3.14225	-5.10243	-5.69282
45	65	45	2.69603	-4.30112	-4.40607
45	65	55	2.69231	-2.59402	-2.75519
45	65	65	2.61277	-2.97198	-3.03347
45	65	75	2.87407	-4.25336	-4.57511
45	65	85	2.55616	-3.15563	-3.15896
45	75	5	3.21149	-3.71351	-3.05389
45	75	15	3.17109	-4.70757	-4.08754
45	75	25	3.33185	-5.49681	-5.47759
45	75	35	3.05462	-5.22239	-5.44559
45	75	45	2.7344	-4.48203	-4.58539
45	75	55	2.81586	-2.85994	-3.00476
45	75	65	2.59743	-3.21412	-3.22052
45	75	75	2.69519	-4.09842	-4.04163
45	75	85	2.99271	-3.56558	-3.12473
45	85	5	4.73304	-5.08399	-2.90437
45	85	15	4.88863	-5.88205	-3.58446
45	85	25	4.53784	-6.89429	-5.28908
45	85	35	3.87385	-6.22277	-5.18399
45	85	45	3.15351	-5.02205	-4.82372
45	85	55	3.08304	-3.77965	-3.91084
45	85	65	3.0071	-5.17622	-4.94899
45	85	75	3.74248	-6.02418	-4.92026
45	85	85	4.22634	-5.26294	-3.58927
55	5	5	2.88688	-4.54716	-4.21224
55	5	15	3.5519	-5.11854	-4.19847
55	5	25	4.18408	-6.60393	-5.17251
55	5	35	3.75368	-6.10076	-5.10622
55	5	45	3.44096	-4.83059	-5.10103
55	5	55	3.44008	-4.42027	-4.97366
55	5	65	2.92735	-5.25951	-5.25999
55	5	75	2.74489	-5.22929	-5.11796
55	5	85	2.83016	-4.77661	-4.61759
55	15	5	2.73153	-4.02134	-3.88259
55	15	15	3.02826	-3.50747	-3.23131
55	15	25	3.00832	-5.36231	-5.23318
55	15	35	2.89705	-4.60175	-4.66889
55	15	45	3.59925	-3.14618	-4.14212
55	15	55	3.19161	-4.0158	-4.59206
55	15	65	2.74641	-5.13266	-5.18938
55	15	75	2.64777	-5.13479	-5.16213
55	15	85	2.60419	-4.67144	-4.66244
55	25	5	2.71681	-3.01351	-2.93369
55	25	15	2.77887	-3.63645	-3.72991
55	25	25	2.7373	-5.08725	-5.28699
55	25	35	2.95963	-4.10322	-4.50905
55	25	45	3.21858	-2.99464	-3.61699
55	25	55	2.904	-3.58674	-3.81336
55	25	65	2.88355	-5.07948	-5.2008
55	25	75	2.63539	-4.98203	-5.02107
55	25	85	2.77827	-4.72222	-4.54095
55	35	5	3.49889	-5.34615	-4.5255
55	35	15	3.51632	-5.46252	-5.02022
55	35	25	3.11755	-5.48484	-5.4481
55	35	35	3.20539	-4.62507	-4.67259
55	35	45	3.01671	-4.08531	-4.15084
55	35	55	2.71736	-4.06705	-4.109
55	35	65	2.77377	-4.91107	-4.87252
55	35	75	3.07662	-5.33319	-5.01421
55	35	85	3.28116	-5.41593	-4.85759
55	45	5	3.1263	-4.68179	-4.29048
55	45	15	3.00773	-4.67376	-4.73905
55	45	25	3.3052	-5.24583	-5.7022
55	45	35	2.95688	-4.66437	-4.78528
55	45	45	2.67565	-4.08525	-4.16826
55	45	55	2.63193	-3.04778	-3.04785
55	45	65	2.71184	-4.57128	-4.57128
55	45	75	3.12586	-5.33803	-5.34279
55	45	85	3.14504	-5.25903	-4.97446
55	55	5	2.71251	-3.39072	-3.44199
55	55	15	2.925	-3.82013	-4.09144
55	55	25	3.44194	-5.16446	-5.92476
55	55	35	3.03604	-5.10237	-5.54411
55	55	45	2.63422	-4.76242	-4.8032
55	55	55	2.57269	-2.95258	-2.97101
55	55	65	2.79428	-3.99802	-4.2348
55	55	75	3.30829	-5.03256	-5.77696
55	55	85	2.64224	-4.31329	-4.3393
55	65	5	2.61698	-3.14334	-3.08259
55	65	15	2.69483	-3.69556	-3.83439
55	65	25	3.41671	-5.09507	-5.95583
55	65	35	2.87197	-5.10331	-5.42166
55	65	45	2.61262	-4.64211	-4.66342
55	65	55	2.57194	-2.66523	-2.68517
55	65	65	2.69124	-3.47289	-3.6123
55	65	75	3.19645	-4.83371	-5.47867
55	65	85	2.58617	-3.50395	-3.49047
55	75	5	3.27616	-3.60767	-2.88364
55	75	15	3.63235	-4.62488	-3.62443
55	75	25	3.97148	-5.96677	-5.66713
55	75	35	3.1007	-5.40281	-5.35085
55	75	45	2.65287	-4.94247	-4.96347
55	75	55	2.65232	-2.84607	-2.90648
55	75	65	2.69183	-3.99269	-4.09188
55	75	75	2.83524	-4.84203	-4.96106
55	75	85	2.937	-3.95019	-3.56589
55	85	5	4.29596	-5.34654	-3.60337
55	85	15	4.8799	-5.8499	-3.60112
55	85	25	4.74264	-7.15296	-5.28136
55	85	35	4.3019	-6.66438	-5.25037
55	85	45	3.39369	-5.36288	-5.00307
55	85	55	3.25148	-4.72889	-4.66885
55	85	65	3.1179	-5.41846	-5.22041
55	85	75	2.92732	-5.39896	-5.06507
55	85	85	3.75202	-5.65975	-4.50117
65	5	5	3.10795	-5.58396	-5.03215
65	5	15	3.53306	-5.61348	-4.63266
65	5	25	4.72768	-6.90619	-5.59291
65	5	35	4.28323	-6.68254	-5.09292
65	5	45	3.58374	-5.4539	-4.46212
65	5	55	3.07915	-4.80256	-4.71604
65	5	65	3.22055	-5.69528	-5.1482
65	5	75	3.07835	-5.56735	-5.16142
65	5	85	3.33054	-5.75621	-5.06546
65	15	5	2.78403	-4.48403	-4.29128
65	15	15	2.73235	-3.70466	-3.60514
65	15	25	3.11368	-5.44289	-5.28609
65	15	35	2.72469	-4.54498	-4.39154
65	15	45	2.70165	-3.40942	-3.3813
65	15	55	3.10156	-4.14056	-4.43082
65	15	65	2.7737	-5.24405	-5.14872
65	15	75	2.83415	-5.38161	-5.12438
65	15	85	2.70785	-4.93458	-4.82571
65	25	5	2.81034	-3.36514	-3.1598
65	25	15	2.96855	-3.29048	-3.28151
65	25	25	2.97008	-5.23206	-5.49143
65	25	35	2.71542	-3.90331	-3.92705
65	25	45	3.1534	-2.93031	-3.17053
65	25	55	2.85778	-3.7063	-4.00526
65	25	65	2.76269	-5.18915	-5.18187
65	25	75	2.68756	-5.13353	-5.22554
65	25	85	2.70935	-4.93641	-4.86592
65	35	5	3.56867	-4.91528	-3.96307
65	35	15	3.8666	-5.52284	-4.50836
65	35	25	3.65732	-5.8567	-5.47237
65	35	35	3.24372	-5.06698	-4.86948
65	35	45	3.16442	-4.18584	-4.55201
65	35	55	2.93778	-4.25993	-4.56531
65	35	65	2.57518	-4.8897	-4.95421
65	35	75	1.84159	-5.0203	-5.14922
65	35	85	2.42273	-4.92164	-4.80764
65	45	5	3.24542	-4.56551	-4.01015
65	45	15	3.55126	-4.94538	-4.43373
65	45	25	3.53522	-5.66208	-5.79286
65	45	35	3.09688	-5.18739	-5.20261
65	45	45	2.84043	-4.78851	-4.91377
65	45	55	2.71658	-3.71814	-3.76284
65	45	65	2.79757	-4.7013	-4.78544
65	45	75	2.98629	-5.21742	-5.37026
65	45	85	3.03546	-5.09907	-4.9578
65	55	5	2.81589	-3.71168	-3.54633
65	55	15	2.98233	-3.35166	-3.44781
65	55	25	3.80491	-5.17364	-6.25858
65	55	35	2.86534	-5.22516	-5.29303
65	55	45	2.64039	-5.05526	-5.01498
65	55	55	2.55883	-3.38852	-3.40187
65	55	65	3.0759	-4.48418	-4.96139
65	55	75	3.33754	-5.10029	-5.82587
65	55	85	3.16215	-4.51395	-5.10013
65	65	5	2.93954	-3.22209	-3.09769
65	65	15	3.06132	-3.05632	-3.10741
65	65	25	3.76471	-5.06019	-6.24425
65	65	35	2.65201	-5.10442	-5.20214
65	65	45	2.59429	-4.88249	-4.84402
65	65	55	2.5732	-3.05616	-3.03566
65	65	65	3.09487	-4.10124	-4.62065
65	65	75	3.52212	-5.08018	-5.97029
65	65	85	3.00058	-4.01036	-4.22023
65	75	5	3.60619	-4.21871	-3.29564
65	75	15	3.91507	-4.50447	-3.46277
65	75	25	4.97482	-6.47519	-6.09633
65	75	35	3.20417	-5.62246	-5.116
65	75	45	2.67465	-5.00422	-4.90349
65	75	55	2.61403	-3.51464	-3.45325
65	75	65	2.83212	-4.59438	-4.8321
65	75	75	3.21666	-5.13309	-5.55185
65	75	85	3.43614	-5.09172	-4.46793
65	85	5	3.52708	-5.38513	-4.45353
65	85	15	4.34103	-5.84698	-4.09835
65	85	25	4.93757	-7.09529	-5.59462
65	85	35	4.25449	-6.65386	-5.09349
65	85	45	3.54375	-5.89185	-4.98497
65	85	55	3.03852	-5.22554	-4.73805
65	85	65	3.02418	-5.42847	-5.11772
65	85	75	2.98926	-5.47555	-5.18154
65	85	85	3.20873	-5.54521	-4.94287
75	5	5	4.23786	-6.73056	-5.11289
75	5	15	4.34189	-6.61239	-5.11574
75	5	25	5.11931	-7.08256	-5.70883
75	5	35	4.68369	-7.06808	-5.22746
75	5	45	3.72939	-5.65836	-4.48087
75	5	55	3.08045	-4.04788	-3.63924
75	5	65	3.16406	-5.52173	-5.12084
75	5	75	3.88605	-6.05094	-5.48552
75	5	85	3.67142	-6.11068	-5.21289
75	15	5	3.30212	-5.52099	-4.83095
75	15	15	3.25193	-4.99722	-4.46487
75	15	25	3.75819	-5.71493	-5.63751
75	15	35	3.06414	-5.2137	-4.74628
75	15	45	2.6877	-3.2567	-3.20093
75	15	55	2.66611	-3.38271	-3.39005
75	15	65	2.78127	-5.20507	-5.045
75	15	75	3.21417	-5.57556	-5.31107
75	15	85	3.29225	-5.65533	-5.16992
75	25	5	2.73917	-3.69887	-3.60134
75	25	15	2.94371	-3.35186	-3.25167
75	25	25	3.26799	-5.04256	-5.31737
75	25	35	2.87868	-3.94743	-3.74516
75	25	45	2.83616	-3.0327	-2.76771
75	25	55	2.82548	-3.51718	-3.51008
75	25	65	2.7032	-5.10483	-5.20775
75	25	75	2.76135	-5.14304	-5.2907
75	25	85	2.59858	-4.94331	-4.90871
75	35	5	2.82776	-3.19924	-3.31039
75	35	15	3.55557	-4.00667	-3.92319
75	35	25	3.58191	-5.7688	-5.18518
75	35	35	2.9586	-5.16585	-4.88902
75	35	45	2.98035	-4.3428	-4.19942
75	35	55	2.76455	-4.19873	-4.20436
75	35	65	2.68609	-5.05491	-5.24705
75	35	75	2.34642	-5.10203	-5.23736
75	35	85	2.88097	-4.74283	-5.01158
75	45	5	3.73858	-3.83685	-3.69987
75	45	15	4.36427	-4.06278	-4.34729
75	45	25	3.22552	-5.37209	-5.51671
75	45	35	3.27387	-5.18559	-5.46132
75	45	45	3.02581	-4.95367	-5.10599
75	45	55	3.03824	-4.34167	-4.36724
75	45	65	3.3996	-5.34599	-5.47136
75	45	75	3.17349	-5.27943	-5.51987
75	45	85	3.6818	-4.86399	-4.976
75	55	5	3.2674	-3.66651	-3.40036
75	55	15	4.25903	-3.8824	-3.90313
75	55	25	4.0587	-5.2842	-5.87105
75	55	35	3.15826	-5.24271	-5.36993
75	55	45	2.92923	-5.18009	-5.31503
75	55	55	2.86279	-4.11814	-4.34188
75	55	65	3.36042	-4.87921	-5.55568
75	55	75	3.68118	-5.18375	-6.09161
75	55	85	3.34178	-4.35615	-5.07684
75	65	5	3.49545	-3.6025	-3.04201
75	65	15	3.47775	-3.32594	-3.34065
75	65	25	4.18916	-4.78728	-6.27822
75	65	35	2.84446	-4.76738	-4.97042
75	65	45	2.61045	-5.05245	-5.05114
75	65	55	2.68216	-3.46902	-3.44174
75	65	65	3.4635	-4.51804	-5.23049
75	65	75	3.63871	-5.1833	-6.04283
75	65	85	3.21083	-4.32395	-4.61904
75	75	5	4.08691	-5.1185	-3.65262
75	75	15	4.68662	-5.23114	-3.98307
75	75	25	4.84483	-6.44263	-6.08425
75	75	35	3.85035	-5.94036	-4.88319
75	75	45	3.17955	-5.62856	-5.06408
75	75	55	3.10296	-4.52747	-4.09813
75	75	65	3.44658	-5.13545	-5.2807
75	75	75	4.13386	-5.63881	-6.02718
75	75	85	3.96011	-5.42706	-5.22403
75	85	5	3.37603	-5.69343	-4.98545
75	85	15	4.39308	-6.40318	-4.80807
75	85	25	5.30956	-6.97732	-5.65327
75	85	35	4.37039	-6.8088	-5.13512
75	85	45	3.63719	-6.0665	-5.06134
75	85	55	3.16432	-5.23134	-4.61844
75	85	65	3.03757	-5.4152	-5.16944
75	85	75	3.46976	-5.50655	-5.61512
75	85	85	3.18494	-5.35169	-5.32262
85	5	5	3.39105	-5.66641	-5.17443
85	5	15	3.94229	-6.12696	-5.46141
85	5	25	3.96477	-5.92504	-5.81606
85	5	35	3.69042	-6.13232	-5.04372
85	5	45	4.18489	-6.09503	-4.50133
85	5	55	3.38433	-3.79371	-3.00043
85	5	65	3.42746	-5.20598	-4.69519
85	5	75	4.41035	-5.85939	-6.24193
85	5	85	4.17744	-5.77264	-6.01744
85	15	5	2.97073	-5.0261	-5.31767
85	15	15	3.05715	-5.12364	-5.34562
85	15	25	3.1743	-5.32141	-5.32061
85	15	35	3.13683	-5.58503	-5.04484
85	15	45	2.85919	-3.74975	-3.4817
85	15	55	3.10872	-3.04325	-3.09367
85	15	65	3.33066	-4.9503	-4.6525
85	15	75	3.26759	-5.33174	-5.70542
85	15	85	3.34664	-5.14874	-5.8109
85	25	5	2.80517	-4.08088	-4.25495
85	25	15	2.93473	-3.61602	-3.71971
85	25	25	2.87428	-4.32841	-4.27007
85	25	35	2.93665	-4.12346	-3.78388
85	25	45	2.84207	-2.98451	-2.79554
85	25	55	3.58383	-3.48193	-3.91729
85	25	65	3.22505	-5.09395	-5.35321
85	25	75	3.02974	-5.18354	-5.49557
85	25	85	3.09835	-5.10365	-5.60855
85	35	5	3.0435	-3.13805	-3.27053
85	35	15	3.03915	-2.87474	-2.95563
85	35	25	2.89408	-4.47052	-4.35676
85	35	35	2.80055	-5.04236	-4.80362
85	35	45	2.9031	-4.02155	-3.99781
85	35	55	2.99054	-3.93756	-4.25267
85	35	65	3.04175	-5.08938	-5.49801
85	35	75	2.92511	-5.16162	-5.45567
85	35	85	2.89682	-4.92244	-5.08743
85	45	5	4.32968	-3.60613	-3.88021
85	45	15	4.32139	-3.6304	-4.22423
85	45	25	2.94432	-4.57334	-4.75766
85	45	35	2.70037	-4.90007	-5.02854
85	45	45	3.04045	-4.89684	-5.34545
85	45	55	3.32402	-4.56394	-5.17131
85	45	65	3.52037	-5.1427	-5.75044
85	45	75	3.37181	-5.42387	-5.57827
85	45	85	3.79606	-4.86886	-4.97864
85	55	5	5.13241	-4.43427	-4.76034
85	55	15	5.65251	-5.32715	-5.18124
85	55	25	4.24606	-4.92638	-5.0806
85	55	35	3.407	-4.35974	-4.85973
85	55	45	3.20993	-5.21923	-5.2394
85	55	55	3.37935	-5.05626	-4.86456
85	55	65	4.1339	-5.46286	-6.12527
85	55	75	3.85199	-5.60067	-5.89969
85	55	85	4.63023	-5.28628	-5.91684
85	65	5	5.10456	-4.33971	-4.22667
85	65	15	4.95874	-4.74791	-5.06679
85	65	25	4.46435	-5.15278	-5.96209
85	65	35	3.65972	-4.48048	-4.98637
85	65	45	2.921	-4.72244	-5.08766
85	65	55	2.98386	-4.54717	-4.36802
85	65	65	4.04309	-5.35311	-5.74154
85	65	75	4.07588	-5.83392	-5.88385
85	65	85	4.65356	-5.08314	-5.4623
85	75	5	4.66202	-5.27773	-4.23893
85	75	15	4.61193	-5.69107	-5.08343
85	75	25	4.8723	-5.92666	-6.44939
85	75	35	3.56711	-4.97732	-4.86451
85	75	45	3.07377	-4.94004	-4.61086
85	75	55	2.95697	-4.78364	-4.62399
85	75	65	3.91623	-5.53321	-5.5492
85	75	75	4.74141	-6.39656	-5.97096
85	75	85	4.9031	-6.37544	-5.21981
85	85	5	3.19392	-5.36687	-5.10046
85	85	15	3.54952	-5.58523	-5.35796
85	85	25	4.74289	-6.23868	-6.0546
85	85	35	3.70144	-5.98955	-5.04154
85	85	45	3.94817	-5.86759	-4.59996
85	85	55	3.48749	-4.87684	-4.02051
85	85	65	3.28181	-5.27194	-5.10035
85	85	75	4.04102	-5.44357	-6.23681
85	85	85	3.81303	-5.59244	-5.83124
