5	5	5	2.65341	-3.56841	-3.58996
5	5	15	2.65149	-2.81985	-2.75947
5	5	25	3.07668	-4.59213	-4.54649
5	5	35	3.74154	-5.47404	-5.78517
5	5	45	3.09333	-5.36332	-4.93903
5	5	55	2.85351	-4.63476	-4.54504
5	5	65	3.02178	-5.10542	-5.27995
5	5	75	3.5395	-5.1794	-5.88214
5	5	85	3.03442	-4.06159	-4.50335
5	15	5	2.59421	-4.23877	-4.2787
5	15	15	2.57509	-2.63765	-2.65444
5	15	25	2.6975	-3.68027	-3.81382
5	15	35	3.20885	-5.03467	-5.62724
5	15	45	2.61741	-4.05459	-4.0099
5	15	55	2.60495	-3.74336	-3.69463
5	15	65	2.75765	-4.69571	-4.77173
5	15	75	3.51589	-5.12234	-6.04392
5	15	85	2.89268	-5.11943	-5.41867
5	25	5	2.61293	-4.28158	-4.34251
5	25	15	2.63248	-2.63457	-2.71482
5	25	25	2.67129	-2.91213	-3.03185
5	25	35	2.77692	-4.33699	-4.51432
5	25	45	2.61562	-3.25908	-3.19617
5	25	55	2.55407	-3.38171	-3.37978
5	25	65	2.59393	-4.3376	-4.37558
5	25	75	3.11273	-5.10069	-5.65981
5	25	85	2.82002	-5.12215	-5.35087
5	35	5	2.81328	-4.46246	-4.68384
5	35	15	2.89224	-2.84074	-3.14033
5	35	25	2.81803	-3.27631	-3.37813
5	35	35	2.95741	-4.40593	-4.04203
5	35	45	3.27682	-3.8301	-3.14673
5	35	55	3.57279	-4.13437	-3.11435
5	35	65	3.47112	-4.96678	-4.12678
5	35	75	3.03185	-5.39759	-5.27679
5	35	85	2.76108	-5.12242	-5.25162
5	45	5	3.51164	-5.00208	-5.20181
5	45	15	3.65472	-3.9617	-4.30046
5	45	25	3.07373	-5.18927	-5.00177
5	45	35	3.75246	-6.01673	-4.8978
5	45	45	4.31634	-5.27574	-3.59293
5	45	55	4.82032	-5.17361	-2.90524
5	45	65	4.66303	-5.63563	-3.60443
5	45	75	4.23428	-6.67063	-5.18901
5	45	85	3.25632	-5.64321	-5.14602
5	55	5	3.74094	-4.34948	-5.20372
5	55	15	3.32737	-4.35429	-4.7548
5	55	25	2.82928	-5.15673	-5.12979
5	55	35	2.87214	-5.23677	-5.11974
5	55	45	2.9085	-4.42197	-4.10788
5	55	55	3.51276	-4.47924	-3.55924
5	55	65	4.1842	-5.0081	-3.57597
5	55	75	3.81409	-6.17442	-5.23952
5	55	85	3.06695	-5.31163	-5.20806
5	65	5	3.20811	-3.09021	-3.68296
5	65	15	2.93015	-3.74329	-3.98375
5	65	25	2.81265	-5.00298	-5.1952
5	65	35	2.66382	-4.969	-4.97963
5	65	45	2.71484	-4.67615	-4.55912
5	65	55	2.99022	-3.85938	-3.50601
5	65	65	3.00526	-3.53244	-3.39945
5	65	75	2.91428	-5.21184	-5.2946
5	65	85	2.98479	-4.62789	-5.00936
5	75	5	2.87982	-3.16602	-3.36846
5	75	15	2.76077	-3.5262	-3.52474
5	75	25	2.69578	-4.46798	-4.52742
5	75	35	2.89857	-4.70746	-4.68649
5	75	45	2.76133	-4.21685	-4.18154
5	75	55	2.68181	-3.00337	-2.99977
5	75	65	2.83578	-4.20355	-4.44178
5	75	75	2.7977	-5.07407	-5.31717
5	75	85	2.92397	-4.30412	-4.63187
5	85	5	2.71701	-3.43023	-3.47184
5	85	15	2.73216	-3.70521	-3.60506
5	85	25	3.07372	-5.08354	-4.72166
5	85	35	3.4253	-5.64946	-5.23444
5	85	45	3.56961	-5.76712	-5.05718
5	85	55	3.36719	-5.62692	-4.99469
5	85	65	3.19365	-5.2284	-5.10775
5	85	75	3.41992	-5.418	-5.63965
5	85	85	3.0141	-4.4222	-4.4843
15	5	5	2.63641	-4.12487	-4.08939
15	5	15	2.6528	-3.08856	-3.02794
15	5	25	3.21467	-4.6733	-4.97292
15	5	35	3.55032	-5.37608	-5.76927
15	5	45	3.7782	-5.4118	-5.37878
15	5	55	3.37751	-4.97499	-4.24761
15	5	65	3.38134	-5.04455	-4.74189
15	5	75	3.94576	-5.36226	-6.22635
15	5	85	2.82299	-4.60396	-4.71178
15	15	5	2.56065	-4.74805	-4.74321
15	15	15	2.57629	-2.97499	-2.9514
15	15	25	3.12272	-4.02485	-4.53642
15	15	35	3.51512	-5.05981	-5.99655
15	15	45	3.08363	-4.53479	-4.64
15	15	55	2.8707	-3.5053	-3.44965
15	15	65	2.9562	-3.91326	-4.06947
15	15	75	3.80312	-5.22237	-6.22802
15	15	85	2.7144	-5.14556	-5.17928
15	25	5	2.5938	-4.64329	-4.64341
15	25	15	2.57406	-2.68697	-2.66555
15	25	25	2.85173	-3.47338	-3.69269
15	25	35	3.22326	-4.96331	-5.37588
15	25	45	2.93837	-3.73731	-3.61011
15	25	55	2.84625	-3.30919	-3.14602
15	25	65	2.75701	-3.73866	-3.85501
15	25	75	3.57592	-5.09504	-6.11508
15	25	85	2.67005	-5.14289	-5.18016
15	35	5	2.65616	-4.92424	-4.90498
15	35	15	2.57333	-2.82792	-2.80563
15	35	25	2.75547	-4.09633	-4.05348
15	35	35	3.3482	-5.47329	-4.76036
15	35	45	3.58825	-4.57538	-3.59435
15	35	55	3.77649	-4.10719	-2.9261
15	35	65	4.01344	-5.02931	-3.60828
15	35	75	3.57417	-5.66691	-5.52964
15	35	85	2.74415	-5.22417	-5.17293
15	45	5	3.059	-5.24914	-4.78212
15	45	15	3.16377	-4.76078	-4.58965
15	45	25	3.00918	-5.43253	-5.09842
15	45	35	3.24173	-5.67389	-5.10457
15	45	45	3.54864	-5.43425	-4.5242
15	45	55	4.34292	-5.37184	-3.58508
15	45	65	4.59526	-5.60589	-3.56288
15	45	75	4.66525	-6.71428	-5.56342
15	45	85	3.59134	-6.03136	-5.17283
15	55	5	2.91961	-4.82817	-4.5821
15	55	15	3.53972	-4.86073	-4.63283
15	55	25	3.08052	-5.53821	-5.13446
15	55	35	3.34931	-5.81203	-5.13963
15	55	45	3.12876	-5.1115	-4.5805
15	55	55	3.59216	-5.23206	-4.23114
15	55	65	4.4061	-5.97227	-4.199
15	55	75	4.43487	-6.7522	-5.27421
15	55	85	3.5718	-6.01403	-5.01028
15	65	5	3.10248	-3.27018	-3.56136
15	65	15	2.99288	-4.14264	-4.26649
15	65	25	2.9334	-5.34351	-5.16552
15	65	35	2.76873	-5.23313	-5.18474
15	65	45	2.80741	-4.85323	-4.68387
15	65	55	2.71763	-4.00214	-3.88791
15	65	65	3.11502	-3.4905	-3.33503
15	65	75	3.02339	-5.23267	-5.37872
15	65	85	2.74447	-4.55089	-4.56558
15	75	5	3.06569	-2.95674	-3.422
15	75	15	3.00677	-3.61064	-3.84743
15	75	25	2.64902	-5.00575	-5.05921
15	75	35	2.83515	-5.03378	-5.08908
15	75	45	2.9294	-4.75069	-4.66441
15	75	55	2.79537	-3.10396	-2.92182
15	75	65	2.91134	-3.79911	-3.73973
15	75	75	3.01393	-5.1467	-5.44576
15	75	85	2.97829	-4.26251	-4.32762
15	85	5	2.79927	-3.92654	-4.09297
15	85	15	2.67656	-4.00248	-4.08677
15	85	25	2.736	-4.78884	-4.93217
15	85	35	3.04794	-5.17096	-5.26337
15	85	45	3.71633	-5.79579	-4.99044
15	85	55	3.79073	-5.62691	-4.53656
15	85	65	3.6008	-5.56404	-5.00319
15	85	75	3.47401	-5.48931	-5.60089
15	85	85	2.97536	-4.44485	-4.58239
25	5	5	3.04794	-4.94725	-4.96172
25	5	15	3.14038	-4.03932	-3.90546
25	5	25	3.49557	-4.84125	-5.36258
25	5	35	3.87304	-5.55857	-6.05417
25	5	45	3.92126	-5.54186	-5.59192
25	5	55	3.47398	-4.64157	-4.15941
25	5	65	3.80032	-4.59418	-5.07359
25	5	75	3.8224	-5.31932	-6.1424
25	5	85	3.07908	-5.08292	-5.28849
25	15	5	2.62398	-5.03445	-5.01938
25	15	15	2.69943	-3.38776	-3.40322
25	15	25	3.48484	-4.55149	-5.26262
25	15	35	3.51966	-5.10485	-6.00384
25	15	45	3.51681	-5.05279	-5.03871
25	15	55	3.60532	-4.2793	-3.60716
25	15	65	3.48202	-3.64438	-3.65466
25	15	75	4.28639	-5.33039	-6.58411
25	15	85	2.92052	-5.22359	-5.34978
25	25	5	2.7022	-4.95082	-4.88358
25	25	15	2.74273	-3.12483	-3.09651
25	25	25	3.18671	-4.1139	-4.51981
25	25	35	3.69919	-5.22245	-6.0055
25	25	45	3.90631	-4.59379	-4.44336
25	25	55	3.04235	-3.34282	-2.92141
25	25	65	3.15876	-2.99035	-3.27011
25	25	75	3.56513	-5.14218	-5.98349
25	25	85	2.68111	-5.11239	-5.22166
25	35	5	3.06257	-5.35308	-4.92254
25	35	15	2.92657	-3.82759	-3.45284
25	35	25	3.26825	-5.17013	-4.6937
25	35	35	3.86134	-5.79533	-5.4923
25	35	45	4.35391	-5.85753	-4.6587
25	35	55	4.30157	-4.88144	-3.24831
25	35	65	4.141	-4.7681	-3.42508
25	35	75	4.63952	-6.25512	-5.98113
25	35	85	3.25079	-5.66917	-5.1143
25	45	5	3.16477	-5.55534	-4.9425
25	45	15	2.95758	-5.1038	-4.77724
25	45	25	3.07218	-5.45119	-5.14219
25	45	35	3.28734	-5.41094	-5.48429
25	45	45	3.42783	-5.68147	-5.02407
25	45	55	4.30418	-6.10991	-4.42589
25	45	65	4.74939	-6.12934	-4.22518
25	45	75	4.80721	-6.78066	-5.61903
25	45	85	3.7435	-6.06779	-5.16896
25	55	5	3.06051	-4.91068	-4.48209
25	55	15	3.15921	-5.0022	-4.59645
25	55	25	3.53593	-6.0376	-5.12206
25	55	35	3.74943	-6.10982	-5.29005
25	55	45	4.33159	-6.67314	-5.14918
25	55	55	4.2253	-6.67337	-5.06013
25	55	65	4.65631	-6.65266	-4.71593
25	55	75	5.06254	-7.05789	-5.63612
25	55	85	3.73299	-6.17955	-5.04568
25	65	5	2.62499	-3.45391	-3.42014
25	65	15	2.92988	-4.22558	-4.13411
25	65	25	3.17198	-5.55886	-5.23219
25	65	35	3.3329	-5.71475	-5.27
25	65	45	3.27707	-5.5221	-4.80701
25	65	55	3.21296	-4.88777	-4.31646
25	65	65	3.35955	-4.20651	-3.69046
25	65	75	3.46898	-5.57544	-5.50884
25	65	85	2.71039	-4.47769	-4.44453
25	75	5	2.84397	-2.9992	-2.9722
25	75	15	2.66623	-3.64823	-3.71258
25	75	25	2.82535	-5.12101	-5.31267
25	75	35	2.78806	-5.16254	-5.27703
25	75	45	2.98341	-4.94484	-5.13155
25	75	55	3.03061	-3.39925	-3.34596
25	75	65	3.26282	-3.32851	-3.53776
25	75	75	3.02039	-5.32838	-5.26622
25	75	85	2.90226	-4.12646	-3.90756
25	85	5	2.9683	-4.16535	-4.37519
25	85	15	2.85908	-4.27991	-4.54504
25	85	25	3.09644	-4.92966	-5.3554
25	85	35	2.55427	-5.12027	-5.32192
25	85	45	3.02902	-4.82119	-5.21359
25	85	55	3.67973	-4.53558	-4.45386
25	85	65	4.44695	-5.20468	-5.40688
25	85	75	3.18514	-5.39639	-5.3813
25	85	85	3.3157	-4.88768	-5.11959
35	5	5	2.97354	-4.87523	-5.13216
35	5	15	3.04055	-4.30205	-4.38995
35	5	25	3.99706	-5.30877	-6.10761
35	5	35	3.87825	-5.64463	-5.8374
35	5	45	4.45597	-5.25166	-5.67527
35	5	55	4.58466	-3.76008	-4.6263
35	5	65	4.21165	-3.48347	-4.77438
35	5	75	3.48681	-5.068	-5.9621
35	5	85	3.27025	-5.00265	-5.63944
35	15	5	3.459	-5.57885	-5.44599
35	15	15	3.15831	-4.49455	-4.18097
35	15	25	3.99207	-5.31415	-5.75401
35	15	35	4.00294	-5.83671	-5.79999
35	15	45	4.8389	-5.50894	-5.54115
35	15	55	5.41215	-4.80046	-4.375
35	15	65	4.73261	-3.85913	-4.40002
35	15	75	4.09185	-5.16418	-6.30502
35	15	85	3.65572	-5.3219	-5.7866
35	25	5	3.01379	-5.34805	-5.0788
35	25	15	3.22661	-3.91185	-3.48336
35	25	25	4.0095	-5.1841	-5.12723
35	25	35	4.27513	-5.91048	-5.95123
35	25	45	4.46273	-5.49508	-4.73942
35	25	55	4.12913	-3.83444	-3.32611
35	25	65	3.87025	-3.46032	-3.59554
35	25	75	4.26823	-5.08889	-6.15568
35	25	85	3.06066	-4.76419	-5.14903
35	35	5	2.93854	-5.32484	-5.10678
35	35	15	3.2559	-4.68164	-4.0569
35	35	25	4.15945	-6.08832	-5.0407
35	35	35	5.42672	-6.79403	-6.16163
35	35	45	4.87472	-6.21488	-5.39042
35	35	55	4.09433	-4.97208	-3.80487
35	35	65	3.86593	-4.467	-3.92336
35	35	75	4.09826	-5.51977	-5.94053
35	35	85	3.09505	-5.20674	-4.85952
35	45	5	3.46707	-5.91684	-5.04089
35	45	15	3.02303	-5.06964	-4.63765
35	45	25	3.08185	-5.39745	-5.23148
35	45	35	4.16356	-5.60268	-6.19279
35	45	45	3.94111	-5.47424	-5.9554
35	45	55	3.33833	-5.54042	-5.10116
35	45	65	4.10153	-5.87185	-5.04624
35	45	75	4.22383	-6.01642	-5.58842
35	45	85	3.90862	-6.41388	-5.10668
35	55	5	3.36444	-5.29372	-4.48058
35	55	15	3.54869	-4.27246	-3.8829
35	55	25	3.55117	-5.77315	-5.25648
35	55	35	3.72693	-5.79153	-5.58583
35	55	45	3.94552	-5.76761	-5.83007
35	55	55	3.93472	-6.10674	-5.43353
35	55	65	3.74642	-5.79917	-5.33188
35	55	75	4.00683	-6.19615	-5.42279
35	55	85	4.18765	-6.69526	-5.10424
35	65	5	2.8657	-3.39407	-3.20147
35	65	15	3.78383	-3.78755	-4.02292
35	65	25	3.28834	-5.28134	-5.47579
35	65	35	3.03307	-5.16848	-5.51707
35	65	45	3.14081	-5.10569	-5.56813
35	65	55	2.9072	-4.94249	-5.01452
35	65	65	3.11676	-4.70263	-4.62429
35	65	75	3.31728	-5.61644	-5.25509
35	65	85	2.86157	-5.00955	-4.74426
35	75	5	3.03472	-2.94675	-2.81221
35	75	15	3.07452	-3.53419	-3.70532
35	75	25	3.06255	-5.14315	-5.48799
35	75	35	2.82709	-5.10372	-5.37575
35	75	45	2.85686	-4.94207	-5.16783
35	75	55	3.00313	-3.69605	-3.86812
35	75	65	3.09592	-3.36622	-3.38952
35	75	75	3.02967	-5.19409	-5.02633
35	75	85	2.78609	-3.91174	-3.68666
35	85	5	3.10223	-4.11902	-4.54584
35	85	15	3.26206	-4.15824	-4.74677
35	85	25	3.41959	-5.11327	-5.82101
35	85	35	3.04902	-5.142	-5.53919
35	85	45	3.06884	-4.80243	-5.29943
35	85	55	3.76161	-3.34086	-4.18261
35	85	65	3.99932	-3.73067	-4.64294
35	85	75	3.10621	-5.22848	-5.2898
35	85	85	2.90664	-5.02876	-4.96976
45	5	5	3.04033	-4.87643	-5.36573
45	5	15	2.97956	-4.50195	-4.88886
45	5	25	3.4526	-4.96352	-5.8219
45	5	35	3.43139	-5.13061	-5.97101
45	5	45	4.07552	-4.57726	-5.6697
45	5	55	4.95676	-3.24408	-4.86654
45	5	65	4.12909	-3.20837	-4.45595
45	5	75	2.99745	-4.61006	-5.01487
45	5	85	3.00153	-4.89964	-5.35014
45	15	5	3.10676	-5.01923	-5.33497
45	15	15	2.97317	-4.85626	-4.67759
45	15	25	4.1531	-5.6041	-6.00203
45	15	35	4.17892	-5.98359	-5.84372
45	15	45	5.29097	-5.70548	-6.27796
45	15	55	6.02391	-4.99438	-5.09852
45	15	65	5.45918	-4.86441	-5.4507
45	15	75	4.03185	-4.9664	-5.26638
45	15	85	3.79796	-4.44137	-5.16746
45	25	5	3.17486	-4.98125	-5.04267
45	25	15	2.71366	-4.32117	-4.2038
45	25	25	3.17153	-5.00118	-5.14069
45	25	35	3.95479	-5.49761	-6.0987
45	25	45	4.14595	-4.94437	-5.13426
45	25	55	4.32033	-3.71171	-4.07285
45	25	65	4.35548	-4.446	-4.72475
45	25	75	4.24943	-5.06438	-5.83557
45	25	85	4.09071	-4.3413	-5.55736
45	35	5	3.34842	-5.13405	-4.69143
45	35	15	3.39119	-5.27964	-4.51981
45	35	25	3.27262	-5.4672	-4.9888
45	35	35	3.87226	-5.50853	-5.98977
45	35	45	3.85623	-5.18218	-5.36578
45	35	55	3.63505	-4.42604	-4.06405
45	35	65	3.8139	-5.0191	-4.95463
45	35	75	4.31629	-5.40064	-6.35936
45	35	85	3.90985	-4.95611	-5.27327
45	45	5	3.24557	-5.22642	-4.53857
45	45	15	3.23552	-4.64484	-4.00054
45	45	25	3.31424	-5.50114	-4.90276
45	45	35	3.95231	-6.01562	-5.57608
45	45	45	3.49385	-5.62122	-5.48321
45	45	55	3.1335	-5.21367	-5.19444
45	45	65	3.17348	-5.39519	-5.17234
45	45	75	4.0386	-5.57794	-5.93114
45	45	85	3.51704	-5.64873	-5.15555
45	55	5	2.95776	-4.88772	-4.48228
45	55	15	3.35467	-3.66245	-3.10203
45	55	25	3.55308	-5.44837	-4.5784
45	55	35	3.90428	-5.67299	-5.88223
45	55	45	3.58865	-5.41824	-5.78305
45	55	55	2.85744	-5.184	-5.12321
45	55	65	2.77589	-5.2022	-5.21975
45	55	75	2.91312	-5.19577	-5.35367
45	55	85	2.74364	-5.20951	-5.02174
45	65	5	3.25772	-3.96558	-3.66437
45	65	15	4.59401	-3.78572	-3.91649
45	65	25	3.11556	-4.74086	-4.68684
45	65	35	3.14231	-5.26755	-5.52433
45	65	45	3.41413	-5.1831	-5.84404
45	65	55	2.75568	-4.96386	-5.16486
45	65	65	2.61306	-4.9624	-5.02277
45	65	75	2.71147	-5.0994	-5.19976
45	65	85	2.71794	-5.18174	-5.02844
45	75	5	3.63058	-3.18977	-3.51864
45	75	15	3.95486	-3.21257	-4.39689
45	75	25	3.37958	-4.9883	-5.69182
45	75	35	2.85795	-5.12113	-5.4262
45	75	45	3.27635	-5.10211	-5.78728
45	75	55	2.75628	-4.04126	-4.20568
45	75	65	2.89463	-3.67681	-3.57882
45	75	75	3.07342	-4.68842	-4.40921
45	75	85	2.94944	-4.10787	-3.81306
45	85	5	3.47759	-3.87448	-4.67936
45	85	15	3.10039	-4.01304	-4.28223
45	85	25	3.2943	-5.08819	-5.74979
45	85	35	3.021	-5.22118	-5.33116
45	85	45	3.49711	-5.18363	-5.42652
45	85	55	4.31948	-3.54164	-4.1829
45	85	65	3.66908	-3.01675	-3.44355
45	85	75	3.04385	-4.64533	-4.65172
45	85	85	2.82232	-4.83944	-5.02589
55	5	5	3.03634	-4.21717	-4.66003
55	5	15	2.67347	-4.55628	-4.67872
55	5	25	3.07136	-4.97779	-5.4574
55	5	35	2.87898	-5.18449	-5.30528
55	5	45	2.98824	-4.97523	-5.02403
55	5	55	3.36946	-3.25366	-3.67846
55	5	65	3.25064	-3.81838	-4.08037
55	5	75	3.0415	-4.0603	-4.45703
55	5	85	2.85864	-4.40926	-4.67445
55	15	5	3.03789	-3.9388	-4.22406
55	15	15	2.61148	-4.75794	-4.69758
55	15	25	3.07184	-4.90963	-5.43043
55	15	35	2.99944	-5.12365	-5.52245
55	15	45	3.32269	-4.66886	-5.30684
55	15	55	3.31853	-3.41347	-3.92849
55	15	65	4.03613	-4.58135	-5.65787
55	15	75	3.21886	-4.54349	-4.92607
55	15	85	3.19677	-4.17231	-4.457
55	25	5	2.67947	-3.78524	-3.83045
55	25	15	2.5523	-4.63883	-4.63843
55	25	25	2.7519	-4.81117	-5.01195
55	25	35	3.37187	-5.10008	-5.92085
55	25	45	2.9567	-4.06206	-4.48761
55	25	55	2.8723	-3.05247	-3.37367
55	25	65	3.7315	-4.94627	-5.80621
55	25	75	3.10028	-5.15773	-5.25967
55	25	85	3.50225	-4.59132	-5.21454
55	35	5	3.1628	-4.06359	-3.71536
55	35	15	3.11149	-4.634	-4.07447
55	35	25	2.89266	-5.12363	-5.02526
55	35	35	3.21145	-5.13521	-5.71564
55	35	45	2.83343	-4.52273	-4.76353
55	35	55	2.63267	-3.68604	-3.74529
55	35	65	3.33263	-4.88135	-5.57856
55	35	75	3.59745	-5.21649	-5.97726
55	35	85	4.04271	-4.87205	-5.64367
55	45	5	3.06924	-4.41831	-3.91732
55	45	15	3.93549	-4.71468	-3.49035
55	45	25	3.71465	-5.31119	-4.27162
55	45	35	3.57225	-5.89814	-5.31777
55	45	45	3.21263	-5.58217	-5.04298
55	45	55	3.37186	-5.45284	-4.63285
55	45	65	2.83104	-5.25366	-5.17368
55	45	75	3.63381	-5.24991	-5.96711
55	45	85	3.52589	-4.76516	-5.52961
55	55	5	2.56149	-3.58406	-3.58317
55	55	15	2.86972	-2.94844	-2.87166
55	55	25	3.39998	-4.44493	-3.68325
55	55	35	3.13558	-5.56053	-5.21684
55	55	45	2.9951	-5.34478	-5.06311
55	55	55	2.60546	-4.87602	-4.82165
55	55	65	2.66222	-5.14946	-5.07826
55	55	75	3.41343	-5.14106	-5.94026
55	55	85	2.72074	-4.68263	-4.84752
55	65	5	2.97252	-3.80119	-3.54108
55	65	15	3.62024	-3.37669	-2.9118
55	65	25	3.10146	-4.00761	-3.58205
55	65	35	2.73826	-5.21625	-5.15148
55	65	45	2.7379	-5.06846	-5.16326
55	65	55	2.61541	-4.96556	-5.02209
55	65	65	2.57201	-5.02099	-5.00001
55	65	75	2.71236	-5.08211	-5.16317
55	65	85	2.62368	-5.00208	-4.99432
55	75	5	3.01631	-3.00168	-3.22447
55	75	15	3.35541	-3.03056	-3.7511
55	75	25	2.75609	-4.42	-4.61665
55	75	35	2.69448	-5.13087	-5.18985
55	75	45	2.69318	-5.08256	-5.22362
55	75	55	2.69149	-4.60167	-4.58208
55	75	65	2.75103	-4.49925	-4.33924
55	75	75	3.17302	-4.62083	-4.67963
55	75	85	2.84909	-4.30202	-4.27843
55	85	5	3.25528	-3.63566	-4.33905
55	85	15	2.85127	-3.73433	-4.03649
55	85	25	2.88867	-4.9597	-5.21881
55	85	35	2.87429	-5.17937	-5.36088
55	85	45	3.29388	-5.38286	-5.12401
55	85	55	3.49312	-4.26327	-3.60211
55	85	65	3.21302	-3.40242	-2.90042
55	85	75	3.41343	-4.03113	-4.36952
55	85	85	2.80224	-4.54617	-4.71655
65	5	5	2.68761	-3.17656	-3.26027
65	5	15	2.59165	-3.77319	-3.73285
65	5	25	2.69194	-4.73519	-4.83517
65	5	35	2.65152	-5.09886	-5.19852
65	5	45	2.80585	-5.20239	-4.98598
65	5	55	2.89345	-4.00006	-3.65766
65	5	65	2.88345	-4.80167	-4.50923
65	5	75	3.30587	-4.43126	-4.75641
65	5	85	2.87384	-4.187	-4.24658
65	15	5	2.8736	-3.42786	-3.35024
65	15	15	2.63275	-4.12479	-4.04478
65	15	25	2.81359	-4.69321	-4.87161
65	15	35	2.71397	-5.08157	-5.25968
65	15	45	2.63389	-4.84364	-4.92286
65	15	55	2.57449	-3.63885	-3.67603
65	15	65	2.73349	-4.74321	-4.92154
65	15	75	2.89513	-4.9357	-5.23239
65	15	85	2.93839	-4.78323	-4.80468
65	25	5	2.55515	-3.16151	-3.16229
65	25	15	2.59171	-4.41693	-4.45728
65	25	25	2.73184	-4.81414	-4.99458
65	25	35	2.79245	-5.09835	-5.35946
65	25	45	2.61432	-4.28204	-4.34521
65	25	55	2.57192	-3.55211	-3.55287
65	25	65	2.87147	-5.02618	-5.22656
65	25	75	2.95185	-5.20757	-5.32834
65	25	85	2.99546	-4.84925	-5.01123
65	35	5	2.83351	-3.50895	-3.27064
65	35	15	3.07278	-4.05489	-3.61661
65	35	25	2.81166	-4.79276	-4.61339
65	35	35	2.91189	-5.13622	-5.33709
65	35	45	2.65306	-4.122	-4.14404
65	35	55	2.59146	-3.82164	-3.82208
65	35	65	2.85143	-5.00265	-5.26186
65	35	75	2.91223	-5.07572	-5.43693
65	35	85	3.03265	-4.83868	-5.04031
65	45	5	2.69521	-3.55104	-3.45363
65	45	15	2.91671	-3.03567	-2.83336
65	45	25	3.4591	-4.44828	-3.58276
65	45	35	3.89744	-6.32407	-5.13849
65	45	45	3.77985	-4.9283	-3.74434
65	45	55	3.69507	-5.21364	-4.07049
65	45	65	3.45145	-5.6341	-5.09372
65	45	75	3.69385	-5.6368	-5.65963
65	45	85	3.22028	-4.80187	-5.31073
65	55	5	2.56488	-3.12364	-3.11662
65	55	15	2.69255	-2.75835	-2.81953
65	55	25	2.92493	-3.52087	-3.18946
65	55	35	2.97129	-5.26404	-4.96462
65	55	45	2.87239	-3.50211	-3.22316
65	55	55	2.87389	-3.84169	-3.52047
65	55	65	2.74747	-5.00906	-4.81268
65	55	75	3.08346	-5.1507	-5.58469
65	55	85	2.98869	-4.26815	-4.6922
65	65	5	2.58062	-3.15526	-3.16154
65	65	15	2.71518	-2.61385	-2.73345
65	65	25	2.69911	-3.02149	-2.91663
65	65	35	2.86196	-5.06332	-4.87321
65	65	45	2.66456	-4.03385	-3.92354
65	65	55	2.57876	-3.84731	-3.81971
65	65	65	2.59239	-5.03779	-5.07645
65	65	75	2.9167	-5.10165	-5.46637
65	65	85	2.87047	-4.80213	-4.9613
65	75	5	2.58026	-2.96013	-3.04759
65	75	15	2.53227	-2.78854	-2.88872
65	75	25	2.61243	-3.49194	-3.55145
65	75	35	2.63786	-4.99521	-4.99242
65	75	45	2.61903	-4.70698	-4.68504
65	75	55	2.59412	-5.00343	-4.96055
65	75	65	2.69227	-4.80047	-4.77925
65	75	75	3.27343	-4.68001	-5.2024
65	75	85	2.68629	-4.16127	-4.09568
65	85	5	2.76498	-3.64365	-3.73596
65	85	15	2.69169	-3.43524	-3.45665
65	85	25	2.60883	-4.81634	-4.87744
65	85	35	2.19172	-5.06857	-5.1488
65	85	45	2.75395	-5.18268	-5.0238
65	85	55	3.27158	-4.96207	-4.24178
65	85	65	3.41222	-4.45163	-3.63043
65	85	75	4.35382	-4.70719	-4.62838
65	85	85	3.09668	-4.03042	-3.88881
75	5	5	2.85086	-2.78175	-2.78556
75	5	15	2.61879	-2.77653	-2.83456
75	5	25	2.61789	-4.3712	-4.35078
75	5	35	2.75668	-5.16082	-5.15763
75	5	45	2.67068	-4.96178	-4.84741
75	5	55	2.6459	-4.58124	-4.48012
75	5	65	2.81263	-5.18644	-5.12483
75	5	75	3.75585	-4.83583	-5.83341
75	5	85	3.39308	-4.10057	-4.57214
75	15	5	2.62007	-3.34288	-3.28838
75	15	15	2.65735	-3.04686	-2.98547
75	15	25	2.56346	-3.803	-3.79875
75	15	35	2.74104	-4.68378	-4.85482
75	15	45	2.55925	-4.82972	-4.82244
75	15	55	2.55421	-3.94257	-3.93925
75	15	65	2.55458	-4.97683	-4.97316
75	15	75	3.11305	-5.05181	-5.60979
75	15	85	3.06029	-4.80598	-5.31194
75	25	5	2.59397	-3.41212	-3.45485
75	25	15	2.59524	-3.38473	-3.3886
75	25	25	2.57865	-4.18187	-4.20751
75	25	35	2.59339	-4.9331	-4.97531
75	25	45	2.57195	-4.06164	-4.08245
75	25	55	2.55109	-3.45689	-3.47685
75	25	65	2.57104	-4.91272	-4.93273
75	25	75	2.81143	-5.13484	-5.31522
75	25	85	2.67507	-5.07827	-5.20226
75	35	5	2.59709	-3.35416	-3.36023
75	35	15	2.62232	-3.28321	-3.27448
75	35	25	2.81465	-3.66836	-3.53194
75	35	35	3.05288	-5.2563	-5.07811
75	35	45	2.8923	-3.92199	-3.66321
75	35	55	2.89187	-3.90565	-3.60648
75	35	65	2.77104	-4.87105	-4.73105
75	35	75	2.73183	-5.11972	-5.25973
75	35	85	2.67386	-4.92135	-5.04419
75	45	5	2.97831	-4.03437	-3.78086
75	45	15	3.10479	-3.30698	-2.81673
75	45	25	3.6033	-4.32032	-3.35495
75	45	35	4.28595	-6.36466	-4.83318
75	45	45	4.56471	-5.05353	-3.08402
75	45	55	4.55945	-4.98964	-2.98206
75	45	65	3.71424	-5.45884	-4.41644
75	45	75	3.45304	-5.92045	-5.18086
75	45	85	3.11628	-5.34271	-4.98558
75	55	5	2.64235	-3.30126	-3.37893
75	55	15	2.69811	-3.09156	-3.07274
75	55	25	2.68621	-4.22932	-4.13594
75	55	35	2.99627	-4.77484	-4.57287
75	55	45	3.09981	-3.24751	-2.7436
75	55	55	3.14841	-3.29056	-2.6957
75	55	65	3.07627	-4.18502	-3.94304
75	55	75	3.06185	-5.16628	-5.5411
75	55	85	2.74433	-4.50554	-4.65084
75	65	5	2.52018	-3.04657	-3.09304
75	65	15	2.53799	-2.94673	-2.96477
75	65	25	2.65895	-3.22105	-3.15561
75	65	35	2.71874	-3.91067	-3.86378
75	65	45	2.83308	-3.13811	-2.93852
75	65	55	2.81135	-3.20267	-2.94573
75	65	65	2.86132	-4.41983	-4.43125
75	65	75	3.15561	-5.15801	-5.63909
75	65	85	2.72248	-4.40258	-4.57293
75	75	5	2.64662	-3.2161	-3.10838
75	75	15	2.47329	-2.72516	-2.78486
75	75	25	2.65358	-3.13437	-3.07346
75	75	35	2.6394	-3.64548	-3.71871
75	75	45	2.56613	-3.28807	-3.27955
75	75	55	2.59696	-4.36368	-4.31914
75	75	65	2.83237	-4.95772	-5.19642
75	75	75	3.57673	-5.0408	-5.94637
75	75	85	2.98802	-4.6021	-4.95895
75	85	5	3.22741	-4.08203	-3.59679
75	85	15	2.95597	-3.42281	-3.18371
75	85	25	2.67669	-4.66304	-4.7398
75	85	35	2.33639	-5.0936	-5.21145
75	85	45	2.25759	-5.03993	-5.02466
75	85	55	2.57253	-4.77409	-4.75389
75	85	65	2.79184	-4.68002	-4.67921
75	85	75	3.91463	-5.476	-5.59639
75	85	85	3.7111	-3.77403	-3.44926
85	5	5	2.78024	-2.78344	-2.84704
85	5	15	2.7007	-2.77887	-2.75086
85	5	25	2.82432	-4.29491	-4.18242
85	5	35	3.2511	-5.37006	-5.23557
85	5	45	3.05721	-5.07548	-4.6335
85	5	55	2.93887	-4.90801	-4.5206
85	5	65	2.81754	-5.20154	-5.13512
85	5	75	3.61786	-5.09519	-5.79401
85	5	85	3.43113	-3.95833	-4.63595
85	15	5	2.69761	-3.69992	-3.84328
85	15	15	2.71796	-2.59839	-2.7539
85	15	25	2.62143	-3.64423	-3.69705
85	15	35	2.92309	-4.81622	-5.08895
85	15	45	2.55897	-3.96505	-3.96516
85	15	55	2.55398	-3.75977	-3.75683
85	15	65	2.61389	-4.97246	-5.02961
85	15	75	3.39225	-5.10091	-5.94131
85	15	85	3.14304	-5.05545	-5.64585
85	25	5	2.67449	-3.99616	-4.11948
85	25	15	2.75599	-2.68575	-2.89046
85	25	25	2.57808	-3.03991	-3.06567
85	25	35	2.57582	-4.277	-4.29958
85	25	45	2.55247	-3.67451	-3.67391
85	25	55	2.55275	-3.33775	-3.33686
85	25	65	2.55147	-4.83922	-4.8388
85	25	75	2.93225	-5.09989	-5.48026
85	25	85	2.93465	-5.12103	-5.4646
85	35	5	2.81311	-4.02158	-4.16365
85	35	15	2.90263	-2.72825	-3.03984
85	35	25	2.76593	-2.92778	-2.94172
85	35	35	3.03565	-4.02489	-3.62697
85	35	45	3.2119	-3.89871	-3.23949
85	35	55	3.17188	-3.82128	-3.20207
85	35	65	2.97106	-4.80956	-4.42955
85	35	75	2.89223	-5.23866	-5.29906
85	35	85	2.73305	-5.12191	-5.22391
85	45	5	3.31556	-4.51884	-4.88255
85	45	15	3.07311	-3.54834	-3.38712
85	45	25	3.79049	-5.03257	-3.97663
85	45	35	4.32763	-6.02346	-4.37188
85	45	45	4.77348	-5.09874	-2.96037
85	45	55	4.86906	-5.09004	-2.77287
85	45	65	4.37745	-5.57773	-3.79213
85	45	75	3.87384	-6.27463	-5.23583
85	45	85	3.25471	-5.4824	-5.38527
85	55	5	3.16682	-3.72528	-4.28578
85	55	15	2.79062	-3.48098	-3.58638
85	55	25	2.86042	-5.1189	-4.9819
85	55	35	2.97004	-5.10071	-4.87077
85	55	45	2.93763	-3.52001	-3.17586
85	55	55	3.61291	-3.98265	-2.9617
85	55	65	3.54353	-4.51128	-3.64049
85	55	75	3.22626	-5.55915	-5.29033
85	55	85	2.98309	-4.9896	-5.24645
85	65	5	2.76179	-3.03339	-3.23664
85	65	15	2.67938	-3.34894	-3.3112
85	65	25	2.69748	-4.22455	-4.24226
85	65	35	2.77978	-3.78902	-3.84434
85	65	45	2.9927	-4.18744	-3.87229
85	65	55	3.22342	-3.60508	-3.09617
85	65	65	2.95427	-3.87587	-3.75516
85	65	75	3.08245	-5.14222	-5.54126
85	65	85	2.77927	-4.14532	-4.36686
85	75	5	2.79766	-3.34943	-3.35329
85	75	15	2.65379	-3.1032	-3.12458
85	75	25	2.67285	-3.34147	-3.26126
85	75	35	2.83544	-3.3655	-3.2043
85	75	45	2.82354	-3.32399	-3.22066
85	75	55	2.63998	-3.38382	-3.38103
85	75	65	2.73566	-4.76169	-4.86072
85	75	75	3.13676	-5.12593	-5.63063
85	75	85	3.02257	-4.48257	-4.79283
85	85	5	2.86238	-3.23335	-3.02049
85	85	15	2.99311	-3.72514	-3.36553
85	85	25	2.83511	-4.96136	-4.75808
85	85	35	2.87828	-5.16351	-5.14585
85	85	45	2.80738	-5.1541	-4.96777
85	85	55	2.59267	-4.90599	-4.86671
85	85	65	2.89318	-4.8864	-5.1085
85	85	75	3.47793	-5.11918	-5.88518
85	85	85	3.4292	-3.58088	-4.09653
