5	5	5	2.65341	-3.56841	-3.58996
5	5	15	2.65149	-2.81985	-2.75947
5	5	25	3.07628	-4.59173	-4.54649
5	5	35	3.74154	-5.47406	-5.78518
5	5	45	3.09333	-5.36332	-4.93903
5	5	55	2.85351	-4.63476	-4.54504
5	5	65	3.02218	-5.10582	-5.27995
5	5	75	3.53949	-5.17939	-5.88214
5	5	85	3.03442	-4.0616	-4.50335
5	15	5	2.59421	-4.23877	-4.2787
5	15	15	2.57509	-2.63765	-2.65444
5	15	25	2.69749	-3.68026	-3.81382
5	15	35	3.20886	-5.03467	-5.62725
5	15	45	2.61741	-4.05459	-4.0099
5	15	55	2.60495	-3.74376	-3.69503
5	15	65	2.75765	-4.69571	-4.77173
5	15	75	3.51589	-5.12234	-6.04392
5	15	85	2.89268	-5.11943	-5.41867
5	25	5	2.61293	-4.28158	-4.34251
5	25	15	2.63248	-2.63457	-2.71482
5	25	25	2.67129	-2.91213	-3.03185
5	25	35	2.77692	-4.33699	-4.51432
5	25	45	2.61562	-3.23908	-3.17617
5	25	55	2.55407	-3.40171	-3.39978
5	25	65	2.59393	-4.33759	-4.37557
5	25	75	3.11273	-5.10069	-5.65981
5	25	85	2.82002	-5.12215	-5.35087
5	35	5	2.81328	-4.46246	-4.68384
5	35	15	2.89224	-2.84074	-3.14033
5	35	25	2.81803	-3.27631	-3.37813
5	35	35	2.95741	-4.40593	-4.04203
5	35	45	3.27682	-3.8301	-3.14673
5	35	55	3.57279	-4.13477	-3.11475
5	35	65	3.47112	-4.96677	-4.12677
5	35	75	3.03185	-5.39759	-5.27679
5	35	85	2.76108	-5.12242	-5.25162
5	45	5	3.51164	-5.00208	-5.20181
5	45	15	3.65472	-3.9617	-4.30046
5	45	25	3.07373	-5.18927	-5.00177
5	45	35	3.75246	-6.01673	-4.8978
5	45	45	4.31634	-5.27574	-3.59293
5	45	55	4.82032	-5.17321	-2.90484
5	45	65	4.66303	-5.63563	-3.60443
5	45	75	4.23428	-6.67063	-5.189
5	45	85	3.25632	-5.64321	-5.14602
5	55	5	3.74094	-4.34948	-5.20372
5	55	15	3.32737	-4.35429	-4.7548
5	55	25	2.82928	-5.15673	-5.12979
5	55	35	2.87214	-5.23677	-5.11974
5	55	45	2.9085	-4.42197	-4.10788
5	55	55	3.51276	-4.47924	-3.55924
5	55	65	4.1842	-5.00809	-3.57597
5	55	75	3.81409	-6.17441	-5.23951
5	55	85	3.06695	-5.31163	-5.20806
5	65	5	3.20811	-3.13021	-3.72296
5	65	15	2.93015	-3.72329	-3.96375
5	65	25	2.81265	-5.00298	-5.1952
5	65	35	2.66382	-4.969	-4.97963
5	65	45	2.71484	-4.67615	-4.55912
5	65	55	2.99022	-3.85938	-3.50601
5	65	65	3.00527	-3.53243	-3.39945
5	65	75	2.91428	-5.21184	-5.2946
5	65	85	2.98479	-4.62789	-5.00936
5	75	5	2.87982	-3.18602	-3.38846
5	75	15	2.76077	-3.5258	-3.52434
5	75	25	2.69578	-4.46798	-4.52742
5	75	35	2.89857	-4.70746	-4.68649
5	75	45	2.76133	-4.21685	-4.18154
5	75	55	2.68182	-3.00337	-2.99978
5	75	65	2.83578	-4.20355	-4.44178
5	75	75	2.7977	-5.07407	-5.31717
5	75	85	2.92397	-4.30412	-4.63187
5	85	5	2.71701	-3.43023	-3.47184
5	85	15	2.73216	-3.70481	-3.60466
5	85	25	3.07372	-5.08315	-4.72127
5	85	35	3.4253	-5.63025	-5.21523
5	85	45	3.56961	-5.78712	-5.07718
5	85	55	3.36719	-5.6269	-4.99468
5	85	65	3.19365	-5.2284	-5.10775
5	85	75	3.39992	-5.398	-5.63965
5	85	85	3.0141	-4.4222	-4.4843
15	5	5	2.63641	-4.12487	-4.08939
15	5	15	2.6528	-3.08856	-3.02794
15	5	25	3.21467	-4.67329	-4.97291
15	5	35	3.54991	-5.37566	-5.76925
15	5	45	3.77741	-5.41142	-5.37839
15	5	55	3.37751	-4.97539	-4.24801
15	5	65	3.38135	-5.04455	-4.74189
15	5	75	3.94576	-5.36226	-6.22635
15	5	85	2.82299	-4.60396	-4.71178
15	15	5	2.56065	-4.74805	-4.74321
15	15	15	2.5763	-2.975	-2.9514
15	15	25	3.12231	-4.02485	-4.53601
15	15	35	3.51512	-5.05981	-5.99655
15	15	45	3.08363	-4.53479	-4.64
15	15	55	2.87069	-3.5053	-3.44965
15	15	65	2.9562	-3.91326	-4.06947
15	15	75	3.80312	-5.22237	-6.22802
15	15	85	2.7144	-5.14556	-5.17928
15	25	5	2.5938	-4.64329	-4.64341
15	25	15	2.57406	-2.68697	-2.66555
15	25	25	2.85214	-3.47338	-3.6931
15	25	35	3.22326	-4.96331	-5.37588
15	25	45	2.93837	-3.73731	-3.61051
15	25	55	2.84625	-3.24919	-3.08602
15	25	65	2.75701	-3.73867	-3.85502
15	25	75	3.57592	-5.09504	-6.11508
15	25	85	2.67005	-5.14289	-5.18016
15	35	5	2.65614	-4.92424	-4.90496
15	35	15	2.57333	-2.82792	-2.80563
15	35	25	2.75547	-4.09633	-4.05348
15	35	35	3.3482	-5.47329	-4.78036
15	35	45	3.58825	-4.57538	-3.59435
15	35	55	3.77649	-4.12679	-2.9457
15	35	65	4.01344	-5.02971	-3.60868
15	35	75	3.57417	-5.66691	-5.52964
15	35	85	2.74415	-5.22417	-5.17293
15	45	5	3.059	-5.24914	-4.78212
15	45	15	3.16377	-4.76078	-4.58965
15	45	25	3.00918	-5.43253	-5.09842
15	45	35	3.24173	-5.67389	-5.10457
15	45	45	3.54864	-5.43425	-4.5242
15	45	55	4.34292	-5.37184	-3.58508
15	45	65	4.59526	-5.6059	-3.56289
15	45	75	4.66525	-6.71428	-5.56342
15	45	85	3.59134	-6.03136	-5.17283
15	55	5	2.91961	-4.82817	-4.5821
15	55	15	3.53972	-4.86073	-4.63283
15	55	25	3.08052	-5.53821	-5.13446
15	55	35	3.34931	-5.81203	-5.13963
15	55	45	3.12876	-5.1115	-4.5805
15	55	55	3.59216	-5.23206	-4.23114
15	55	65	4.4061	-5.97227	-4.19899
15	55	75	4.41487	-6.7522	-5.29421
15	55	85	3.5718	-6.01403	-5.01028
15	65	5	3.10248	-3.27018	-3.56136
15	65	15	2.99288	-4.14264	-4.26649
15	65	25	2.9334	-5.34351	-5.16552
15	65	35	2.76873	-5.23313	-5.18474
15	65	45	2.80741	-4.85323	-4.68387
15	65	55	2.71803	-4.00214	-3.88831
15	65	65	3.11502	-3.4905	-3.33504
15	65	75	3.02339	-5.23267	-5.37872
15	65	85	2.74447	-4.55089	-4.56558
15	75	5	3.06569	-2.93674	-3.402
15	75	15	3.00677	-3.57144	-3.80823
15	75	25	2.66902	-5.00535	-5.05881
15	75	35	2.83515	-5.03378	-5.08908
15	75	45	2.9294	-4.75069	-4.66441
15	75	55	2.79577	-3.10396	-2.92222
15	75	65	2.91134	-3.79911	-3.73974
15	75	75	3.01393	-5.1467	-5.44576
15	75	85	2.97829	-4.26251	-4.32762
15	85	5	2.79967	-3.92694	-4.09297
15	85	15	2.67656	-4.00288	-4.08717
15	85	25	2.716	-4.78883	-4.93216
15	85	35	2.98834	-5.15096	-5.26337
15	85	45	3.71673	-5.77579	-4.97084
15	85	55	3.79074	-5.62691	-4.53657
15	85	65	3.6008	-5.56404	-5.00319
15	85	75	3.49401	-5.50931	-5.60089
15	85	85	2.97496	-4.44445	-4.58239
25	5	5	3.04794	-4.94725	-4.96172
25	5	15	3.14038	-4.03932	-3.90546
25	5	25	3.49597	-4.84166	-5.36259
25	5	35	3.85304	-5.55858	-6.07419
25	5	45	3.88046	-5.54186	-5.59232
25	5	55	3.47239	-4.64077	-4.15862
25	5	65	3.80032	-4.59418	-5.07359
25	5	75	3.8224	-5.31932	-6.1424
25	5	85	3.07908	-5.08292	-5.28849
25	15	5	2.62398	-5.03445	-5.01938
25	15	15	2.69943	-3.38776	-3.40322
25	15	25	3.48484	-4.55149	-5.26262
25	15	35	3.51967	-5.10486	-6.00384
25	15	45	3.51601	-5.05279	-5.0387
25	15	55	3.60449	-4.27889	-3.60716
25	15	65	3.48198	-3.64438	-3.65467
25	15	75	4.28639	-5.33039	-6.58411
25	15	85	2.92052	-5.22359	-5.34978
25	25	5	2.7022	-4.95082	-4.88358
25	25	15	2.72233	-3.12483	-3.07611
25	25	25	3.18671	-4.1139	-4.51981
25	25	35	3.69919	-5.22245	-6.0055
25	25	45	3.90631	-4.61379	-4.46336
25	25	55	3.04233	-3.40282	-2.98181
25	25	65	3.15874	-2.99035	-3.27011
25	25	75	3.56513	-5.14218	-5.98349
25	25	85	2.68111	-5.11239	-5.22166
25	35	5	3.06258	-5.35308	-4.92256
25	35	15	2.94697	-3.82759	-3.47324
25	35	25	3.26825	-5.17013	-4.6937
25	35	35	3.86134	-5.79533	-5.4923
25	35	45	4.35391	-5.85753	-4.6587
25	35	55	4.30157	-4.86104	-3.22791
25	35	65	4.141	-4.7669	-3.42388
25	35	75	4.63952	-6.25512	-5.98113
25	35	85	3.25079	-5.66917	-5.1143
25	45	5	3.16477	-5.55534	-4.9425
25	45	15	2.95758	-5.1038	-4.77724
25	45	25	3.07218	-5.45119	-5.14219
25	45	35	3.28734	-5.41094	-5.48429
25	45	45	3.42783	-5.68147	-5.02407
25	45	55	4.30418	-6.10991	-4.42589
25	45	65	4.74939	-6.12973	-4.22557
25	45	75	4.80721	-6.78067	-5.61904
25	45	85	3.7431	-6.06779	-5.16856
25	55	5	3.06051	-4.91068	-4.48209
25	55	15	3.15921	-5.0022	-4.59645
25	55	25	3.53593	-6.0376	-5.12206
25	55	35	3.74943	-6.10982	-5.29005
25	55	45	4.33159	-6.67314	-5.14918
25	55	55	4.2253	-6.67337	-5.06013
25	55	65	4.65631	-6.65266	-4.71593
25	55	75	5.08254	-7.05789	-5.61612
25	55	85	3.73299	-6.17955	-5.04568
25	65	5	2.62499	-3.43391	-3.40014
25	65	15	2.92988	-4.20558	-4.11411
25	65	25	3.17198	-5.55886	-5.23219
25	65	35	3.3329	-5.71475	-5.27
25	65	45	3.27707	-5.5221	-4.80701
25	65	55	3.21296	-4.88777	-4.31646
25	65	65	3.35955	-4.20651	-3.69046
25	65	75	3.46898	-5.57544	-5.50884
25	65	85	2.71039	-4.47769	-4.44453
25	75	5	2.82397	-2.9992	-2.9922
25	75	15	2.68623	-3.68823	-3.73258
25	75	25	2.82535	-5.12101	-5.31267
25	75	35	2.78806	-5.16254	-5.27703
25	75	45	3.00341	-4.94484	-5.15155
25	75	55	3.03101	-3.39925	-3.34636
25	75	65	3.26282	-3.32851	-3.53776
25	75	75	3.02039	-5.32838	-5.26622
25	75	85	2.90226	-4.12646	-3.90756
25	85	5	2.9683	-4.16535	-4.37519
25	85	15	2.85908	-4.27951	-4.54464
25	85	25	3.09604	-4.92888	-5.35461
25	85	35	2.51427	-5.12026	-5.32191
25	85	45	2.90902	-4.78119	-5.21359
25	85	55	3.66013	-4.51558	-4.45426
25	85	65	4.44695	-5.20468	-5.40688
25	85	75	3.18514	-5.39639	-5.3813
25	85	85	3.3157	-4.88768	-5.11959
35	5	5	2.97354	-4.87523	-5.13216
35	5	15	3.04055	-4.30205	-4.38995
35	5	25	3.99706	-5.30877	-6.1076
35	5	35	3.87824	-5.6446	-5.83737
35	5	45	4.45677	-5.21166	-5.65487
35	5	55	4.58386	-3.75928	-4.6255
35	5	65	4.21166	-3.48347	-4.77438
35	5	75	3.48681	-5.068	-5.9621
35	5	85	3.27025	-5.00265	-5.63944
35	15	5	3.459	-5.57885	-5.44599
35	15	15	3.15831	-4.49455	-4.18097
35	15	25	3.99207	-5.31415	-5.75401
35	15	35	4.02294	-5.83671	-5.81999
35	15	45	4.8393	-5.50894	-5.54156
35	15	55	5.41176	-4.80046	-4.375
35	15	65	4.73261	-3.85913	-4.40002
35	15	75	4.09185	-5.16418	-6.30502
35	15	85	3.65572	-5.3219	-5.7866
35	25	5	3.01379	-5.34805	-5.0788
35	25	15	3.22661	-3.91185	-3.48336
35	25	25	4.0095	-5.1841	-5.12723
35	25	35	4.27513	-5.91048	-5.95124
35	25	45	4.46273	-5.47508	-4.71942
35	25	55	4.12913	-3.79444	-3.28611
35	25	65	3.87025	-3.46031	-3.59553
35	25	75	4.26823	-5.08889	-6.15568
35	25	85	3.06066	-4.76419	-5.14903
35	35	5	2.91854	-5.32484	-5.08678
35	35	15	3.2559	-4.68164	-4.0569
35	35	25	4.15945	-6.08832	-5.0407
35	35	35	5.42672	-6.79403	-6.16163
35	35	45	4.87472	-6.21488	-5.39042
35	35	55	4.09433	-4.99248	-3.82527
35	35	65	3.86593	-4.4682	-3.92456
35	35	75	4.09826	-5.51977	-5.94053
35	35	85	3.09505	-5.20674	-4.85952
35	45	5	3.48707	-5.91684	-5.06089
35	45	15	3.02303	-5.06964	-4.63765
35	45	25	3.08185	-5.39745	-5.23148
35	45	35	4.16356	-5.60267	-6.19279
35	45	45	3.94111	-5.47424	-5.9554
35	45	55	3.33834	-5.54043	-5.10116
35	45	65	4.10153	-5.87144	-5.04583
35	45	75	4.22384	-6.01642	-5.58842
35	45	85	3.90902	-6.41388	-5.10708
35	55	5	3.36444	-5.29372	-4.48056
35	55	15	3.54869	-4.27246	-3.8829
35	55	25	3.55117	-5.77315	-5.25648
35	55	35	3.72693	-5.79153	-5.58582
35	55	45	3.94552	-5.76761	-5.83007
35	55	55	3.93472	-6.10674	-5.43353
35	55	65	3.74642	-5.79917	-5.33188
35	55	75	3.98683	-6.19615	-5.40279
35	55	85	4.18765	-6.69526	-5.10424
35	65	5	2.8657	-3.37407	-3.18147
35	65	15	3.78383	-3.78755	-4.02292
35	65	25	3.28834	-5.28134	-5.47579
35	65	35	3.03307	-5.16848	-5.51707
35	65	45	3.14081	-5.10569	-5.56813
35	65	55	2.9072	-4.94249	-5.01452
35	65	65	3.11676	-4.70263	-4.62429
35	65	75	3.31728	-5.61644	-5.25509
35	65	85	2.86157	-5.00955	-4.74386
35	75	5	3.03472	-2.94675	-2.81221
35	75	15	3.05452	-3.49379	-3.66492
35	75	25	3.06255	-5.14275	-5.48759
35	75	35	2.8271	-5.10372	-5.37576
35	75	45	2.85686	-4.94207	-5.16783
35	75	55	3.00313	-3.69605	-3.86812
35	75	65	3.09593	-3.36622	-3.38953
35	75	75	3.02967	-5.19409	-5.00633
35	75	85	2.78609	-3.91174	-3.68666
35	85	5	3.10223	-4.11902	-4.54584
35	85	15	3.26206	-4.15864	-4.74717
35	85	25	3.41959	-5.11327	-5.82101
35	85	35	3.10902	-5.142	-5.51919
35	85	45	3.06884	-4.82243	-5.31943
35	85	55	3.78161	-3.36086	-4.18261
35	85	65	3.99932	-3.73067	-4.64294
35	85	75	3.10621	-5.22848	-5.2898
35	85	85	2.90664	-5.02876	-4.96976
45	5	5	3.04033	-4.87643	-5.36573
45	5	15	2.97954	-4.50194	-4.88886
45	5	25	3.45261	-4.96353	-5.82191
45	5	35	3.43139	-5.13062	-5.971
45	5	45	4.07552	-4.57726	-5.6697
45	5	55	4.95677	-3.24529	-4.86774
45	5	65	4.12909	-3.20837	-4.45595
45	5	75	2.99745	-4.61006	-5.01488
45	5	85	3.00153	-4.89964	-5.35014
45	15	5	3.10676	-5.01923	-5.33497
45	15	15	2.97317	-4.85626	-4.67759
45	15	25	4.1531	-5.6041	-6.00203
45	15	35	4.17893	-5.98359	-5.84373
45	15	45	5.29097	-5.66548	-6.23796
45	15	55	6.02391	-5.01358	-5.11771
45	15	65	5.45918	-4.86438	-5.45067
45	15	75	4.05185	-4.9664	-5.26638
45	15	85	3.79796	-4.44137	-5.16746
45	25	5	3.17486	-4.98125	-5.04267
45	25	15	2.71366	-4.32117	-4.2038
45	25	25	3.17151	-5.00117	-5.14068
45	25	35	3.97479	-5.49761	-6.1187
45	25	45	4.14595	-4.94437	-5.13426
45	25	55	4.32033	-3.71171	-4.07285
45	25	65	4.35548	-4.446	-4.72475
45	25	75	4.24943	-5.06438	-5.83557
45	25	85	4.09111	-4.3413	-5.55736
45	35	5	3.34843	-5.13405	-4.69143
45	35	15	3.39119	-5.27964	-4.51981
45	35	25	3.27263	-5.4672	-4.98881
45	35	35	3.87226	-5.50853	-5.98977
45	35	45	3.85583	-5.18178	-5.36578
45	35	55	3.63505	-4.40564	-4.04365
45	35	65	3.8147	-5.0187	-4.95383
45	35	75	4.31629	-5.40064	-6.35936
45	35	85	3.90985	-4.95611	-5.27327
45	45	5	3.24557	-5.22642	-4.53857
45	45	15	3.23552	-4.64484	-4.00054
45	45	25	3.31424	-5.50114	-4.90276
45	45	35	3.9523	-6.01561	-5.57608
45	45	45	3.49386	-5.62123	-5.48321
45	45	55	3.13349	-5.21366	-5.19444
45	45	65	3.17347	-5.39519	-5.17234
45	45	75	4.03858	-5.57793	-5.93112
45	45	85	3.51704	-5.64873	-5.15555
45	55	5	2.95777	-4.88772	-4.48229
45	55	15	3.35467	-3.66245	-3.10203
45	55	25	3.55347	-5.44837	-4.57879
45	55	35	3.90428	-5.67299	-5.88223
45	55	45	3.58865	-5.41824	-5.78305
45	55	55	2.85744	-5.184	-5.12321
45	55	65	2.77589	-5.2022	-5.21975
45	55	75	2.93312	-5.19577	-5.37367
45	55	85	2.74364	-5.20951	-5.02174
45	65	5	3.25772	-3.98558	-3.68437
45	65	15	4.59401	-3.78572	-3.91649
45	65	25	3.11517	-4.74086	-4.68645
45	65	35	3.1423	-5.26755	-5.52432
45	65	45	3.41414	-5.1831	-5.84405
45	65	55	2.75568	-4.96386	-5.16486
45	65	65	2.61306	-4.9624	-5.02277
45	65	75	2.71147	-5.0994	-5.19976
45	65	85	2.71754	-5.18174	-5.02804
45	75	5	3.63058	-3.18977	-3.51864
45	75	15	3.95486	-3.23217	-4.41649
45	75	25	3.37958	-4.9883	-5.69182
45	75	35	2.85796	-5.12113	-5.42621
45	75	45	3.27635	-5.10211	-5.78728
45	75	55	2.75628	-4.04126	-4.20568
45	75	65	2.89463	-3.67681	-3.57882
45	75	75	3.07342	-4.68842	-4.40921
45	75	85	2.94944	-4.10787	-3.81306
45	85	5	3.47759	-3.87448	-4.67936
45	85	15	3.10039	-4.01304	-4.28223
45	85	25	3.2939	-5.08698	-5.74898
45	85	35	3.021	-5.24117	-5.35116
45	85	45	3.51711	-5.22363	-5.46652
45	85	55	4.31988	-3.54164	-4.1833
45	85	65	3.66908	-3.01674	-3.44355
45	85	75	3.04386	-4.64533	-4.65172
45	85	85	2.82232	-4.83944	-5.02589
55	5	5	3.03634	-4.21717	-4.66003
55	5	15	2.67347	-4.55628	-4.67872
55	5	25	3.07136	-4.97778	-5.4574
55	5	35	2.87898	-5.18449	-5.30528
55	5	45	3.00823	-4.95562	-5.02443
55	5	55	3.36947	-3.25407	-3.67886
55	5	65	3.25064	-3.81838	-4.08037
55	5	75	3.0415	-4.0603	-4.45703
55	5	85	2.85864	-4.40926	-4.67445
55	15	5	3.03789	-3.9388	-4.22406
55	15	15	2.61148	-4.75794	-4.69758
55	15	25	3.07144	-4.90963	-5.43003
55	15	35	2.99904	-5.12325	-5.52245
55	15	45	3.32269	-4.66886	-5.30684
55	15	55	3.31852	-3.41347	-3.92849
55	15	65	4.03653	-4.58137	-5.65829
55	15	75	3.21886	-4.52349	-4.90607
55	15	85	3.19677	-4.17231	-4.457
55	25	5	2.67947	-3.78524	-3.83045
55	25	15	2.5523	-4.63883	-4.63843
55	25	25	2.7523	-4.81117	-5.01234
55	25	35	3.37187	-5.10008	-5.92085
55	25	45	2.9567	-4.10206	-4.52761
55	25	55	2.8923	-3.11167	-3.43287
55	25	65	3.7315	-4.94666	-5.80659
55	25	75	3.10028	-5.15773	-5.25967
55	25	85	3.50225	-4.59132	-5.21454
55	35	5	3.1628	-4.06359	-3.71536
55	35	15	3.11109	-4.634	-4.07407
55	35	25	2.89265	-5.12363	-5.02525
55	35	35	3.19145	-5.13521	-5.71564
55	35	45	2.83303	-4.52233	-4.76353
55	35	55	2.63267	-3.68644	-3.74529
55	35	65	3.33143	-4.88055	-5.57776
55	35	75	3.59745	-5.21649	-5.97726
55	35	85	4.04271	-4.87205	-5.64367
55	45	5	3.06924	-4.41831	-3.91732
55	45	15	3.93589	-4.71468	-3.49075
55	45	25	3.71466	-5.31119	-4.27163
55	45	35	3.57225	-5.89814	-5.31777
55	45	45	3.21223	-5.58217	-5.04298
55	45	55	3.37186	-5.45284	-4.63285
55	45	65	2.83104	-5.25366	-5.17367
55	45	75	3.63381	-5.2499	-5.9671
55	45	85	3.52589	-4.76516	-5.52961
55	55	5	2.56149	-3.58406	-3.58317
55	55	15	2.86972	-2.94844	-2.87166
55	55	25	3.39999	-4.44493	-3.68325
55	55	35	3.13558	-5.56053	-5.21684
55	55	45	2.9951	-5.34478	-5.06311
55	55	55	2.60545	-4.87602	-4.82165
55	55	65	2.66222	-5.14946	-5.07826
55	55	75	3.41343	-5.14106	-5.92026
55	55	85	2.72074	-4.68263	-4.84752
55	65	5	2.97252	-3.80119	-3.54108
55	65	15	3.63984	-3.39669	-2.9514
55	65	25	3.10146	-4.00761	-3.58205
55	65	35	2.73826	-5.21625	-5.15148
55	65	45	2.7379	-5.06846	-5.16326
55	65	55	2.61541	-4.96556	-5.02209
55	65	65	2.57201	-5.02099	-5.00001
55	65	75	2.71236	-5.08211	-5.16317
55	65	85	2.62368	-5.00208	-4.99512
55	75	5	3.01631	-3.00168	-3.22447
55	75	15	3.31581	-3.01096	-3.7319
55	75	25	2.7553	-4.3996	-4.59626
55	75	35	2.69528	-5.13127	-5.19025
55	75	45	2.69318	-5.08256	-5.22362
55	75	55	2.69149	-4.60167	-4.58208
55	75	65	2.75103	-4.49925	-4.33924
55	75	75	3.15262	-4.62043	-4.69963
55	75	85	2.84949	-4.30242	-4.27843
55	85	5	3.25528	-3.63566	-4.33905
55	85	15	2.85127	-3.73433	-4.03649
55	85	25	2.88827	-4.9597	-5.22001
55	85	35	2.87469	-5.17977	-5.36088
55	85	45	3.29428	-5.38326	-5.12401
55	85	55	3.49271	-4.26286	-3.60211
55	85	65	3.21343	-3.40283	-2.90042
55	85	75	3.41343	-4.03113	-4.36952
55	85	85	2.80224	-4.54617	-4.71655
65	5	5	2.68761	-3.17656	-3.26027
65	5	15	2.61165	-3.77319	-3.75285
65	5	25	2.69234	-4.7352	-4.83558
65	5	35	2.65112	-5.09888	-5.19854
65	5	45	2.78425	-5.20239	-5.00558
65	5	55	2.89305	-4.00006	-3.65765
65	5	65	2.88305	-4.80127	-4.50924
65	5	75	3.30587	-4.43126	-4.75641
65	5	85	2.87384	-4.187	-4.24658
65	15	5	2.87359	-3.42786	-3.35025
65	15	15	2.63275	-4.12479	-4.04478
65	15	25	2.81359	-4.69321	-4.87161
65	15	35	2.71437	-5.08197	-5.23968
65	15	45	2.63388	-4.84364	-4.92246
65	15	55	2.57446	-3.61846	-3.65604
65	15	65	2.73348	-4.74322	-4.92155
65	15	75	2.89513	-4.9557	-5.25239
65	15	85	2.93839	-4.78323	-4.80468
65	25	5	2.55515	-3.16151	-3.16229
65	25	15	2.57171	-4.41693	-4.43728
65	25	25	2.73184	-4.81414	-4.99458
65	25	35	2.79245	-5.09835	-5.33946
65	25	45	2.59432	-4.24204	-4.32521
65	25	55	2.51192	-3.49211	-3.53287
65	25	65	2.89147	-5.04578	-5.22616
65	25	75	2.95185	-5.20757	-5.32834
65	25	85	2.99546	-4.84885	-5.01083
65	35	5	2.83351	-3.50894	-3.27063
65	35	15	3.09198	-4.05489	-3.63581
65	35	25	2.81166	-4.79276	-4.61339
65	35	35	2.91189	-5.13622	-5.33709
65	35	45	2.65306	-4.122	-4.14404
65	35	55	2.59146	-3.84204	-3.84248
65	35	65	2.85143	-5.00383	-5.26304
65	35	75	2.91223	-5.07573	-5.43694
65	35	85	3.03265	-4.83868	-5.04031
65	45	5	2.67521	-3.55104	-3.43363
65	45	15	2.91631	-3.03567	-2.83296
65	45	25	3.4591	-4.44828	-3.58276
65	45	35	3.89744	-6.32407	-5.13849
65	45	45	3.77985	-4.9283	-3.74434
65	45	55	3.69507	-5.21364	-4.07049
65	45	65	3.45145	-5.63411	-5.09373
65	45	75	3.69385	-5.6368	-5.65963
65	45	85	3.22028	-4.80187	-5.31073
65	55	5	2.58487	-3.12364	-3.13663
65	55	15	2.69295	-2.75835	-2.81993
65	55	25	2.92493	-3.52087	-3.18946
65	55	35	2.97129	-5.26404	-4.96462
65	55	45	2.87239	-3.50211	-3.22316
65	55	55	2.87389	-3.84169	-3.52047
65	55	65	2.74747	-5.00906	-4.81268
65	55	75	3.08346	-5.1507	-5.60469
65	55	85	2.98869	-4.26815	-4.6922
65	65	5	2.60062	-3.17526	-3.16154
65	65	15	2.71558	-2.61385	-2.73385
65	65	25	2.69911	-3.02149	-2.91663
65	65	35	2.84196	-5.04332	-4.87321
65	65	45	2.68456	-4.05385	-3.92354
65	65	55	2.57876	-3.84731	-3.8197
65	65	65	2.59239	-5.03779	-5.07645
65	65	75	2.9167	-5.10165	-5.46637
65	65	85	2.85047	-4.78213	-4.9613
65	75	5	2.58026	-2.96013	-3.04759
65	75	15	2.53227	-2.80894	-2.90912
65	75	25	2.61243	-3.49234	-3.55185
65	75	35	2.57786	-4.95521	-5.01242
65	75	45	2.63903	-4.72698	-4.68464
65	75	55	2.61412	-5.02343	-4.96055
65	75	65	2.67187	-4.78007	-4.77925
65	75	75	3.29383	-4.70041	-5.2024
65	75	85	2.68629	-4.16127	-4.09568
65	85	5	2.76498	-3.64365	-3.73596
65	85	15	2.67209	-3.43564	-3.43745
65	85	25	2.60843	-4.81714	-4.89784
65	85	35	2.11172	-5.06817	-5.1284
65	85	45	2.73395	-5.18268	-5.0238
65	85	55	3.27118	-4.96167	-4.24177
65	85	65	3.41262	-4.45203	-3.63043
65	85	75	4.35382	-4.70719	-4.62838
65	85	85	3.09668	-4.03042	-3.88881
75	5	5	2.85086	-2.78175	-2.78556
75	5	15	2.59879	-2.77653	-2.81456
75	5	25	2.61789	-4.35121	-4.33078
75	5	35	2.75668	-5.16084	-5.15764
75	5	45	2.68987	-4.96176	-4.8474
75	5	55	2.6459	-4.58084	-4.48012
75	5	65	2.81303	-5.18684	-5.12483
75	5	75	3.75585	-4.83583	-5.83341
75	5	85	3.39308	-4.10057	-4.57214
75	15	5	2.62007	-3.34288	-3.28838
75	15	15	2.67735	-3.04686	-3.00547
75	15	25	2.56346	-3.803	-3.79875
75	15	35	2.74104	-4.68378	-4.85482
75	15	45	2.55925	-4.80972	-4.82244
75	15	55	2.55418	-3.94296	-3.93965
75	15	65	2.55458	-4.97683	-4.97316
75	15	75	3.11305	-5.05181	-5.60979
75	15	85	3.06029	-4.80598	-5.31194
75	25	5	2.59397	-3.41212	-3.45485
75	25	15	2.59524	-3.38473	-3.3886
75	25	25	2.57865	-4.18187	-4.20751
75	25	35	2.59339	-4.9331	-4.97531
75	25	45	2.57195	-4.06164	-4.08245
75	25	55	2.55109	-3.43689	-3.45685
75	25	65	2.57104	-4.91271	-4.93272
75	25	75	2.81143	-5.13484	-5.31522
75	25	85	2.67507	-5.07867	-5.20266
75	35	5	2.59709	-3.35415	-3.36022
75	35	15	2.62232	-3.28321	-3.27448
75	35	25	2.81465	-3.66836	-3.53194
75	35	35	3.05288	-5.2563	-5.07811
75	35	45	2.8923	-3.90199	-3.64321
75	35	55	2.89186	-3.88525	-3.58608
75	35	65	2.77104	-4.87105	-4.73105
75	35	75	2.73183	-5.11972	-5.25972
75	35	85	2.67386	-4.92135	-5.04419
75	45	5	2.93831	-4.03437	-3.74086
75	45	15	3.10479	-3.30698	-2.81673
75	45	25	3.6033	-4.32032	-3.35495
75	45	35	4.28595	-6.36466	-4.83318
75	45	45	4.56471	-5.03353	-3.06442
75	45	55	4.55945	-4.98964	-2.98206
75	45	65	3.71424	-5.45925	-4.41685
75	45	75	3.45304	-5.92046	-5.18088
75	45	85	3.11628	-5.34271	-4.98558
75	55	5	2.62235	-3.30126	-3.35893
75	55	15	2.69811	-3.09156	-3.07274
75	55	25	2.68621	-4.22932	-4.13594
75	55	35	2.99627	-4.75484	-4.57287
75	55	45	3.09981	-3.24751	-2.7436
75	55	55	3.14841	-3.29056	-2.69571
75	55	65	3.07627	-4.18502	-3.94304
75	55	75	3.06185	-5.16628	-5.5411
75	55	85	2.74433	-4.50554	-4.65084
75	65	5	2.56018	-3.04657	-3.13304
75	65	15	2.53799	-2.96673	-2.98477
75	65	25	2.65895	-3.22105	-3.15561
75	65	35	2.71874	-3.87067	-3.82378
75	65	45	2.83268	-3.13771	-2.93892
75	65	55	2.81135	-3.20267	-2.94573
75	65	65	2.86132	-4.41983	-4.43125
75	65	75	3.13561	-5.13801	-5.63909
75	65	85	2.74248	-4.42258	-4.57293
75	75	5	2.64662	-3.1961	-3.12838
75	75	15	2.49329	-2.78436	-2.82406
75	75	25	2.65358	-3.13517	-3.07426
75	75	35	2.6394	-3.64548	-3.71871
75	75	45	2.56613	-3.28807	-3.27955
75	75	55	2.59696	-4.36368	-4.31914
75	75	65	2.81237	-4.93772	-5.19642
75	75	75	3.59673	-5.0608	-5.94637
75	75	85	2.98802	-4.6021	-4.95895
75	85	5	3.22741	-4.08203	-3.59679
75	85	15	2.95597	-3.42241	-3.18331
75	85	25	2.67669	-4.66265	-4.73941
75	85	35	2.29599	-5.09321	-5.21106
75	85	45	2.25759	-5.01993	-5.00466
75	85	55	2.57253	-4.77409	-4.75429
75	85	65	2.79184	-4.68002	-4.67922
75	85	75	3.89463	-5.456	-5.59639
75	85	85	3.7111	-3.77403	-3.44926
85	5	5	2.78024	-2.78344	-2.84704
85	5	15	2.7007	-2.77887	-2.75086
85	5	25	2.82432	-4.2949	-4.18242
85	5	35	3.25111	-5.37005	-5.23556
85	5	45	3.05801	-5.09588	-4.6539
85	5	55	2.93887	-4.90801	-4.5206
85	5	65	2.81714	-5.20114	-5.13512
85	5	75	3.61786	-5.09519	-5.79401
85	5	85	3.43113	-3.95833	-4.63595
85	15	5	2.69761	-3.69992	-3.84328
85	15	15	2.71795	-2.59838	-2.7539
85	15	25	2.62143	-3.64423	-3.69705
85	15	35	2.92309	-4.81582	-5.08855
85	15	45	2.55897	-3.96505	-3.96516
85	15	55	2.55401	-3.75939	-3.75644
85	15	65	2.61389	-4.97245	-5.0296
85	15	75	3.39225	-5.10091	-5.94131
85	15	85	3.14304	-5.05545	-5.64585
85	25	5	2.67449	-3.99616	-4.11948
85	25	15	2.75599	-2.68575	-2.89046
85	25	25	2.57808	-3.03991	-3.06567
85	25	35	2.57582	-4.277	-4.29958
85	25	45	2.55247	-3.69451	-3.69391
85	25	55	2.55275	-3.33735	-3.33646
85	25	65	2.55147	-4.83923	-4.83881
85	25	75	2.93225	-5.09989	-5.48026
85	25	85	2.93465	-5.12103	-5.4646
85	35	5	2.81311	-4.02158	-4.16365
85	35	15	2.90263	-2.72825	-3.03984
85	35	25	2.76593	-2.92778	-2.94172
85	35	35	3.03565	-4.02489	-3.62697
85	35	45	3.2119	-3.87871	-3.21949
85	35	55	3.17189	-3.82128	-3.20208
85	35	65	2.97106	-4.80916	-4.42915
85	35	75	2.89223	-5.23866	-5.29906
85	35	85	2.73305	-5.12191	-5.22391
85	45	5	3.31556	-4.51884	-4.88255
85	45	15	3.07311	-3.54833	-3.38712
85	45	25	3.79049	-5.03257	-3.97663
85	45	35	4.32763	-6.02346	-4.37188
85	45	45	4.77348	-5.09874	-2.96037
85	45	55	4.86906	-5.08964	-2.77247
85	45	65	4.37745	-5.57732	-3.79172
85	45	75	3.87384	-6.27463	-5.23583
85	45	85	3.25471	-5.4824	-5.38527
85	55	5	3.16682	-3.72528	-4.28578
85	55	15	2.79062	-3.48098	-3.58638
85	55	25	2.86042	-5.1189	-4.9819
85	55	35	2.99004	-5.12071	-4.89077
85	55	45	2.93763	-3.52001	-3.17586
85	55	55	3.61291	-3.98225	-2.9613
85	55	65	3.54353	-4.51128	-3.64049
85	55	75	3.22626	-5.55915	-5.29034
85	55	85	2.98309	-4.9896	-5.24645
85	65	5	2.76179	-3.01339	-3.21664
85	65	15	2.67938	-3.34894	-3.3112
85	65	25	2.69748	-4.22455	-4.24226
85	65	35	2.75978	-3.78902	-3.82434
85	65	45	2.9931	-4.18744	-3.87189
85	65	55	3.22342	-3.60508	-3.09617
85	65	65	2.95427	-3.87587	-3.75516
85	65	75	3.08245	-5.14222	-5.54126
85	65	85	2.77927	-4.14532	-4.36686
85	75	5	2.79766	-3.32943	-3.33329
85	75	15	2.65379	-3.0836	-3.10498
85	75	25	2.65285	-3.36107	-3.28086
85	75	35	2.83544	-3.3655	-3.2043
85	75	45	2.82354	-3.32319	-3.21986
85	75	55	2.63998	-3.38381	-3.38102
85	75	65	2.73566	-4.76169	-4.86072
85	75	75	3.13676	-5.12593	-5.63063
85	75	85	3.02257	-4.48257	-4.79283
85	85	5	2.86238	-3.23335	-3.02049
85	85	15	2.99311	-3.72514	-3.36553
85	85	25	2.83511	-4.96215	-4.75886
85	85	35	2.89828	-5.18352	-5.16587
85	85	45	2.80738	-5.1541	-4.96777
85	85	55	2.59267	-4.90599	-4.86671
85	85	65	2.89318	-4.8864	-5.1085
85	85	75	3.49793	-5.13918	-5.88518
85	85	85	3.4292	-3.58088	-4.09653
