5	5	5	2.63224	-5.06078	-5.1004
5	5	15	2.55264	-4.6408	-4.64241
5	5	25	2.69109	-3.77722	-3.63728
5	5	35	2.85104	-3.79893	-3.57854
5	5	45	3.39624	-5.43655	-5.32173
5	5	55	3.01033	-4.98112	-5.00043
5	5	65	2.67896	-5.10204	-5.06998
5	5	75	2.7729	-4.05683	-4.19871
5	5	85	2.59264	-4.7803	-4.78192
5	15	5	3.31345	-5.81187	-5.13349
5	15	15	3.13385	-5.57977	-5.04261
5	15	25	2.63153	-5.00753	-4.92725
5	15	35	2.73183	-4.80419	-4.74341
5	15	45	3.45742	-5.25001	-5.58841
5	15	55	3.47266	-5.96828	-5.11632
5	15	65	3.92537	-6.28684	-5.12919
5	15	75	3.87933	-5.82404	-4.73955
5	15	85	3.75628	-6.19265	-5.11071
5	25	5	2.8279	-5.29714	-5.18119
5	25	15	2.62227	-5.15081	-5.12361
5	25	25	2.55796	-5.0851	-5.07842
5	25	35	2.58146	-4.97827	-4.98783
5	25	45	3.4532	-5.12175	-5.94357
5	25	55	3.10571	-5.4341	-5.28346
5	25	65	3.104	-4.88028	-4.63357
5	25	75	2.91422	-3.879	-3.64188
5	25	85	2.93393	-5.3368	-5.0756
5	35	5	2.65246	-5.10311	-5.20183
5	35	15	2.57511	-5.04249	-5.06563
5	35	25	2.63117	-4.88055	-4.80043
5	35	35	2.61268	-4.42225	-4.40059
5	35	45	3.15331	-5.11492	-5.59263
5	35	55	2.86869	-4.8479	-4.91262
5	35	65	2.8317	-3.29096	-3.17059
5	35	75	2.62309	-3.34076	-3.22898
5	35	85	2.69954	-5.03758	-5.13075
5	45	5	2.77239	-5.16254	-5.26223
5	45	15	2.75228	-5.02244	-4.98287
5	45	25	2.69186	-3.65646	-3.59645
5	45	35	2.75231	-3.12631	-3.28582
5	45	45	2.89315	-4.87262	-5.17128
5	45	55	2.75757	-3.68381	-3.88607
5	45	65	2.59832	-2.59245	-2.69011
5	45	75	2.45465	-3.25077	-3.18646
5	45	85	2.81209	-5.1	-5.27749
5	55	5	3.63389	-5.90319	-5.30287
5	55	15	3.55506	-5.54283	-4.66526
5	55	25	2.93548	-3.50007	-3.19727
5	55	35	2.87226	-3.52348	-3.72307
5	55	45	2.87346	-5.04318	-5.24234
5	55	55	2.85438	-4.8214	-5.12446
5	55	65	2.57371	-4.07706	-4.05928
5	55	75	2.74845	-4.27429	-4.11391
5	55	85	3.44807	-5.74968	-5.21028
5	65	5	3.14392	-5.38942	-5.35825
5	65	15	2.8279	-4.71524	-4.56242
5	65	25	2.70308	-3.30518	-3.19401
5	65	35	2.85747	-3.32505	-3.57862
5	65	45	2.95272	-5.08765	-5.40836
5	65	55	2.91312	-4.98191	-5.30306
5	65	65	2.57351	-4.79284	-4.81452
5	65	75	2.83278	-4.32165	-4.16257
5	65	85	2.93407	-5.32758	-5.0258
5	75	5	2.63351	-5.09447	-5.17281
5	75	15	2.59716	-4.40481	-4.40354
5	75	25	2.71443	-3.32012	-3.1376
5	75	35	2.93114	-3.23881	-3.21874
5	75	45	3.21473	-5.04506	-5.54702
5	75	55	3.18197	-5.04399	-5.59076
5	75	65	2.55722	-5.06125	-5.06182
5	75	75	2.63393	-4.03614	-4.11501
5	75	85	2.57554	-4.81679	-4.83484
5	85	5	2.69149	-5.14884	-5.12923
5	85	15	2.69226	-4.28143	-4.1626
5	85	25	2.59308	-2.79246	-2.65205
5	85	35	2.55273	-2.86999	-2.86835
5	85	45	3.0344	-4.76385	-5.2469
5	85	55	2.98207	-4.70198	-5.13265
5	85	65	2.57459	-4.98219	-5.00546
5	85	75	2.65364	-3.35988	-3.46237
5	85	85	2.59234	-4.4465	-4.44768
15	5	5	2.79145	-5.26854	-5.14894
15	5	15	2.61265	-4.64178	-4.66261
15	5	25	2.55271	-3.68283	-3.68452
15	5	35	2.73188	-4.37503	-4.51589
15	5	45	3.13387	-5.03738	-5.5402
15	5	55	2.92195	-4.6353	-4.60618
15	5	65	3.01886	-4.85406	-4.64185
15	5	75	2.91355	-4.77967	-4.54215
15	5	85	2.89227	-5.1872	-4.88844
15	15	5	3.71464	-6.19801	-5.19601
15	15	15	3.37512	-5.9016	-5.0841
15	15	25	3.01292	-5.37402	-4.91352
15	15	35	3.15144	-5.31314	-5.23277
15	15	45	4.03867	-5.53279	-5.97642
15	15	55	3.95677	-5.92796	-5.31606
15	15	65	4.27816	-6.16842	-4.62916
15	15	75	4.62441	-5.97284	-4.06143
15	15	85	4.57985	-6.82834	-4.84116
15	25	5	3.07624	-5.4846	-5.24259
15	25	15	2.62468	-5.14984	-5.08749
15	25	25	2.57568	-5.0244	-5.00105
15	25	35	2.67786	-5.10538	-5.21855
15	25	45	3.37598	-5.17662	-5.83567
15	25	55	3.08296	-5.1336	-5.43698
15	25	65	2.97021	-4.80524	-4.57721
15	25	75	3.1603	-3.50677	-3.06334
15	25	85	3.24836	-5.10847	-4.61357
15	35	5	2.80169	-5.24974	-5.20153
15	35	15	2.59922	-5.12377	-5.08846
15	35	25	2.57165	-4.98258	-4.96211
15	35	35	2.67236	-4.98291	-5.06157
15	35	45	3.69668	-5.10382	-6.16056
15	35	55	3.29453	-5.10832	-5.67845
15	35	65	2.69015	-3.46894	-3.51345
15	35	75	2.71475	-2.95044	-2.75251
15	35	85	2.83288	-4.69021	-4.4548
15	45	5	2.73287	-5.10152	-5.28073
15	45	15	2.63156	-5.1621	-5.08251
15	45	25	2.5911	-4.06092	-4.02086
15	45	35	2.73269	-3.63767	-3.45602
15	45	45	3.15231	-4.3289	-4.84761
15	45	55	3.14037	-3.84279	-4.26867
15	45	65	2.36587	-2.622	-2.6217
15	45	75	2.4253	-2.95422	-2.98488
15	45	85	2.60036	-4.97102	-4.92987
15	55	5	2.53412	-5.162	-5.08348
15	55	15	3.1935	-5.48365	-4.8833
15	55	25	3.31346	-3.72047	-2.99806
15	55	35	3.15185	-3.25193	-2.69114
15	55	45	3.09344	-4.72413	-4.62251
15	55	55	2.69949	-4.82147	-4.92103
15	55	65	2.61762	-3.83739	-3.85647
15	55	75	2.59598	-3.89387	-3.89699
15	55	85	2.57851	-5.06781	-5.07358
15	65	5	2.83446	-5.26267	-5.2825
15	65	15	2.6919	-4.46486	-4.40248
15	65	25	2.7571	-3.03728	-2.87288
15	65	35	2.73905	-3.19115	-3.08314
15	65	45	2.7163	-4.59413	-4.74966
15	65	55	2.71751	-4.94328	-5.02247
15	65	65	2.68151	-4.98085	-4.90249
15	65	75	2.72311	-4.62195	-4.51242
15	65	85	2.71583	-5.04315	-5.00556
15	75	5	2.65642	-5.10338	-5.20143
15	75	15	2.57433	-4.62357	-4.64364
15	75	25	2.55302	-3.33166	-3.33043
15	75	35	2.67321	-3.76525	-3.76388
15	75	45	2.7161	-4.44983	-4.44719
15	75	55	2.66343	-4.18929	-4.28501
15	75	65	2.6274	-4.90872	-4.96612
15	75	75	2.59054	-4.5636	-4.58761
15	75	85	2.59779	-5.00535	-5.04547
15	85	5	2.67267	-5.09628	-5.21791
15	85	15	2.61348	-4.28186	-4.26429
15	85	25	2.5323	-2.98765	-2.98889
15	85	35	2.69277	-3.68326	-3.82478
15	85	45	3.01402	-4.62095	-5.0436
15	85	55	2.72132	-4.18028	-4.34859
15	85	65	2.5956	-4.70012	-4.74454
15	85	75	2.61522	-4.18123	-4.24531
15	85	85	2.57198	-4.76074	-4.78159
25	5	5	3.07309	-5.49524	-5.21726
25	5	15	2.75429	-4.64233	-4.56559
25	5	25	2.67278	-3.72485	-3.76659
25	5	35	2.7523	-4.90016	-4.98143
25	5	45	3.03626	-5.09367	-5.53889
25	5	55	2.8764	-4.6125	-4.73691
25	5	65	3.1993	-4.02486	-3.79059
25	5	75	3.25638	-4.73405	-4.11931
25	5	85	3.25315	-5.52367	-4.98571
25	15	5	4.41864	-6.90336	-5.15895
25	15	15	3.81642	-6.16258	-5.06636
25	15	25	2.99452	-5.03284	-4.67551
25	15	35	2.89328	-5.27407	-5.2155
25	15	45	3.43789	-5.40875	-5.61232
25	15	55	4.08963	-5.80765	-5.05085
25	15	65	4.39036	-5.6228	-4.03396
25	15	75	4.79351	-5.5907	-3.47236
25	15	85	4.88943	-6.52719	-4.2304
25	25	5	3.64747	-6.02806	-5.26121
25	25	15	3.05806	-5.45393	-5.01692
25	25	25	2.63981	-4.90922	-4.8228
25	25	35	2.8608	-5.08591	-5.34038
25	25	45	3.46458	-5.16656	-5.94591
25	25	55	3.47114	-4.90342	-5.37713
25	25	65	2.93475	-3.91286	-3.62763
25	25	75	2.95764	-3.11608	-2.79194
25	25	85	3.63285	-4.68104	-3.68001
25	35	5	3.0958	-5.35223	-5.37305
25	35	15	2.64972	-5.08821	-5.05452
25	35	25	2.55459	-4.96499	-4.96185
25	35	35	2.65483	-5.00377	-5.10006
25	35	45	3.5169	-5.12502	-5.9248
25	35	55	3.39427	-5.02625	-5.74074
25	35	65	2.78415	-3.5471	-3.6068
25	35	75	2.99067	-3.00845	-2.69046
25	35	85	3.22208	-4.11026	-3.60002
25	45	5	2.91623	-5.13144	-5.41103
25	45	15	2.59558	-5.12253	-5.08604
25	45	25	2.63168	-4.60228	-4.52166
25	45	35	2.73242	-4.44063	-4.37925
25	45	45	3.43252	-4.37993	-5.18004
25	45	55	3.24325	-4.24221	-4.7324
25	45	65	2.91881	-3.10324	-3.02541
25	45	75	2.90017	-3.17756	-3.15086
25	45	85	2.65851	-4.44246	-4.45821
25	55	5	2.23474	-5.15855	-5.1222
25	55	15	2.3119	-4.96246	-4.88243
25	55	25	2.73271	-3.6429	-3.46206
25	55	35	2.81315	-3.08253	-2.82043
25	55	45	3.33267	-4.16997	-4.14992
25	55	55	3.15831	-4.74944	-4.86935
25	55	65	2.85687	-3.81768	-3.75861
25	55	75	2.9772	-3.95763	-3.94112
25	55	85	2.61789	-4.96291	-4.94886
25	65	5	2.54044	-5.24701	-5.12429
25	65	15	2.68786	-4.94483	-4.76165
25	65	25	2.64669	-3.15848	-3.05807
25	65	35	2.65384	-3.68237	-3.61957
25	65	45	2.84067	-4.10227	-4.21423
25	65	55	2.88593	-4.58094	-4.53006
25	65	65	3.17039	-4.61323	-4.39802
25	65	75	3.35711	-5.03076	-4.88788
25	65	85	3.03308	-5.34509	-5.07188
25	75	5	2.61599	-5.1017	-5.16135
25	75	15	2.58908	-4.60243	-4.64405
25	75	25	2.5513	-3.28802	-3.28765
25	75	35	2.57292	-4.37865	-4.39746
25	75	45	2.69874	-4.40657	-4.54287
25	75	55	2.8631	-4.00058	-4.29507
25	75	65	3.16481	-3.88766	-4.40212
25	75	75	2.73538	-4.70145	-4.87797
25	75	85	2.64576	-4.91259	-5.00139
25	85	5	2.65599	-5.10047	-5.20458
25	85	15	2.57267	-4.10242	-4.12323
25	85	25	2.59143	-3.15246	-3.1529
25	85	35	2.61192	-4.78667	-4.84747
25	85	45	2.75436	-4.9342	-5.13728
25	85	55	2.89613	-4.42797	-4.77178
25	85	65	3.14028	-3.74473	-4.33177
25	85	75	2.72455	-4.63901	-4.81048
25	85	85	2.63852	-4.81242	-4.89731
35	5	5	3.49278	-5.93627	-5.11794
35	5	15	2.87523	-4.38282	-4.1054
35	5	25	2.63437	-3.84247	-3.84496
35	5	35	2.73209	-5.00308	-5.14325
35	5	45	2.79484	-5.09655	-5.29874
35	5	55	3.04124	-4.78128	-5.1067
35	5	65	3.56109	-3.63369	-3.87347
35	5	75	3.5654	-4.27946	-3.88467
35	5	85	3.79884	-5.59366	-4.79969
35	15	5	4.76592	-7.12968	-5.24136
35	15	15	4.22096	-5.30435	-3.8094
35	15	25	3.21587	-4.67128	-4.13365
35	15	35	3.19296	-5.29414	-5.17519
35	15	45	3.17838	-5.45928	-5.34169
35	15	55	3.25647	-5.07657	-5.07182
35	15	65	3.97682	-4.59042	-3.69586
35	15	75	4.37923	-4.47574	-2.85582
35	15	85	4.92196	-5.83031	-3.66358
35	25	5	4.3133	-6.39684	-5.09382
35	25	15	3.80434	-4.30094	-3.35628
35	25	25	2.95274	-3.82939	-3.61161
35	25	35	2.97985	-4.98049	-5.07364
35	25	45	3.28422	-5.2894	-5.64675
35	25	55	2.96621	-4.41394	-4.52393
35	25	65	2.87389	-3.33228	-3.217
35	25	75	2.92731	-3.05396	-2.75867
35	25	85	3.5723	-4.10908	-3.24862
35	35	5	3.59546	-5.10641	-5.56362
35	35	15	2.75027	-4.06217	-3.98094
35	35	25	2.68355	-3.84578	-3.92602
35	35	35	2.90583	-5.0686	-5.35907
35	35	45	3.46597	-5.1705	-5.94678
35	35	55	3.0483	-4.7567	-5.18457
35	35	65	2.66408	-3.22469	-3.23558
35	35	75	2.71149	-2.75199	-2.63162
35	35	85	3.18732	-3.2913	-3.13503
35	45	5	3.19949	-4.97366	-5.5756
35	45	15	2.56366	-4.66359	-4.67265
35	45	25	2.57622	-4.98304	-4.96304
35	45	35	2.75552	-4.78241	-4.86055
35	45	45	3.57985	-4.6856	-5.52322
35	45	55	2.91413	-4.1035	-4.38129
35	45	65	2.77684	-3.22349	-3.0808
35	45	75	2.69426	-3.07202	-2.96964
35	45	85	2.75823	-3.55979	-3.63261
35	55	5	3.07427	-5.42957	-5.24955
35	55	15	2.57548	-5.30539	-5.00262
35	55	25	2.75208	-4.44213	-4.2422
35	55	35	2.65365	-3.67262	-3.65088
35	55	45	3.25208	-3.90703	-4.3268
35	55	55	3.24177	-4.12907	-3.93564
35	55	65	3.25709	-4.22747	-3.64424
35	55	75	3.49614	-4.24187	-3.45847
35	55	85	3.39522	-5.54399	-4.93979
35	65	5	2.72076	-5.24695	-5.11967
35	65	15	2.67389	-5.12483	-5.00318
35	65	25	2.56672	-3.67847	-3.65852
35	65	35	2.63149	-4.52965	-4.52928
35	65	45	2.81146	-4.29683	-4.39642
35	65	55	3.0059	-4.34063	-4.22502
35	65	65	3.23254	-3.58982	-3.39193
35	65	75	3.35473	-4.216	-4.05311
35	65	85	2.93153	-4.91082	-4.89913
35	75	5	2.65758	-5.14446	-5.12041
35	75	15	2.61392	-4.86326	-4.88288
35	75	25	2.57187	-3.65643	-3.63569
35	75	35	2.59293	-4.74277	-4.78155
35	75	45	2.65549	-4.91564	-5.01281
35	75	55	2.66154	-4.60673	-4.70433
35	75	65	3.16382	-3.26039	-3.80793
35	75	75	3.32778	-4.09946	-4.76514
35	75	85	2.76996	-4.70246	-4.81873
35	85	5	2.61553	-5.10066	-5.24024
35	85	15	2.57401	-4.28327	-4.30367
35	85	25	2.59203	-3.57218	-3.57292
35	85	35	2.65203	-4.96623	-5.06627
35	85	45	2.7157	-5.06814	-5.23163
35	85	55	2.75748	-4.70829	-4.9142
35	85	65	3.59738	-3.18412	-4.18192
35	85	75	3.2032	-4.48051	-5.00519
35	85	85	2.67917	-4.81644	-4.93961
45	5	5	4.07741	-6.35801	-5.00094
45	5	15	3.17434	-4.18217	-3.64588
45	5	25	2.6994	-3.70782	-3.61183
45	5	35	2.81748	-4.75324	-4.8953
45	5	45	2.88253	-5.12161	-5.40853
45	5	55	2.77874	-5.045	-5.02542
45	5	65	3.7274	-4.08921	-3.75548
45	5	75	3.84301	-4.25232	-3.52606
45	5	85	3.8565	-4.67162	-3.57053
45	15	5	4.76436	-6.77508	-4.90117
45	15	15	4.32962	-4.69367	-3.20717
45	15	25	3.53155	-3.93106	-3.01274
45	15	35	3.18899	-4.84354	-4.50651
45	15	45	3.32394	-5.49159	-5.48063
45	15	55	3.19334	-5.27765	-5.1277
45	15	65	3.671	-4.32399	-4.18394
45	15	75	3.85113	-3.73881	-3.13124
45	15	85	4.42609	-5.10083	-3.39723
45	25	5	4.74006	-6.24541	-4.80609
45	25	15	4.41232	-4.40208	-2.90154
45	25	25	3.63798	-3.7067	-2.76913
45	25	35	3.10282	-4.10873	-4.04586
45	25	45	3.67661	-5.70658	-5.61556
45	25	55	3.29859	-4.94817	-4.76248
45	25	65	3.4937	-4.02977	-3.50177
45	25	75	3.21051	-3.56298	-3.11372
45	25	85	3.7366	-5.13606	-4.27959
45	35	5	3.6272	-4.1431	-4.49981
45	35	15	3.31286	-3.06044	-3.49596
45	35	25	2.68995	-3.03342	-2.99359
45	35	35	2.94499	-4.40053	-4.53422
45	35	45	3.81944	-5.25526	-6.22567
45	35	55	3.02109	-4.68221	-4.59192
45	35	65	2.70902	-3.27827	-3.17018
45	35	75	2.78447	-3.25514	-3.06284
45	35	85	3.17308	-3.27478	-3.616
45	45	5	3.71128	-3.84775	-4.58832
45	45	15	2.95226	-3.35818	-3.59557
45	45	25	2.86415	-4.49952	-4.45049
45	45	35	2.85642	-4.9611	-5.21709
45	45	45	3.78937	-5.0902	-6.1096
45	45	55	2.68144	-4.59429	-4.66058
45	45	65	2.66783	-3.30885	-3.19683
45	45	75	2.78419	-3.1158	-2.88431
45	45	85	3.30549	-3.26548	-3.59346
45	55	5	3.89874	-5.87517	-5.61226
45	55	15	3.08679	-5.42471	-5.12908
45	55	25	2.76006	-4.89624	-4.81928
45	55	35	2.7535	-4.60052	-4.72038
45	55	45	3.59432	-4.87521	-5.87685
45	55	55	2.65039	-3.05283	-3.10974
45	55	65	2.83492	-3.76367	-3.52267
45	55	75	3.53676	-4.08571	-3.10119
45	55	85	3.97566	-5.80321	-4.8986
45	65	5	3.13962	-5.62287	-5.0985
45	65	15	2.84444	-5.08629	-4.84906
45	65	25	2.65529	-4.56211	-4.50223
45	65	35	2.63215	-5.08527	-5.04552
45	65	45	3.07516	-4.81341	-5.17515
45	65	55	2.80438	-4.09774	-3.98627
45	65	65	2.9168	-2.95659	-2.67666
45	65	75	3.18273	-3.40336	-2.77167
45	65	85	3.40875	-5.10448	-4.40834
45	75	5	2.7362	-4.79878	-4.73499
45	75	15	2.71683	-4.94519	-4.86656
45	75	25	2.61841	-4.00446	-3.94221
45	75	35	2.55886	-4.98038	-4.97376
45	75	45	3.03714	-5.07422	-5.53147
45	75	55	2.67199	-4.8344	-4.89523
45	75	65	2.58518	-3.29479	-3.30159
45	75	75	2.98594	-3.17711	-3.18381
45	75	85	2.80074	-3.98235	-3.85668
45	85	5	2.65878	-4.97784	-4.99597
45	85	15	2.57682	-4.06402	-4.08495
45	85	25	2.612	-3.51771	-3.49694
45	85	35	2.61326	-4.93403	-4.95361
45	85	45	2.77617	-5.11705	-5.29775
45	85	55	2.59983	-5.11894	-5.08675
45	85	65	2.74211	-3.54184	-3.47328
45	85	75	3.1887	-3.62183	-3.74496
45	85	85	2.8431	-4.41009	-4.24375
55	5	5	4.18609	-5.05012	-3.75218
55	5	15	3.73775	-4.41991	-3.24414
55	5	25	3.22366	-3.82855	-3.24655
55	5	35	3.1683	-4.88058	-4.55578
55	5	45	3.35186	-5.47341	-5.52394
55	5	55	3.21096	-5.67873	-5.14501
55	5	65	3.37779	-4.76825	-3.98167
55	5	75	4.19558	-4.2091	-2.85193
55	5	85	4.39001	-4.51913	-2.97444
55	15	5	4.77805	-6.36063	-4.48513
55	15	15	4.56948	-4.62724	-3.22788
55	15	25	3.81022	-3.8181	-2.98519
55	15	35	3.62484	-4.38501	-4.23224
55	15	45	3.12119	-5.46038	-5.29743
55	15	55	3.03227	-5.49707	-5.14815
55	15	65	3.02547	-4.64991	-4.4614
55	15	75	3.42791	-3.97379	-3.31646
55	15	85	4.5026	-5.60345	-4.11786
55	25	5	4.87448	-6.80724	-5.08868
55	25	15	5.09287	-5.14128	-3.70983
55	25	25	4.23243	-4.09914	-3.46472
55	25	35	4.06912	-4.04867	-4.6287
55	25	45	3.3675	-5.59409	-5.39664
55	25	55	3.99954	-5.85222	-5.40029
55	25	65	3.87367	-4.70672	-4.01119
55	25	75	4.49008	-5.06615	-3.70067
55	25	85	4.68056	-6.53946	-5.38147
55	35	5	4.23212	-4.36459	-4.72111
55	35	15	3.77785	-4.3009	-4.54318
55	35	25	2.8705	-3.11069	-3.23763
55	35	35	3.46925	-3.66776	-4.47825
55	35	45	3.83341	-5.3112	-6.12325
55	35	55	3.39165	-4.61578	-4.50878
55	35	65	3.42003	-3.62295	-3.26532
55	35	75	3.49934	-3.98646	-3.49364
55	35	85	3.91058	-4.7768	-4.90311
55	45	5	3.73631	-3.39396	-4.0767
55	45	15	3.29443	-3.40143	-3.61332
55	45	25	3.02765	-3.62302	-3.52951
55	45	35	3.17169	-4.86886	-5.18958
55	45	45	4.11099	-5.15084	-6.57995
55	45	55	2.84019	-4.44326	-4.64977
55	45	65	2.62124	-3.26931	-3.23699
55	45	75	2.6958	-3.14575	-3.10484
55	45	85	3.63993	-3.52729	-4.08332
55	55	5	4.34349	-5.84791	-5.96665
55	55	15	3.47805	-5.25736	-5.53519
55	55	25	2.8524	-5.13191	-4.90052
55	55	35	3.09851	-4.93009	-5.27013
55	55	45	3.5004	-5.06039	-5.96644
55	55	55	2.73074	-3.45966	-3.51929
55	55	65	2.71379	-3.09204	-3.01321
55	55	75	2.75472	-3.46629	-3.38478
55	55	85	3.65624	-5.30249	-5.23807
55	65	5	3.43961	-5.33773	-5.45644
55	65	15	3.0768	-4.84555	-4.92342
55	65	25	2.77096	-4.68122	-4.57871
55	65	35	2.91573	-5.27629	-5.15855
55	65	45	3.81988	-5.27279	-5.81843
55	65	55	2.84508	-4.0787	-3.92954
55	65	65	3.09514	-3.20424	-2.74114
55	65	75	3.25591	-3.37411	-2.71083
55	65	85	3.37678	-4.80738	-4.22242
55	75	5	3.41627	-5.22697	-5.17139
55	75	15	2.90155	-4.20195	-4.07083
55	75	25	2.70724	-3.87808	-3.79099
55	75	35	2.74214	-5.01362	-5.11671
55	75	45	3.16477	-5.16697	-5.64778
55	75	55	2.80879	-5.16599	-5.20107
55	75	65	2.5865	-3.73333	-3.69876
55	75	75	3.08276	-3.08441	-2.63268
55	75	85	3.5208	-4.49913	-3.74151
55	85	5	2.90434	-4.43989	-4.46521
55	85	15	2.76573	-3.75989	-3.80179
55	85	25	2.59194	-3.34685	-3.36697
55	85	35	2.74451	-4.948	-4.92307
55	85	45	3.20591	-5.20948	-5.64434
55	85	55	2.68996	-5.21588	-5.12504
55	85	65	2.77403	-4.17864	-4.03654
55	85	75	3.40511	-3.43849	-2.78684
55	85	85	3.04211	-3.49567	-3.07394
65	5	5	3.89561	-4.95006	-4.43611
65	5	15	3.64038	-3.68876	-3.65164
65	5	25	3.21075	-3.55909	-3.32757
65	5	35	3.09752	-4.38953	-4.33043
65	5	45	3.41829	-5.76159	-5.29923
65	5	55	3.90148	-6.41002	-5.10442
65	5	65	4.36611	-6.19607	-4.50306
65	5	75	4.85919	-4.394	-3.55401
65	5	85	4.37216	-4.54897	-3.65959
65	15	5	4.01313	-6.04461	-5.13059
65	15	15	3.86724	-4.60209	-3.81747
65	15	25	4.19551	-4.23717	-3.21686
65	15	35	3.73112	-4.46002	-3.84812
65	15	45	3.15845	-5.54017	-5.24362
65	15	55	2.90441	-5.39036	-5.04696
65	15	65	3.24681	-5.13285	-4.80622
65	15	75	3.3628	-4.0337	-3.93655
65	15	85	3.5925	-5.44745	-5.26235
65	25	5	3.85996	-5.84904	-5.4953
65	25	15	4.32302	-5.20078	-4.7436
65	25	25	5.19101	-5.15219	-4.56454
65	25	35	4.54459	-4.28873	-4.65572
65	25	45	3.55288	-5.76904	-5.38368
65	25	55	3.45794	-5.76028	-5.15039
65	25	65	3.73084	-4.87245	-4.67065
65	25	75	3.86682	-4.83239	-4.81615
65	25	85	4.36763	-6.03259	-5.79229
65	35	5	3.63306	-5.23996	-5.67791
65	35	15	4.2897	-5.09953	-5.71061
65	35	25	4.29227	-3.75121	-4.91622
65	35	35	4.28043	-3.49246	-4.71459
65	35	45	3.96469	-5.57031	-5.98654
65	35	55	3.50047	-4.87318	-5.27975
65	35	65	2.95748	-3.16477	-3.43777
65	35	75	2.90341	-3.73762	-3.96267
65	35	85	3.81553	-5.11035	-6.09071
65	45	5	3.53942	-4.784	-5.2508
65	45	15	4.05467	-4.43725	-5.25449
65	45	25	3.99895	-3.16625	-4.15402
65	45	35	4.23145	-4.49941	-5.54159
65	45	45	4.07804	-5.25846	-6.41311
65	45	55	3.41906	-4.36487	-5.06622
65	45	65	2.9206	-3.10486	-3.4904
65	45	75	2.71791	-3.44023	-3.54705
65	45	85	3.63149	-4.56533	-5.36577
65	55	5	3.16147	-5.27323	-5.88765
65	55	15	3.35598	-5.16979	-5.50088
65	55	25	3.29342	-5.11022	-5.4376
65	55	35	3.34044	-4.90895	-5.57398
65	55	45	4.00427	-5.15563	-6.48638
65	55	55	3.07868	-4.30213	-4.66895
65	55	65	2.72818	-3.44844	-3.4648
65	55	75	2.85498	-3.74497	-3.68811
65	55	85	3.45624	-4.84567	-5.34206
65	65	5	3.85752	-5.21922	-6.156
65	65	15	3.31069	-4.90087	-5.62964
65	65	25	2.77989	-4.47987	-4.6267
65	65	35	3.01945	-5.04011	-5.34294
65	65	45	3.73584	-5.23734	-6.02053
65	65	55	2.97303	-4.36437	-4.13918
65	65	65	3.18298	-4.09522	-3.59273
65	65	75	3.34236	-3.4907	-2.77949
65	65	85	3.41833	-4.89339	-4.58688
65	75	5	4.47276	-5.82246	-6.10336
65	75	15	3.68664	-4.19905	-4.93468
65	75	25	3.04483	-4.01243	-3.86645
65	75	35	3.43388	-5.15082	-4.99286
65	75	45	3.63388	-5.56113	-5.72313
65	75	55	3.07722	-5.59882	-5.12422
65	75	65	3.33539	-4.98146	-4.27719
65	75	75	3.69887	-3.76185	-2.65403
65	75	85	4.37676	-5.31711	-3.85623
65	85	5	3.62813	-4.90472	-4.79781
65	85	15	3.60471	-3.52054	-3.92381
65	85	25	2.96866	-3.46162	-3.75446
65	85	35	3.28108	-4.70114	-4.69919
65	85	45	3.42429	-5.65143	-5.44062
65	85	55	3.33151	-5.85969	-5.12482
65	85	65	3.39284	-5.12277	-4.28123
65	85	75	4.18876	-3.96765	-2.93802
65	85	85	3.83598	-3.95507	-3.15359
75	5	5	3.63952	-5.38271	-5.14226
75	5	15	3.71632	-3.96953	-4.32828
75	5	25	3.27428	-3.44434	-3.12634
75	5	35	3.23105	-4.2072	-3.64839
75	5	45	3.49141	-5.8867	-5.22709
75	5	55	3.15783	-5.70199	-5.1088
75	5	65	3.17377	-5.28204	-5.06478
75	5	75	4.1987	-3.36642	-3.8925
75	5	85	3.52949	-4.69589	-4.22794
75	15	5	3.27988	-5.46673	-5.34988
75	15	15	3.82347	-5.04762	-5.18566
75	15	25	3.46546	-4.31211	-3.76735
75	15	35	3.36462	-4.25307	-3.68469
75	15	45	3.33698	-5.7461	-5.2033
75	15	55	3.28383	-5.76274	-5.13394
75	15	65	4.17564	-5.68205	-5.46586
75	15	75	4.38553	-4.90927	-5.66292
75	15	85	3.61792	-5.33725	-5.80244
75	25	5	2.94468	-5.18034	-5.36668
75	25	15	3.25761	-4.65924	-5.16162
75	25	25	3.94648	-4.40123	-5.4163
75	25	35	3.72954	-4.56418	-4.93052
75	25	45	3.48267	-5.75331	-5.3209
75	25	55	3.71591	-5.93778	-5.23064
75	25	65	3.98876	-5.09285	-5.38657
75	25	75	3.29671	-4.58884	-4.66171
75	25	85	3.43707	-5.25518	-5.77403
75	35	5	3.42226	-5.10091	-5.97049
75	35	15	3.89954	-4.6804	-5.94883
75	35	25	4.72523	-4.02184	-5.87582
75	35	35	4.4678	-3.63472	-4.54359
75	35	45	3.93274	-6.02562	-5.49513
75	35	55	3.31081	-4.77079	-4.91201
75	35	65	3.20758	-3.28729	-3.60934
75	35	75	3.05983	-4.06472	-4.37135
75	35	85	3.43285	-5.06515	-5.94333
75	45	5	3.51585	-5.14017	-5.66339
75	45	15	4.60824	-4.91916	-6.17477
75	45	25	4.68635	-3.23753	-4.67923
75	45	35	4.67359	-3.9646	-5.33649
75	45	45	3.56119	-5.17454	-5.96518
75	45	55	3.60005	-4.14395	-5.06794
75	45	65	3.00769	-2.93296	-3.34778
75	45	75	2.69284	-3.48204	-3.5837
75	45	85	3.57145	-4.9939	-5.97349
75	55	5	3.49905	-5.21411	-5.89091
75	55	15	3.36665	-5.03368	-5.68287
75	55	25	3.65868	-4.50431	-5.52711
75	55	35	3.65348	-4.81957	-5.80033
75	55	45	3.92591	-5.2237	-6.31841
75	55	55	3.96995	-4.3423	-5.67952
75	55	65	3.07366	-4.06564	-4.22826
75	55	75	2.93526	-4.34406	-4.00509
75	55	85	3.4942	-5.33198	-5.14838
75	65	5	3.61744	-5.21799	-5.95399
75	65	15	3.30784	-4.80051	-5.52411
75	65	25	2.90585	-4.19847	-4.55968
75	65	35	3.15103	-4.47805	-5.07806
75	65	45	3.93382	-5.11774	-6.45894
75	65	55	3.41065	-4.54351	-5.35989
75	65	65	2.75844	-4.09446	-4.24183
75	65	75	2.80722	-3.22339	-3.04753
75	65	85	3.06424	-4.8829	-4.61286
75	75	5	4.19283	-6.20707	-5.527
75	75	15	3.55385	-4.92111	-4.72309
75	75	25	3.0929	-3.57803	-3.59922
75	75	35	2.87089	-3.90877	-3.98877
75	75	45	3.77183	-5.39955	-6.01955
75	75	55	3.38951	-5.6828	-5.31715
75	75	65	3.43825	-5.6247	-4.74416
75	75	75	3.65505	-4.0345	-2.97066
75	75	85	4.31782	-5.67916	-4.07721
75	85	5	4.09512	-5.59633	-5.61472
75	85	15	3.71586	-3.94365	-4.18127
75	85	25	2.83585	-3.202	-3.1628
75	85	35	2.95343	-3.97506	-3.81506
75	85	45	2.95102	-5.23261	-5.39261
75	85	55	2.79393	-5.3425	-5.10444
75	85	65	2.95301	-5.0233	-4.62261
75	85	75	3.37516	-3.36727	-2.78636
75	85	85	3.32115	-4.13677	-3.49872
85	5	5	2.65505	-5.03145	-5.04989
85	5	15	2.83469	-4.49949	-4.49751
85	5	25	2.95111	-3.50923	-3.20966
85	5	35	3.02903	-3.7784	-3.2984
85	5	45	3.23222	-5.63388	-5.19508
85	5	55	2.80347	-5.26186	-5.0743
85	5	65	2.67172	-4.92204	-4.96274
85	5	75	2.87359	-3.47284	-3.75461
85	5	85	2.63506	-4.5949	-4.63573
85	15	5	2.83224	-5.25945	-5.18067
85	15	15	2.87543	-5.09716	-5.05597
85	15	25	2.71667	-4.49653	-4.45177
85	15	35	3.08062	-4.58807	-4.09847
85	15	45	4.19581	-6.37615	-5.41215
85	15	55	3.78986	-6.12333	-5.15897
85	15	65	3.69586	-5.74284	-5.28608
85	15	75	3.91448	-5.33764	-5.5003
85	15	85	3.5727	-5.85653	-5.23737
85	25	5	2.90464	-5.19193	-5.36314
85	25	15	2.83463	-5.06249	-5.26288
85	25	25	2.69391	-5.03202	-5.17008
85	25	35	2.6367	-4.63733	-4.71165
85	25	45	3.34916	-5.26898	-5.67165
85	25	55	3.56714	-5.82695	-5.23243
85	25	65	3.71897	-4.90577	-5.14546
85	25	75	3.2161	-4.8581	-4.79744
85	25	85	2.90583	-5.14178	-5.38778
85	35	5	2.79641	-5.12242	-5.32584
85	35	15	2.85437	-4.84167	-5.06474
85	35	25	3.21285	-4.31135	-4.89276
85	35	35	3.37263	-3.88502	-4.02503
85	35	45	3.76168	-5.85022	-5.52677
85	35	55	3.32543	-4.86942	-4.66783
85	35	65	3.14111	-3.52604	-3.86412
85	35	75	2.71991	-4.03686	-4.11287
85	35	85	3.05497	-5.08898	-5.58507
85	45	5	3.15464	-5.28128	-5.52488
85	45	15	3.53745	-5.1036	-5.52683
85	45	25	3.35312	-3.29364	-3.77407
85	45	35	3.95308	-3.19848	-4.35805
85	45	45	3.11876	-5.10514	-5.58782
85	45	55	3.02085	-3.846	-4.30661
85	45	65	2.97972	-2.89187	-3.23529
85	45	75	2.55042	-3.66175	-3.66125
85	45	85	3.12986	-5.1581	-5.59848
85	55	5	3.95379	-5.60182	-5.84023
85	55	15	3.23865	-4.9404	-5.104
85	55	25	2.95268	-3.97078	-4.29161
85	55	35	3.57186	-4.35825	-5.37822
85	55	45	2.87666	-5.07183	-5.39739
85	55	55	3.37834	-4.66139	-5.40852
85	55	65	2.71916	-4.14293	-4.14846
85	55	75	3.05072	-4.7575	-4.25668
85	55	85	3.55021	-5.66721	-5.06721
85	65	5	3.39019	-5.27412	-5.67573
85	65	15	2.85949	-4.90464	-5.11938
85	65	25	2.65269	-3.95703	-4.01626
85	65	35	3.31226	-4.23047	-4.94925
85	65	45	3.45462	-5.09518	-5.99877
85	65	55	3.70308	-4.94208	-6.05333
85	65	65	2.78642	-4.80965	-4.83781
85	65	75	2.74549	-3.87211	-3.67778
85	65	85	2.8694	-4.8164	-4.74119
85	75	5	2.97574	-5.27412	-5.29025
85	75	15	2.75486	-4.70369	-4.62226
85	75	25	2.73197	-3.59612	-3.41602
85	75	35	2.75185	-3.28478	-3.28399
85	75	45	3.51143	-5.14997	-5.98956
85	75	55	3.42029	-5.10195	-5.972
85	75	65	2.58405	-5.01485	-4.99905
85	75	75	2.69834	-3.38814	-3.40176
85	75	85	2.73931	-4.56639	-4.5022
85	85	5	2.83193	-5.20037	-5.16033
85	85	15	2.83589	-4.04458	-3.90213
85	85	25	2.65505	-3.05042	-2.88645
85	85	35	2.61224	-2.86757	-2.84595
85	85	45	3.37266	-5.05662	-5.87658
85	85	55	2.71838	-5.10204	-5.26929
85	85	65	2.55585	-4.84166	-4.8464
85	85	75	2.67204	-3.01488	-3.13578
85	85	85	2.6347	-4.03905	-4.04265
