5	5	5	2.6704	-3.42044	-3.49817
5	5	15	2.59504	-3.01287	-2.97363
5	5	25	2.87392	-3.64595	-3.32433
5	5	35	4.07678	-5.7022	-5.2581
5	5	45	4.66646	-6.16607	-5.95146
5	5	55	3.67525	-5.75887	-5.27327
5	5	65	3.06917	-5.25163	-4.99757
5	5	75	2.95472	-4.94937	-5.10707
5	5	85	3.7208	-5.07964	-6.1676
5	15	5	2.71037	-3.93829	-3.93523
5	15	15	2.75449	-2.88265	-2.72208
5	15	25	2.87509	-3.01328	-2.69083
5	15	35	3.44392	-4.7349	-4.362
5	15	45	3.87036	-5.72969	-5.49516
5	15	55	3.24759	-5.16789	-4.73147
5	15	65	2.88239	-4.78571	-4.58642
5	15	75	2.79427	-5.11714	-5.19624
5	15	85	3.63392	-4.97162	-5.93365
5	25	5	2.64639	-5.07947	-5.12599
5	25	15	2.624	-3.72836	-3.74123
5	25	25	2.56471	-2.60636	-2.59268
5	25	35	2.84634	-3.84955	-3.71664
5	25	45	2.78084	-4.95425	-4.80867
5	25	55	2.7036	-4.08561	-3.98922
5	25	65	2.69644	-3.90004	-3.79901
5	25	75	2.63654	-5.03441	-4.99028
5	25	85	3.00119	-5.10772	-5.54344
5	35	5	2.66414	-5.12322	-5.19189
5	35	15	2.6122	-4.03679	-4.01657
5	35	25	2.90166	-2.81546	-2.90643
5	35	35	2.87032	-3.29653	-3.10128
5	35	45	2.84132	-4.5055	-4.33659
5	35	55	2.63962	-3.7187	-3.71767
5	35	65	2.55602	-3.31887	-3.31901
5	35	75	2.59251	-4.87887	-4.8386
5	35	85	3.05404	-5.12079	-5.58115
5	45	5	2.58183	-5.10419	-5.09041
5	45	15	2.73593	-4.08522	-4.02283
5	45	25	3.68648	-3.4633	-3.08864
5	45	35	3.62301	-3.83641	-2.89016
5	45	45	3.81724	-4.8069	-3.66656
5	45	55	4.01612	-4.70039	-3.28203
5	45	65	3.15134	-3.76224	-3.20214
5	45	75	2.71409	-4.53132	-4.45003
5	45	85	2.85615	-5.16047	-5.34119
5	55	5	3.04703	-5.47392	-5.18606
5	55	15	3.36848	-4.71456	-4.73975
5	55	25	3.4639	-3.8367	-3.48954
5	55	35	3.60705	-4.8387	-3.98706
5	55	45	4.42501	-6.1187	-4.41403
5	55	55	4.63816	-4.96275	-2.96264
5	55	65	4.20936	-4.40539	-2.79863
5	55	75	3.70469	-4.72113	-3.97595
5	55	85	3.34773	-5.58133	-5.40304
5	65	5	3.42551	-5.53029	-5.14818
5	65	15	3.50762	-4.16426	-4.1876
5	65	25	3.63263	-4.14922	-3.76015
5	65	35	3.19113	-5.45007	-4.98144
5	65	45	3.74176	-5.76726	-4.91595
5	65	55	4.51125	-4.96921	-3.30108
5	65	65	4.26224	-4.62254	-2.97192
5	65	75	3.71373	-4.5919	-3.73008
5	65	85	3.23933	-5.39446	-5.46811
5	75	5	2.99097	-4.30097	-4.42291
5	75	15	3.03854	-3.28981	-3.21697
5	75	25	2.78918	-3.37893	-3.351
5	75	35	2.92845	-4.37305	-4.32473
5	75	45	3.0663	-3.84272	-4.07716
5	75	55	3.09073	-4.16956	-3.9898
5	75	65	2.78886	-3.17758	-3.08911
5	75	75	2.88487	-3.70327	-3.85835
5	75	85	3.19805	-5.20577	-5.59331
5	85	5	2.85039	-4.5114	-4.59182
5	85	15	2.60824	-3.24031	-3.233
5	85	25	2.68601	-3.15732	-3.06348
5	85	35	3.26499	-3.47238	-3.72168
5	85	45	3.48072	-3.33593	-3.83914
5	85	55	3.35955	-3.34631	-3.73515
5	85	65	2.68249	-3.41987	-3.38749
5	85	75	2.99593	-4.89997	-4.98272
5	85	85	3.70514	-5.11011	-6.21482
15	5	5	2.82053	-4.24338	-4.46955
15	5	15	2.64001	-3.42808	-3.39698
15	5	25	2.73336	-3.66456	-3.6457
15	5	35	3.53589	-4.80326	-5.46293
15	5	45	4.07025	-5.63002	-5.91882
15	5	55	3.87513	-5.76932	-5.3997
15	5	65	3.06718	-5.22733	-5.09429
15	5	75	3.2881	-5.11314	-5.31746
15	5	85	4.14929	-5.1981	-6.58892
15	15	5	3.03191	-4.40198	-4.16045
15	15	15	2.8142	-3.7492	-3.56996
15	15	25	3.11512	-3.24223	-2.80072
15	15	35	3.75591	-4.99057	-4.82728
15	15	45	4.20239	-5.74011	-5.99996
15	15	55	3.53719	-5.26496	-5.48245
15	15	65	2.81016	-4.66323	-4.47407
15	15	75	3.15603	-5.11855	-5.40107
15	15	85	3.71996	-5.27775	-5.96424
15	25	5	2.68994	-5.1647	-5.17067
15	25	15	2.70287	-4.34849	-4.27765
15	25	25	2.58642	-2.66901	-2.63441
15	25	35	3.16317	-4.16555	-3.7942
15	25	45	3.91837	-5.86574	-5.50569
15	25	55	3.33306	-4.47947	-4.30108
15	25	65	2.85053	-3.91285	-3.73074
15	25	75	2.79616	-4.75206	-4.75389
15	25	85	3.50229	-5.14472	-6.00795
15	35	5	2.80706	-5.21202	-5.24803
15	35	15	2.66636	-4.39599	-4.28156
15	35	25	2.79398	-2.81652	-2.69437
15	35	35	3.40997	-3.66472	-3.01793
15	35	45	3.41186	-4.76872	-4.71754
15	35	55	2.82472	-3.33933	-3.28503
15	35	65	2.67198	-3.44562	-3.39379
15	35	75	2.70853	-4.34594	-4.48264
15	35	85	3.20751	-5.2086	-5.64667
15	45	5	2.95022	-5.45714	-5.10604
15	45	15	3.1883	-5.03885	-4.48247
15	45	25	3.45891	-3.6266	-2.92114
15	45	35	4.08657	-4.69458	-3.22839
15	45	45	4.43218	-5.71263	-4.2101
15	45	55	4.14583	-4.59202	-3.25382
15	45	65	3.76279	-4.33473	-3.184
15	45	75	3.26262	-4.71365	-4.17061
15	45	85	3.56694	-5.5678	-5.64163
15	55	5	2.98069	-5.40853	-5.10507
15	55	15	2.9862	-5.03672	-4.64174
15	55	25	3.02619	-3.91071	-3.72292
15	55	35	3.46527	-5.60127	-4.98131
15	55	45	4.43817	-6.57513	-5.02511
15	55	55	4.60777	-5.60334	-3.55755
15	55	65	4.30445	-4.61409	-2.94969
15	55	75	3.74331	-4.6097	-3.70987
15	55	85	3.59	-5.70148	-5.51386
15	65	5	3.10415	-5.48884	-5.06804
15	65	15	3.64421	-5.13186	-4.32461
15	65	25	3.66989	-5.17546	-4.27615
15	65	35	4.43628	-6.6564	-5.23713
15	65	45	4.37054	-6.66146	-5.19346
15	65	55	4.86158	-6.1076	-4.37614
15	65	65	4.75002	-5.52503	-3.75073
15	65	75	4.16946	-4.63338	-3.93598
15	65	85	3.22367	-5.54447	-5.27904
15	75	5	3.28449	-4.83691	-5.10004
15	75	15	3.3384	-3.57186	-3.4116
15	75	25	3.45114	-4.28727	-3.96075
15	75	35	3.75736	-5.68885	-5.45405
15	75	45	3.4701	-5.53454	-5.22036
15	75	55	3.72811	-5.19722	-5.04972
15	75	65	3.56559	-3.95538	-3.9854
15	75	75	3.69632	-3.3351	-4.28786
15	75	85	2.91441	-5.12546	-5.38111
15	85	5	2.96327	-4.32695	-4.64834
15	85	15	2.82805	-3.12417	-3.33853
15	85	25	2.82005	-3.48147	-3.62794
15	85	35	3.4168	-4.54776	-5.16785
15	85	45	3.81627	-4.78964	-5.52201
15	85	55	3.53645	-4.34532	-4.8282
15	85	65	3.01998	-3.18196	-3.15939
15	85	75	3.72043	-4.48536	-5.04463
15	85	85	3.74822	-5.22225	-6.1195
25	5	5	3.39697	-4.3627	-5.08614
25	5	15	2.999	-3.94605	-4.27319
25	5	25	2.75828	-4.04247	-4.12891
25	5	35	3.63188	-4.90921	-5.70926
25	5	45	3.38304	-5.07291	-5.5761
25	5	55	3.99869	-5.07848	-5.95011
25	5	65	4.015	-4.70882	-5.67893
25	5	75	4.11983	-4.96623	-6.12003
25	5	85	3.95405	-5.1458	-6.42444
25	15	5	3.19908	-4.7227	-4.96913
25	15	15	2.97138	-4.38803	-4.16119
25	15	25	3.2418	-3.57459	-3.13091
25	15	35	4.0019	-5.24136	-5.19209
25	15	45	3.84076	-5.64013	-5.91525
25	15	55	3.31232	-4.96457	-5.35772
25	15	65	3.10676	-4.2193	-4.73334
25	15	75	3.31946	-4.51927	-5.20528
25	15	85	4.02583	-5.17975	-6.48894
25	25	5	3.10986	-5.54116	-5.17914
25	25	15	3.11635	-5.24142	-4.80554
25	25	25	3.33541	-3.69488	-2.99063
25	25	35	3.95924	-5.12261	-4.27519
25	25	45	5.31597	-6.68943	-6.16778
25	25	55	4.09785	-5.1211	-5.0703
25	25	65	2.93904	-3.51761	-3.50565
25	25	75	3.25665	-4.10878	-4.17441
25	25	85	4.05544	-5.61956	-6.08315
25	35	5	3.12826	-5.65406	-5.12721
25	35	15	3.32875	-5.37964	-4.64201
25	35	25	3.41271	-3.50642	-2.68476
25	35	35	4.06714	-4.76637	-3.61511
25	35	45	4.69556	-5.87669	-5.9348
25	35	55	4.07865	-4.09205	-4.43567
25	35	65	3.05019	-3.38519	-3.23401
25	35	75	2.97588	-3.75584	-4.0559
25	35	85	3.53945	-5.45862	-5.71503
25	45	5	3.23864	-5.7668	-5.1248
25	45	15	3.89918	-6.19007	-4.88218
25	45	25	4.60913	-4.55967	-3.10968
25	45	35	4.36684	-5.54676	-4.21442
25	45	45	4.39138	-6.07349	-5.20334
25	45	55	4.20877	-4.49553	-4.29473
25	45	65	3.4695	-3.46675	-3.25875
25	45	75	3.3607	-4.03281	-3.95124
25	45	85	3.15504	-5.38951	-5.38793
25	55	5	3.02545	-5.53394	-5.10437
25	55	15	2.96046	-5.11004	-4.82268
25	55	25	3.79632	-4.88006	-5.10292
25	55	35	3.47137	-5.49086	-5.50228
25	55	45	3.57963	-5.65716	-5.4592
25	55	55	4.26521	-5.66848	-5.00654
25	55	65	3.81554	-4.63293	-3.79662
25	55	75	4.12712	-4.89547	-3.80677
25	55	85	3.64945	-5.97771	-5.28416
25	65	5	3.24963	-5.69538	-5.00676
25	65	15	3.49401	-5.27925	-4.70542
25	65	25	3.59914	-4.94324	-4.60975
25	65	35	3.64522	-5.7376	-5.49977
25	65	45	3.85353	-6.10514	-5.35073
25	65	55	3.60816	-5.38847	-4.78293
25	65	65	3.9773	-5.32563	-4.52273
25	65	75	4.44895	-5.77193	-4.44221
25	65	85	3.51976	-5.88455	-5.22672
25	75	5	3.19825	-4.96023	-4.61002
25	75	15	3.31147	-3.43148	-3.64905
25	75	25	3.26753	-4.05036	-4.63342
25	75	35	3.40285	-5.127	-5.85148
25	75	45	3.17069	-5.24216	-5.57768
25	75	55	3.49047	-4.9624	-5.25776
25	75	65	4.14099	-4.42554	-4.8879
25	75	75	4.01941	-3.41889	-4.31103
25	75	85	3.11291	-5.32315	-5.37776
25	85	5	3.41521	-4.26762	-4.75944
25	85	15	2.9541	-2.97538	-3.23177
25	85	25	2.82176	-3.48398	-3.77068
25	85	35	3.71349	-5.01352	-6.09591
25	85	45	3.43104	-5.03938	-5.63937
25	85	55	3.9267	-4.77916	-5.63324
25	85	65	4.34575	-3.2339	-4.34223
25	85	75	4.25687	-3.81934	-5.06503
25	85	85	3.78509	-5.3839	-5.97972
35	5	5	3.67762	-4.76179	-5.60781
35	5	15	3.02761	-4.10247	-4.49737
35	5	25	2.85277	-4.43825	-4.37998
35	5	35	3.91262	-5.23163	-5.87003
35	5	45	3.79863	-5.52305	-5.76349
35	5	55	4.49306	-5.02361	-6.2344
35	5	65	4.58315	-4.17398	-5.71888
35	5	75	4.34067	-4.40024	-6.10504
35	5	85	3.51228	-5.13264	-5.97219
35	15	5	3.94989	-4.94247	-6.29974
35	15	15	2.91525	-4.72763	-5.04866
35	15	25	2.60369	-3.70775	-3.70035
35	15	35	3.14701	-4.83563	-4.99961
35	15	45	3.92426	-5.44618	-6.03778
35	15	55	3.56868	-5.04262	-5.72978
35	15	65	3.63706	-3.95662	-5.00104
35	15	75	3.59304	-4.20965	-5.25085
35	15	85	3.78582	-5.09518	-6.32997
35	25	5	3.68943	-5.40235	-5.93994
35	25	15	3.33049	-5.59252	-5.16783
35	25	25	3.47508	-4.20518	-3.36146
35	25	35	3.75656	-5.52408	-4.56175
35	25	45	5.13663	-6.7542	-5.97106
35	25	55	4.45636	-5.74199	-5.32546
35	25	65	3.51266	-4.01601	-3.77682
35	25	75	3.41146	-3.4444	-3.78398
35	25	85	4.03302	-5.20956	-6.45156
35	35	5	2.92744	-5.24198	-5.3384
35	35	15	2.79487	-5.08212	-4.84496
35	35	25	2.97245	-3.41615	-3.03491
35	35	35	3.33597	-4.70154	-4.08144
35	35	45	3.73598	-5.74398	-5.52077
35	35	55	3.71628	-4.60378	-4.24333
35	35	65	3.29625	-3.39002	-3.20804
35	35	75	2.91304	-2.98837	-3.02635
35	35	85	3.75263	-5.33698	-5.97618
35	45	5	3.35345	-5.84185	-5.04428
35	45	15	3.15167	-5.48204	-4.88269
35	45	25	3.09264	-3.87244	-3.57405
35	45	35	3.17786	-5.1341	-4.63933
35	45	45	4.05548	-5.71186	-5.7699
35	45	55	3.91672	-5.02114	-5.05789
35	45	65	3.07712	-3.57328	-3.29282
35	45	75	3.19226	-3.82163	-3.42201
35	45	85	3.43103	-5.69388	-5.33386
35	55	5	3.22224	-5.68614	-5.02854
35	55	15	3.43457	-5.62284	-5.14478
35	55	25	4.55831	-5.65765	-5.82412
35	55	35	3.34671	-5.57654	-5.29138
35	55	45	3.2759	-5.38031	-5.50348
35	55	55	3.7359	-5.33722	-5.67639
35	55	65	3.32105	-4.95853	-4.59416
35	55	75	3.34143	-4.80727	-4.13888
35	55	85	3.3826	-5.76293	-5.21213
35	65	5	3.28506	-5.70367	-5.07364
35	65	15	4.19125	-5.37765	-5.14585
35	65	25	4.4171	-5.06724	-5.78931
35	65	35	3.65347	-5.42379	-5.85342
35	65	45	3.04062	-5.28433	-5.40673
35	65	55	3.35992	-5.12453	-5.72613
35	65	65	2.83796	-5.13171	-5.21444
35	65	75	2.86362	-4.82184	-4.75406
35	65	85	3.07871	-5.47735	-5.19286
35	75	5	3.736	-5.33753	-4.6103
35	75	15	3.72603	-3.62932	-4.18576
35	75	25	3.12756	-4.15767	-4.3997
35	75	35	3.35456	-5.18614	-5.7875
35	75	45	2.84284	-5.10326	-5.39143
35	75	55	3.13634	-4.80237	-5.38602
35	75	65	3.79633	-4.31119	-5.47641
35	75	75	3.48397	-3.70433	-4.31705
35	75	85	3.30459	-5.58712	-5.33278
35	85	5	3.11128	-3.95115	-4.29189
35	85	15	3.10284	-2.91175	-3.33853
35	85	25	2.97967	-3.66413	-4.05092
35	85	35	3.4515	-5.10015	-5.95967
35	85	45	3.44184	-5.12169	-5.97167
35	85	55	4.0803	-5.0428	-6.13047
35	85	65	4.96512	-3.53361	-5.1461
35	85	75	4.31026	-3.42405	-4.48966
35	85	85	3.33198	-5.43796	-5.48823
45	5	5	3.01628	-4.8213	-5.28647
45	5	15	2.97717	-4.09692	-4.44289
45	5	25	2.62997	-4.17589	-4.09543
45	5	35	3.57066	-5.53249	-5.55123
45	5	45	3.77581	-5.86277	-5.48517
45	5	55	3.75785	-5.20403	-5.32685
45	5	65	3.43469	-3.41885	-3.7777
45	5	75	3.87225	-3.50307	-4.74347
45	5	85	3.09666	-5.00198	-5.50675
45	15	5	3.33825	-4.96144	-5.74866
45	15	15	2.65826	-4.81283	-4.87926
45	15	25	2.65548	-4.20525	-4.10167
45	15	35	2.94696	-5.17949	-5.1867
45	15	45	3.54859	-5.27416	-5.89815
45	15	55	3.19545	-4.79921	-5.00601
45	15	65	2.95913	-3.22002	-3.5344
45	15	75	3.59224	-3.31942	-4.31902
45	15	85	2.89827	-5.0888	-5.39276
45	25	5	3.74309	-5.06231	-6.13356
45	25	15	2.68281	-5.05845	-5.19021
45	25	25	2.5763	-4.05934	-4.03419
45	25	35	2.73949	-4.8804	-4.93517
45	25	45	3.29769	-5.21864	-5.71282
45	25	55	3.01653	-4.6054	-4.66272
45	25	65	2.7741	-3.32018	-3.258
45	25	75	3.47155	-3.21924	-3.77873
45	25	85	3.55543	-5.06499	-5.86779
45	35	5	3.42153	-4.70263	-5.57146
45	35	15	2.55968	-4.98208	-4.99066
45	35	25	2.63113	-3.35985	-3.43988
45	35	35	2.6127	-4.42649	-4.48804
45	35	45	2.81148	-5.10884	-5.28922
45	35	55	2.7727	-4.30187	-4.20261
45	35	65	2.7351	-2.95528	-2.73205
45	35	75	2.81464	-3.03191	-2.96793
45	35	85	3.49264	-4.8053	-5.66368
45	45	5	3.27833	-5.32112	-4.92842
45	45	15	2.77621	-5.24244	-5.02683
45	45	25	2.71238	-4.05683	-4.13819
45	45	35	2.61508	-4.7807	-4.80395
45	45	45	2.69265	-5.06118	-5.16041
45	45	55	2.67503	-4.7036	-4.74201
45	45	65	2.67388	-3.75964	-3.61685
45	45	75	2.93026	-3.89736	-3.55733
45	45	85	3.85182	-5.43653	-5.77733
45	55	5	3.88787	-6.38588	-5.11393
45	55	15	3.73332	-6.12244	-5.10153
45	55	25	3.65359	-5.41844	-4.91941
45	55	35	3.21387	-5.64945	-5.1115
45	55	45	3.43268	-5.91188	-5.15271
45	55	55	2.87186	-5.19977	-5.16061
45	55	65	2.79428	-5.10993	-4.98759
45	55	75	2.65623	-4.78861	-4.6834
45	55	85	3.18181	-5.47562	-5.08722
45	65	5	2.886	-5.27917	-5.21867
45	65	15	3.70038	-5.28575	-4.82448
45	65	25	3.77861	-4.04297	-4.3423
45	65	35	3.11516	-5.37762	-5.21601
45	65	45	2.70665	-5.15513	-5.20194
45	65	55	2.78383	-5.19279	-5.2432
45	65	65	2.65307	-5.1199	-5.13873
45	65	75	2.57344	-4.97024	-4.98783
45	65	85	2.8971	-5.08724	-5.42196
45	75	5	3.52887	-5.48848	-4.93223
45	75	15	3.74284	-3.62843	-3.84426
45	75	25	2.97923	-3.41484	-3.59104
45	75	35	2.89748	-5.05635	-5.30992
45	75	45	2.83736	-5.12568	-5.36416
45	75	55	2.81361	-5.063	-5.28362
45	75	65	2.71163	-4.84055	-4.92089
45	75	75	2.67123	-4.4208	-4.46059
45	75	85	3.47222	-5.39344	-5.65303
45	85	5	2.87956	-3.72419	-3.96807
45	85	15	3.03972	-2.71224	-3.15172
45	85	25	2.71491	-3.42784	-3.50805
45	85	35	3.05038	-5.05916	-5.55862
45	85	45	2.85586	-5.18213	-5.32611
45	85	55	2.99424	-5.08204	-5.16524
45	85	65	3.47384	-3.83723	-4.19765
45	85	75	3.21266	-3.28626	-3.58623
45	85	85	3.11587	-4.97213	-5.29449
55	5	5	2.83786	-4.87945	-5.00143
55	5	15	2.67365	-3.81378	-3.93611
55	5	25	2.56771	-3.89079	-3.87101
55	5	35	2.96921	-5.24543	-5.26501
55	5	45	3.43158	-5.80121	-5.24172
55	5	55	3.47307	-5.70324	-4.94288
55	5	65	3.53224	-3.91884	-3.01846
55	5	75	3.07465	-3.01435	-2.85152
55	5	85	2.91185	-4.44253	-4.72251
55	15	5	2.89472	-4.94012	-5.20284
55	15	15	2.57395	-4.8969	-4.87888
55	15	25	2.55236	-4.48195	-4.48166
55	15	35	2.99246	-5.20276	-5.12257
55	15	45	3.13471	-5.44308	-5.34194
55	15	55	2.92669	-4.69366	-4.44447
55	15	65	2.80669	-3.06809	-2.89407
55	15	75	2.94305	-3.17475	-3.30355
55	15	85	2.83786	-4.59529	-4.83005
55	25	5	2.97352	-4.26222	-4.52297
55	25	15	2.61517	-4.9413	-4.92131
55	25	25	2.63397	-4.55786	-4.63679
55	25	35	2.59368	-5.00405	-5.04266
55	25	45	2.83515	-5.10296	-5.38057
55	25	55	2.61513	-4.62362	-4.68358
55	25	65	2.57518	-3.35531	-3.35207
55	25	75	3.01399	-3.88642	-3.98347
55	25	85	3.11233	-4.56607	-4.72718
55	35	5	3.14004	-4.17945	-4.76814
55	35	15	2.5546	-4.70023	-4.70342
55	35	25	2.65207	-4.20132	-4.26206
55	35	35	2.57237	-4.76075	-4.78197
55	35	45	2.65151	-5.11634	-5.17669
55	35	55	2.63349	-4.34189	-4.30428
55	35	65	2.65151	-3.12806	-2.98848
55	35	75	2.87228	-3.82519	-3.86398
55	35	85	3.13553	-4.64245	-5.22361
55	45	5	3.4619	-4.91529	-4.86613
55	45	15	2.77444	-4.73404	-4.51745
55	45	25	2.71158	-4.55964	-4.5602
55	45	35	2.61187	-4.9072	-4.88805
55	45	45	2.63145	-5.10853	-5.14895
55	45	55	2.59303	-4.64218	-4.64258
55	45	65	2.55185	-3.68283	-3.68365
55	45	75	2.69066	-4.49503	-4.35507
55	45	85	3.29464	-5.25777	-5.48058
55	55	5	3.07433	-5.20313	-5.15844
55	55	15	3.50576	-5.42202	-4.60316
55	55	25	3.9997	-5.24644	-4.16312
55	55	35	3.77904	-6.02674	-4.84196
55	55	45	3.75504	-6.23881	-5.15562
55	55	55	3.27304	-5.80121	-5.08242
55	55	65	3.11109	-5.47322	-4.91328
55	55	75	2.67143	-5.05314	-5.01275
55	55	85	3.03702	-5.13156	-5.37596
55	65	5	2.62604	-5.0595	-5.05416
55	65	15	2.99204	-4.83429	-4.56998
55	65	25	3.07318	-3.38026	-3.10273
55	65	35	2.91324	-4.81251	-4.57441
55	65	45	2.8951	-5.42304	-5.16301
55	65	55	2.77027	-5.27825	-5.10466
55	65	65	2.60036	-5.04962	-5.00051
55	65	75	2.61784	-5.10535	-5.15856
55	65	85	3.18386	-5.10411	-5.71607
55	75	5	2.81533	-5.08392	-5.22366
55	75	15	2.81063	-3.5481	-3.59477
55	75	25	2.78498	-3.00014	-2.83305
55	75	35	2.7238	-4.5435	-4.49243
55	75	45	2.65916	-5.12797	-5.18076
55	75	55	2.59441	-5.10337	-5.10404
55	75	65	2.55163	-4.96251	-4.96216
55	75	75	2.63116	-5.0217	-4.98157
55	75	85	3.45468	-5.10102	-5.92136
55	85	5	2.76395	-3.78279	-3.95225
55	85	15	2.58332	-2.75657	-2.86458
55	85	25	2.47478	-3.02563	-3.02175
55	85	35	2.69464	-4.94895	-5.04423
55	85	45	2.69449	-5.16359	-5.18028
55	85	55	2.63547	-5.14287	-5.10565
55	85	65	2.65104	-4.12085	-4.02085
55	85	75	2.69145	-3.57644	-3.47601
55	85	85	3.11191	-4.3085	-4.82761
65	5	5	3.36066	-4.80777	-5.01337
65	5	15	2.60275	-3.65968	-3.66249
65	5	25	2.59725	-3.75965	-3.75836
65	5	35	2.59603	-4.96297	-4.92615
65	5	45	2.6324	-5.13937	-5.27904
65	5	55	2.6723	-4.96281	-4.84248
65	5	65	3.17264	-4.08325	-3.46165
65	5	75	3.29346	-3.56284	-2.82043
65	5	85	3.69183	-4.34993	-4.32912
65	15	5	2.67991	-4.39292	-4.51206
65	15	15	2.61751	-4.23959	-4.21878
65	15	25	2.67869	-4.6599	-4.58031
65	15	35	2.67846	-5.05829	-4.98412
65	15	45	2.69451	-5.18215	-5.12324
65	15	55	2.7319	-4.94443	-4.80249
65	15	65	2.67466	-3.16087	-3.07726
65	15	75	2.75628	-3.7848	-3.61958
65	15	85	2.91944	-4.16144	-4.23382
65	25	5	2.75772	-4.07524	-4.11423
65	25	15	2.58543	-3.84634	-3.86406
65	25	25	2.59178	-4.70701	-4.72881
65	25	35	2.62238	-4.91738	-4.97323
65	25	45	2.71617	-5.10215	-5.26067
65	25	55	2.59596	-4.6057	-4.64326
65	25	65	2.57381	-3.24965	-3.26845
65	25	75	2.59269	-4.37872	-4.41707
65	25	85	2.77321	-4.46264	-4.56127
65	35	5	2.67526	-4.4475	-4.53138
65	35	15	2.5989	-3.74462	-3.79052
65	35	25	2.58286	-4.63806	-4.66975
65	35	35	2.59453	-4.81118	-4.85457
65	35	45	2.6528	-5.1001	-5.20176
65	35	55	2.57392	-4.082	-4.10488
65	35	65	2.57146	-3.11245	-3.07286
65	35	75	2.61146	-4.78666	-4.84704
65	35	85	2.63235	-4.93418	-5.01529
65	45	5	2.76034	-4.55283	-4.68212
65	45	15	2.79554	-3.78361	-3.62808
65	45	25	2.95518	-4.41402	-4.13814
65	45	35	2.87195	-5.20365	-4.92453
65	45	45	2.99267	-5.41522	-5.21686
65	45	55	2.75387	-4.70193	-4.54477
65	45	65	2.57269	-3.68604	-3.6669
65	45	75	2.69266	-4.84056	-4.9822
65	45	85	3.01385	-5.09368	-5.5165
65	55	5	3.24393	-5.18196	-4.83085
65	55	15	3.58766	-4.91753	-3.93652
65	55	25	4.22673	-5.04348	-3.45279
65	55	35	4.56466	-6.20199	-4.23083
65	55	45	4.61944	-7.10534	-5.15776
65	55	55	3.69466	-6.08458	-5.0234
65	55	65	3.37351	-5.45323	-4.63412
65	55	75	3.17308	-5.53486	-5.23452
65	55	85	3.43426	-5.40751	-5.60995
65	65	5	3.0309	-4.76317	-5.07714
65	65	15	2.79924	-3.69266	-3.71232
65	65	25	2.95561	-3.07431	-2.83169
65	65	35	3.0982	-4.16596	-3.66043
65	65	45	3.22795	-5.69253	-5.17721
65	65	55	2.93793	-5.36552	-4.9852
65	65	65	2.61973	-4.88962	-4.82232
65	65	75	2.83505	-5.08227	-5.31829
65	65	85	3.5235	-5.10629	-6.0651
65	75	5	3.01314	-5.00634	-5.37953
65	75	15	2.65329	-3.46708	-3.49596
65	75	25	2.66126	-2.63694	-2.63256
65	75	35	2.89307	-3.76044	-3.62082
65	75	45	2.95126	-5.34888	-5.23186
65	75	55	2.72612	-5.21146	-5.04768
65	75	65	2.59342	-5.00339	-4.96229
65	75	75	2.67158	-5.00056	-5.12001
65	75	85	3.31436	-5.06331	-5.78397
65	85	5	3.22912	-4.16247	-4.798
65	85	15	2.66458	-2.82217	-2.89226
65	85	25	2.4415	-2.81681	-2.85213
65	85	35	2.58606	-4.42841	-4.43982
65	85	45	2.69749	-5.13387	-5.18986
65	85	55	2.55879	-5.08333	-5.08845
65	85	65	2.61117	-4.58171	-4.52172
65	85	75	2.6911	-4.35932	-4.41924
65	85	85	3.81388	-4.50089	-5.44043
75	5	5	3.54308	-4.08764	-4.27799
75	5	15	2.93968	-3.82651	-3.7278
75	5	25	2.8947	-3.56046	-3.53924
75	5	35	2.79398	-5.00073	-4.881
75	5	45	2.85389	-5.0688	-5.35073
75	5	55	2.61509	-5.02181	-4.96581
75	5	65	2.69149	-4.38209	-4.24166
75	5	75	2.7923	-3.7917	-3.67044
75	5	85	3.65394	-4.0285	-4.60719
75	15	5	3.00347	-4.14423	-4.41898
75	15	15	2.86731	-3.34301	-3.27351
75	15	25	3.17314	-4.14999	-3.93754
75	15	35	3.05151	-5.1888	-4.74113
75	15	45	2.96234	-5.48607	-5.12213
75	15	55	2.71592	-5.12764	-4.9624
75	15	65	2.73585	-3.84125	-3.65726
75	15	75	2.65228	-4.59048	-4.48925
75	15	85	3.01463	-4.29922	-4.59721
75	25	5	2.69877	-4.606	-4.74228
75	25	15	2.76191	-3.23655	-3.42986
75	25	25	2.93229	-4.09358	-4.37552
75	25	35	2.66937	-4.65505	-4.76555
75	25	45	2.59733	-5.0821	-5.1225
75	25	55	2.55469	-4.84447	-4.84244
75	25	65	2.55224	-3.67605	-3.67646
75	25	75	2.57184	-4.74195	-4.76115
75	25	85	2.75345	-4.91361	-5.1128
75	35	5	2.85443	-4.70815	-5.0113
75	35	15	3.1158	-3.16048	-3.72395
75	35	25	2.73257	-4.41787	-4.5972
75	35	35	2.64382	-4.81498	-4.90572
75	35	45	2.61484	-5.0995	-5.16071
75	35	55	2.59269	-4.26241	-4.30322
75	35	65	2.55188	-3.57246	-3.57247
75	35	75	2.59147	-4.98498	-4.98537
75	35	85	2.6931	-5.06761	-5.20955
75	45	5	2.91549	-4.71869	-5.04314
75	45	15	3.23966	-3.34903	-3.8367
75	45	25	3.16479	-4.01615	-3.74737
75	45	35	3.29727	-5.23281	-4.65896
75	45	45	3.31561	-5.67627	-5.20076
75	45	55	2.97228	-4.48203	-4.10324
75	45	65	2.71188	-3.96204	-3.84212
75	45	75	2.65189	-5.02186	-5.04271
75	45	85	2.81424	-5.13574	-5.27894
75	55	5	3.11757	-5.06313	-4.94637
75	55	15	3.90573	-4.57796	-3.63726
75	55	25	4.31042	-4.46576	-2.79698
75	55	35	4.81352	-5.7419	-3.64356
75	55	45	5.01066	-7.37567	-5.20011
75	55	55	4.4203	-5.52792	-3.78517
75	55	65	3.81358	-5.25125	-4.15219
75	55	75	3.0927	-5.31372	-5.05458
75	55	85	3.21667	-5.27723	-5.54204
75	65	5	3.00903	-4.32844	-4.65225
75	65	15	2.89948	-3.3364	-3.23845
75	65	25	2.94758	-3.05266	-2.78025
75	65	35	2.93721	-3.53358	-3.18902
75	65	45	3.65406	-5.90562	-4.9258
75	65	55	3.56726	-4.1536	-3.30654
75	65	65	3.06613	-3.99166	-3.56272
75	65	75	2.78047	-4.90026	-4.95449
75	65	85	3.12389	-5.12912	-5.64669
75	75	5	3.33098	-4.80504	-5.4189
75	75	15	2.66465	-3.23799	-3.22286
75	75	25	2.67898	-2.69828	-2.65281
75	75	35	2.97024	-3.27383	-2.93542
75	75	45	3.30647	-5.40345	-4.97759
75	75	55	2.84802	-4.18391	-3.95694
75	75	65	2.6184	-3.88583	-3.82082
75	75	75	2.8365	-5.03979	-5.31856
75	75	85	3.40123	-5.10492	-5.94762
75	85	5	3.37058	-4.10153	-4.8397
75	85	15	2.79845	-3.10026	-3.14565
75	85	25	2.83466	-3.13242	-2.97044
75	85	35	2.81935	-3.68052	-3.573
75	85	45	2.87969	-4.99626	-5.23319
75	85	55	2.62633	-4.70461	-4.69431
75	85	65	2.59176	-5.00136	-4.96106
75	85	75	2.73172	-4.79988	-4.81928
75	85	85	3.55523	-4.70139	-5.46283
85	5	5	3.01212	-3.17225	-3.35205
85	5	15	3.03487	-3.94351	-3.54278
85	5	25	3.2161	-3.74463	-3.12041
85	5	35	3.5553	-5.50246	-4.77821
85	5	45	3.88042	-5.77405	-5.69505
85	5	55	2.94351	-5.40065	-5.02986
85	5	65	2.83724	-5.03686	-4.75584
85	5	75	2.91284	-4.77971	-4.70054
85	5	85	3.55643	-4.91657	-5.79761
85	15	5	2.88071	-3.99616	-4.16419
85	15	15	2.89889	-2.92018	-2.69515
85	15	25	3.07159	-3.21136	-2.85251
85	15	35	3.15431	-4.81085	-4.44755
85	15	45	2.94873	-5.25247	-5.258
85	15	55	2.69958	-4.98829	-4.84141
85	15	65	2.69404	-4.6217	-4.4798
85	15	75	2.61228	-5.04565	-5.06528
85	15	85	3.15185	-4.79263	-5.31262
85	25	5	2.72429	-4.80797	-4.97396
85	25	15	2.7993	-3.28757	-3.52293
85	25	25	2.90409	-2.99566	-3.28341
85	25	35	2.79098	-3.85019	-3.97907
85	25	45	2.62359	-4.74562	-4.71553
85	25	55	2.63754	-4.88728	-4.84318
85	25	65	2.57354	-3.92088	-3.90012
85	25	75	2.61228	-4.99435	-5.01319
85	25	85	2.73266	-5.05141	-5.2298
85	35	5	2.65648	-5.07884	-5.1831
85	35	15	3.13146	-3.41228	-3.99218
85	35	25	3.29653	-3.38884	-4.08578
85	35	35	2.78238	-4.24463	-4.34849
85	35	45	2.59477	-4.93551	-4.97428
85	35	55	2.59474	-4.10405	-4.14284
85	35	65	2.55278	-3.45813	-3.4573
85	35	75	2.61157	-4.93366	-4.95392
85	35	85	2.65233	-5.09531	-5.19564
85	45	5	2.77802	-4.94216	-5.12754
85	45	15	3.6557	-3.41676	-4.35624
85	45	25	3.52459	-3.62834	-3.83162
85	45	35	3.38127	-4.17293	-3.59399
85	45	45	3.63396	-5.97718	-5.01832
85	45	55	3.45276	-4.52201	-3.66366
85	45	65	2.87271	-3.88606	-3.60611
85	45	75	2.69196	-4.73187	-4.79196
85	45	85	2.73555	-5.11974	-5.26338
85	55	5	3.34111	-5.26399	-5.28913
85	55	15	3.53105	-4.04907	-4.3189
85	55	25	4.021	-3.94515	-3.09477
85	55	35	4.50201	-5.03556	-3.53842
85	55	45	4.88157	-7.02029	-4.81317
85	55	55	4.64602	-5.15273	-3.10452
85	55	65	4.17639	-4.56408	-3.02456
85	55	75	3.31287	-4.95768	-4.51704
85	55	85	3.15448	-5.48008	-5.32265
85	65	5	3.08929	-4.66946	-4.83188
85	65	15	2.96924	-3.44703	-3.56005
85	65	25	2.87424	-3.22768	-3.11275
85	65	35	2.98891	-4.45082	-4.21714
85	65	45	3.65518	-5.4321	-4.65452
85	65	55	4.17117	-4.25381	-2.80866
85	65	65	3.71361	-3.79343	-2.75804
85	65	75	3.12226	-4.11116	-4.0629
85	65	85	2.96375	-5.2661	-5.34316
85	75	5	2.88294	-4.47136	-4.66462
85	75	15	2.68953	-3.17993	-3.24902
85	75	25	2.64261	-3.05335	-3.04276
85	75	35	2.77185	-3.27478	-3.21478
85	75	45	3.17694	-4.21965	-4.053
85	75	55	2.99897	-3.1909	-3.05161
85	75	65	2.78324	-3.08468	-3.03641
85	75	75	2.83816	-4.29654	-4.53138
85	75	85	3.12886	-5.12882	-5.64153
85	85	5	3.1192	-4.66763	-5.0246
85	85	15	2.65565	-3.2371	-3.25641
85	85	25	2.75533	-3.06773	-2.90352
85	85	35	2.91385	-3.17504	-3.29225
85	85	45	3.36904	-3.76509	-4.44872
85	85	55	2.63329	-3.29952	-3.33526
85	85	65	2.65919	-4.32023	-4.42482
85	85	75	2.89626	-4.95899	-5.25903
85	85	85	3.45981	-5.04391	-5.82634
