5	5	5	3.45264	-5.90122	-5.16201
5	5	15	2.73105	-5.09322	-4.91325
5	5	25	2.75382	-5.15554	-4.99274
5	5	35	3.47702	-5.11596	-5.83155
5	5	45	3.22792	-5.42873	-5.08643
5	5	55	3.86021	-5.83962	-4.54001
5	5	65	3.77358	-5.08204	-4.1014
5	5	75	3.39504	-5.62114	-4.86356
5	5	85	3.27184	-5.69561	-5.21563
5	15	5	2.74627	-5.13624	-5.22267
5	15	15	2.70268	-5.0916	-5.06085
5	15	25	2.59263	-5.14015	-5.09854
5	15	35	2.67464	-5.09608	-5.21487
5	15	45	2.58915	-5.025	-5.05177
5	15	55	2.82945	-4.67937	-4.56233
5	15	65	3.65811	-3.78574	-3.28218
5	15	75	3.07759	-4.97648	-4.5748
5	15	85	2.97513	-5.46385	-5.16222
5	25	5	2.71656	-5.10594	-5.22362
5	25	15	2.63245	-4.98302	-5.02247
5	25	25	2.61116	-5.0017	-4.98157
5	25	35	2.93163	-5.09957	-5.39976
5	25	45	3.02906	-5.36243	-5.15887
5	25	55	3.66211	-4.20868	-3.78567
5	25	65	3.80208	-3.33761	-3.61267
5	25	75	2.87828	-4.55758	-4.63284
5	25	85	2.67868	-5.14674	-5.22151
5	35	5	2.87305	-5.16246	-5.32364
5	35	15	2.8515	-4.20085	-4.14131
5	35	25	2.91222	-3.73721	-3.53601
5	35	35	3.33225	-4.46845	-4.88801
5	35	45	2.88307	-3.8823	-3.97185
5	35	55	3.29737	-2.83696	-3.49825
5	35	65	2.87743	-3.12662	-3.40461
5	35	75	2.89208	-4.96682	-5.2246
5	35	85	2.81398	-5.10075	-5.36261
5	45	5	3.61545	-5.66325	-5.12524
5	45	15	3.71464	-3.52004	-3.59966
5	45	25	3.29424	-2.93353	-3.15193
5	45	35	3.03545	-4.44293	-4.84572
5	45	45	2.85786	-4.81745	-5.08343
5	45	55	3.01515	-3.81368	-4.27772
5	45	65	2.71237	-3.91145	-3.9934
5	45	75	3.12991	-5.1258	-5.54612
5	45	85	3.27627	-5.58202	-5.30557
5	55	5	3.41267	-4.57806	-5.04606
5	55	15	3.3911	-3.07206	-3.47451
5	55	25	3.8787	-3.08999	-4.32395
5	55	35	3.09704	-4.59006	-5.09446
5	55	45	3.03787	-4.92126	-5.36485
5	55	55	2.93709	-4.87643	-5.26249
5	55	65	2.57147	-4.50154	-4.48119
5	55	75	3.175	-5.04589	-5.46189
5	55	85	3.16897	-5.29499	-5.52421
5	65	5	3.10289	-4.7478	-5.04717
5	65	15	3.11656	-3.5159	-3.67285
5	65	25	3.71406	-3.8461	-4.72387
5	65	35	3.05714	-4.54649	-4.69157
5	65	45	3.43905	-4.28215	-4.96857
5	65	55	2.69826	-4.95964	-4.98606
5	65	65	2.55188	-4.55586	-4.55669
5	65	75	2.77746	-5.02724	-5.20325
5	65	85	3.43868	-5.16655	-5.92052
5	75	5	2.85267	-4.32189	-4.54346
5	75	15	2.75194	-3.1285	-3.04847
5	75	25	3.51429	-3.90681	-4.42316
5	75	35	3.61862	-4.80478	-5.54437
5	75	45	3.72429	-4.2209	-5.31094
5	75	55	2.68364	-4.70088	-4.83182
5	75	65	2.55113	-4.18121	-4.18124
5	75	75	2.67267	-4.76072	-4.88229
5	75	85	3.17151	-5.09634	-5.7167
5	85	5	2.63343	-4.64258	-4.68258
5	85	15	2.59425	-3.68563	-3.66325
5	85	25	2.79306	-4.49666	-4.45385
5	85	35	3.81105	-5.35742	-5.89738
5	85	45	3.90069	-4.91528	-5.30494
5	85	55	3.11964	-5.07404	-4.52265
5	85	65	2.85149	-4.70004	-4.55971
5	85	75	2.65304	-4.9072	-4.92922
5	85	85	2.79184	-5.10893	-5.30895
15	5	5	3.71583	-6.12537	-5.00298
15	5	15	3.27225	-5.35284	-4.63325
15	5	25	3.11105	-5.63326	-5.07329
15	5	35	3.11464	-5.14749	-5.55031
15	5	45	3.10268	-4.78075	-5.0908
15	5	55	2.83844	-4.19271	-3.91212
15	5	65	3.53878	-4.29708	-3.51124
15	5	75	3.83787	-5.47559	-4.23044
15	5	85	3.81785	-6.30374	-5.15777
15	15	5	2.87429	-5.30396	-4.98392
15	15	15	2.7475	-5.01803	-4.82168
15	15	25	2.64026	-5.10749	-5.09828
15	15	35	2.92303	-5.10626	-5.46466
15	15	45	2.80077	-4.69066	-4.91953
15	15	55	2.63914	-3.61856	-3.62632
15	15	65	3.06476	-3.10337	-2.91178
15	15	75	2.97209	-4.03946	-3.66083
15	15	85	2.9116	-5.39657	-5.15682
15	25	5	2.60152	-5.06969	-5.06485
15	25	15	2.57249	-4.983	-4.96175
15	25	25	2.61151	-5.00049	-5.06002
15	25	35	3.23356	-5.10211	-5.66437
15	25	45	2.62752	-5.00353	-4.99671
15	25	55	2.66166	-3.50267	-3.52874
15	25	65	2.7398	-2.6761	-2.67194
15	25	75	2.84361	-3.75014	-3.58167
15	25	85	2.70497	-5.20217	-5.13227
15	35	5	2.61643	-5.12539	-5.10403
15	35	15	2.61198	-4.58248	-4.52177
15	35	25	2.67103	-4.41925	-4.33924
15	35	35	3.53345	-4.45966	-5.20123
15	35	45	2.79393	-4.18208	-4.34321
15	35	55	2.64589	-2.84217	-2.97357
15	35	65	2.5542	-2.90938	-2.95027
15	35	75	2.61469	-4.41981	-4.47585
15	35	85	2.63666	-5.0938	-5.1691
15	45	5	3.29466	-5.56203	-4.86561
15	45	15	3.39223	-4.30284	-3.46165
15	45	25	3.51182	-3.76122	-2.84042
15	45	35	3.43425	-4.11235	-4.30912
15	45	45	2.78265	-4.54618	-4.69695
15	45	55	2.76281	-3.71686	-3.76537
15	45	65	2.54812	-3.73244	-3.73323
15	45	75	2.68851	-4.93909	-5.03931
15	45	85	2.77281	-5.30023	-5.17861
15	55	5	2.97308	-5.12404	-4.86247
15	55	15	2.90387	-3.36967	-3.09766
15	55	25	2.94627	-3.81441	-3.77996
15	55	35	3.00304	-4.14504	-4.33382
15	55	45	2.78147	-4.41408	-4.59245
15	55	55	2.71399	-4.23643	-4.31842
15	55	65	2.59275	-4.57675	-4.57753
15	55	75	2.77272	-4.95827	-5.17833
15	55	85	2.95237	-5.34176	-5.24148
15	65	5	2.61711	-4.60527	-4.66525
15	65	15	2.57389	-3.2297	-3.26845
15	65	25	2.83514	-4.40077	-4.63748
15	65	35	2.99478	-4.58382	-4.66166
15	65	45	3.05433	-4.19148	-4.29459
15	65	55	2.63435	-3.91887	-3.84045
15	65	65	2.59441	-4.7396	-4.69885
15	65	75	2.73366	-4.91164	-5.09025
15	65	85	2.79432	-5.10086	-5.34011
15	75	5	2.63313	-4.10207	-4.14403
15	75	15	2.59151	-3.15247	-3.11289
15	75	25	2.97106	-4.92627	-5.06624
15	75	35	3.05346	-5.0753	-5.29528
15	75	45	2.89432	-4.429	-4.76894
15	75	55	2.59327	-3.74379	-3.78571
15	75	65	2.61255	-4.63817	-4.69932
15	75	75	2.61181	-4.83127	-4.85175
15	75	85	2.83196	-5.10011	-5.38091
15	85	5	2.59345	-4.54193	-4.54436
15	85	15	2.57228	-3.70644	-3.68609
15	85	25	2.73065	-4.84016	-5.02019
15	85	35	3.27386	-5.21367	-5.6565
15	85	45	3.40028	-4.77322	-5.10167
15	85	55	3.03443	-4.06361	-3.58697
15	85	65	2.85151	-4.294	-4.15449
15	85	75	2.6523	-4.98362	-4.92491
15	85	85	2.67144	-5.13521	-5.17563
25	5	5	4.58186	-5.7299	-3.74475
25	5	15	3.65509	-5.17325	-4.07171
25	5	25	3.51346	-5.73451	-5.05535
25	5	35	3.45505	-5.53801	-5.51964
25	5	45	3.06073	-5.06187	-4.89078
25	5	55	3.09753	-3.95227	-3.45475
25	5	65	3.62399	-3.7605	-2.81581
25	5	75	4.20513	-5.19468	-3.58239
25	5	85	4.66506	-7.05047	-5.17971
25	15	5	3.18837	-3.81807	-3.26318
25	15	15	2.93633	-3.90325	-3.52133
25	15	25	2.77989	-4.88066	-4.97351
25	15	35	3.11787	-5.12547	-5.6443
25	15	45	2.72876	-4.26817	-4.43225
25	15	55	2.68179	-3.19615	-3.16102
25	15	65	2.70781	-2.83246	-2.76068
25	15	75	2.89587	-3.49181	-3.18945
25	15	85	3.13779	-5.39054	-4.92461
25	25	5	2.81295	-4.18056	-3.92522
25	25	15	2.72116	-3.98908	-3.82034
25	25	25	2.8528	-5.07818	-5.29646
25	25	35	3.51722	-5.10172	-6.06681
25	25	45	2.96929	-4.74333	-5.11892
25	25	55	2.56942	-3.19807	-3.22754
25	25	65	2.5987	-2.59826	-2.57255
25	25	75	2.67915	-3.00232	-2.91584
25	25	85	2.87266	-5.05362	-4.8936
25	35	5	2.64192	-4.74704	-4.66746
25	35	15	2.55299	-4.96216	-4.96149
25	35	25	2.73109	-4.7793	-4.83924
25	35	35	3.3331	-4.62008	-5.322
25	35	45	3.13034	-4.2225	-4.4785
25	35	55	2.46789	-2.84053	-2.91481
25	35	65	2.57568	-2.83134	-2.85254
25	35	75	2.65981	-3.49977	-3.59341
25	35	85	2.70444	-4.96221	-5.092
25	45	5	2.59832	-5.00263	-4.96822
25	45	15	2.67191	-4.36245	-4.24172
25	45	25	3.27263	-4.23205	-3.71043
25	45	35	4.39465	-4.50881	-4.86759
25	45	45	3.78865	-4.2676	-4.3436
25	45	55	3.00487	-3.88484	-3.73465
25	45	65	2.61838	-3.40246	-3.42091
25	45	75	2.598	-4.84314	-4.84261
25	45	85	2.61317	-5.06925	-5.12956
25	55	5	2.65109	-5.06317	-4.96244
25	55	15	2.71384	-3.81965	-3.65685
25	55	25	2.65465	-4.59286	-4.48924
25	55	35	3.29626	-4.40165	-4.77641
25	55	45	3.20665	-4.2034	-4.563
25	55	55	2.60317	-3.15499	-3.19739
25	55	65	2.61714	-3.77635	-3.75517
25	55	75	2.65874	-4.81835	-4.71882
25	55	85	2.67236	-5.19925	-5.27897
25	65	5	2.572	-4.84493	-4.86249
25	65	15	2.57469	-3.63932	-3.65565
25	65	25	2.57306	-4.74317	-4.76116
25	65	35	2.77308	-4.91365	-5.13239
25	65	45	2.73681	-4.66205	-4.72428
25	65	55	2.69772	-3.31162	-3.2906
25	65	65	2.60341	-4.05226	-4.08796
25	65	75	2.58713	-4.66061	-4.67776
25	65	85	2.60106	-5.0869	-5.12144
25	75	5	2.59233	-4.26203	-4.30323
25	75	15	2.55179	-3.53205	-3.55287
25	75	25	2.63104	-5.00497	-5.00496
25	75	35	2.71146	-5.06757	-5.22795
25	75	45	2.67398	-4.70813	-4.83086
25	75	55	2.63726	-3.18	-3.22589
25	75	65	2.5833	-4.41775	-4.44804
25	75	75	2.61471	-4.81403	-4.87756
25	75	85	2.71291	-5.09825	-5.26003
25	85	5	2.89392	-4.40201	-4.10489
25	85	15	2.73145	-4.02165	-3.84206
25	85	25	2.63183	-5.00265	-5.04266
25	85	35	2.63224	-5.07573	-5.15694
25	85	45	2.67509	-4.71868	-4.80275
25	85	55	2.65792	-3.28856	-3.31544
25	85	65	2.78281	-3.77489	-3.60664
25	85	75	2.93449	-4.91278	-4.61621
25	85	85	2.95277	-5.35625	-5.15795
35	5	5	4.88986	-5.39873	-3.10236
35	5	15	4.3775	-4.78766	-3.00211
35	5	25	3.79269	-5.53764	-4.41769
35	5	35	3.15464	-5.50005	-5.30286
35	5	45	3.0959	-5.08193	-5.22597
35	5	55	3.48082	-4.03563	-4.28213
35	5	65	3.87122	-3.93267	-2.95747
35	5	75	4.35131	-5.02559	-3.39769
35	5	85	4.87598	-6.93187	-4.89599
35	15	5	3.65572	-3.76259	-2.78443
35	15	15	3.56442	-3.62609	-2.77619
35	15	25	3.16432	-4.27343	-3.94268
35	15	35	3.10386	-5.18588	-5.5635
35	15	45	2.80357	-4.50919	-4.70643
35	15	55	2.82513	-3.36153	-3.50144
35	15	65	2.81954	-3.23181	-3.05392
35	15	75	2.96758	-4.44951	-4.19712
35	15	85	3.05844	-4.85661	-4.63327
35	25	5	3.22627	-3.48794	-2.98188
35	25	15	2.85609	-3.20642	-2.98753
35	25	25	2.75905	-4.33659	-4.41223
35	25	35	3.0996	-5.09961	-5.64147
35	25	45	2.94568	-4.40579	-4.79293
35	25	55	2.75932	-3.22828	-3.27048
35	25	65	2.67748	-3.06665	-3.06434
35	25	75	2.65855	-3.22108	-3.15517
35	25	85	2.99145	-4.20218	-3.88497
35	35	5	2.63191	-3.32213	-3.31127
35	35	15	2.59501	-4.36124	-4.31962
35	35	25	2.87367	-4.97692	-5.21852
35	35	35	3.45812	-5.06138	-5.82718
35	35	45	3.36932	-4.68341	-5.25894
35	35	55	2.64097	-3.25513	-3.26369
35	35	65	2.69328	-2.98569	-2.92591
35	35	75	2.81423	-3.27504	-3.09263
35	35	85	2.90375	-3.88583	-3.8627
35	45	5	2.62399	-5.05947	-5.05151
35	45	15	2.61127	-4.81327	-4.75345
35	45	25	2.79152	-4.69967	-4.65927
35	45	35	3.61511	-5.03565	-5.73721
35	45	45	3.5916	-3.29371	-3.81046
35	45	55	3.09828	-3.90207	-3.64763
35	45	65	2.85554	-3.34367	-3.16082
35	45	75	2.81389	-4.82065	-4.7186
35	45	85	3.01516	-5.25119	-5.35264
35	55	5	2.94269	-5.2282	-4.8446
35	55	15	2.71671	-4.64491	-4.47925
35	55	25	2.79544	-5.20924	-5.08484
35	55	35	3.49307	-4.85345	-5.59302
35	55	45	3.22504	-3.99814	-4.50654
35	55	55	2.78484	-2.72258	-2.77871
35	55	65	2.90514	-2.96455	-2.93288
35	55	75	3.02992	-4.74485	-4.38918
35	55	85	3.3475	-5.53047	-5.37879
35	65	5	2.5544	-4.82492	-4.82239
35	65	15	2.55429	-3.90209	-3.89966
35	65	25	2.55145	-4.97355	-4.97315
35	65	35	2.93263	-5.05059	-5.43059
35	65	45	2.91624	-4.80594	-5.16793
35	65	55	2.68014	-3.28684	-3.4045
35	65	65	2.76465	-2.9718	-3.16784
35	65	75	2.62709	-3.84432	-3.82106
35	65	85	2.57863	-4.69822	-4.71798
35	75	5	2.55315	-4.10289	-4.10241
35	75	15	2.55228	-3.43727	-3.43766
35	75	25	2.57145	-4.91314	-4.93272
35	75	35	2.77186	-5.11486	-5.29563
35	75	45	2.69311	-5.07831	-5.22026
35	75	55	2.75325	-3.41213	-3.6141
35	75	65	2.88328	-3.36521	-3.69616
35	75	75	2.66656	-4.18199	-4.2953
35	75	85	2.5954	-4.93405	-4.97637
35	85	5	3.21231	-4.26201	-3.6832
35	85	15	2.95148	-3.96527	-3.56567
35	85	25	2.71184	-4.83144	-4.71146
35	85	35	2.73304	-5.13931	-5.24131
35	85	45	2.91431	-4.98136	-5.22463
35	85	55	3.13515	-3.35417	-3.89828
35	85	65	2.83195	-3.34368	-3.42364
35	85	75	3.08406	-3.90961	-3.5601
35	85	85	3.27358	-5.61633	-5.01879
45	5	5	4.84155	-5.18796	-2.94082
45	5	15	4.64349	-4.84444	-2.79371
45	5	25	4.23398	-5.35375	-3.87182
45	5	35	3.31635	-5.69506	-5.25791
45	5	45	3.13765	-5.46243	-5.28817
45	5	55	3.95557	-4.7009	-5.34051
45	5	65	3.49455	-3.56178	-3.79511
45	5	75	3.83686	-5.04505	-4.01052
45	5	85	4.33714	-6.05343	-4.39142
45	15	5	3.51529	-4.0959	-3.17842
45	15	15	4.12659	-4.47427	-2.98454
45	15	25	3.81061	-4.67862	-3.74024
45	15	35	3.08378	-5.39689	-5.31015
45	15	45	3.12648	-5.06983	-5.30961
45	15	55	3.36387	-3.88555	-4.32255
45	15	65	3.01342	-3.56648	-3.72368
45	15	75	2.99702	-5.11478	-5.12262
45	15	85	2.94852	-5.08202	-4.80794
45	25	5	3.0348	-4.20611	-3.89732
45	25	15	2.90824	-3.30804	-3.07802
45	25	25	2.95276	-3.75413	-3.87538
45	25	35	2.80206	-5.10217	-5.32092
45	25	45	2.93393	-4.17453	-4.49231
45	25	55	2.88597	-3.09896	-3.29525
45	25	65	2.68987	-3.3006	-3.37004
45	25	75	2.70421	-4.21126	-4.26227
45	25	85	2.85473	-3.84272	-3.86559
45	35	5	2.77254	-3.20366	-3.2908
45	35	15	2.66626	-3.36121	-3.42992
45	35	25	2.8138	-4.72068	-4.97988
45	35	35	3.11889	-5.108	-5.63068
45	35	45	2.87639	-4.46511	-4.66451
45	35	55	2.76042	-3.33364	-3.33184
45	35	65	2.63418	-3.10557	-3.1034
45	35	75	2.81569	-3.4243	-3.32046
45	35	85	2.90346	-3.2455	-3.35232
45	45	5	3.31423	-5.65815	-5.01297
45	45	15	3.03905	-5.24716	-4.97191
45	45	25	3.15728	-5.10999	-5.14901
45	45	35	3.61713	-5.25922	-5.88434
45	45	45	3.07579	-3.4618	-3.86219
45	45	55	2.75363	-3.11189	-3.03321
45	45	65	3.01336	-3.76658	-3.34434
45	45	75	3.43568	-5.36234	-4.95771
45	45	85	4.16611	-5.86531	-5.75187
45	55	5	2.75797	-4.7975	-4.61225
45	55	15	2.70134	-4.66809	-4.52298
45	55	25	2.8348	-5.17752	-5.17639
45	55	35	3.51506	-4.932	-5.85441
45	55	45	2.91188	-3.8975	-4.17754
45	55	55	2.67342	-2.78146	-2.74219
45	55	65	2.8579	-2.97647	-2.71045
45	55	75	3.13074	-4.54171	-4.24201
45	55	85	3.63951	-5.43605	-5.57795
45	65	5	2.60279	-4.01246	-3.96197
45	65	15	2.61689	-3.84212	-3.77737
45	65	25	2.61311	-4.99123	-5.01003
45	65	35	3.13264	-5.12171	-5.66091
45	65	45	2.8015	-5.05667	-5.3039
45	65	55	2.61608	-3.70195	-3.75973
45	65	65	2.63834	-2.59914	-2.67353
45	65	75	2.70368	-3.66809	-3.75543
45	65	85	2.80817	-4.82209	-4.96817
45	75	5	2.57472	-3.67638	-3.6951
45	75	15	2.55435	-3.3589	-3.35732
45	75	25	2.59237	-4.83928	-4.87804
45	75	35	2.75118	-5.11961	-5.27947
45	75	45	2.72114	-5.10148	-5.27063
45	75	55	2.79344	-3.99669	-4.2379
45	75	65	2.8717	-2.6859	-3.00603
45	75	75	2.75972	-3.06354	-3.22368
45	75	85	2.63601	-4.33965	-4.29713
45	85	5	3.61318	-4.27956	-3.29992
45	85	15	3.43154	-4.10208	-3.2225
45	85	25	2.89224	-4.70955	-4.44914
45	85	35	2.69226	-5.13868	-5.19907
45	85	45	2.67632	-5.10234	-5.18675
45	85	55	3.152	-3.98238	-4.54174
45	85	65	3.35484	-2.79084	-3.42947
45	85	75	3.10377	-3.21244	-2.9949
45	85	85	3.29687	-4.30821	-3.64488
55	5	5	4.36372	-5.3414	-3.57544
55	5	15	4.61475	-4.9488	-2.92528
55	5	25	4.22446	-5.19699	-3.60533
55	5	35	3.74337	-6.0376	-5.3311
55	5	45	3.04704	-5.52947	-5.05048
55	5	55	3.00422	-5.01357	-4.6829
55	5	65	3.32756	-3.97536	-3.95963
55	5	75	3.24391	-5.46418	-4.89704
55	5	85	3.5678	-5.81038	-4.91949
55	15	5	3.61556	-5.10761	-4.1301
55	15	15	4.39099	-5.35256	-3.56417
55	15	25	4.43619	-5.15638	-3.6797
55	15	35	3.8725	-6.08769	-5.38464
55	15	45	2.96242	-5.30921	-5.10595
55	15	55	3.60065	-4.80994	-4.60296
55	15	65	3.30051	-4.633	-4.44923
55	15	75	3.38897	-5.73948	-5.10674
55	15	85	3.19005	-5.57207	-5.10236
55	25	5	2.83749	-4.67534	-4.68097
55	25	15	2.94105	-3.82283	-3.4934
55	25	25	2.86462	-3.40199	-3.38928
55	25	35	3.02138	-5.16097	-5.45257
55	25	45	2.92695	-4.73148	-4.84793
55	25	55	3.19999	-3.21704	-3.54801
55	25	65	3.17747	-3.95413	-4.02022
55	25	75	2.7698	-5.10132	-5.05401
55	25	85	2.93361	-5.13079	-5.08763
55	35	5	2.94424	-4.30729	-4.27402
55	35	15	2.83555	-3.14604	-3.01088
55	35	25	2.87741	-4.26221	-4.42475
55	35	35	3.24938	-5.25336	-5.58956
55	35	45	2.85667	-4.30622	-4.56247
55	35	55	2.86783	-3.23232	-3.33018
55	35	65	2.6884	-3.47286	-3.54571
55	35	75	2.82999	-4.53973	-4.58987
55	35	85	3.15821	-4.75554	-4.89806
55	45	5	4.31473	-6.08748	-5.52113
55	45	15	3.40588	-5.70804	-4.95227
55	45	25	3.20055	-5.23246	-5.11059
55	45	35	3.80343	-5.21738	-6.22379
55	45	45	2.78182	-4.26262	-4.4116
55	45	55	2.5964	-3.38847	-3.393
55	45	65	2.61282	-3.60579	-3.58474
55	45	75	3.35432	-4.96291	-5.1221
55	45	85	4.2532	-5.97053	-5.70125
55	55	5	3.64727	-5.65696	-5.19933
55	55	15	3.24956	-5.00557	-4.57113
55	55	25	3.09705	-5.22264	-5.23801
55	55	35	3.76197	-5.1186	-6.1654
55	55	45	2.71001	-4.10121	-4.13933
55	55	55	2.63461	-3.60919	-3.53039
55	55	65	2.73388	-2.92144	-2.74026
55	55	75	3.41549	-4.62973	-4.8477
55	55	85	4.13433	-5.66725	-5.98476
55	65	5	2.86879	-4.18675	-4.12913
55	65	15	2.74154	-3.83651	-3.77807
55	65	25	2.83542	-4.75363	-4.79158
55	65	35	3.63831	-5.16553	-6.12317
55	65	45	2.63639	-5.10545	-5.17637
55	65	55	2.59689	-4.26157	-4.25859
55	65	65	2.58189	-2.66407	-2.63482
55	65	75	2.82471	-3.68748	-3.93381
55	65	85	3.30754	-5.21616	-5.54445
55	75	5	2.80873	-3.40494	-3.20343
55	75	15	2.61803	-3.40404	-3.38142
55	75	25	2.57414	-4.33797	-4.35623
55	75	35	3.03484	-5.14027	-5.54233
55	75	45	2.6433	-5.12334	-5.17296
55	75	55	2.61617	-4.30333	-4.32402
55	75	65	2.59173	-2.67467	-2.63398
55	75	75	2.76166	-3.04169	-2.99265
55	75	85	2.85042	-4.56998	-4.35483
55	85	5	3.79809	-4.3288	-3.1693
55	85	15	3.99531	-4.57521	-3.13604
55	85	25	3.13184	-4.66734	-4.08774
55	85	35	3.15489	-5.21894	-5.57845
55	85	45	2.70412	-5.14419	-5.17289
55	85	55	2.5938	-4.46432	-4.4625
55	85	65	2.89548	-2.94357	-3.04073
55	85	75	3.3681	-3.94877	-3.25574
55	85	85	3.62083	-5.02991	-4.08148
65	5	5	4.39791	-6.199	-4.60872
65	5	15	4.63281	-5.63378	-3.61303
65	5	25	4.34421	-5.27158	-3.64695
65	5	35	4.14195	-6.1278	-5.62662
65	5	45	3.18837	-5.69523	-5.10598
65	5	55	2.95803	-5.1282	-4.80209
65	5	65	3.06732	-4.78392	-4.47006
65	5	75	2.91718	-5.36788	-5.07108
65	5	85	3.50744	-5.81098	-5.23319
65	15	5	4.20026	-6.20089	-4.56261
65	15	15	4.61654	-6.23205	-4.25556
65	15	25	4.6839	-6.14475	-4.30434
65	15	35	4.13462	-6.22921	-5.49697
65	15	45	3.08317	-5.4708	-5.06487
65	15	55	3.05809	-5.00781	-4.54094
65	15	65	3.64494	-5.20266	-4.39612
65	15	75	3.70726	-6.08067	-5.21873
65	15	85	4.37185	-6.72895	-5.24525
65	25	5	3.4572	-5.25698	-4.92991
65	25	15	3.42566	-4.52402	-4.07408
65	25	25	3.50382	-3.62304	-3.59129
65	25	35	2.85089	-5.16577	-5.27311
65	25	45	2.67106	-4.51538	-4.52767
65	25	55	2.92916	-3.33521	-3.24301
65	25	65	3.15502	-4.43745	-4.09381
65	25	75	3.39734	-5.67665	-5.29632
65	25	85	3.44735	-5.82065	-5.27585
65	35	5	3.35226	-4.8048	-5.03316
65	35	15	3.32459	-3.14197	-3.413
65	35	25	3.86581	-3.85502	-4.63829
65	35	35	3.14561	-5.34985	-5.37429
65	35	45	3.19929	-4.23141	-4.57973
65	35	55	2.89001	-2.95746	-3.2256
65	35	65	2.81915	-3.4825	-3.74796
65	35	75	3.11807	-5.05475	-5.45925
65	35	85	2.97631	-5.02221	-5.20181
65	45	5	3.93039	-5.43568	-5.52462
65	45	15	3.62108	-5.30874	-4.68507
65	45	25	3.73996	-5.08333	-5.62306
65	45	35	3.86463	-5.34999	-6.13083
65	45	45	3.02156	-4.40517	-4.66826
65	45	55	2.82838	-3.9073	-4.14132
65	45	65	2.83841	-4.0421	-4.20981
65	45	75	3.39436	-4.86921	-5.51135
65	45	85	3.57263	-5.03131	-5.86732
65	55	5	3.73123	-5.48546	-5.25694
65	55	15	3.12752	-4.58339	-4.39001
65	55	25	3.24587	-4.7022	-4.94875
65	55	35	4.20681	-5.25818	-6.59148
65	55	45	3.04009	-4.76311	-4.76973
65	55	55	2.94117	-4.42564	-4.09338
65	55	65	2.85416	-3.22857	-3.0893
65	55	75	3.8763	-4.9941	-5.31376
65	55	85	4.16912	-5.73691	-5.98684
65	65	5	4.01715	-5.18438	-4.92312
65	65	15	3.06637	-3.81802	-3.37259
65	65	25	3.23561	-4.02961	-4.23254
65	65	35	3.60039	-5.2208	-6.02686
65	65	45	2.71472	-5.12475	-5.20041
65	65	55	2.65946	-4.80729	-4.78278
65	65	65	2.72366	-3.0619	-3.01185
65	65	75	3.10682	-4.02979	-4.51559
65	65	85	4.00837	-5.53788	-6.01174
65	75	5	3.30906	-3.95605	-3.80207
65	75	15	2.77373	-3.24398	-3.13869
65	75	25	2.7609	-3.78064	-3.81772
65	75	35	3.46868	-5.10302	-5.99986
65	75	45	2.73268	-5.21122	-5.17446
65	75	55	2.70154	-4.73198	-4.66247
65	75	65	2.66631	-2.77963	-2.66514
65	75	75	2.85398	-3.61524	-3.55308
65	75	85	3.80754	-5.58634	-5.33712
65	85	5	4.35256	-5.25809	-3.67596
65	85	15	4.05209	-4.35001	-2.91808
65	85	25	3.87937	-4.76843	-3.73429
65	85	35	3.72562	-5.71403	-5.63399
65	85	45	3.16809	-5.57303	-5.24801
65	85	55	2.92663	-5.23719	-4.8625
65	85	65	3.18786	-3.40246	-2.84562
65	85	75	3.46378	-4.77935	-4.07876
65	85	85	4.45672	-6.2191	-5.12307
75	5	5	3.89279	-5.52765	-5.64285
75	5	15	4.09433	-5.57939	-4.74657
75	5	25	3.96549	-5.12809	-4.44173
75	5	35	4.18463	-6.40414	-5.37296
75	5	45	3.46983	-5.91773	-5.04454
75	5	55	3.00316	-5.39404	-4.94218
75	5	65	3.20348	-5.08564	-5.0413
75	5	75	3.30397	-5.54733	-5.27785
75	5	85	3.49059	-5.53392	-5.56456
75	15	5	4.1056	-6.04933	-5.547
75	15	15	3.59647	-5.86095	-5.24371
75	15	25	3.90931	-5.74624	-4.87535
75	15	35	4.36728	-6.68507	-5.27369
75	15	45	3.38674	-5.83492	-5.04407
75	15	55	3.30568	-5.13525	-4.50268
75	15	65	4.04351	-5.25364	-5.22932
75	15	75	3.70771	-5.77819	-5.55326
75	15	85	3.63236	-5.76675	-5.51605
75	25	5	2.91889	-4.94361	-5.02733
75	25	15	3.18475	-4.59318	-4.58283
75	25	25	3.39893	-4.10802	-3.82833
75	25	35	2.99459	-5.37128	-5.23861
75	25	45	2.80965	-4.63507	-4.38642
75	25	55	3.23432	-3.83876	-3.52461
75	25	65	3.17978	-4.26186	-4.34773
75	25	75	3.04593	-5.15178	-5.51323
75	25	85	2.88874	-5.1651	-5.37548
75	35	5	3.30845	-4.96202	-5.43941
75	35	15	3.83799	-3.39361	-4.15898
75	35	25	4.07449	-3.42044	-4.2575
75	35	35	3.08935	-5.29269	-5.37086
75	35	45	3.01865	-4.16051	-3.9899
75	35	55	3.22622	-3.01542	-3.33824
75	35	65	3.26415	-3.70535	-4.27179
75	35	75	3.3412	-5.08129	-5.86743
75	35	85	3.06866	-5.1413	-5.57887
75	45	5	3.87032	-4.8624	-5.77287
75	45	15	4.29056	-4.21838	-5.3819
75	45	25	4.27373	-4.60475	-5.83358
75	45	35	3.67347	-5.27929	-5.98673
75	45	45	3.29122	-4.68349	-5.2993
75	45	55	2.952	-4.12288	-4.40136
75	45	65	2.90015	-4.31906	-4.54736
75	45	75	3.73386	-4.93043	-5.99246
75	45	85	3.37143	-5.15988	-5.75947
75	55	5	4.29678	-5.46468	-6.03702
75	55	15	3.95294	-4.12068	-5.15286
75	55	25	3.93317	-4.23009	-5.57054
75	55	35	3.93307	-5.13639	-6.43601
75	55	45	3.41853	-5.00448	-5.70637
75	55	55	3.1394	-4.90685	-5.09359
75	55	65	3.02147	-4.00131	-3.82457
75	55	75	4.05871	-5.18688	-5.5601
75	55	85	4.00869	-5.80545	-5.76298
75	65	5	4.77235	-6.22436	-5.15908
75	65	15	3.8863	-4.23601	-3.97048
75	65	25	3.47825	-3.38398	-3.91119
75	65	35	4.26303	-5.40956	-6.48157
75	65	45	3.51868	-5.62235	-5.54918
75	65	55	3.10821	-5.45087	-5.0872
75	65	65	3.17517	-3.82189	-3.44484
75	65	75	3.99614	-5.18447	-5.14095
75	65	85	4.54127	-6.19764	-5.93226
75	75	5	4.34386	-4.88414	-4.59054
75	75	15	3.33108	-3.49842	-3.09446
75	75	25	3.26186	-3.15196	-3.21238
75	75	35	3.59742	-5.11818	-6.03978
75	75	45	3.01544	-5.46799	-5.20039
75	75	55	3.16779	-5.39366	-4.90634
75	75	65	3.34877	-3.77249	-3.05488
75	75	75	3.6731	-4.84069	-4.27941
75	75	85	5.00636	-6.37358	-6.16154
75	85	5	4.8419	-5.71193	-5.29229
75	85	15	3.65432	-4.09927	-3.34403
75	85	25	3.47672	-3.86484	-3.66406
75	85	35	3.61907	-5.51951	-5.69631
75	85	45	2.87902	-5.34465	-5.06705
75	85	55	3.23588	-5.54685	-4.90209
75	85	65	3.89906	-4.78047	-3.47245
75	85	75	4.4875	-6.32735	-4.75573
75	85	85	5.22642	-6.56274	-6.08997
85	5	5	3.5531	-5.32063	-5.721
85	5	15	3.09669	-5.34999	-5.04995
85	5	25	3.23903	-5.2502	-4.80421
85	5	35	3.5406	-5.69562	-5.22602
85	5	45	3.24464	-5.77268	-5.0839
85	5	55	3.21608	-5.68525	-5.02149
85	5	65	3.35343	-5.29844	-4.73925
85	5	75	3.53746	-5.96946	-5.11508
85	5	85	3.87269	-5.63189	-5.87271
85	15	5	3.49664	-5.28519	-5.86361
85	15	15	2.85751	-5.18194	-5.28112
85	15	25	2.71433	-5.06993	-5.02904
85	15	35	2.88161	-5.27175	-5.22195
85	15	45	2.96392	-5.48752	-5.08824
85	15	55	3.4358	-5.16247	-4.68318
85	15	65	4.57392	-4.51486	-4.66572
85	15	75	3.37829	-5.58675	-5.27001
85	15	85	3.31145	-5.43713	-5.52475
85	25	5	3.25809	-5.04384	-5.74726
85	25	15	2.73668	-4.80125	-4.98525
85	25	25	2.71348	-4.42064	-4.503
85	25	35	2.83273	-5.21275	-5.17423
85	25	45	3.10698	-5.22538	-4.77343
85	25	55	4.21134	-4.09654	-3.84465
85	25	65	4.15438	-3.59812	-4.58291
85	25	75	3.48433	-5.17716	-5.77596
85	25	85	2.95811	-5.20284	-5.40775
85	35	5	3.15593	-4.92245	-5.48652
85	35	15	3.97709	-3.77683	-4.76129
85	35	25	3.72426	-3.50623	-3.87786
85	35	35	3.14745	-5.1977	-5.1005
85	35	45	3.15523	-4.057	-3.91054
85	35	55	3.52651	-2.73739	-3.49336
85	35	65	3.02282	-3.42932	-3.77608
85	35	75	3.2744	-5.08074	-5.76226
85	35	85	2.86151	-5.12218	-5.39171
85	45	5	4.36309	-5.16563	-5.9705
85	45	15	4.92994	-3.52206	-5.16974
85	45	25	4.20706	-3.70627	-4.87508
85	45	35	3.01906	-5.02397	-5.40716
85	45	45	3.06238	-4.8821	-5.27176
85	45	55	3.18082	-4.19732	-4.54613
85	45	65	2.99959	-4.13783	-4.50471
85	45	75	3.61102	-5.21284	-5.91282
85	45	85	3.78301	-5.42318	-5.93197
85	55	5	4.51828	-4.97123	-6.1568
85	55	15	4.50478	-3.33841	-4.96167
85	55	25	4.31906	-3.31942	-5.04583
85	55	35	3.45184	-5.06756	-5.96756
85	55	45	3.53753	-4.96144	-5.94795
85	55	55	3.00757	-4.81324	-5.22817
85	55	65	2.69436	-4.12283	-4.22297
85	55	75	3.58102	-5.01516	-5.98516
85	55	85	3.51104	-5.29339	-5.82139
85	65	5	5.0878	-6.08548	-5.25351
85	65	15	4.77719	-4.33848	-4.24278
85	65	25	4.19305	-3.63913	-4.08033
85	65	35	4.04625	-5.22462	-6.19898
85	65	45	4.04909	-5.1219	-6.37998
85	65	55	3.19406	-5.35884	-5.40107
85	65	65	3.17574	-4.6362	-4.05676
85	65	75	3.81491	-5.69744	-5.19356
85	65	85	4.61739	-6.17633	-6.07482
85	75	5	3.99951	-4.84548	-4.8858
85	75	15	3.6751	-3.51447	-3.11285
85	75	25	3.61504	-3.33232	-3.46912
85	75	35	4.07504	-4.9257	-6.12568
85	75	45	3.67023	-4.983	-5.53979
85	75	55	2.86841	-5.12204	-5.15943
85	75	65	2.8317	-3.60031	-3.39998
85	75	75	3.07396	-4.82776	-4.54803
85	75	85	4.15479	-5.77133	-5.97004
85	85	5	3.67664	-5.38401	-5.06321
85	85	15	3.49712	-4.30129	-3.91844
85	85	25	3.1535	-3.94101	-3.73773
85	85	35	3.99224	-5.47736	-5.87693
85	85	45	3.40745	-5.38113	-4.99753
85	85	55	3.35437	-5.82204	-5.02539
85	85	65	3.17112	-4.61683	-4.03693
85	85	75	3.05344	-5.1803	-4.84272
85	85	85	3.59269	-5.60078	-5.52084
