5	5	5	0.136649	-4.48726	-3.62829
5	5	15	2.68695	-6.31372	3.91231
5	5	25	4.42211	-6.33984	-6.29872
5	5	35	4.12365	-4.8249	-7.58181
5	5	45	-0.600794	-3.17625	-0.924702
5	5	55	-3.95155	-4.57467	3.64457
5	5	65	-8.96675	-7.06364	2.44784
5	5	75	-7.96771	-7.5163	-9.13475
5	5	85	-1.61973	-6.01983	-8.98759
5	15	5	0.135949	1.18264	-0.953742
5	15	15	2.25139	1.52899	0.535142
5	15	25	4.2284	2.49383	-4.49452
5	15	35	3.81499	2.06958	-4.22631
5	15	45	0.43019	0.29157	-0.567194
5	15	55	-1.70974	-0.0969239	1.6761
5	15	65	-7.71214	-3.53743	1.09484
5	15	75	-6.3631	-2.10484	-6.54485
5	15	85	-1.31524	0.777955	-5.28712
5	25	5	0.630728	0.466845	-0.58087
5	25	15	1.28762	1.41953	-1.47001
5	25	25	2.53618	1.81501	-1.38457
5	25	35	1.29904	1.6124	-0.843067
5	25	45	0.293339	0.428808	-0.0829791
5	25	55	-0.551285	0.263658	-0.084229
5	25	65	-2.62739	-0.498715	-0.896581
5	25	75	-1.86001	-0.520284	-2.88495
5	25	85	-0.0121537	0.369576	-0.860235
5	35	5	1.34487	-0.342887	-0.402971
5	35	15	1.84463	-0.240464	0.149195
5	35	25	3.60071	-0.547453	-2.22463
5	35	35	2.89337	-0.908279	-1.42215
5	35	45	1.1063	-0.387482	-0.456771
5	35	55	0.395387	-0.374458	-0.231897
5	35	65	-2.37564	-1.63757	-1.74323
5	35	75	-1.88559	-2.74066	-4.72138
5	35	85	1.21473	-1.53327	-1.3334
5	45	5	3.76203	0.0320169	-0.934534
5	45	15	5.43907	0.648601	4.50263
5	45	25	6.90562	0.576232	2.63393
5	45	35	8.0512	-0.582251	-4.442
5	45	45	5.1079	-0.225446	-3.16934
5	45	55	3.65325	-0.110239	-0.135232
5	45	65	-2.91892	2.36069	-0.369053
5	45	75	-0.978925	1.73718	-9.52939
5	45	85	5.73438	0.341354	-5.79321
5	55	5	2.59614	1.03794	-0.291993
5	55	15	5.16502	-0.360854	1.6995
5	55	25	7.07867	-0.439201	-2.07935
5	55	35	7.27872	1.9558	-4.61672
5	55	45	3.82523	2.28301	-2.62434
5	55	55	3.79861	3.18065	0.0892994
5	55	65	-0.149976	1.85723	1.22454
5	55	75	-0.448241	1.12126	-6.53773
5	55	85	3.57353	1.71278	-3.02505
5	65	5	0.403784	-0.517142	-0.515204
5	65	15	1.17402	-0.902469	-1.21454
5	65	25	2.41988	-1.43134	-2.04194
5	65	35	1.72717	0.0153122	-0.888884
5	65	45	0.831223	0.186565	-0.405949
5	65	55	0.388679	0.11388	-0.746338
5	65	65	-0.302017	0.850866	-1.12945
5	65	75	-0.597419	0.485677	-1.23255
5	65	85	0.377999	0.0149807	-0.0287107
5	75	5	1.49784	-3.63178	-0.748328
5	75	15	1.6832	-5.98644	0.283998
5	75	25	2.70503	-8.06557	-1.66805
5	75	35	2.50321	-5.94383	-1.67203
5	75	45	0.532166	-2.90755	-0.708078
5	75	55	0.153594	-3.17058	0.333564
5	75	65	-2.02737	-5.74955	-0.0932599
5	75	75	-1.35777	-7.17632	-2.95711
5	75	85	1.18895	-5.14707	-2.16148
5	85	5	2.23878	-7.45753	-3.10424
5	85	15	2.49326	-9.2171	4.38428
5	85	25	2.89567	-9.07337	-2.39677
5	85	35	3.0767	-8.4234	-5.51277
5	85	45	-0.83584	-6.28411	-1.99158
5	85	55	-3.43309	-6.09929	2.99881
5	85	65	-5.46628	-6.47798	2.86896
5	85	75	-5.23991	-6.23452	-6.39945
5	85	85	0.885025	-8.5303	-5.96288
15	5	5	-0.0170891	-1.27937	-2.70297
15	5	15	1.49156	-2.10036	0.988263
15	5	25	5.92642	-4.24857	-3.59618
15	5	35	2.69492	-3.57213	-3.47117
15	5	45	0.222211	-1.22335	0.134054
15	5	55	-0.58502	-2.38105	2.49716
15	5	65	-0.627367	-7.04147	1.53245
15	5	75	-5.80667	-5.60708	-9.72131
15	5	85	-2.2076	-3.05803	-6.46827
15	15	5	-0.00515331	0.536407	-1.95392
15	15	15	2.15022	0.503381	-0.0844431
15	15	25	4.68693	1.0137	-2.18096
15	15	35	2.91202	-0.333595	-1.87697
15	15	45	0.568971	-0.224672	0.26475
15	15	55	-0.0668063	-0.420953	0.874654
15	15	65	0.0945024	-1.3587	-1.11266
15	15	75	-3.0003	0.52794	-5.63855
15	15	85	-0.519292	1.22268	-4.50695
15	25	5	0.432264	-0.38646	-0.919063
15	25	15	2.26526	0.867387	-0.60133
15	25	25	3.03485	1.67784	-2.03444
15	25	35	1.27497	1.22309	-0.643229
15	25	45	0.0521012	0.272075	0.339739
15	25	55	0.113072	-0.211644	-0.00275177
15	25	65	0.377494	-0.747367	-1.19728
15	25	75	-0.396311	-0.215344	-2.14982
15	25	85	0.471762	-0.0583481	-1.48134
15	35	5	1.91146	-0.657258	-0.715465
15	35	15	3.72561	0.327633	1.29769
15	35	25	5.70723	0.124111	-1.23271
15	35	35	4.64591	0.47273	-1.69839
15	35	45	2.00869	0.0217089	-0.637364
15	35	55	1.59573	-0.416503	0.847573
15	35	65	2.42311	-2.1052	-0.959704
15	35	75	0.212366	-3.15681	-2.97658
15	35	85	2.59498	-0.895763	-2.20573
15	45	5	6.27199	1.64447	-1.44304
15	45	15	7.54653	0.98473	3.94079
15	45	25	9.17568	2.09954	2.80748
15	45	35	8.78385	2.39498	-3.98331
15	45	45	7.18619	1.93446	-3.3969
15	45	55	6.116	1.22974	2.23423
15	45	65	7.32779	0.424997	0.878261
15	45	75	2.56068	-2.63095	-5.94487
15	45	85	5.00986	0.395961	-4.94446
15	55	5	4.98037	0.436006	-0.0977152
15	55	15	7.48796	-0.994965	3.53782
15	55	25	9.31089	-0.875745	-0.953395
15	55	35	9.03029	1.15053	-4.86608
15	55	45	5.98195	2.20254	-2.3566
15	55	55	5.00131	2.19806	1.79836
15	55	65	6.75965	0.381642	2.87821
15	55	75	5.20683	-0.72262	-3.78953
15	55	85	4.59279	-0.265874	-3.54701
15	65	5	1.1648	-0.0122927	-0.244213
15	65	15	4.36124	-0.90836	-0.950293
15	65	25	5.96973	-2.11673	-3.6365
15	65	35	3.64067	0.555811	-1.73068
15	65	45	1.22018	0.624624	-0.411342
15	65	55	1.23728	0.284158	0.0708604
15	65	65	2.79693	0.696827	-0.383534
15	65	75	2.3854	0.080311	-1.08136
15	65	85	0.986919	0.301115	-0.807833
15	75	5	0.526846	-1.74124	-0.94473
15	75	15	1.88845	-3.99978	-0.217938
15	75	25	2.62647	-6.3887	-1.60581
15	75	35	0.966858	-4.067	-1.46406
15	75	45	0.107866	-1.18271	0.0606109
15	75	55	-0.276993	-1.56271	0.685214
15	75	65	0.659268	-3.41801	-0.20507
15	75	75	-0.181701	-3.24565	-1.52669
15	75	85	0.218118	-2.29455	-2.02793
15	85	5	-0.399528	-2.95692	-2.63874
15	85	15	0.0956299	-5.56606	1.87897
15	85	25	2.59641	-7.67899	-1.79244
15	85	35	0.926091	-4.75716	-3.08281
15	85	45	0.192015	-2.36843	-0.0716244
15	85	55	-1.28333	-3.99236	2.8752
15	85	65	-1.93439	-6.51923	2.16572
15	85	75	-3.4302	-5.69152	-5.71024
15	85	85	-2.61989	-4.81234	-4.1235
25	5	5	-0.245355	-0.298442	-0.892475
25	5	15	0.35864	-0.598844	-0.779706
25	5	25	2.25778	-1.46368	-1.05162
25	5	35	0.885099	-1.40828	0.754257
25	5	45	0.22258	-0.815126	0.387328
25	5	55	0.377994	-0.490104	0.819037
25	5	65	5.04659	-2.74321	-0.931198
25	5	75	-0.624145	-1.7786	-5.61417
25	5	85	-0.193211	-0.243527	-1.83754
25	15	5	-0.100383	-0.733251	-1.60741
25	15	15	0.423212	-0.418688	-1.37129
25	15	25	0.674132	1.50033	0.24513
25	15	35	-0.212586	0.916329	1.68993
25	15	45	0.0184388	-0.226619	0.805011
25	15	55	0.26657	-0.381694	-0.00821372
25	15	65	2.51839	0.880845	-1.67281
25	15	75	-0.114962	1.79588	-2.21787
25	15	85	-0.271884	1.09694	-2.49187
25	25	5	-0.319757	-0.905796	-1.33111
25	25	15	0.0558557	-0.953863	-2.20094
25	25	25	1.00921	-0.371773	-0.409277
25	25	35	0.241801	0.214606	1.69063
25	25	45	-0.181784	0.319876	1.21181
25	25	55	0.117325	-0.225387	-0.119707
25	25	65	1.30766	-0.767883	-0.897846
25	25	75	0.521324	-0.343873	-0.782576
25	25	85	0.217179	-0.321684	-1.02376
25	35	5	0.700863	-0.993782	-1.28835
25	35	15	1.58453	-1.51922	-1.89652
25	35	25	4.36319	-3.16983	-0.824554
25	35	35	2.97697	-2.44707	0.467925
25	35	45	0.983413	-0.496589	0.428689
25	35	55	1.37899	-0.756161	0.463287
25	35	65	3.05891	-3.13509	-1.10986
25	35	75	1.88905	-3.52081	-1.67705
25	35	85	1.19587	-0.847248	-1.47472
25	45	5	2.11271	-0.379852	-1.95212
25	45	15	3.3568	-1.9568	-0.437762
25	45	25	7.6856	-1.40582	0.531704
25	45	35	7.1516	-0.633542	-2.18682
25	45	45	3.5239	0.041915	-0.120455
25	45	55	3.76397	0.448028	2.67171
25	45	65	7.07289	-0.812757	1.287
25	45	75	3.8667	-2.25923	-1.69663
25	45	85	2.18482	-1.0348	-2.11033
25	55	5	1.19088	-0.4329	-1.69418
25	55	15	3.68105	-0.887311	-1.09745
25	55	25	8.55566	-0.0294785	-2.16553
25	55	35	7.605	1.73036	-3.28875
25	55	45	3.78813	1.74663	-0.601895
25	55	55	3.22894	1.165	1.51693
25	55	65	6.91155	1.05126	1.63175
25	55	75	4.66514	0.134104	0.626237
25	55	85	1.54236	-0.0399977	-0.953457
25	65	5	0.223528	-0.00017205	-1.11
25	65	15	3.09531	-0.267387	-2.93923
25	65	25	5.30789	0.131125	-2.8845
25	65	35	2.95669	1.30029	-0.640218
25	65	45	1.38687	0.718406	0.341287
25	65	55	1.1862	0.294025	-0.164953
25	65	65	3.02717	1.137	-0.303211
25	65	75	2.10298	0.557508	0.767639
25	65	85	0.643872	0.0399723	-0.019261
25	75	5	-0.017154	-0.118723	-0.767766
25	75	15	1.93014	-1.62016	-1.87449
25	75	25	3.22617	-3.25355	-1.67174
25	75	35	1.44813	-2.06341	0.0864044
25	75	45	0.364351	-1.03925	0.385204
25	75	55	0.66573	-1.28204	-0.145151
25	75	65	2.30343	-2.52634	-0.929198
25	75	75	1.94151	-2.12998	0.304811
25	75	85	0.322494	-0.638501	-0.155502
25	85	5	-0.00322778	-0.282071	-0.990973
25	85	15	0.838139	-1.35627	-1.04279
25	85	25	2.52256	-4.07112	-1.72872
25	85	35	1.44172	-2.89741	-0.855276
25	85	45	0.237805	-1.01814	0.185033
25	85	55	0.395983	-1.18431	1.11609
25	85	65	3.94578	-6.00045	0.684576
25	85	75	0.511578	-3.82289	-1.799
25	85	85	-0.0149935	-1.1833	-1.36897
35	5	5	-0.387702	0.439539	-0.88704
35	5	15	-2.0376	2.22346	0.453109
35	5	25	-4.63756	1.88639	2.08998
35	5	35	-1.19702	0.558558	1.31897
35	5	45	0.552905	-0.202969	0.348527
35	5	55	0.866196	-0.531479	0.344849
35	5	65	2.9566	-2.17332	-0.586058
35	5	75	1.33366	-0.403763	-3.89306
35	5	85	-0.159963	0.407842	-1.45548
35	15	5	-0.876462	0.490767	-1.38915
35	15	15	-2.17955	1.79309	-0.461808
35	15	25	-4.32443	4.52006	2.33569
35	15	35	-1.3828	2.84255	2.64081
35	15	45	0.12729	0.40274	0.749151
35	15	55	0.72307	0.406957	0.0123808
35	15	65	0.557515	2.20558	-1.26514
35	15	75	0.960899	2.21369	-1.83234
35	15	85	0.101103	1.13837	-1.87463
35	25	5	-0.5241	-0.947557	-1.32436
35	25	15	-2.39574	-1.67436	-2.3557
35	25	25	-3.6727	-0.932241	0.108628
35	25	35	-0.928231	0.0171333	2.00826
35	25	45	0.103183	0.0796608	0.745648
35	25	55	0.329019	-0.0998138	-0.801244
35	25	65	0.505098	-0.58071	-0.881722
35	25	75	0.208928	-0.590982	-0.44492
35	25	85	-0.217362	-0.527158	-0.86756
35	35	5	-0.398151	-1.87549	-1.12626
35	35	15	-1.95483	-3.94128	-1.34997
35	35	25	-3.82178	-5.72944	-0.688244
35	35	35	0.266213	-2.81704	1.0858
35	35	45	0.707681	-0.598446	0.600949
35	35	55	0.514157	-0.478502	-0.0186645
35	35	65	1.44269	-2.99716	-0.965036
35	35	75	1.09427	-5.08605	-0.58336
35	35	85	0.430911	-2.05364	-0.754269
35	45	5	-0.597025	-1.33335	-0.760242
35	45	15	-2.88674	-2.62411	-1.60297
35	45	25	-5.09557	-4.20019	-1.8751
35	45	35	0.887749	-1.91642	-0.0144746
35	45	45	0.684995	-0.469833	0.158306
35	45	55	1.05405	-0.30438	0.0422383
35	45	65	2.22508	-1.44283	-0.160588
35	45	75	0.525177	-2.68661	1.2502
35	45	85	0.280418	-1.3258	-0.426366
35	55	5	-0.43533	-0.414572	-0.9871
35	55	15	-3.21616	0.0339082	-4.32073
35	55	25	-2.96582	1.58189	-3.65238
35	55	35	1.09145	1.07805	-0.19445
35	55	45	0.623988	0.321334	0.272131
35	55	55	1.20922	0.41767	-0.326765
35	55	65	2.18443	1.49002	0.487802
35	55	75	1.20524	1.88742	2.82115
35	55	85	0.000239512	0.0620371	0.528348
35	65	5	0.385199	-0.0814336	-0.963715
35	65	15	-0.744601	1.32657	-3.10171
35	65	25	-0.759675	2.0913	-1.43076
35	65	35	0.567172	1.50545	0.744192
35	65	45	0.926278	0.361438	0.341403
35	65	55	1.21001	0.357393	-0.485868
35	65	65	1.21281	1.32313	-0.184697
35	65	75	0.912158	1.22477	1.02685
35	65	85	0.827372	0.662038	1.66289
35	75	5	0.263218	0.385504	-0.605363
35	75	15	-0.665769	-0.236031	-2.29413
35	75	25	-0.411256	-1.2906	-1.28676
35	75	35	1.68239	-2.15805	0.325537
35	75	45	1.50543	-1.21817	0.401295
35	75	55	1.85234	-1.49902	-0.0631428
35	75	65	2.41669	-2.56382	-0.462798
35	75	75	1.51022	-2.07915	1.0844
35	75	85	0.791623	-0.338212	0.740821
35	85	5	-0.222561	0.186607	-0.658774
35	85	15	-1.83391	0.129988	-0.846215
35	85	25	-3.72403	-1.6318	0.309261
35	85	35	0.488775	-2.60173	-0.208695
35	85	45	0.716095	-1.32171	0.00595811
35	85	55	1.79513	-2.41223	1.0941
35	85	65	4.11208	-6.30825	0.82136
35	85	75	1.62465	-3.51587	-1.3582
35	85	85	0.255007	-0.275212	-0.800179
45	5	5	-1.38403	2.56693	0.0342981
45	5	15	-5.116	5.05666	4.83943
45	5	25	-6.75109	5.44139	1.33848
45	5	35	1.78394	1.62928	-5.28575
45	5	45	2.15421	0.107722	-2.30799
45	5	55	3.49988	-0.898767	2.77307
45	5	65	5.79965	-2.15818	0.562437
45	5	75	5.83302	1.83726	-9.29122
45	5	85	0.934378	3.1353	-5.82517
45	15	5	-0.456698	2.66381	-0.788566
45	15	15	-1.99619	5.15873	2.29983
45	15	25	-4.46092	7.17672	0.436155
45	15	35	0.588913	4.60476	-0.756527
45	15	45	1.34364	1.57301	-0.278084
45	15	55	2.07075	2.09697	1.39254
45	15	65	3.55311	3.19734	-0.86192
45	15	75	3.94228	4.06582	-4.692
45	15	85	1.02624	3.95603	-3.63993
45	25	5	-0.521813	-0.568358	-0.983668
45	25	15	-2.34145	-1.4316	-1.78731
45	25	25	-2.23984	-0.0522928	-0.420562
45	25	35	-0.328784	0.213115	0.502168
45	25	45	0.618176	0.194228	0.510283
45	25	55	0.630874	0.215952	-0.145104
45	25	65	1.08121	0.266891	-0.463382
45	25	75	0.773523	-0.695459	-0.638257
45	25	85	-0.0734609	-0.706896	-0.812777
45	35	5	-2.74902	-4.34	-0.0428294
45	35	15	-4.05548	-5.90273	1.43352
45	35	25	-5.40692	-5.76527	-2.67952
45	35	35	-2.57631	-3.59	-2.13471
45	35	45	-0.481548	-1.97999	-0.392911
45	35	55	-0.0273679	-1.35126	0.218691
45	35	65	1.18428	-4.13139	1.23228
45	35	75	1.924	-7.00116	-1.00077
45	35	85	-0.561633	-5.57172	-2.44543
45	45	5	-4.50546	-4.44688	1.01856
45	45	15	-6.28449	-4.39117	1.47172
45	45	25	-8.07031	-3.86679	-5.39659
45	45	35	-3.20593	-2.50251	-5.29502
45	45	45	-2.21604	-1.55772	-2.47615
45	45	55	-1.32814	-1.16266	1.81606
45	45	65	0.326836	-1.51288	5.75199
45	45	75	0.224128	-4.13895	1.60873
45	45	85	-2.39796	-4.07517	-1.95881
45	55	5	-2.64051	-0.112475	0.894865
45	55	15	-6.51265	-2.10185	0.37994
45	55	25	-6.63225	-2.23678	-5.9853
45	55	35	-3.34437	0.452883	-5.09178
45	55	45	-1.66122	0.485819	-2.47498
45	55	55	-0.716877	0.618796	1.06378
45	55	65	-0.125705	2.17548	3.92003
45	55	75	-0.827334	3.12386	2.991
45	55	85	-2.38828	-0.191249	-0.728404
45	65	5	-0.529696	-0.0225127	0.485273
45	65	15	-2.40528	0.580435	-0.706359
45	65	25	-3.75719	1.02434	-3.19584
45	65	35	-1.35126	1.39176	-2.01151
45	65	45	-0.0631048	0.868293	-0.796182
45	65	55	-0.0830691	0.401411	0.232204
45	65	65	0.454897	0.815023	0.798773
45	65	75	0.347299	1.24595	0.322081
45	65	85	-0.333748	0.568601	0.450238
45	75	5	0.0243708	0.198161	0.188352
45	75	15	-1.08203	-0.160427	-0.138296
45	75	25	-1.28929	0.151711	-1.66669
45	75	35	0.899197	-1.01924	-0.761929
45	75	45	1.43269	-1.37131	-0.0445715
45	75	55	2.17724	-2.11523	-0.00816843
45	75	65	2.78102	-3.37776	-0.309169
45	75	75	1.24584	-3.03728	-0.307983
45	75	85	1.09473	-0.987588	0.370635
45	85	5	-0.415006	0.0566716	0.034379
45	85	15	-3.87777	0.639454	2.0036
45	85	25	-5.58635	-0.106275	-2.0397
45	85	35	2.2802	-3.42859	-2.62061
45	85	45	2.52545	-2.98066	-1.59926
45	85	55	3.81395	-3.76596	1.54474
45	85	65	3.89653	-5.47464	0.668007
45	85	75	3.78145	-3.54929	-5.58035
45	85	85	0.761941	-0.992182	-2.65603
55	5	5	0.713188	1.38255	0.685836
55	5	15	-1.5526	2.74965	5.0033
55	5	25	1.49887	4.45252	-2.48293
55	5	35	5.14517	4.40004	-9.04605
55	5	45	6.06181	3.74921	-4.46987
55	5	55	7.36188	1.76349	2.19283
55	5	65	9.17234	3.14734	0.75452
55	5	75	5.1045	2.80415	-7.90744
55	5	85	1.28626	2.32516	-5.37708
55	15	5	0.910201	1.95258	-0.160552
55	15	15	-0.304938	2.37188	1.06843
55	15	25	1.33698	4.30957	-2.86341
55	15	35	3.36182	5.51171	-5.43865
55	15	45	3.00578	3.66325	-1.88428
55	15	55	4.5352	2.79121	1.95317
55	15	65	7.48632	3.73726	-0.688641
55	15	75	4.92081	5.2839	-4.53974
55	15	85	1.21809	3.66329	-2.34987
55	25	5	0.0117601	-0.847326	-0.121465
55	25	15	-0.549174	-0.993969	-2.00647
55	25	25	-0.404264	-0.0798352	-1.97226
55	25	35	0.53162	1.0734	-0.88259
55	25	45	0.685539	0.449372	-0.202049
55	25	55	0.944443	0.468379	-0.123058
55	25	65	2.89587	0.976622	-0.109863
55	25	75	2.79034	0.129845	-0.623377
55	25	85	0.401225	-0.985018	0.291063
55	35	5	-3.1116	-4.80927	-0.0117975
55	35	15	-3.83039	-6.62301	1.22038
55	35	25	-4.55932	-4.97753	-4.19447
55	35	35	-3.07459	-3.22754	-2.97292
55	35	45	-0.918791	-1.94413	-1.74623
55	35	55	-0.225398	-1.58267	0.594894
55	35	65	1.95824	-3.55543	2.21066
55	35	75	1.6547	-6.43038	-0.123897
55	35	85	-2.45624	-6.15763	-1.63682
55	45	5	-2.76013	-3.76027	1.06903
55	45	15	-3.59937	-5.47668	-0.198411
55	45	25	-5.1206	-2.75388	-8.74497
55	45	35	-4.65836	-4.30737	-8.17026
55	45	45	-2.45653	-3.31281	-4.65068
55	45	55	-1.10586	-3.2196	1.74629
55	45	65	0.634771	-3.6196	7.07934
55	45	75	2.32916	-4.48783	2.68574
55	45	85	-2.87964	-4.66308	-0.85238
55	55	5	-1.37631	-0.431875	0.467053
55	55	15	-2.76913	-2.02645	-2.64147
55	55	25	-5.07063	-5.23268	-9.52796
55	55	35	-3.77854	-2.33312	-8.22782
55	55	45	-1.72098	-0.519805	-3.81812
55	55	55	-0.601124	0.738399	0.324089
55	55	65	0.953842	0.284079	4.2952
55	55	75	2.25119	1.90767	2.94558
55	55	85	-1.6818	0.0612483	0.698507
55	65	5	-0.227694	-0.213458	0.135777
55	65	15	-0.334539	0.50297	-1.39872
55	65	25	-1.82208	0.188177	-3.66617
55	65	35	-0.76634	1.484	-2.77744
55	65	45	0.326433	0.43997	-1.18196
55	65	55	0.216777	0.512356	0.00633557
55	65	65	1.15237	0.593999	0.661022
55	65	75	1.67672	1.85702	0.842426
55	65	85	0.00874838	0.311866	0.523871
55	75	5	-0.0103106	-0.232151	0.292083
55	75	15	0.000238689	-0.603193	-0.262786
55	75	25	0.118386	-0.0671582	-1.35727
55	75	35	0.629962	-0.736929	-1.36308
55	75	45	0.773946	-0.434117	-0.699418
55	75	55	1.59834	-0.949175	0.109606
55	75	65	2.45539	-2.72145	-0.339458
55	75	75	2.24079	-2.55745	-1.06537
55	75	85	0.376176	-0.75762	0.269255
55	85	5	0.147579	-0.439457	0.590241
55	85	15	-0.372406	-0.935962	2.10246
55	85	25	1.06886	0.821899	-4.03845
55	85	35	3.50162	-0.0975122	-5.69835
55	85	45	3.70786	-1.07485	-2.45469
55	85	55	4.19348	-1.43308	1.2828
55	85	65	6.17105	-2.80916	0.10483
55	85	75	3.94944	-2.97139	-5.9506
55	85	85	0.993372	-1.67475	-2.54649
65	5	5	0.0809642	-0.0701774	0.0513304
65	5	15	1.49736	0.759374	0.680094
65	5	25	6.86494	1.32923	-3.65195
65	5	35	2.53563	0.411288	-4.17271
65	5	45	2.79934	0.840435	-3.12384
65	5	55	3.80646	0.86304	-0.662749
65	5	65	7.41629	1.15823	0.0603321
65	5	75	3.32218	0.325427	-2.5789
65	5	85	0.468093	0.0271916	-0.980445
65	15	5	0.149686	0.0245137	-0.193444
65	15	15	1.28749	0.809232	-0.986095
65	15	25	4.82712	3.07491	-3.20054
65	15	35	2.3561	2.34784	-2.44028
65	15	45	1.48768	1.28843	-1.31405
65	15	55	2.76715	1.5184	-0.636736
65	15	65	6.82391	3.32581	-0.777148
65	15	75	3.48353	2.6239	-1.63512
65	15	85	0.456628	0.21208	0.0542893
65	25	5	0.396149	-0.365159	-0.241406
65	25	15	1.123	-0.223634	-2.15062
65	25	25	1.55852	0.964189	-1.38272
65	25	35	0.706787	0.626293	-0.198183
65	25	45	0.351381	0.319031	-0.54792
65	25	55	1.20752	0.901912	-1.45209
65	25	65	3.82756	1.49121	-0.85162
65	25	75	2.88984	0.448782	0.843698
65	25	85	0.399991	-0.319851	0.708737
65	35	5	-1.36119	-2.08361	0.0258387
65	35	15	-1.15232	-4.73069	-0.725842
65	35	25	0.317033	-4.99682	-1.55507
65	35	35	-0.470913	-1.9447	-0.774561
65	35	45	-0.0161302	-0.265198	-0.955552
65	35	55	-0.0842308	-0.424293	-1.14521
65	35	65	2.13433	-1.66086	0.384803
65	35	75	1.77767	-4.15388	1.09012
65	35	85	-0.994454	-2.83154	-0.0576401
65	45	5	-0.859471	-0.869398	-0.0552072
65	45	15	0.349446	-3.30284	-1.75978
65	45	25	0.442415	-3.5484	-5.53275
65	45	35	-1.39747	-2.74614	-4.01739
65	45	45	-0.384648	-0.724264	-1.54756
65	45	55	-0.740002	-0.826733	-0.877318
65	45	65	0.557446	-2.04913	1.2048
65	45	75	2.30386	-2.71163	2.47114
65	45	85	-0.767691	-1.72038	0.511542
65	55	5	-0.699264	-0.319163	-0.16893
65	55	15	1.55625	-1.03042	-3.32691
65	55	25	0.440798	0.290428	-6.22733
65	55	35	-1.04676	0.937581	-3.24299
65	55	45	-0.298541	0.185828	-1.12673
65	55	55	-0.752821	-0.29684	-1.30015
65	55	65	-0.153747	0.321162	0.0593745
65	55	75	1.19609	1.28203	1.68345
65	55	85	-0.516538	0.0921448	1.25212
65	65	5	-0.0898222	-0.212317	0.00135972
65	65	15	0.820725	0.308659	-1.71547
65	65	25	0.651645	0.429217	-1.64506
65	65	35	-0.065435	0.16905	-0.916188
65	65	45	-0.2722	-0.549571	-0.934448
65	65	55	-0.745354	-0.834685	-1.69076
65	65	65	0.800275	-0.256298	-0.303154
65	65	75	0.20101	-0.00801428	0.903284
65	65	85	0.0190858	-0.00615252	1.46779
65	75	5	0.0942797	-0.197223	0.157083
65	75	15	0.743631	-0.540972	-0.886696
65	75	25	1.37018	-1.68152	-1.15823
65	75	35	0.307762	-1.42224	-1.27382
65	75	45	0.137682	-0.900357	-1.34685
65	75	55	1.04061	-1.8495	-1.31498
65	75	65	1.42863	-2.81444	-1.29259
65	75	75	0.323385	-2.10805	0.302836
65	75	85	-0.102763	-0.66359	0.866306
65	85	5	-0.0548308	-0.0809538	-0.0782358
65	85	15	1.6196	-0.641131	-0.223697
65	85	25	3.90881	-2.46009	-3.50885
65	85	35	1.67027	-1.94546	-3.75641
65	85	45	2.12653	-0.584615	-2.39706
65	85	55	3.1971	-0.678734	-0.201553
65	85	65	4.81711	-2.42859	-0.392508
65	85	75	1.86062	-3.47662	-1.95248
65	85	85	-0.061387	-0.71625	-0.284381
75	5	5	0.448826	-0.166234	-0.155683
75	5	15	1.74977	0.207622	-1.22748
75	5	25	4.14415	0.0720203	-2.77911
75	5	35	0.844942	-0.432551	-1.25114
75	5	45	0.658403	-0.374799	-1.38779
75	5	55	0.236014	-1.12561	-2.10962
75	5	65	-1.92646	-1.8018	-1.98845
75	5	75	-1.87263	-1.7427	0.79602
75	5	85	-0.151015	-0.323176	0.178204
75	15	5	0.444282	-0.170576	-0.162857
75	15	15	1.91239	1.59948	-2.33536
75	15	25	2.79711	3.28795	-2.17267
75	15	35	0.964686	1.18843	-0.490674
75	15	45	0.500322	0.108404	-0.903956
75	15	55	0.186673	0.453579	-2.94258
75	15	65	-0.511052	2.12274	-2.92328
75	15	75	-0.59432	2.08927	0.820016
75	15	85	0.246861	0.15186	0.982866
75	25	5	0.724076	-0.0837062	-0.559575
75	25	15	1.49525	0.579588	-1.73345
75	25	25	1.63553	0.464336	-0.534178
75	25	35	0.686433	0.48186	0.326933
75	25	45	0.2827	0.102058	-0.627123
75	25	55	0.159917	0.86573	-2.57656
75	25	65	0.357225	1.94124	-2.29734
75	25	75	0.537695	1.00241	0.922029
75	25	85	0.604633	0.198173	1.12796
75	35	5	0.164758	-0.483848	-0.102139
75	35	15	0.823426	-1.34485	-0.804791
75	35	25	1.15702	-2.27038	-0.0345419
75	35	35	0.247831	-0.913115	0.149116
75	35	45	0.403053	0.00870383	-0.526369
75	35	55	-0.399256	-0.286235	-1.7291
75	35	65	-1.33442	-1.23875	-1.9813
75	35	75	-0.675906	-1.70176	-0.0411675
75	35	85	0.243448	-1.02379	0.300739
75	45	5	-0.226704	-0.533913	-0.242081
75	45	15	0.0313282	-1.41606	-0.943602
75	45	25	-0.0829896	-1.81268	-0.480994
75	45	35	0.132743	-0.517478	-0.898899
75	45	45	-0.0259852	-0.030224	-0.758112
75	45	55	-0.493747	-0.0732902	-1.11029
75	45	65	-3.086	-1.24926	-2.56687
75	45	75	-2.5389	-1.37312	-0.716712
75	45	85	-0.76267	-0.618425	-0.410006
75	55	5	-0.0684459	-0.555774	-0.463454
75	55	15	0.333936	-0.617804	-1.80198
75	55	25	-0.00303922	0.6847	-1.52094
75	55	35	0.0668888	0.788529	-1.22021
75	55	45	0.00750909	-0.0248943	-0.770126
75	55	55	-1.40938	0.118156	-1.46007
75	55	65	-3.91796	1.05702	-2.57292
75	55	75	-2.69071	1.09512	0.197926
75	55	85	-0.570696	0.329481	0.513929
75	65	5	0.0608957	-0.388832	-0.70219
75	65	15	0.302025	-0.368035	-1.43153
75	65	25	-0.0415867	0.0232412	-0.593809
75	65	35	-0.200588	-0.108703	-0.171959
75	65	45	-0.158633	-0.646592	-0.566221
75	65	55	-0.982876	-0.909058	-1.84669
75	65	65	-2.66578	-0.376044	-1.93323
75	65	75	-1.79976	-0.768395	0.762324
75	65	85	-0.202109	-0.508666	1.18786
75	75	5	0.180546	-0.302179	-0.459423
75	75	15	0.503763	-1.64765	-1.53269
75	75	25	0.080493	-2.13245	-0.520045
75	75	35	0.138762	-1.74594	-0.00406152
75	75	45	0.119307	-0.84418	-0.807418
75	75	55	-0.911649	-1.91565	-2.18267
75	75	65	-2.93033	-4.43141	-1.68135
75	75	75	-2.56214	-4.40346	0.646332
75	75	85	-0.102298	-0.944954	0.684379
75	85	5	0.337251	-0.492415	-0.144211
75	85	15	0.920708	-1.93936	-0.711457
75	85	25	1.89561	-4.8176	-2.12871
75	85	35	0.499589	-2.92536	-1.80436
75	85	45	0.167374	-0.904222	-1.40092
75	85	55	0.00196349	-1.70627	-1.78697
75	85	65	-2.24301	-4.47808	-1.31015
75	85	75	-2.26337	-4.91161	-0.0307244
75	85	85	0.0348226	-1.12353	-0.300039
85	5	5	0.485932	-1.00961	-0.558865
85	5	15	1.71971	-1.70998	-0.0591113
85	5	25	1.8786	-2.25192	-5.87496
85	5	35	1.13156	-1.71319	-3.56436
85	5	45	-0.320191	-0.884192	-1.5682
85	5	55	-2.84561	-2.74236	0.347656
85	5	65	-8.5285	-5.03619	1.72646
85	5	75	-6.23384	-4.69947	-4.55032
85	5	85	-0.0983095	-2.16972	-2.50275
85	15	5	0.766954	-0.197676	-0.635431
85	15	15	1.51479	1.89513	-2.28441
85	15	25	2.18104	4.25642	-2.72733
85	15	35	0.824672	1.38303	-1.36664
85	15	45	-0.398394	0.443841	-0.750251
85	15	55	-2.17117	0.147505	-0.60528
85	15	65	-7.5962	-0.947561	-0.91903
85	15	75	-5.97437	-0.955728	-3.13526
85	15	85	-0.767322	0.427763	-0.714386
85	25	5	0.710561	0.616975	-0.761495
85	25	15	1.29837	1.00095	-1.72677
85	25	25	1.28195	1.09334	-0.777892
85	25	35	0.614459	0.668756	-0.0316946
85	25	45	0.293875	0.338826	-0.252157
85	25	55	-0.453986	0.218973	-0.887334
85	25	65	-3.75122	0.750313	-1.57525
85	25	75	-1.93863	0.0584257	-0.938761
85	25	85	0.0323222	0.0359657	0.0939752
85	35	5	0.700285	-0.199619	-0.381893
85	35	15	1.05947	-0.844299	0.0176742
85	35	25	1.47138	-1.53757	-0.385204
85	35	35	1.34711	-1.27292	0.0876971
85	35	45	0.447622	0.0652099	-0.502417
85	35	55	-0.110651	-0.179529	-0.84504
85	35	65	-3.38829	-1.0172	-2.18105
85	35	75	-2.15725	-2.15883	-1.94515
85	35	85	0.448804	-1.12086	-0.910929
85	45	5	0.348361	-0.668555	-0.279152
85	45	15	0.335658	-0.906181	1.96406
85	45	25	0.0321834	-2.28957	1.63984
85	45	35	2.41031	-1.4267	-2.20179
85	45	45	0.991647	-0.108898	-1.29392
85	45	55	0.334822	-0.00202239	-1.16288
85	45	65	-4.97688	0.266888	-2.48689
85	45	75	-4.05091	-0.172525	-4.74624
85	45	85	-0.341016	-0.854158	-2.76041
85	55	5	0.246155	0.345071	-0.413092
85	55	15	0.0378884	-0.282261	-0.457936
85	55	25	0.0887682	0.792416	-2.32817
85	55	35	1.94558	1.63396	-1.78541
85	55	45	0.516102	0.550645	-1.06899
85	55	55	-0.093051	1.38891	-0.986898
85	55	65	-4.34742	2.06139	-2.11022
85	55	75	-3.92913	2.19484	-2.88612
85	55	85	-0.00281357	0.885876	-1.32493
85	65	5	0.391205	-0.350965	-0.355744
85	65	15	-0.30808	-0.908692	-1.40077
85	65	25	-0.163883	-0.801887	-0.612593
85	65	35	0.560133	0.0154296	-0.278722
85	65	45	0.133662	-0.272238	-0.33405
85	65	55	-0.318488	-0.0535877	-1.16752
85	65	65	-2.93787	0.396689	-1.8523
85	65	75	-2.29395	0.0366565	-0.0789071
85	65	85	0.227099	-0.256929	0.212518
85	75	5	0.590321	-1.22368	-0.460299
85	75	15	0.127995	-3.67899	-1.06808
85	75	25	0.413676	-6.18048	-1.18222
85	75	35	1.32298	-3.86027	-1.0322
85	75	45	0.425053	-1.5475	-1.02743
85	75	55	-0.965327	-1.89025	-0.946675
85	75	65	-3.85847	-5.18107	-0.494437
85	75	75	-2.17476	-6.2285	-1.49199
85	75	85	0.6656	-2.68872	-0.525068
85	85	5	0.666113	-2.54307	-0.758074
85	85	15	2.13144	-5.84328	1.47776
85	85	25	1.90533	-8.14808	-1.9061
85	85	35	2.40019	-5.3112	-3.90871
85	85	45	-0.00478519	-2.86575	-2.15217
85	85	55	-2.08732	-3.68487	0.152492
85	85	65	-5.96683	-6.5538	1.01533
85	85	75	-3.12851	-7.63986	-3.41491
85	85	85	1.53011	-4.67491	-3.44605
