5	5	5	3.64397	-4.35963	-5.52269
5	5	15	2.78496	-4.73822	-6.77417
5	5	25	3.48826	-4.83529	-7.34259
5	5	35	3.5977	-4.34191	-5.59345
5	5	45	3.35674	-3.44265	-4.13406
5	5	55	3.0793	-2.59067	-2.85458
5	5	65	3.64255	-3.22791	-2.79953
5	5	75	4.95581	-3.73184	-3.92639
5	5	85	4.38041	-4.5722	-5.34408
5	15	5	2.65347	-3.85687	-5.24144
5	15	15	0.832101	-4.44977	-6.34653
5	15	25	0.27586	-4.34323	-5.5654
5	15	35	1.56468	-4.56962	-5.00193
5	15	45	2.06392	-2.79523	-2.93694
5	15	55	2.04657	-2.05551	-1.59529
5	15	65	3.72136	-3.56724	-2.27171
5	15	75	4.42703	-3.92884	-4.34469
5	15	85	3.65833	-4.48582	-5.76202
5	25	5	1.59888	-4.18274	-4.75014
5	25	15	-1.14508	-4.94608	-5.45864
5	25	25	-1.17647	-4.43373	-4.52969
5	25	35	0.565405	-4.25834	-4.10793
5	25	45	1.14426	-3.05267	-2.75265
5	25	55	1.99609	-3.5928	-2.62283
5	25	65	3.35789	-4.22041	-3.24906
5	25	75	2.93998	-4.66726	-5.07209
5	25	85	3.48226	-4.90825	-6.3366
5	35	5	-0.255218	-5.58228	-5.24827
5	35	15	-1.95379	-5.66879	-5.27516
5	35	25	-3.11836	-5.90158	-4.85424
5	35	35	-0.450355	-4.67049	-3.86604
5	35	45	0.267655	-4.39601	-3.83543
5	35	55	0.45746	-4.20856	-3.67977
5	35	65	2.41104	-5.31841	-5.04388
5	35	75	2.35291	-5.363	-5.74147
5	35	85	2.13078	-5.4999	-6.44817
5	45	5	2.51839	-4.884	-5.47608
5	45	15	1.94355	-5.76833	-5.67256
5	45	25	1.73522	-6.01547	-6.0559
5	45	35	1.68868	-5.24407	-4.43045
5	45	45	1.87599	-3.18668	-3.3456
5	45	55	1.88841	-2.09726	-2.80134
5	45	65	2.71395	-4.88101	-4.66451
5	45	75	2.4542	-4.95609	-5.58757
5	45	85	2.97027	-5.02142	-6.16826
5	55	5	5.02722	-3.81914	-5.71301
5	55	15	4.34324	-5.65435	-6.86083
5	55	25	2.95855	-6.05741	-6.4698
5	55	35	4.63515	-6.17947	-5.52902
5	55	45	5.51735	-2.47545	-4.88512
5	55	55	5.12893	-0.890748	-3.97173
5	55	65	4.09915	-3.55214	-4.03063
5	55	75	3.90612	-4.43205	-5.4469
5	55	85	3.80463	-4.32138	-5.64449
5	65	5	5.52907	-3.07319	-5.99824
5	65	15	5.63305	-4.37794	-7.36204
5	65	25	4.54563	-6.02445	-7.40263
5	65	35	5.81262	-5.95668	-6.3762
5	65	45	5.94664	-2.27689	-4.87547
5	65	55	5.26896	-0.136559	-4.40936
5	65	65	5.20021	-2.42499	-4.03084
5	65	75	4.30471	-3.2882	-4.53877
5	65	85	4.80548	-3.12456	-5.22788
5	75	5	5.83111	-3.93658	-6.0144
5	75	15	5.84697	-5.4528	-7.64934
5	75	25	5.04189	-5.80987	-8.14668
5	75	35	5.51647	-4.70202	-6.31884
5	75	45	5.72756	-3.17049	-5.06627
5	75	55	5.77236	-1.89352	-4.81502
5	75	65	5.49575	-2.89476	-4.19677
5	75	75	5.61611	-3.53626	-4.60465
5	75	85	5.77932	-3.62208	-5.52141
5	85	5	5.08368	-2.77129	-5.27592
5	85	15	4.40992	-4.47811	-6.8409
5	85	25	4.57143	-5.30809	-8.15858
5	85	35	5.04548	-4.37864	-6.19269
5	85	45	5.00009	-3.64635	-4.54337
5	85	55	5.08127	-3.29133	-4.24279
5	85	65	5.06332	-3.2547	-4.04458
5	85	75	5.36364	-2.97093	-4.56348
5	85	85	5.0889	-3.13287	-4.9837
15	5	5	5.19798	-2.22667	-4.80036
15	5	15	3.84233	-3.13208	-5.2982
15	5	25	4.54459	-5.05295	-7.4986
15	5	35	4.66284	-3.97931	-6.11043
15	5	45	3.83441	-2.77919	-4.32507
15	5	55	3.34125	-2.72195	-3.78661
15	5	65	3.23001	-2.92516	-3.59684
15	5	75	5.04631	-2.95502	-4.22407
15	5	85	5.40672	-2.41783	-4.29254
15	15	5	3.10514	-1.79177	-3.22677
15	15	15	1.68517	-2.81814	-3.87216
15	15	25	2.28409	-4.80852	-6.60052
15	15	35	2.81426	-4.38053	-5.4255
15	15	45	1.63375	-2.16363	-2.49167
15	15	55	1.80567	-2.14352	-2.04409
15	15	65	3.1824	-3.24751	-2.42621
15	15	75	4.15657	-3.27717	-3.00467
15	15	85	4.02371	-2.77654	-3.5284
15	25	5	1.60092	-2.5556	-2.78761
15	25	15	-0.106529	-3.18675	-3.49636
15	25	25	0.721182	-4.62252	-5.43856
15	25	35	1.2981	-4.04121	-4.1048
15	25	45	0.545298	-2.31806	-2.24316
15	25	55	0.883985	-2.26276	-2.00309
15	25	65	2.59456	-3.47558	-2.89356
15	25	75	2.59424	-3.47397	-3.30455
15	25	85	2.62419	-3.34363	-3.90267
15	35	5	0.0638314	-3.74795	-3.75531
15	35	15	-0.829004	-4.52037	-4.05737
15	35	25	-0.265706	-5.50516	-5.1206
15	35	35	1.38362	-5.34183	-4.63769
15	35	45	0.212188	-4.44884	-4.11494
15	35	55	-1.06664	-4.86962	-4.26934
15	35	65	-0.939714	-6.42778	-5.02424
15	35	75	-2.44874	-6.88768	-5.26676
15	35	85	-1.98222	-5.84349	-5.24809
15	45	5	0.590955	-4.66876	-4.3223
15	45	15	0.759094	-5.99927	-5.05396
15	45	25	1.41915	-6.07177	-5.91086
15	45	35	1.91727	-5.59503	-5.18196
15	45	45	1.05948	-4.80206	-4.60554
15	45	55	1.26947	-4.26913	-3.98793
15	45	65	2.84236	-5.43426	-4.90673
15	45	75	2.43224	-5.64083	-5.75274
15	45	85	1.40145	-5.17545	-5.09884
15	55	5	3.03549	-4.10494	-3.75594
15	55	15	2.97827	-5.78714	-5.21775
15	55	25	2.55362	-6.23014	-5.99989
15	55	35	3.33673	-6.01983	-5.3126
15	55	45	3.35417	-4.15875	-4.54571
15	55	55	3.21177	-2.73282	-2.98594
15	55	65	3.47503	-3.78649	-3.87008
15	55	75	3.84034	-4.08267	-4.26065
15	55	85	3.32226	-4.1629	-4.08611
15	65	5	4.11236	-3.14442	-4.47863
15	65	15	3.24557	-5.20582	-5.65759
15	65	25	2.46968	-5.42734	-6.30333
15	65	35	3.19268	-5.24424	-5.37875
15	65	45	4.09427	-2.75952	-4.48639
15	65	55	4.49882	-1.79313	-3.81335
15	65	65	4.60972	-2.85936	-3.59057
15	65	75	4.49102	-3.35065	-3.74949
15	65	85	3.77829	-3.24802	-3.74087
15	75	5	5.59441	-3.54001	-5.14249
15	75	15	4.29689	-4.56757	-6.2112
15	75	25	3.82295	-5.51198	-7.28811
15	75	35	4.14281	-4.78096	-5.92467
15	75	45	4.64524	-2.60795	-4.99157
15	75	55	5.0685	-1.6509	-4.61507
15	75	65	5.47276	-2.70253	-4.1994
15	75	75	5.95079	-3.73581	-4.31487
15	75	85	6.0901	-4.16714	-4.88635
15	85	5	5.51791	-3.15624	-5.21966
15	85	15	4.69624	-3.63442	-6.17304
15	85	25	4.44892	-5.25735	-7.27207
15	85	35	4.84312	-4.31835	-6.36938
15	85	45	4.9208	-3.23861	-5.37337
15	85	55	5.03282	-2.93511	-4.57642
15	85	65	5.67695	-3.41293	-4.46539
15	85	75	6.66422	-3.75646	-4.57706
15	85	85	6.15006	-3.25845	-4.86694
25	5	5	4.44098	-2.53738	-4.01015
25	5	15	3.82876	-3.02532	-3.86334
25	5	25	3.17474	-4.79826	-6.05517
25	5	35	4.04195	-4.02323	-5.61276
25	5	45	3.40367	-2.92035	-4.03922
25	5	55	3.13681	-2.44369	-3.56859
25	5	65	3.01677	-4.25171	-5.212
25	5	75	3.78091	-3.28357	-4.8991
25	5	85	4.26132	-2.69314	-3.65091
25	15	5	3.7294	-2.19371	-3.31722
25	15	15	2.88682	-2.3012	-3.09507
25	15	25	2.77316	-4.06801	-5.33273
25	15	35	3.43802	-3.51085	-4.64531
25	15	45	1.66047	-2.15755	-2.489
25	15	55	1.67355	-2.67579	-2.88105
25	15	65	2.48683	-3.17458	-3.49543
25	15	75	3.17296	-2.8856	-3.6054
25	15	85	3.98632	-3.32127	-3.91991
25	25	5	1.91758	-1.49574	-1.97003
25	25	15	1.86101	-3.12647	-3.25799
25	25	25	2.03771	-5.08633	-5.77737
25	25	35	1.17971	-4.75773	-4.63088
25	25	45	0.818427	-2.78996	-2.22103
25	25	55	0.878123	-2.55371	-2.05591
25	25	65	2.24033	-2.60891	-2.41173
25	25	75	2.56905	-2.49025	-2.75183
25	25	85	3.12719	-2.26912	-2.99987
25	35	5	1.40258	-2.19448	-2.36879
25	35	15	1.16193	-4.48382	-4.25231
25	35	25	1.88522	-5.86422	-5.59621
25	35	35	0.645195	-6.90612	-5.32764
25	35	45	-2.7692	-7.52003	-4.74491
25	35	55	-3.68445	-6.98243	-4.33224
25	35	65	-2.85799	-6.11041	-4.80866
25	35	75	-1.44773	-4.88972	-5.01951
25	35	85	0.672332	-2.84949	-3.34004
25	45	5	1.06902	-2.7354	-2.27126
25	45	15	0.930921	-5.0865	-4.96404
25	45	25	1.99139	-5.72531	-5.84043
25	45	35	1.70945	-5.74427	-5.34082
25	45	45	0.582531	-5.10487	-4.66745
25	45	55	-0.175135	-4.6723	-4.08121
25	45	65	0.590987	-5.42974	-5.09626
25	45	75	0.888348	-5.02769	-5.21167
25	45	85	1.02313	-3.07329	-3.09832
25	55	5	2.7222	-4.19129	-3.30935
25	55	15	1.98085	-4.91255	-4.75098
25	55	25	2.89289	-5.58354	-6.14149
25	55	35	2.04254	-5.32401	-5.48557
25	55	45	1.61813	-4.48402	-4.38174
25	55	55	2.13648	-3.4946	-3.15611
25	55	65	3.22575	-4.32239	-4.6017
25	55	75	3.63329	-4.77374	-4.60973
25	55	85	2.76746	-3.44887	-2.74522
25	65	5	2.91929	-3.36814	-2.76097
25	65	15	1.68118	-4.29737	-4.37439
25	65	25	2.26114	-5.1486	-6.25209
25	65	35	2.23866	-5.09946	-5.49513
25	65	45	1.9438	-3.87839	-4.13476
25	65	55	2.14692	-2.31201	-2.59224
25	65	65	2.87682	-3.24983	-3.84985
25	65	75	3.24822	-3.84242	-3.72287
25	65	85	3.24311	-3.48387	-2.84922
25	75	5	3.30863	-3.18097	-2.71811
25	75	15	2.22171	-3.85614	-3.75973
25	75	25	2.44615	-5.16606	-5.95009
25	75	35	2.54412	-5.02228	-5.68112
25	75	45	2.94754	-3.6172	-4.28843
25	75	55	2.87908	-2.19512	-3.12004
25	75	65	2.91996	-2.37812	-3.10538
25	75	75	3.24326	-3.06084	-3.10052
25	75	85	3.44883	-3.4371	-2.66131
25	85	5	4.46021	-2.8005	-3.28647
25	85	15	3.3206	-3.48369	-3.77016
25	85	25	2.6522	-5.05062	-6.01626
25	85	35	3.4502	-4.84103	-5.80196
25	85	45	3.68793	-3.52681	-4.65803
25	85	55	3.61304	-2.75723	-3.74051
25	85	65	3.04976	-3.68243	-4.26918
25	85	75	3.73848	-3.77349	-3.95327
25	85	85	4.28664	-3.02144	-3.77086
35	5	5	3.29999	-3.68998	-3.33931
35	5	15	3.18565	-3.21008	-2.73994
35	5	25	3.10008	-4.69214	-4.84014
35	5	35	2.69004	-4.30389	-4.67729
35	5	45	2.4612	-3.0328	-3.21138
35	5	55	2.52442	-2.84535	-3.26454
35	5	65	2.57416	-4.96306	-5.04465
35	5	75	2.12997	-4.87607	-5.00102
35	5	85	2.5585	-4.126	-4.13156
35	15	5	2.90042	-2.97122	-3.14033
35	15	15	2.80038	-2.70241	-2.55817
35	15	25	3.22113	-3.08277	-4.05828
35	15	35	3.14995	-3.06688	-3.73533
35	15	45	2.40603	-2.41225	-2.78869
35	15	55	2.08151	-3.09658	-3.33065
35	15	65	2.39318	-4.45967	-4.77649
35	15	75	2.36236	-4.73544	-5.12006
35	15	85	2.86488	-3.95892	-4.2582
35	25	5	2.46701	-1.97156	-2.42341
35	25	15	2.4633	-2.51839	-2.59225
35	25	25	1.44611	-3.65637	-4.50758
35	25	35	1.47291	-3.02356	-3.3811
35	25	45	1.45519	-1.84529	-1.8768
35	25	55	1.8259	-2.66154	-2.77676
35	25	65	2.35523	-4.09229	-4.15844
35	25	75	2.62089	-3.82682	-4.44251
35	25	85	3.13063	-3.12393	-4.03193
35	35	5	2.44204	-1.99348	-2.50063
35	35	15	2.67731	-3.68028	-4.11878
35	35	25	1.66436	-5.90454	-6.46277
35	35	35	-2.75349	-6.45836	-5.35013
35	35	45	-2.31921	-5.34292	-3.89004
35	35	55	-0.0777985	-3.52975	-2.49482
35	35	65	0.28281	-3.89403	-3.79756
35	35	75	0.531298	-3.65269	-4.43996
35	35	85	2.6312	-2.31376	-3.69639
35	45	5	1.53576	-1.62722	-1.61574
35	45	15	1.8175	-4.23629	-4.41229
35	45	25	1.94515	-5.47756	-6.99078
35	45	35	-0.616625	-5.55409	-5.94121
35	45	45	-1.64257	-5.2026	-5.00813
35	45	55	-0.0695078	-4.33546	-3.95587
35	45	65	0.464905	-4.7286	-5.15047
35	45	75	0.379905	-3.79692	-4.57213
35	45	85	0.763845	-2.39671	-2.68585
35	55	5	1.3877	-2.53896	-2.03439
35	55	15	1.83298	-3.75473	-4.06206
35	55	25	3.19438	-5.05889	-6.82084
35	55	35	2.44647	-5.05059	-6.33772
35	55	45	1.23137	-4.71325	-4.95108
35	55	55	1.33961	-4.20151	-4.34124
35	55	65	1.68598	-4.32083	-5.18637
35	55	75	0.452546	-4.21595	-4.35126
35	55	85	1.19681	-2.87749	-2.27784
35	65	5	1.27475	-1.87603	-1.20961
35	65	15	1.53355	-3.0819	-3.1995
35	65	25	3.22554	-5.04848	-6.91386
35	65	35	2.29575	-4.98165	-6.13363
35	65	45	1.36468	-4.39888	-4.62523
35	65	55	1.01026	-3.35045	-3.67716
35	65	65	0.894305	-3.26383	-4.19024
35	65	75	0.381075	-3.86298	-3.92855
35	65	85	1.54939	-2.78974	-1.98235
35	75	5	1.47289	-2.09997	-1.01659
35	75	15	1.87276	-3.01941	-2.81898
35	75	25	2.71003	-4.97266	-6.19504
35	75	35	2.59531	-5.02188	-5.89037
35	75	45	2.03361	-4.66042	-4.93124
35	75	55	1.93005	-3.21988	-3.52373
35	75	65	0.966973	-2.60325	-2.96648
35	75	75	0.508161	-3.26139	-3.1234
35	75	85	0.799904	-2.74774	-1.85647
35	85	5	3.3062	-3.64049	-1.75408
35	85	15	4.20773	-4.63066	-2.41914
35	85	25	3.70074	-5.78766	-5.45089
35	85	35	3.18689	-5.42129	-5.48026
35	85	45	2.98144	-4.25884	-4.32563
35	85	55	2.60092	-3.2699	-3.49649
35	85	65	2.80018	-4.72162	-5.02803
35	85	75	2.52498	-4.79937	-4.83672
35	85	85	2.8734	-3.41919	-2.7028
45	5	5	2.75048	-3.98602	-3.76315
45	5	15	3.20565	-3.61272	-2.74426
45	5	25	4.00653	-4.75457	-3.89357
45	5	35	2.97205	-4.65519	-4.66814
45	5	45	2.65793	-3.24116	-3.58436
45	5	55	2.71011	-3.59477	-3.93844
45	5	65	2.68768	-5.1361	-5.24013
45	5	75	2.54819	-5.27367	-5.19533
45	5	85	2.59106	-4.44139	-4.23699
45	15	5	2.6016	-3.91599	-3.78289
45	15	15	3.07923	-3.33265	-2.66219
45	15	25	3.21679	-3.07762	-2.9306
45	15	35	3.28254	-2.81822	-3.56322
45	15	45	3.22888	-2.66286	-3.43753
45	15	55	3.17445	-3.07361	-3.78303
45	15	65	2.32004	-5.05352	-5.23014
45	15	75	2.1896	-5.1633	-5.15084
45	15	85	2.41556	-4.68648	-4.64256
45	25	5	2.33371	-2.40557	-2.40192
45	25	15	2.74064	-2.53252	-2.66373
45	25	25	3.07949	-1.89197	-3.11592
45	25	35	3.94087	-2.21154	-4.08712
45	25	45	4.06522	-2.59642	-4.21409
45	25	55	3.51556	-3.25398	-4.31943
45	25	65	2.41712	-4.77011	-5.2151
45	25	75	1.54712	-4.79361	-4.94553
45	25	85	2.44672	-4.25817	-4.26488
45	35	5	2.53936	-2.23555	-2.72184
45	35	15	2.93461	-2.58997	-3.25397
45	35	25	0.826003	-4.80906	-5.60397
45	35	35	0.574071	-3.98918	-4.63209
45	35	45	2.68128	-2.46696	-3.89153
45	35	55	3.13443	-2.45197	-3.65873
45	35	65	1.8927	-3.92404	-4.88733
45	35	75	0.237855	-4.13876	-4.69396
45	35	85	2.05298	-3.50409	-3.81168
45	45	5	2.25049	-1.86438	-2.61729
45	45	15	3.05929	-2.66984	-3.53741
45	45	25	0.246248	-5.19099	-6.54221
45	45	35	-1.26703	-5.4471	-6.22475
45	45	45	0.0526995	-4.37861	-4.68439
45	45	55	1.35143	-2.76149	-3.57881
45	45	65	0.857042	-2.8325	-4.6757
45	45	75	1.5403	-4.58179	-5.22984
45	45	85	2.15635	-3.09352	-3.73289
45	55	5	1.18634	-1.63632	-1.59548
45	55	15	2.4824	-2.73974	-3.19208
45	55	25	2.56319	-4.85644	-6.62268
45	55	35	2.00714	-5.03014	-6.45324
45	55	45	1.17546	-4.68664	-5.28292
45	55	55	0.144742	-3.90066	-4.90842
45	55	65	-0.280401	-3.48921	-4.73816
45	55	75	0.144256	-4.27046	-5.44741
45	55	85	0.496803	-2.27135	-2.62518
45	65	5	0.499343	-1.20048	-1.05551
45	65	15	2.02915	-2.26379	-2.32232
45	65	25	3.07407	-4.62429	-6.06673
45	65	35	2.8664	-5.00324	-6.40102
45	65	45	0.909866	-4.67855	-5.21889
45	65	55	-0.0663815	-3.44796	-4.59292
45	65	65	-1.20732	-2.90011	-4.09294
45	65	75	-0.9133	-3.41757	-4.20848
45	65	85	-0.139952	-1.85136	-1.79888
45	75	5	1.07585	-3.05157	-2.08949
45	75	15	2.63263	-3.86681	-2.84514
45	75	25	3.37811	-4.87723	-5.77921
45	75	35	3.06312	-5.03951	-6.11919
45	75	45	1.32582	-4.69726	-4.91667
45	75	55	0.710762	-3.82718	-4.45173
45	75	65	-0.262554	-2.98841	-3.69327
45	75	75	-0.88894	-2.79259	-3.07702
45	75	85	0.0084075	-2.64221	-2.14217
45	85	5	3.8881	-5.15813	-2.92255
45	85	15	4.3275	-5.36731	-2.85331
45	85	25	5.42774	-6.48825	-5.60146
45	85	35	4.20346	-6.37498	-5.47118
45	85	45	2.46287	-4.90042	-4.81408
45	85	55	2.3479	-4.52998	-4.63661
45	85	65	2.54099	-5.0595	-5.03961
45	85	75	3.04833	-5.67814	-5.11296
45	85	85	3.37688	-5.31029	-3.92269
55	5	5	2.85063	-4.75416	-4.48679
55	5	15	3.16353	-4.95336	-4.17445
55	5	25	4.44829	-5.22519	-4.02887
55	5	35	4.00024	-5.17334	-4.05213
55	5	45	2.88719	-3.4714	-3.4826
55	5	55	2.52459	-4.24599	-4.21363
55	5	65	2.73774	-5.19958	-5.12837
55	5	75	2.69945	-5.25346	-5.49968
55	5	85	2.70617	-5.01798	-4.92891
55	15	5	2.40688	-4.08148	-4.02925
55	15	15	2.56197	-3.0304	-2.79413
55	15	25	3.12926	-3.23618	-2.83788
55	15	35	2.81589	-2.84435	-2.82877
55	15	45	3.59794	-2.28371	-3.67785
55	15	55	3.34124	-3.51211	-4.44788
55	15	65	2.54352	-5.02297	-5.14482
55	15	75	2.60231	-5.13055	-5.52515
55	15	85	2.37845	-4.72909	-4.76319
55	25	5	2.20933	-3.07429	-3.05453
55	25	15	2.61465	-2.82257	-2.57729
55	25	25	2.28849	-1.90711	-2.1489
55	25	35	3.24892	-2.42485	-3.16832
55	25	45	4.67084	-2.59511	-4.65462
55	25	55	4.0513	-3.23505	-4.77285
55	25	65	2.84964	-5.14062	-5.83972
55	25	75	2.63578	-5.20043	-5.30938
55	25	85	2.4146	-4.5831	-4.70725
55	35	5	2.44881	-2.68302	-2.81358
55	35	15	2.8089	-2.31623	-2.8767
55	35	25	2.47321	-1.98608	-2.89352
55	35	35	3.80944	-1.4983	-3.88504
55	35	45	4.40858	-1.86396	-4.28775
55	35	55	4.36936	-2.47566	-4.77306
55	35	65	1.74465	-4.48598	-5.64421
55	35	75	1.84605	-4.81588	-5.08673
55	35	85	2.28883	-4.12173	-4.29497
55	45	5	2.70869	-2.61081	-2.97924
55	45	15	3.41678	-2.59102	-3.20166
55	45	25	1.45413	-3.15061	-3.60734
55	45	35	0.617111	-4.1826	-5.59691
55	45	45	2.58381	-1.8821	-4.49414
55	45	55	2.83379	-1.06442	-3.9187
55	45	65	0.0768055	-3.6091	-5.20621
55	45	75	0.688896	-4.83516	-5.63379
55	45	85	2.46381	-3.47753	-4.09287
55	55	5	2.0466	-1.95894	-2.42683
55	55	15	3.0063	-2.22815	-2.91868
55	55	25	2.19577	-2.9397	-4.02114
55	55	35	1.98489	-4.60961	-5.72641
55	55	45	1.26249	-4.53412	-5.52382
55	55	55	-0.132978	-1.75465	-4.48691
55	55	65	-0.408452	-3.21794	-4.95723
55	55	75	2.038	-4.73927	-6.14293
55	55	85	1.84954	-3.01229	-3.42485
55	65	5	0.982748	-1.05238	-1.23419
55	65	15	2.61783	-2.28201	-2.65769
55	65	25	3.26335	-2.60386	-4.04335
55	65	35	2.84342	-4.67732	-5.58123
55	65	45	0.723959	-4.2592	-4.84802
55	65	55	-1.04735	-2.55509	-3.42047
55	65	65	-0.816225	-3.0546	-4.79353
55	65	75	1.49362	-4.68201	-6.0255
55	65	85	0.350531	-2.0155	-2.26638
55	75	5	1.77872	-3.57569	-3.2567
55	75	15	2.91257	-4.14014	-3.41726
55	75	25	3.58281	-4.36343	-4.12488
55	75	35	3.42233	-4.77581	-5.11458
55	75	45	2.14353	-4.60108	-4.72988
55	75	55	1.09519	-3.96602	-4.09196
55	75	65	0.584304	-4.01756	-4.66612
55	75	75	1.62763	-4.75447	-5.34468
55	75	85	0.93593	-3.57595	-3.38525
55	85	5	3.40173	-5.77408	-4.28015
55	85	15	4.17392	-6.13839	-4.17508
55	85	25	5.06137	-6.60993	-5.14747
55	85	35	4.87098	-6.7926	-5.61543
55	85	45	3.34578	-5.79503	-4.86554
55	85	55	2.62084	-4.83682	-4.66705
55	85	65	2.53011	-5.0474	-5.01109
55	85	75	3.07849	-5.61055	-5.28455
55	85	85	3.04004	-5.71447	-4.76609
65	5	5	2.80488	-5.45912	-5.10141
65	5	15	3.39695	-5.63375	-4.83752
65	5	25	4.26498	-6.36793	-4.60928
65	5	35	4.53157	-6.36756	-4.36204
65	5	45	3.61447	-4.33852	-3.40031
65	5	55	2.80777	-3.72926	-3.49266
65	5	65	2.89419	-5.1973	-4.92676
65	5	75	2.91522	-5.44524	-5.2583
65	5	85	2.95995	-5.51422	-5.08715
65	15	5	2.52892	-4.57484	-4.55893
65	15	15	2.08341	-3.66497	-3.73311
65	15	25	2.49769	-3.65314	-3.46881
65	15	35	2.72972	-3.18007	-2.93975
65	15	45	2.60337	-2.58353	-2.53345
65	15	55	2.50405	-3.43494	-3.36188
65	15	65	2.52503	-5.17477	-5.1833
65	15	75	2.53968	-5.15319	-5.38206
65	15	85	2.58719	-4.8787	-4.96481
65	25	5	2.0966	-3.57886	-3.56072
65	25	15	2.28057	-2.85242	-2.92466
65	25	25	2.21791	-2.37023	-2.56252
65	25	35	2.3943	-2.45242	-2.33596
65	25	45	2.81217	-2.65554	-2.71366
65	25	55	2.91379	-3.13514	-3.59189
65	25	65	2.51532	-5.11848	-5.27484
65	25	75	2.41604	-5.10759	-5.2644
65	25	85	2.19661	-4.72775	-4.86615
65	35	5	2.34547	-2.88017	-2.96556
65	35	15	2.50588	-2.50031	-2.9492
65	35	25	2.01292	-1.78555	-2.03943
65	35	35	2.13729	-1.86495	-1.83572
65	35	45	3.41106	-2.22916	-3.2241
65	35	55	2.98764	-2.4241	-3.44349
65	35	65	2.03438	-4.80999	-5.37428
65	35	75	2.32277	-5.12171	-5.65571
65	35	85	2.10342	-4.46207	-5.09887
65	45	5	2.6558	-2.75561	-2.93426
65	45	15	3.06307	-2.82914	-2.92852
65	45	25	3.24069	-2.5223	-2.56033
65	45	35	3.06372	-2.00429	-3.10918
65	45	45	2.82523	-1.67515	-4.27097
65	45	55	2.59906	-0.729723	-3.11935
65	45	65	0.250782	-4.20078	-4.86563
65	45	75	1.44592	-5.03827	-6.15519
65	45	85	2.74245	-4.00158	-4.81276
65	55	5	2.76432	-3.57229	-3.93954
65	55	15	3.15355	-2.38254	-3.44747
65	55	25	3.261	-2.18224	-2.86022
65	55	35	2.72935	-2.73109	-3.34907
65	55	45	3.17803	-4.14448	-5.28037
65	55	55	2.4181	-2.59726	-4.22017
65	55	65	0.216514	-3.96309	-6.1538
65	55	75	2.07731	-4.87516	-7.10795
65	55	85	3.23257	-4.03435	-5.34722
65	65	5	1.87695	-2.39786	-2.59579
65	65	15	2.62165	-2.48375	-3.08381
65	65	25	3.16471	-2.34435	-3.25593
65	65	35	2.50721	-2.82331	-3.15983
65	65	45	2.01657	-4.06175	-4.56688
65	65	55	1.18719	-2.41898	-3.30829
65	65	65	1.13405	-3.77315	-6.90542
65	65	75	2.7988	-4.98928	-7.7154
65	65	85	2.21852	-3.11291	-3.87857
65	75	5	3.11226	-4.41749	-3.5369
65	75	15	3.0331	-4.69988	-3.4937
65	75	25	4.51621	-5.73486	-4.33215
65	75	35	3.7389	-4.80537	-3.37905
65	75	45	2.73959	-4.02359	-3.83362
65	75	55	1.91394	-3.95955	-4.29315
65	75	65	2.20651	-4.43606	-6.41015
65	75	75	2.82088	-5.07857	-6.37892
65	75	85	2.92246	-4.7415	-4.57677
65	85	5	3.37823	-6.02282	-5.05268
65	85	15	3.86586	-6.34109	-4.93503
65	85	25	5.01198	-7.21273	-5.30881
65	85	35	4.56547	-7.02572	-5.035
65	85	45	4.01886	-6.28239	-4.84278
65	85	55	3.24795	-4.93122	-4.31784
65	85	65	3.29837	-5.51481	-4.91787
65	85	75	3.06874	-5.66143	-5.34188
65	85	85	3.2449	-5.77317	-5.06907
75	5	5	3.42839	-5.96082	-5.13756
75	5	15	3.49657	-6.05223	-5.06991
75	5	25	4.68296	-6.73016	-5.5625
75	5	35	4.90541	-7.25572	-5.19741
75	5	45	4.03225	-5.10198	-3.62327
75	5	55	3.04546	-3.32362	-2.75116
75	5	65	3.0993	-4.33199	-3.71957
75	5	75	3.28075	-5.86279	-5.79506
75	5	85	3.28283	-5.88073	-5.44387
75	15	5	2.71266	-5.32958	-5.20876
75	15	15	2.54891	-5.34427	-5.22805
75	15	25	3.35694	-5.23898	-5.20483
75	15	35	3.16206	-4.76966	-4.22864
75	15	45	2.73377	-2.80853	-2.64627
75	15	55	2.56525	-2.81865	-2.74111
75	15	65	2.50949	-4.43149	-4.26339
75	15	75	2.71662	-5.4351	-5.7581
75	15	85	2.64914	-5.40334	-5.33918
75	25	5	2.05195	-4.41974	-4.57184
75	25	15	1.67419	-4.35402	-4.59364
75	25	25	2.83468	-4.51825	-5.14494
75	25	35	2.26911	-3.06829	-2.94779
75	25	45	2.21649	-2.24445	-2.07871
75	25	55	2.07624	-2.45792	-2.08703
75	25	65	2.43337	-4.91525	-4.9022
75	25	75	2.30529	-5.10928	-5.64496
75	25	85	2.35152	-5.13302	-5.39712
75	35	5	2.36434	-3.92092	-4.10889
75	35	15	2.10142	-3.70599	-4.15316
75	35	25	2.45904	-3.39695	-3.89196
75	35	35	1.73754	-2.12407	-1.90516
75	35	45	1.47087	-1.35374	-0.886815
75	35	55	1.15031	-1.32955	-1.39889
75	35	65	2.53433	-4.76533	-4.92361
75	35	75	2.0848	-5.10126	-5.77391
75	35	85	2.65739	-5.02207	-5.77701
75	45	5	2.80052	-3.04929	-3.51069
75	45	15	3.41994	-3.25171	-4.30767
75	45	25	3.46849	-3.07217	-3.45257
75	45	35	3.1688	-2.5696	-2.33156
75	45	45	2.35307	-1.3644	-1.63998
75	45	55	1.32481	-1.07123	-1.19562
75	45	65	1.93898	-4.63712	-5.18693
75	45	75	1.90064	-5.09852	-6.41942
75	45	85	3.44465	-4.48205	-6.28224
75	55	5	3.32128	-3.66197	-4.32092
75	55	15	4.22169	-3.76371	-5.53525
75	55	25	3.99374	-3.06135	-4.82248
75	55	35	3.68855	-3.01915	-3.8052
75	55	45	3.55027	-2.60567	-3.30309
75	55	55	2.61162	-1.50169	-2.64666
75	55	65	2.03252	-3.81146	-5.07643
75	55	75	1.69436	-4.93347	-7.30717
75	55	85	3.81603	-3.99992	-5.5861
75	65	5	3.22911	-4.27677	-4.83038
75	65	15	4.12763	-4.67432	-6.11194
75	65	25	4.1067	-4.03196	-5.66334
75	65	35	3.23201	-2.92608	-3.40477
75	65	45	2.52453	-2.39506	-2.97975
75	65	55	2.98866	-1.97804	-3.23562
75	65	65	3.21827	-3.36423	-5.82817
75	65	75	2.54528	-4.70851	-6.78844
75	65	85	3.84119	-3.71164	-5.28461
75	75	5	3.37019	-4.24461	-3.07382
75	75	15	4.67906	-6.00974	-4.95924
75	75	25	4.48227	-6.60654	-5.65973
75	75	35	4.17117	-5.53172	-4.1135
75	75	45	3.54099	-3.8667	-3.0213
75	75	55	3.10449	-2.9067	-2.9636
75	75	65	3.59426	-3.63496	-5.01097
75	75	75	3.06224	-4.81551	-6.50566
75	75	85	2.09743	-4.12053	-4.83277
75	85	5	2.16783	-6.65501	-5.04983
75	85	15	2.52896	-7.73502	-5.136
75	85	25	2.55035	-8.66076	-5.47582
75	85	35	3.85849	-7.83315	-5.17347
75	85	45	4.34353	-6.25664	-4.31206
75	85	55	3.82473	-4.15349	-3.11265
75	85	65	3.61597	-4.50229	-4.11794
75	85	75	2.93533	-5.5963	-5.89657
75	85	85	1.37737	-5.70172	-5.51347
85	5	5	3.54991	-6.05087	-5.93705
85	5	15	3.01793	-6.4433	-6.02373
85	5	25	3.65481	-6.19234	-6.77356
85	5	35	3.74631	-6.0001	-5.32057
85	5	45	4.59273	-5.55626	-4.04558
85	5	55	3.73235	-3.86212	-2.72816
85	5	65	3.58732	-3.39392	-2.9184
85	5	75	4.67124	-5.45667	-5.73519
85	5	85	3.90664	-6.04884	-6.5941
85	15	5	2.72613	-5.45373	-6.08269
85	15	15	2.06091	-5.30281	-5.77523
85	15	25	2.62475	-5.43806	-6.56757
85	15	35	3.07338	-5.50411	-5.14581
85	15	45	2.81333	-3.24803	-2.80071
85	15	55	2.73597	-2.77977	-2.42513
85	15	65	3.00629	-3.47071	-3.00098
85	15	75	2.96865	-5.07616	-5.63397
85	15	85	2.95466	-5.59622	-6.40441
85	25	5	2.2275	-4.84322	-5.4298
85	25	15	2.02151	-5.08159	-5.94572
85	25	25	1.80771	-5.14077	-6.12812
85	25	35	1.75306	-4.3934	-4.27717
85	25	45	2.19842	-3.04335	-2.59906
85	25	55	1.9775	-2.90277	-2.03569
85	25	65	2.8173	-4.44199	-4.1519
85	25	75	2.7293	-5.16904	-5.94168
85	25	85	2.62033	-5.08363	-6.18528
85	35	5	2.21334	-4.40244	-4.85166
85	35	15	1.87348	-4.95557	-5.29645
85	35	25	1.43359	-5.03344	-5.59045
85	35	35	1.1038	-3.85096	-3.45556
85	35	45	1.41598	-2.89128	-2.41847
85	35	55	1.44948	-2.61591	-1.87101
85	35	65	2.42582	-4.89422	-4.9073
85	35	75	2.66793	-5.05749	-5.74458
85	35	85	2.53871	-5.102	-6.07475
85	45	5	3.42988	-3.71761	-5.19392
85	45	15	3.63165	-4.97075	-6.30214
85	45	25	2.43294	-5.05934	-5.17341
85	45	35	2.63207	-3.83135	-2.95686
85	45	45	2.46163	-2.36647	-1.71526
85	45	55	1.85349	-1.2004	-1.58979
85	45	65	2.70915	-4.45554	-4.97053
85	45	75	2.93842	-5.03391	-6.31869
85	45	85	3.02098	-4.80075	-6.13478
85	55	5	4.17833	-3.78602	-5.22816
85	55	15	5.03982	-4.44558	-6.06856
85	55	25	4.55141	-5.44231	-5.99313
85	55	35	3.71632	-4.67915	-4.72407
85	55	45	3.16774	-2.29153	-2.97584
85	55	55	3.27939	-0.726525	-2.83376
85	55	65	3.01765	-3.34558	-4.18982
85	55	75	3.71132	-4.88859	-6.84459
85	55	85	4.01866	-4.00033	-5.60227
85	65	5	5.05835	-4.50839	-6.14609
85	65	15	6.14634	-5.39826	-7.64687
85	65	25	5.67623	-5.86824	-7.33057
85	65	35	4.80139	-4.5048	-6.14458
85	65	45	3.45902	-2.22551	-3.46819
85	65	55	4.12186	-1.19983	-3.96197
85	65	65	3.968	-2.82961	-4.6164
85	65	75	3.90038	-4.17114	-5.7874
85	65	85	4.79761	-3.56117	-5.43659
85	75	5	4.95709	-4.33129	-5.5655
85	75	15	5.94632	-6.01669	-7.59379
85	75	25	5.69396	-6.52818	-7.66526
85	75	35	4.74195	-5.14274	-5.29823
85	75	45	4.18316	-3.52075	-3.57925
85	75	55	3.95263	-2.8202	-3.35619
85	75	65	4.48848	-2.9083	-4.21818
85	75	75	4.26516	-3.72925	-5.1068
85	75	85	5.1448	-3.69936	-5.67826
85	85	5	1.04032	-4.8435	-4.89704
85	85	15	1.75072	-6.08754	-5.88278
85	85	25	3.04773	-6.93013	-7.1398
85	85	35	4.28205	-5.91224	-5.5388
85	85	45	4.64627	-4.97271	-3.98257
85	85	55	4.2439	-4.03506	-3.35332
85	85	65	4.04276	-3.4296	-3.64299
85	85	75	3.82759	-4.71367	-5.73234
85	85	85	1.83112	-5.56345	-6.02279
