5	5	5	2.63144	-5.06159	-5.10201
5	5	15	2.59344	-4.64162	-4.60244
5	5	25	2.54908	-3.71482	-3.57488
5	5	35	2.82464	-3.77292	-3.57253
5	5	45	3.25624	-5.41658	-5.22176
5	5	55	3.01433	-4.97951	-5.00362
5	5	65	2.67886	-5.10204	-5.06999
5	5	75	2.73328	-4.01763	-4.20031
5	5	85	2.59183	-4.7795	-4.78112
5	15	5	3.31304	-5.81187	-5.13307
5	15	15	3.13345	-5.57981	-5.04224
5	15	25	2.65153	-5.00793	-4.94764
5	15	35	2.72822	-4.80141	-4.74062
5	15	45	3.49739	-5.16999	-5.54839
5	15	55	3.45266	-5.92708	-5.09952
5	15	65	3.92496	-6.26684	-5.16881
5	15	75	3.93933	-5.82404	-4.80035
5	15	85	3.75708	-6.19424	-5.1131
5	25	5	2.78829	-5.29715	-5.14159
5	25	15	2.62227	-5.15081	-5.12401
5	25	25	2.55796	-5.08511	-5.07843
5	25	35	2.56146	-4.97907	-4.96863
5	25	45	3.4932	-5.10171	-6.32354
5	25	55	3.10731	-5.4341	-5.28546
5	25	65	3.10356	-4.88028	-4.63316
5	25	75	2.93502	-3.879	-3.66268
5	25	85	2.95392	-5.35682	-5.11562
5	35	5	2.63246	-5.1031	-5.22182
5	35	15	2.59511	-5.06249	-5.06562
5	35	25	2.57117	-4.82055	-4.80044
5	35	35	2.67269	-4.48226	-4.42059
5	35	45	3.23329	-5.09491	-5.67264
5	35	55	2.88829	-4.8675	-4.91503
5	35	65	2.79167	-3.23136	-3.19099
5	35	75	2.46389	-3.26036	-3.14938
5	35	85	2.67994	-5.03758	-5.13116
5	45	5	2.792	-5.18254	-5.26224
5	45	15	2.77148	-5.06204	-4.96287
5	45	25	2.73226	-3.67686	-3.61645
5	45	35	2.73231	-3.10631	-3.24582
5	45	45	2.75316	-4.79302	-5.13169
5	45	55	2.73597	-3.6838	-3.90886
5	45	65	2.33826	-2.43244	-2.55014
5	45	75	2.17385	-3.14957	-3.14486
5	45	85	2.77209	-5.08079	-5.27828
5	55	5	3.6131	-5.88281	-5.30289
5	55	15	3.59545	-5.68363	-4.78526
5	55	25	2.99467	-3.45928	-3.17727
5	55	35	2.89346	-3.50468	-3.68307
5	55	45	2.75385	-5.04357	-5.32234
5	55	55	2.85398	-4.8214	-5.12525
5	55	65	2.55368	-4.05667	-4.03889
5	55	75	2.68805	-4.23269	-4.09271
5	55	85	3.40608	-5.70888	-5.20949
5	65	5	3.12352	-5.38947	-5.3787
5	65	15	2.8283	-4.53565	-4.38243
5	65	25	2.68308	-3.28399	-3.17283
5	65	35	2.85708	-3.32466	-3.57822
5	65	45	2.91271	-5.02764	-5.38836
5	65	55	2.93152	-5.00189	-5.30624
5	65	65	2.59391	-4.83324	-4.83451
5	65	75	2.67318	-4.24206	-4.10258
5	65	85	2.73446	-5.14719	-5.02581
5	75	5	2.63351	-5.07527	-5.15362
5	75	15	2.59676	-4.3448	-4.34313
5	75	25	2.45443	-3.1373	-3.03481
5	75	35	3.01113	-3.31881	-3.21914
5	75	45	3.17433	-4.88426	-5.42662
5	75	55	3.12157	-5.024	-5.59116
5	75	65	2.53758	-5.06167	-5.06183
5	75	75	2.57513	-3.99735	-4.07502
5	75	85	2.57554	-4.83638	-4.85443
5	85	5	2.67149	-5.12926	-5.12964
5	85	15	2.57226	-4.12143	-4.0426
5	85	25	2.21308	-2.71126	-2.47085
5	85	35	2.61194	-2.92921	-2.86756
5	85	45	3.01479	-4.58424	-5.0869
5	85	55	2.98367	-4.70079	-5.13424
5	85	65	2.57383	-5.02226	-5.04546
5	85	75	2.61125	-3.41989	-3.54037
5	85	85	2.57114	-4.4289	-4.44928
15	5	5	2.79064	-5.26859	-5.149
15	5	15	2.61265	-4.64219	-4.66262
15	5	25	2.39277	-3.48243	-3.48418
15	5	35	2.73028	-4.3762	-4.51706
15	5	45	3.23387	-5.01736	-5.64019
15	5	55	2.92115	-4.6117	-4.58258
15	5	65	2.89883	-4.85402	-4.54195
15	5	75	2.89355	-4.84047	-4.58295
15	5	85	2.87107	-5.1696	-4.89084
15	15	5	3.69423	-6.19801	-5.21641
15	15	15	3.37469	-5.90163	-5.08373
15	15	25	3.0129	-5.37322	-4.91272
15	15	35	3.15144	-5.31513	-5.23475
15	15	45	4.21867	-5.55279	-6.21642
15	15	55	3.95197	-5.96716	-5.33846
15	15	65	4.29814	-6.16839	-4.64914
15	15	75	4.60401	-5.95284	-4.02143
15	15	85	4.55985	-6.82875	-4.86158
15	25	5	3.01624	-5.48463	-5.26262
15	25	15	2.62428	-5.14984	-5.08789
15	25	25	2.57568	-5.0244	-5.00105
15	25	35	2.67786	-5.10538	-5.21856
15	25	45	3.37638	-5.17703	-5.95568
15	25	55	3.06097	-5.13081	-5.41778
15	25	65	2.97016	-4.78481	-4.59681
15	25	75	3.22029	-3.52677	-3.10335
15	25	85	3.22836	-5.10848	-4.59358
15	35	5	2.80169	-5.24974	-5.24153
15	35	15	2.59922	-5.12377	-5.08846
15	35	25	2.55165	-4.96258	-4.96253
15	35	35	2.69236	-5.02291	-5.08157
15	35	45	3.69669	-5.00384	-6.32057
15	35	55	3.27213	-5.10793	-5.66085
15	35	65	2.71011	-3.40894	-3.49352
15	35	75	2.71395	-2.89004	-2.69211
15	35	85	2.85248	-4.67021	-4.4544
15	45	5	2.73287	-5.10152	-5.28073
15	45	15	2.61196	-5.1421	-5.10411
15	45	25	2.6111	-4.10092	-4.04086
15	45	35	2.69268	-3.63767	-3.49601
15	45	45	3.09231	-4.0493	-4.74801
15	45	55	3.15717	-3.86079	-4.26987
15	45	65	2.38584	-2.56201	-2.58174
15	45	75	2.3857	-2.87502	-2.92528
15	45	85	2.58036	-4.93141	-4.89027
15	55	5	2.31372	-5.20201	-5.18349
15	55	15	2.89352	-5.40365	-4.84332
15	55	25	3.33346	-3.72047	-2.97807
15	55	35	3.15187	-3.25193	-2.69115
15	55	45	3.09383	-4.50412	-4.46211
15	55	55	2.6779	-4.81869	-4.91944
15	55	65	2.61756	-3.87739	-3.89652
15	55	75	2.61597	-3.91467	-3.89819
15	55	85	2.59891	-5.07059	-5.05677
15	65	5	2.67407	-5.26229	-5.26253
15	65	15	2.66749	-4.40486	-4.34288
15	65	25	2.75109	-3.03848	-2.87407
15	65	35	2.73905	-3.18995	-3.08194
15	65	45	2.71629	-4.35332	-4.56885
15	65	55	2.69552	-4.90289	-5.00287
15	65	65	2.6815	-4.96124	-4.88249
15	65	75	2.74392	-4.68234	-4.55203
15	65	85	2.75622	-5.10312	-5.00593
15	75	5	2.63561	-5.10336	-5.2414
15	75	15	2.57074	-4.56399	-4.58445
15	75	25	2.51175	-3.26767	-3.26644
15	75	35	2.67305	-3.78482	-3.78345
15	75	45	2.71649	-4.13022	-4.14718
15	75	55	2.68264	-4.2077	-4.28421
15	75	65	2.62816	-4.9095	-4.96654
15	75	75	2.57373	-4.6272	-4.66801
15	75	85	2.5982	-5.00615	-5.04588
15	85	5	2.61265	-5.09666	-5.23829
15	85	15	2.49386	-4.16148	-4.1843
15	85	25	2.27219	-2.66645	-2.64766
15	85	35	2.69272	-3.72439	-3.86592
15	85	45	3.01403	-4.56097	-4.9836
15	85	55	2.71972	-4.17667	-4.34458
15	85	65	2.59559	-4.70012	-4.74455
15	85	75	2.53523	-4.22124	-4.28531
15	85	85	2.53158	-4.80114	-4.82199
25	5	5	3.03188	-5.47565	-5.27806
25	5	15	2.75268	-4.62234	-4.54481
25	5	25	2.67273	-3.76484	-3.80653
25	5	35	2.7523	-4.91893	-5.00021
25	5	45	2.97625	-5.09449	-5.47972
25	5	55	2.8764	-4.6109	-4.73571
25	5	65	3.19926	-3.98437	-3.75023
25	5	75	3.25638	-4.71405	-4.10011
25	5	85	3.23235	-5.52487	-5.00691
25	15	5	4.31863	-6.90343	-5.25902
25	15	15	3.81802	-6.14256	-5.05036
25	15	25	2.99452	-5.01284	-4.65552
25	15	35	2.89328	-5.27286	-5.21429
25	15	45	3.41789	-5.38881	-5.57238
25	15	55	4.09002	-5.80724	-5.05325
25	15	65	4.35075	-5.58266	-4.03357
25	15	75	4.79391	-5.5903	-3.47156
25	15	85	4.88943	-6.52841	-4.23162
25	25	5	3.44747	-6.02806	-5.54122
25	25	15	3.05766	-5.45393	-5.01652
25	25	25	2.63983	-4.90923	-4.82281
25	25	35	2.8608	-5.08589	-5.34037
25	25	45	3.38458	-5.1666	-5.88595
25	25	55	3.46993	-4.90381	-5.38033
25	25	65	2.93514	-3.91361	-3.62812
25	25	75	2.95804	-3.11647	-2.79195
25	25	85	3.59285	-4.62064	-3.65961
25	35	5	3.0758	-5.35223	-5.35305
25	35	15	2.64972	-5.08822	-5.05492
25	35	25	2.5546	-4.96499	-4.96187
25	35	35	2.65483	-5.00377	-5.10007
25	35	45	3.4569	-5.12502	-6.0248
25	35	55	3.39107	-5.02626	-5.74394
25	35	65	2.76411	-3.56705	-3.64681
25	35	75	2.99107	-3.02884	-2.71045
25	35	85	3.24208	-4.07026	-3.54002
25	45	5	2.89623	-5.13104	-5.43063
25	45	15	2.59518	-5.12253	-5.08604
25	45	25	2.61168	-4.58228	-4.50206
25	45	35	2.73242	-4.44063	-4.37925
25	45	45	3.41252	-4.06033	-4.90044
25	45	55	3.26245	-4.25861	-4.7312
25	45	65	2.85919	-3.08362	-3.0054
25	45	75	2.88018	-3.11677	-3.07046
25	45	85	2.6585	-4.28126	-4.29701
25	55	5	1.83474	-5.11776	-5.12141
25	55	15	1.7519	-4.90246	-4.84243
25	55	25	2.73231	-3.6629	-3.48167
25	55	35	2.81275	-3.08293	-2.82083
25	55	45	3.33267	-3.69077	-3.69072
25	55	55	3.15671	-4.74185	-4.86216
25	55	65	2.87721	-3.81805	-3.77858
25	55	75	2.99679	-3.97603	-3.93952
25	55	85	2.59789	-5.00212	-4.96806
25	65	5	2.24007	-5.28667	-5.14477
25	65	15	2.41905	-4.92483	-4.74285
25	65	25	2.63507	-3.17808	-3.07804
25	65	35	2.65384	-3.68197	-3.61917
25	65	45	2.82067	-3.96227	-4.05423
25	65	55	2.88593	-4.59613	-4.52525
25	65	65	3.17037	-4.63356	-4.41757
25	65	75	3.4167	-5.07115	-4.90868
25	65	85	3.19348	-5.50552	-5.07191
25	75	5	2.59599	-5.10169	-5.20136
25	75	15	2.58185	-4.60203	-4.64365
25	75	25	2.54554	-3.30682	-3.30646
25	75	35	2.57269	-4.35866	-4.37747
25	75	45	2.65834	-4.24614	-4.34284
25	75	55	2.8639	-3.97656	-4.27025
25	75	65	3.16403	-3.86686	-4.38172
25	75	75	2.73538	-4.74105	-4.93757
25	75	85	2.64615	-4.91379	-5.00258
25	85	5	2.59558	-5.1005	-5.305
25	85	15	2.57266	-4.10242	-4.12403
25	85	25	2.51131	-3.27127	-3.2717
25	85	35	2.6118	-4.78617	-4.84697
25	85	45	2.73436	-4.91459	-5.11767
25	85	55	2.89573	-4.42157	-4.76498
25	85	65	3.14026	-3.7447	-4.33175
25	85	75	2.66491	-4.719	-4.89089
25	85	85	2.61772	-4.81402	-4.89854
35	5	5	3.47196	-5.9563	-5.19837
35	5	15	2.87202	-4.34282	-4.06779
35	5	25	2.63438	-3.74247	-3.74505
35	5	35	2.73212	-5.00707	-5.14728
35	5	45	2.77484	-5.09654	-5.27873
35	5	55	3.04084	-4.78129	-5.10591
35	5	65	3.58071	-3.61316	-3.87337
35	5	75	3.56541	-4.27946	-3.84507
35	5	85	3.81884	-5.63566	-4.82169
35	15	5	4.68554	-7.06971	-5.2018
35	15	15	4.21415	-5.30396	-3.81302
35	15	25	3.21589	-4.61088	-4.07327
35	15	35	3.19297	-5.29494	-5.176
35	15	45	3.19838	-5.45964	-5.34207
35	15	55	3.25727	-5.07659	-5.07304
35	15	65	3.99641	-4.61002	-3.69588
35	15	75	4.39882	-4.47452	-2.83462
35	15	85	4.94195	-5.84991	-3.68358
35	25	5	4.29368	-6.25685	-5.15424
35	25	15	3.80474	-4.30094	-3.35708
35	25	25	2.95273	-3.80899	-3.59121
35	25	35	2.97986	-4.98008	-5.07324
35	25	45	3.34421	-5.28937	-5.72673
35	25	55	2.96701	-4.41394	-4.52513
35	25	65	2.87391	-3.33227	-3.21707
35	25	75	2.9269	-3.05354	-2.75865
35	25	85	3.59229	-4.10905	-3.2286
35	35	5	3.55507	-5.0052	-5.50282
35	35	15	2.75068	-4.06217	-3.98175
35	35	25	2.68356	-3.84578	-3.92603
35	35	35	2.90583	-5.0686	-5.35907
35	35	45	3.44597	-5.1705	-5.92678
35	35	55	3.0491	-4.7567	-5.18537
35	35	65	2.64409	-3.20469	-3.23562
35	35	75	2.7307	-2.7912	-2.65162
35	35	85	3.18774	-3.25171	-3.11503
35	45	5	3.17909	-4.81246	-5.51519
35	45	15	2.56366	-4.66358	-4.67345
35	45	25	2.57622	-5.00304	-4.98304
35	45	35	2.75552	-4.78241	-4.86056
35	45	45	3.49985	-4.5856	-5.36322
35	45	55	2.89332	-4.12389	-4.40129
35	45	65	2.79674	-3.24349	-3.08071
35	45	75	2.69426	-2.99242	-2.89004
35	45	85	2.75823	-3.58019	-3.65301
35	55	5	3.03428	-5.46635	-5.28632
35	55	15	2.75508	-5.26539	-4.96261
35	55	25	2.73164	-4.46172	-4.2626
35	55	35	2.65365	-3.67222	-3.65048
35	55	45	3.23208	-3.80703	-4.2268
35	55	55	3.24137	-4.12308	-3.92965
35	55	65	3.25629	-4.22741	-3.64421
35	55	75	3.51614	-4.26267	-3.45927
35	55	85	3.37482	-5.52237	-4.95858
35	65	5	2.70112	-5.2473	-5.11963
35	65	15	2.57231	-5.12403	-5.02357
35	65	25	2.57148	-3.69725	-3.67733
35	65	35	2.63109	-4.53005	-4.52968
35	65	45	2.79145	-4.31684	-4.39644
35	65	55	2.9647	-4.29066	-4.19383
35	65	65	3.23213	-3.60968	-3.39141
35	65	75	3.35472	-4.176	-4.01311
35	65	85	2.93073	-4.91041	-4.89912
35	75	5	2.6376	-5.12446	-5.14042
35	75	15	2.63071	-4.86365	-4.90368
35	75	25	2.57063	-3.65604	-3.63529
35	75	35	2.59302	-4.76316	-4.80194
35	75	45	2.63468	-4.95482	-5.0528
35	75	55	2.66151	-4.6039	-4.70153
35	75	65	3.16342	-3.28027	-3.82826
35	75	75	3.30736	-4.03943	-4.72554
35	75	85	2.81036	-4.70248	-4.85995
35	85	5	2.59552	-5.10067	-5.16025
35	85	15	2.57359	-4.22327	-4.24488
35	85	25	2.59201	-3.67218	-3.67294
35	85	35	2.65202	-4.96661	-5.06667
35	85	45	2.71571	-5.06775	-5.23123
35	85	55	2.75744	-4.70505	-4.9114
35	85	65	3.59742	-3.12365	-4.12142
35	85	75	3.22241	-4.43972	-4.98477
35	85	85	2.61876	-4.79683	-4.92041
45	5	5	4.07658	-6.31759	-5.00055
45	5	15	3.17473	-4.16257	-3.6275
45	5	25	2.70011	-3.64662	-3.55157
45	5	35	2.8175	-4.75523	-4.89731
45	5	45	2.90252	-5.12161	-5.42853
45	5	55	2.77833	-5.04458	-5.02542
45	5	65	3.70739	-4.06918	-3.7354
45	5	75	3.84342	-4.15152	-3.46445
45	5	85	3.85528	-4.65001	-3.55012
45	15	5	4.70394	-6.5751	-4.72163
45	15	15	4.32959	-4.67366	-3.1936
45	15	25	3.53353	-3.87065	-2.95358
45	15	35	3.18907	-4.84154	-4.50459
45	15	45	3.30396	-5.49169	-5.46071
45	15	55	3.19495	-5.27764	-5.12931
45	15	65	3.67103	-4.324	-4.18396
45	15	75	3.85113	-3.73841	-3.13084
45	15	85	4.40566	-5.08	-3.39603
45	25	5	4.60086	-6.0262	-4.60648
45	25	15	4.39271	-4.38047	-2.90234
45	25	25	3.63842	-3.7067	-2.76957
45	25	35	3.10283	-4.10751	-4.04469
45	25	45	3.71661	-5.70659	-5.65558
45	25	55	3.2982	-4.94817	-4.76209
45	25	65	3.4937	-4.02976	-3.50177
45	25	75	3.21052	-3.56297	-3.11374
45	25	85	3.6978	-5.09604	-4.27996
45	35	5	3.6668	-3.5427	-3.93901
45	35	15	3.31244	-3.05764	-3.49516
45	35	25	2.69035	-3.03342	-2.994
45	35	35	2.94501	-4.40012	-4.53384
45	35	45	3.83944	-5.25525	-6.26566
45	35	55	3.02229	-4.68221	-4.59313
45	35	65	2.70861	-3.23827	-3.12978
45	35	75	2.78448	-3.21514	-3.02284
45	35	85	3.1927	-3.21478	-3.57562
45	45	5	3.63168	-3.46695	-4.22792
45	45	15	2.95227	-3.35576	-3.59396
45	45	25	2.86415	-4.49952	-4.4505
45	45	35	2.81562	-4.9403	-5.21709
45	45	45	3.80937	-5.0902	-6.15
45	45	55	2.68184	-4.5943	-4.66178
45	45	65	2.66783	-3.34885	-3.23683
45	45	75	2.78419	-3.1358	-2.90431
45	45	85	3.30589	-3.26588	-3.59426
45	55	5	3.87874	-5.85558	-5.63267
45	55	15	3.10559	-5.52109	-5.20586
45	55	25	2.74087	-4.89705	-4.83931
45	55	35	2.75309	-4.6005	-4.74078
45	55	45	3.55392	-4.75521	-5.71685
45	55	55	2.64439	-3.03043	-3.08295
45	55	65	2.8353	-3.76448	-3.52307
45	55	75	3.53636	-4.08531	-3.10119
45	55	85	3.97405	-5.82042	-4.9154
45	65	5	3.14005	-5.58328	-5.05848
45	65	15	2.84403	-5.08702	-4.84937
45	65	25	2.6549	-4.56213	-4.50232
45	65	35	2.63215	-5.08567	-5.04592
45	65	45	3.07517	-4.79341	-5.17514
45	65	55	2.76439	-4.05494	-3.98427
45	65	65	2.91558	-2.95526	-2.67652
45	65	75	3.18151	-3.40214	-2.77167
45	65	85	3.38796	-5.06329	-4.38876
45	75	5	2.73584	-4.77838	-4.71463
45	75	15	2.71803	-4.92519	-4.84616
45	75	25	2.6184	-4.02486	-3.96264
45	75	35	2.55885	-4.98075	-4.97414
45	75	45	2.99715	-5.07426	-5.47189
45	75	55	2.65279	-4.8552	-4.89603
45	75	65	2.58317	-3.29219	-3.30096
45	75	75	2.96712	-3.05829	-3.06341
45	75	85	2.77992	-3.94152	-3.83427
45	85	5	2.59838	-4.97782	-4.936
45	85	15	2.57603	-4.12362	-4.14616
45	85	25	2.61198	-3.71772	-3.69704
45	85	35	2.61326	-4.93404	-4.97361
45	85	45	2.77616	-5.11744	-5.29816
45	85	55	2.60143	-5.11973	-5.08875
45	85	65	2.74213	-3.5418	-3.4732
45	85	75	3.20869	-3.46223	-3.64535
45	85	85	2.84309	-4.34889	-4.18335
55	5	5	4.20568	-4.88846	-3.61138
55	5	15	3.73813	-4.3391	-3.16535
55	5	25	3.20279	-3.82894	-3.26778
55	5	35	3.18791	-4.90418	-4.55979
55	5	45	3.41148	-5.47301	-5.58395
55	5	55	3.21135	-5.67955	-5.14459
55	5	65	3.37735	-4.76784	-3.98166
55	5	75	4.23598	-4.22951	-2.91192
55	5	85	4.38963	-4.51475	-2.97124
55	15	5	4.81761	-6.36062	-4.48469
55	15	15	4.64789	-4.66605	-3.26787
55	15	25	3.81062	-3.7773	-2.94561
55	15	35	3.62483	-4.38378	-4.23141
55	15	45	3.12041	-5.45962	-5.2975
55	15	55	3.03109	-5.49707	-5.14697
55	15	65	3.02549	-4.64992	-4.4614
55	15	75	3.42749	-3.97297	-3.31606
55	15	85	4.48343	-5.60063	-4.09584
55	25	5	5.01446	-6.78721	-5.22867
55	25	15	5.17325	-5.13728	-3.78745
55	25	25	4.25641	-4.11876	-3.46837
55	25	35	4.06916	-4.04706	-4.6271
55	25	45	3.44795	-5.59404	-5.47704
55	25	55	4.00034	-5.85222	-5.40108
55	25	65	3.87368	-4.70673	-4.01119
55	25	75	4.47007	-5.06614	-3.68067
55	25	85	4.68175	-6.53945	-5.38265
55	35	5	4.23252	-4.38458	-4.7615
55	35	15	3.79905	-4.29448	-4.55836
55	35	25	2.8721	-3.11066	-3.23923
55	35	35	3.46931	-3.66776	-4.47831
55	35	45	3.77345	-5.27117	-6.10327
55	35	55	3.39166	-4.61578	-4.50919
55	35	65	3.42091	-3.66295	-3.3062
55	35	75	3.53894	-3.96646	-3.51324
55	35	85	3.91058	-4.8368	-4.96311
55	45	5	3.75591	-3.47276	-4.1951
55	45	15	3.31483	-3.38942	-3.62171
55	45	25	3.00848	-3.58295	-3.51027
55	45	35	3.19252	-4.92966	-5.2096
55	45	45	4.13019	-5.13003	-6.63994
55	45	55	2.8194	-4.44326	-4.62897
55	45	65	2.60135	-3.20932	-3.1971
55	45	75	2.6566	-3.06495	-2.98484
55	45	85	3.59993	-3.58649	-4.14252
55	55	5	4.28388	-5.78791	-5.98706
55	55	15	3.49885	-5.33054	-5.58757
55	55	25	2.85241	-5.15185	-4.90049
55	55	35	3.09894	-4.93051	-5.27013
55	55	45	3.54	-5.06039	-6.00644
55	55	55	2.73073	-3.46045	-3.51969
55	55	65	2.69384	-3.05204	-2.99326
55	55	75	2.71472	-3.40709	-3.40558
55	55	85	3.59544	-5.22169	-5.23847
55	65	5	3.43841	-5.35729	-5.4768
55	65	15	3.07678	-4.90555	-4.98381
55	65	25	2.77097	-4.68275	-4.58022
55	65	35	2.91532	-5.27669	-5.15894
55	65	45	3.55989	-5.2728	-5.55845
55	65	55	2.84547	-4.0771	-3.92675
55	65	65	3.09512	-3.2238	-2.7407
55	65	75	3.13469	-3.2733	-2.66923
55	65	85	3.43596	-4.86657	-4.18241
55	75	5	3.39545	-5.18657	-5.09016
55	75	15	2.88392	-4.20113	-4.07242
55	75	25	2.70723	-3.91808	-3.83103
55	75	35	2.74176	-5.01362	-5.11673
55	75	45	3.18516	-5.16737	-5.66778
55	75	55	2.8076	-5.16479	-5.20026
55	75	65	2.58652	-3.73372	-3.6987
55	75	75	3.1036	-3.08485	-2.65267
55	75	85	3.49958	-4.47794	-3.72031
55	85	5	2.90355	-4.35864	-4.42401
55	85	15	2.74491	-3.73948	-3.80097
55	85	25	2.61155	-3.40645	-3.40658
55	85	35	2.7445	-4.94841	-4.92348
55	85	45	3.22591	-5.20949	-5.66435
55	85	55	2.68876	-5.21549	-5.12425
55	85	65	2.75323	-4.15826	-4.03695
55	85	75	3.30551	-3.39887	-2.68642
55	85	85	3.04212	-3.37245	-2.93234
65	5	5	3.87567	-4.9072	-4.37328
65	5	15	3.64198	-3.68833	-3.6504
65	5	25	3.19074	-3.47949	-3.2672
65	5	35	3.07711	-4.34952	-4.31043
65	5	45	3.33827	-5.76158	-5.29923
65	5	55	3.88187	-6.39001	-5.10482
65	5	65	4.36608	-6.19608	-4.50302
65	5	75	4.8804	-4.37403	-3.55441
65	5	85	4.35173	-4.52738	-3.66035
65	15	5	4.0731	-6.06408	-5.21046
65	15	15	3.86682	-4.63886	-3.85425
65	15	25	4.19589	-4.23557	-3.2157
65	15	35	3.73192	-4.46083	-3.84895
65	15	45	3.11789	-5.54054	-5.24286
65	15	55	2.90281	-5.39036	-5.04576
65	15	65	3.2468	-5.13325	-4.80581
65	15	75	3.38277	-4.03367	-3.95615
65	15	85	3.61379	-5.44705	-5.28405
65	25	5	3.85998	-5.84901	-5.49523
65	25	15	4.36304	-5.2	-4.78399
65	25	25	5.19141	-5.15217	-4.56495
65	25	35	4.54621	-4.26791	-4.63652
65	25	45	3.4934	-5.76893	-5.32416
65	25	55	3.45794	-5.76028	-5.15039
65	25	65	3.73084	-4.87245	-4.67066
65	25	75	3.90722	-4.83238	-4.85655
65	25	85	4.36799	-6.03254	-5.79267
65	35	5	3.67346	-5.19996	-5.67831
65	35	15	4.48971	-5.09831	-5.9102
65	35	25	4.29348	-3.75111	-4.91734
65	35	35	4.30286	-3.45246	-4.69702
65	35	45	4.04437	-5.61027	-6.02618
65	35	55	3.46044	-4.83318	-5.27972
65	35	65	2.95748	-3.24477	-3.51777
65	35	75	2.96381	-3.75802	-4.04267
65	35	85	3.81594	-5.11035	-6.09112
65	45	5	3.53942	-4.7652	-5.372
65	45	15	4.15467	-4.45684	-5.33489
65	45	25	4.04216	-3.20612	-4.15711
65	45	35	4.19305	-4.47901	-5.52359
65	45	45	4.07973	-5.27966	-6.4336
65	45	55	3.44266	-4.34487	-5.09022
65	45	65	2.92024	-3.24445	-3.59044
65	45	75	2.71791	-3.54103	-3.64785
65	45	85	3.65149	-4.68493	-5.50537
65	55	5	2.72064	-5.194	-5.82841
65	55	15	2.81718	-5.15217	-5.52445
65	55	25	3.27504	-5.11037	-5.43856
65	55	35	3.34005	-4.90816	-5.57318
65	55	45	3.96349	-5.15603	-6.4468
65	55	55	3.08349	-4.30213	-4.67455
65	55	65	2.74781	-3.44844	-3.46484
65	55	75	2.85418	-3.72337	-3.66691
65	55	85	3.37544	-4.86406	-5.32125
65	65	5	3.85514	-5.21885	-6.23518
65	65	15	3.30106	-4.80006	-5.53003
65	65	25	2.76989	-4.48012	-4.62815
65	65	35	3.01905	-5.04012	-5.34293
65	65	45	3.73582	-5.23733	-6.04052
65	65	55	2.99501	-4.40397	-4.16198
65	65	65	3.16339	-4.09563	-3.61275
65	65	75	3.30397	-3.45191	-2.71909
65	65	85	3.44028	-4.89535	-4.58688
65	75	5	4.47237	-5.78245	-6.10297
65	75	15	3.66578	-4.17946	-4.93547
65	75	25	3.0442	-3.97363	-3.82725
65	75	35	3.43409	-5.15085	-4.99329
65	75	45	3.61385	-5.56114	-5.72312
65	75	55	3.0772	-5.59921	-5.12342
65	75	65	3.29503	-4.96102	-4.25717
65	75	75	3.65889	-3.72226	-2.63402
65	75	85	4.35675	-5.29709	-3.8358
65	85	5	3.70815	-4.82429	-4.83661
65	85	15	3.56431	-3.43893	-3.8634
65	85	25	2.92944	-3.22161	-3.55526
65	85	35	3.22067	-4.66193	-4.71959
65	85	45	3.36427	-5.63142	-5.42062
65	85	55	3.3107	-5.83968	-5.12402
65	85	65	3.45316	-5.16317	-4.30113
65	85	75	4.14716	-3.88685	-2.85723
65	85	85	3.83477	-4.01467	-3.17157
75	5	5	3.63986	-5.40383	-5.22343
75	5	15	3.73716	-3.96916	-4.34708
75	5	25	3.27308	-3.40231	-3.0847
75	5	35	3.22264	-4.19558	-3.63759
75	5	45	3.47133	-5.90666	-5.18746
75	5	55	3.13302	-5.70199	-5.10479
75	5	65	3.15383	-5.32204	-5.10485
75	5	75	4.1171	-3.34602	-3.8117
75	5	85	3.54789	-4.71189	-4.22594
75	15	5	3.29786	-5.46472	-5.36985
75	15	15	3.82511	-5.04799	-5.1852
75	15	25	3.46667	-4.33328	-3.78691
75	15	35	3.36218	-4.25023	-3.70224
75	15	45	3.25716	-5.7459	-5.3227
75	15	55	3.28184	-5.76274	-5.13195
75	15	65	4.17526	-5.68204	-5.50589
75	15	75	4.42352	-4.88886	-5.68132
75	15	85	3.61954	-5.33604	-5.80407
75	25	5	2.92464	-5.18032	-5.34666
75	25	15	3.2776	-4.65962	-5.18202
75	25	25	3.96688	-4.40197	-5.43743
75	25	35	3.68993	-4.56376	-4.8909
75	25	45	3.40261	-5.75328	-5.28087
75	25	55	3.6955	-5.93778	-5.21063
75	25	65	3.98872	-5.07285	-5.36654
75	25	75	3.3815	-4.58884	-4.74651
75	25	85	3.45829	-5.2752	-5.77523
75	35	5	3.40225	-5.10091	-5.97048
75	35	15	3.91954	-4.6804	-5.96883
75	35	25	4.78603	-4.00181	-5.9566
75	35	35	4.4954	-3.61471	-4.5512
75	35	45	3.87275	-6.00519	-5.55472
75	35	55	3.37121	-4.83079	-4.91242
75	35	65	3.22757	-3.28729	-3.62933
75	35	75	3.05943	-4.06432	-4.41135
75	35	85	3.43285	-5.06515	-5.94333
75	45	5	3.45622	-5.12017	-5.68377
75	45	15	4.66784	-4.93796	-6.23437
75	45	25	4.78795	-3.2175	-4.78079
75	45	35	4.67839	-3.965	-5.30088
75	45	45	3.52039	-5.17414	-5.98318
75	45	55	3.59965	-4.16395	-5.08834
75	45	65	3.0081	-2.97337	-3.40778
75	45	75	2.71324	-3.56364	-3.6857
75	45	85	3.51105	-4.9739	-5.99349
75	55	5	3.49696	-5.27523	-5.89363
75	55	15	3.58707	-4.99573	-5.8241
75	55	25	3.73829	-4.50391	-5.62711
75	55	35	3.63829	-4.77998	-5.82473
75	55	45	4.06631	-5.2237	-6.57801
75	55	55	3.97073	-4.36189	-5.70192
75	55	65	3.05366	-4.02524	-4.20786
75	55	75	2.95446	-4.38606	-4.02709
75	55	85	3.45496	-5.37437	-5.10997
75	65	5	3.6358	-5.25833	-6.01394
75	65	15	3.36664	-4.84014	-5.62454
75	65	25	2.90785	-4.19772	-4.55933
75	65	35	3.15183	-4.45805	-5.05926
75	65	45	4.11382	-5.11773	-6.83893
75	65	55	3.41222	-4.5435	-5.3615
75	65	65	2.75761	-4.09364	-4.22184
75	65	75	2.78723	-3.24419	-3.06793
75	65	85	3.06455	-4.88361	-4.61156
75	75	5	4.27246	-6.24707	-5.54662
75	75	15	3.55382	-4.86111	-4.68309
75	75	25	3.07245	-3.57602	-3.61681
75	75	35	2.87093	-3.88878	-3.96878
75	75	45	3.87102	-5.39915	-6.19995
75	75	55	3.38949	-5.68199	-5.31875
75	75	65	3.4378	-5.62468	-4.74453
75	75	75	3.65545	-4.0353	-2.95106
75	75	85	4.27662	-5.65876	-4.07599
75	85	5	4.07514	-5.57712	-5.61394
75	85	15	3.69705	-3.94445	-4.18086
75	85	25	2.89625	-3.30201	-3.18281
75	85	35	2.97064	-3.99309	-3.81228
75	85	45	2.97103	-5.25262	-5.35261
75	85	55	2.7947	-5.34247	-5.10685
75	85	65	2.93253	-5.00283	-4.60261
75	85	75	3.39514	-3.36765	-2.80595
75	85	85	3.34115	-4.23557	-3.53793
85	5	5	2.63426	-5.03225	-5.07149
85	5	15	2.73548	-4.40029	-4.5175
85	5	25	2.9311	-3.61123	-3.14964
85	5	35	3.03943	-3.79361	-3.2932
85	5	45	3.23221	-5.57385	-5.33505
85	5	55	2.82227	-5.28186	-5.0775
85	5	65	2.65176	-4.94204	-4.96279
85	5	75	2.87358	-3.47204	-3.8146
85	5	85	2.59467	-4.5933	-4.59574
85	15	5	2.83344	-5.26024	-5.18104
85	15	15	2.87464	-5.09799	-5.05601
85	15	25	2.75626	-4.5361	-4.53174
85	15	35	3.079	-4.58524	-4.09563
85	15	45	3.97526	-6.37597	-5.25157
85	15	55	3.79146	-6.12333	-5.16497
85	15	65	3.65589	-5.74284	-5.24612
85	15	75	3.97447	-5.33884	-5.56149
85	15	85	3.5915	-5.85532	-5.2566
85	25	5	2.92465	-5.1919	-5.38313
85	25	15	2.83463	-5.06249	-5.26288
85	25	25	2.69391	-5.03201	-5.17006
85	25	35	2.6367	-4.63772	-4.71204
85	25	45	3.16908	-5.26849	-5.85196
85	25	55	3.56714	-5.82655	-5.23483
85	25	65	3.61897	-4.88576	-5.02547
85	25	75	3.3377	-4.8585	-4.91944
85	25	85	2.88545	-5.12139	-5.387
85	35	5	2.75641	-5.12242	-5.32584
85	35	15	2.87437	-4.84167	-5.08474
85	35	25	3.21245	-4.29136	-4.91237
85	35	35	3.37303	-3.90504	-4.04544
85	35	45	3.76168	-5.87021	-5.52676
85	35	55	3.34343	-4.88942	-4.66663
85	35	65	3.3811	-3.44604	-4.02413
85	35	75	2.78031	-4.05686	-4.17247
85	35	85	3.05496	-5.08898	-5.58506
85	45	5	3.19504	-5.32168	-5.52488
85	45	15	3.47545	-5.0024	-5.56683
85	45	25	3.79472	-3.35484	-4.15447
85	45	35	3.93428	-3.17888	-4.35885
85	45	45	3.11915	-5.10474	-5.62742
85	45	55	3.03965	-3.846	-4.287
85	45	65	2.91932	-2.75147	-3.0953
85	45	75	2.52802	-3.67935	-3.67885
85	45	85	3.14707	-5.1565	-5.59649
85	55	5	4.03499	-5.66302	-5.86064
85	55	15	3.27865	-4.8808	-5.1044
85	55	25	3.15305	-3.95116	-4.49159
85	55	35	3.49226	-4.35865	-5.31822
85	55	45	2.83546	-5.07063	-5.49619
85	55	55	3.37634	-4.66137	-5.4105
85	55	65	2.73797	-4.14213	-4.16888
85	55	75	2.98512	-4.6731	-4.21308
85	55	85	3.58581	-5.70642	-5.10483
85	65	5	3.39057	-5.27453	-5.67532
85	65	15	2.83989	-4.76469	-4.97904
85	65	25	2.8711	-3.95707	-4.23587
85	65	35	3.31227	-4.21088	-4.92925
85	65	45	3.49424	-5.09519	-6.13878
85	65	55	3.66145	-4.92207	-6.05413
85	65	65	2.72562	-4.76925	-4.83821
85	65	75	2.70389	-3.81051	-3.63737
85	65	85	2.88896	-4.85643	-4.76122
85	75	5	3.05533	-5.31373	-5.32983
85	75	15	2.81486	-4.68409	-4.58266
85	75	25	2.75157	-3.65692	-3.47682
85	75	35	2.77181	-3.30477	-3.28398
85	75	45	3.43181	-5.08997	-6.14916
85	75	55	3.42149	-5.10235	-5.972
85	75	65	2.58208	-5.01325	-4.99911
85	75	75	2.53434	-3.40454	-3.40176
85	75	85	2.73846	-4.6064	-4.52257
85	85	5	2.81153	-5.18117	-5.16113
85	85	15	2.79388	-4.08257	-3.90252
85	85	25	2.23705	-2.71162	-2.50565
85	85	35	2.60902	-2.86632	-2.84431
85	85	45	3.43225	-4.97582	-5.89618
85	85	55	2.71479	-5.10205	-5.26929
85	85	65	2.53594	-4.86168	-4.86654
85	85	75	2.55204	-2.93489	-3.03578
85	85	85	2.57471	-4.09787	-4.10307
