5	5	5	2.59307	-2.95137	-2.9918
5	5	15	2.59303	-3.9964	-4.03519
5	5	25	2.72153	-5.05184	-5.21093
5	5	35	2.59483	-4.32948	-4.3557
5	5	45	2.60187	-3.36727	-3.31878
5	5	55	2.83707	-3.7927	-4.0709
5	5	65	3.40044	-5.10211	-5.9456
5	5	75	3.25079	-5.08359	-5.77764
5	5	85	2.60069	-4.74123	-4.79007
5	15	5	2.63188	-2.68478	-2.72557
5	15	15	2.6315	-3.43275	-3.51309
5	15	25	2.83395	-4.83361	-5.11628
5	15	35	2.58418	-3.48069	-3.51254
5	15	45	2.55235	-3.08109	-3.0802
5	15	55	2.6521	-3.69487	-3.79389
5	15	65	3.43515	-5.09391	-5.97543
5	15	75	3.33032	-5.10245	-5.88088
5	15	85	2.69785	-4.62239	-4.76837
5	25	5	2.75226	-2.84563	-2.96685
5	25	15	2.67265	-4.03269	-4.0343
5	25	25	2.89343	-4.73824	-5.04064
5	25	35	2.65554	-3.66674	-3.57029
5	25	45	2.99231	-3.34518	-2.90392
5	25	55	3.27108	-4.24763	-3.6476
5	25	65	4.01188	-5.70675	-5.92751
5	25	75	3.54225	-5.50201	-5.6932
5	25	85	2.8364	-5.00244	-5.00702
5	35	5	3.15627	-4.76925	-4.57368
5	35	15	2.77784	-5.23681	-5.06281
5	35	25	2.91636	-5.38553	-5.06756
5	35	35	3.69915	-5.62812	-4.48084
5	35	45	4.26554	-5.2966	-3.58293
5	35	55	4.73146	-5.74269	-3.56229
5	35	65	5.24942	-7.39934	-5.46254
5	35	75	4.72064	-6.88795	-5.44554
5	35	85	3.85522	-5.94245	-4.88503
5	45	5	2.97023	-4.34004	-4.58404
5	45	15	2.69309	-5.09923	-5.18601
5	45	25	2.66147	-5.14379	-5.12004
5	45	35	2.77505	-4.78033	-4.55796
5	45	45	2.88633	-4.54551	-4.21186
5	45	55	2.93641	-4.52347	-4.1781
5	45	65	3.79326	-6.11271	-5.27209
5	45	75	3.62469	-5.93341	-5.14378
5	45	85	3.22513	-4.99286	-4.72292
5	55	5	2.73482	-3.98699	-4.16407
5	55	15	2.64655	-5.06709	-5.1551
5	55	25	2.69659	-5.18313	-5.1626
5	55	35	2.65744	-4.70474	-4.68239
5	55	45	2.63817	-3.94844	-3.86216
5	55	55	2.95026	-3.50958	-3.15118
5	55	65	3.28368	-5.66016	-5.21152
5	55	75	3.11628	-4.72349	-4.76479
5	55	85	3.18134	-3.20623	-3.70416
5	65	5	2.80416	-3.5818	-3.67366
5	65	15	2.7586	-5.09487	-5.05968
5	65	25	2.69625	-4.96006	-5.0239
5	65	35	2.67328	-4.61938	-4.53959
5	65	45	2.7943	-3.11352	-2.91118
5	65	55	2.7998	-3.77719	-3.65012
5	65	65	2.80011	-5.11065	-5.26799
5	65	75	2.93829	-4.12424	-4.42589
5	65	85	3.1797	-2.97256	-3.52019
5	75	5	2.7776	-4.16332	-4.02737
5	75	15	2.89522	-5.03052	-4.85049
5	75	25	3.09392	-5.28936	-5.03055
5	75	35	2.85797	-5.05415	-4.87373
5	75	45	2.81523	-4.64434	-4.54363
5	75	55	2.91364	-4.98007	-4.9
5	75	65	3.05672	-5.12407	-5.54884
5	75	75	2.83595	-4.36148	-4.52634
5	75	85	2.83848	-3.96608	-4.09264
5	85	5	2.71434	-3.1086	-3.06944
5	85	15	2.65464	-4.5741	-4.5121
5	85	25	2.70147	-5.14167	-5.11443
5	85	35	2.82851	-4.97299	-4.86469
5	85	45	3.01139	-4.61534	-4.24114
5	85	55	3.16734	-4.95254	-4.61989
5	85	65	3.48387	-5.48457	-5.64215
5	85	75	3.1084	-4.68836	-4.91279
5	85	85	2.86028	-4.24844	-4.18969
15	5	5	2.61273	-3.3425	-3.36179
15	5	15	2.63306	-4.44177	-4.52056
15	5	25	2.78429	-5.07347	-5.29946
15	5	35	2.71101	-4.56752	-4.71539
15	5	45	2.67556	-3.44824	-3.50758
15	5	55	2.86755	-3.2395	-3.44495
15	5	65	3.14763	-5.14089	-5.63484
15	5	75	2.87892	-5.16725	-5.36453
15	5	85	2.67646	-5.01208	-5.09424
15	15	5	2.59121	-3.03496	-3.03486
15	15	15	2.79153	-3.9995	-4.23903
15	15	25	3.30245	-5.0405	-5.79073
15	15	35	2.6103	-3.8412	-3.89993
15	15	45	2.68167	-2.9107	-2.9928
15	15	55	2.93741	-2.89011	-3.14899
15	15	65	3.39912	-5.05827	-5.90139
15	15	75	3.01606	-5.10445	-5.56456
15	15	85	2.61429	-4.84291	-4.90359
15	25	5	2.61188	-3.49287	-3.47287
15	25	15	2.71148	-4.59374	-4.71331
15	25	25	3.19703	-5.00947	-5.61385
15	25	35	2.64447	-4.43927	-4.36752
15	25	45	2.93877	-3.57475	-3.1922
15	25	55	3.39693	-4.00618	-3.44292
15	25	65	4.51514	-6.09477	-6.0171
15	25	75	3.75152	-5.9219	-5.3623
15	25	85	2.8934	-5.18286	-4.9236
15	35	5	3.23312	-5.33848	-4.8181
15	35	15	3.05147	-5.41656	-5.15611
15	35	25	3.13511	-5.46193	-5.28107
15	35	35	2.90696	-5.26947	-4.91521
15	35	45	3.71176	-5.55151	-4.39189
15	35	55	4.31553	-5.80214	-4.11852
15	35	65	5.38027	-7.34059	-5.63217
15	35	75	4.87148	-7.09334	-5.27059
15	35	85	4.19488	-6.52448	-5.00346
15	45	5	3.18118	-4.80498	-4.81564
15	45	15	2.90328	-5.25522	-5.27179
15	45	25	2.76018	-5.28865	-5.12197
15	45	35	2.72483	-5.17348	-5.04209
15	45	45	2.77097	-5.24869	-5.03048
15	45	55	2.92686	-4.96744	-4.6717
15	45	65	3.67191	-6.01212	-5.25126
15	45	75	4.25331	-6.55429	-5.19127
15	45	85	3.89183	-5.54063	-4.68346
15	55	5	3.29839	-4.01656	-4.71164
15	55	15	2.75079	-5.11721	-5.25266
15	55	25	2.66161	-5.17076	-5.14269
15	55	35	2.62699	-4.83624	-4.84279
15	55	45	2.60258	-4.32223	-4.27161
15	55	55	2.73184	-3.68464	-3.58462
15	55	65	3.04812	-5.47945	-5.18398
15	55	75	2.9487	-4.67504	-4.48548
15	55	85	3.27144	-3.54028	-3.98021
15	65	5	3.16205	-3.6654	-4.23123
15	65	15	2.73986	-5.14285	-5.20533
15	65	25	2.75867	-5.20687	-5.20331
15	65	35	2.61537	-4.86466	-4.84369
15	65	45	2.75615	-3.31706	-3.15368
15	65	55	2.77435	-3.20004	-3.17776
15	65	65	2.7623	-5.12981	-5.2467
15	65	75	2.78047	-3.86465	-4.04757
15	65	85	3.57489	-2.85102	-3.87131
15	75	5	3.06131	-4.45913	-4.56844
15	75	15	2.84014	-4.93221	-5.09695
15	75	25	2.59298	-5.16011	-5.08118
15	75	35	3.0167	-5.12068	-4.70178
15	75	45	3.23859	-4.57501	-3.97329
15	75	55	3.57591	-5.22208	-4.51844
15	75	65	3.49823	-5.79598	-5.29479
15	75	75	3.34028	-5.00293	-5.02892
15	75	85	3.49957	-4.38525	-4.68655
15	85	5	2.67599	-3.69853	-3.78186
15	85	15	2.69353	-4.66005	-4.72174
15	85	25	2.75472	-5.13578	-5.21864
15	85	35	2.92096	-5.14342	-4.94527
15	85	45	3.05433	-4.37592	-3.99981
15	85	55	3.29581	-4.69254	-4.47073
15	85	65	2.99202	-5.29128	-5.34006
15	85	75	3.04948	-5.06979	-5.27202
15	85	85	2.95951	-4.8489	-4.97165
25	5	5	2.72096	-4.09895	-4.13923
25	5	15	2.72281	-4.82079	-4.97811
25	5	25	2.94991	-5.11682	-5.46725
25	5	35	2.75746	-4.41117	-4.58108
25	5	45	2.63843	-3.17084	-3.23184
25	5	55	3.00948	-3.25283	-3.28319
25	5	65	3.25601	-5.15188	-5.48147
25	5	75	2.95645	-5.12639	-5.28285
25	5	85	2.88158	-5.18166	-5.26577
25	15	5	2.61248	-3.40069	-3.38039
25	15	15	3.05399	-4.44776	-4.90806
25	15	25	3.2897	-5.09103	-5.78525
25	15	35	3.19039	-4.2021	-4.78008
25	15	45	2.73034	-2.92106	-2.84077
25	15	55	3.07211	-3.12559	-3.13214
25	15	65	3.90964	-4.99289	-5.89309
25	15	75	2.78573	-4.74661	-4.89168
25	15	85	2.57841	-4.98447	-5.007
25	25	5	2.67404	-4.13902	-4.01767
25	25	15	3.15485	-4.8225	-5.30193
25	25	25	3.52373	-5.06228	-5.9904
25	25	35	2.99398	-4.76445	-4.96011
25	25	45	3.43813	-4.37188	-3.74887
25	25	55	3.84085	-4.54686	-3.81843
25	25	65	4.88318	-6.15981	-6.0854
25	25	75	4.0913	-6.20284	-4.85967
25	25	85	3.13362	-5.60225	-5.02443
25	35	5	3.50125	-5.56706	-4.61845
25	35	15	3.29853	-5.53655	-5.30906
25	35	25	3.48537	-5.4834	-5.63387
25	35	35	3.07723	-5.41591	-5.14985
25	35	45	3.24708	-5.55715	-4.99317
25	35	55	3.66603	-5.63763	-4.84497
25	35	65	5.36282	-6.75536	-5.9885
25	35	75	4.67279	-7.1251	-5.15962
25	35	85	4.20502	-6.65338	-5.04229
25	45	5	3.5633	-4.59111	-3.57885
25	45	15	2.93915	-5.32208	-5.09554
25	45	25	3.20144	-5.70902	-5.14284
25	45	35	3.04575	-5.56822	-5.12969
25	45	45	3.30856	-5.81363	-5.10048
25	45	55	3.12608	-5.5222	-4.98852
25	45	65	4.01499	-6.10259	-5.5245
25	45	75	4.43614	-6.89561	-5.15238
25	45	85	4.27487	-6.16136	-4.52338
25	55	5	2.86121	-3.37821	-3.50964
25	55	15	2.74318	-5.14004	-5.07193
25	55	25	2.77072	-5.26075	-5.16244
25	55	35	2.87499	-5.3222	-5.0858
25	55	45	2.68663	-4.93346	-4.80298
25	55	55	2.76451	-4.59347	-4.3812
25	55	65	3.17313	-5.19305	-5.53432
25	55	75	3.00125	-5.08116	-4.81272
25	55	85	2.73466	-3.30359	-3.16091
25	65	5	3.1125	-3.54908	-3.7484
25	65	15	2.6386	-5.08451	-5.12268
25	65	25	2.72344	-5.21118	-5.16464
25	65	35	2.60666	-4.9343	-4.9254
25	65	45	2.68554	-3.67044	-3.57614
25	65	55	2.82426	-3.33776	-3.14633
25	65	65	2.96719	-5.06413	-5.05381
25	65	75	2.76938	-3.89151	-3.69018
25	65	85	2.69421	-2.72955	-2.70889
25	75	5	2.97688	-4.23998	-4.37944
25	75	15	2.69332	-5.07296	-5.13425
25	75	25	2.25651	-5.08242	-5.14625
25	75	35	2.39576	-4.66325	-4.68554
25	75	45	2.85967	-3.4389	-3.18263
25	75	55	3.74061	-4.44798	-3.66692
25	75	65	4.02526	-6.14657	-5.29076
25	75	75	3.46041	-5.62657	-4.92532
25	75	85	3.37805	-4.46253	-4.47815
25	85	5	2.97937	-4.18331	-4.4475
25	85	15	2.67718	-5.0456	-5.0709
25	85	25	2.62193	-5.15859	-5.24711
25	85	35	2.83109	-4.68241	-4.64644
25	85	45	2.90058	-3.49642	-3.20427
25	85	55	3.33359	-3.93071	-3.44908
25	85	65	3.70894	-5.82409	-5.42814
25	85	75	3.3637	-5.52793	-5.20763
25	85	85	3.30631	-5.05775	-5.28239
35	5	5	2.95947	-4.6775	-4.84264
35	5	15	3.08081	-5.04604	-5.4878
35	5	25	2.91994	-5.16618	-5.40215
35	5	35	3.19757	-4.73289	-5.17675
35	5	45	3.10912	-3.34503	-3.83351
35	5	55	4.09169	-4.1952	-4.75253
35	5	65	3.72423	-5.22967	-4.67549
35	5	75	3.52974	-4.66136	-4.67924
35	5	85	3.1054	-5.14005	-5.21279
35	15	5	2.78918	-4.19158	-4.40892
35	15	15	3.40317	-4.86989	-5.50362
35	15	25	3.65984	-5.20628	-6.09508
35	15	35	3.40006	-4.35673	-4.976
35	15	45	2.95678	-3.19018	-3.23082
35	15	55	4.16824	-4.43601	-4.5475
35	15	65	4.05465	-5.05718	-5.648
35	15	75	3.08184	-4.34328	-4.5461
35	15	85	2.89311	-4.78644	-4.95573
35	25	5	3.26028	-5.10696	-4.56158
35	25	15	3.84453	-5.33824	-5.68967
35	25	25	3.86019	-5.46368	-6.02254
35	25	35	3.6255	-5.21821	-5.09902
35	25	45	3.54925	-4.5099	-3.89479
35	25	55	4.52258	-5.85669	-4.82652
35	25	65	5.73741	-6.68921	-6.49191
35	25	75	4.26536	-5.90178	-4.68311
35	25	85	3.76121	-5.69528	-4.54298
35	35	5	3.67877	-5.0265	-4.06214
35	35	15	3.68512	-5.43363	-5.34114
35	35	25	3.88319	-5.46177	-6.06081
35	35	35	3.56853	-5.49588	-5.68323
35	35	45	2.91749	-5.2443	-4.94781
35	35	55	3.76189	-5.73944	-5.4161
35	35	65	5.19732	-6.72934	-5.93847
35	35	75	4.72197	-6.9704	-5.03881
35	35	85	4.3019	-6.24413	-4.57719
35	45	5	3.70934	-4.13834	-2.98082
35	45	15	3.14046	-4.98139	-4.63275
35	45	25	3.56164	-5.60795	-5.60463
35	45	35	3.80327	-6.03205	-5.38386
35	45	45	3.61882	-6.00948	-5.05911
35	45	55	4.32677	-6.75081	-5.22202
35	45	65	5.10203	-6.73744	-6.00092
35	45	75	4.64448	-7.04033	-5.09177
35	45	85	4.57817	-6.46828	-4.52213
35	55	5	2.68729	-2.92587	-2.86961
35	55	15	2.71097	-4.48545	-4.53766
35	55	25	3.19102	-5.33546	-5.50513
35	55	35	3.13454	-5.55583	-5.19172
35	55	45	3.19891	-5.57535	-4.9966
35	55	55	3.41869	-5.68213	-5.10867
35	55	65	3.71493	-5.67598	-5.60664
35	55	75	3.36014	-5.68392	-5.16846
35	55	85	3.04375	-3.95391	-3.46208
35	65	5	2.89731	-3.34788	-3.16403
35	65	15	2.75568	-5.09575	-4.96046
35	65	25	2.78577	-5.14563	-5.28952
35	65	35	2.72066	-5.12337	-5.21034
35	65	45	2.64282	-4.08211	-4.05136
35	65	55	2.75814	-3.57885	-3.54029
35	65	65	3.34234	-4.55405	-4.83249
35	65	75	2.82635	-4.01233	-3.7851
35	65	85	2.83723	-3.06019	-2.83489
35	75	5	2.96069	-4.13894	-4.01624
35	75	15	2.80149	-5.15068	-5.19411
35	75	25	2.70125	-5.06286	-5.20976
35	75	35	2.29654	-4.86207	-4.80751
35	75	45	2.71714	-3.09884	-3.02336
35	75	55	2.86006	-2.83392	-2.81736
35	75	65	3.58192	-5.00732	-4.82779
35	75	75	3.46059	-5.64388	-4.86053
35	75	85	2.89572	-4.13823	-3.83373
35	85	5	2.82204	-4.64238	-4.59092
35	85	15	3.02524	-5.18316	-5.17494
35	85	25	3.06839	-5.46227	-5.29642
35	85	35	3.08098	-4.58284	-4.67078
35	85	45	3.26138	-3.35605	-3.06599
35	85	55	3.69523	-3.72682	-3.50365
35	85	65	3.45999	-5.29461	-4.81286
35	85	75	3.00212	-5.28457	-4.9658
35	85	85	2.91813	-5.10058	-5.0194
45	5	5	3.52081	-5.01753	-5.34731
45	5	15	3.85959	-5.43004	-5.69778
45	5	25	3.48905	-5.55927	-5.57644
45	5	35	3.70863	-5.10261	-5.25942
45	5	45	4.32151	-4.03155	-4.31339
45	5	55	4.85914	-5.50488	-5.55733
45	5	65	4.50258	-6.04417	-4.70912
45	5	75	3.49995	-4.7922	-4.1403
45	5	85	3.24003	-4.03799	-4.327
45	15	5	2.90214	-4.70038	-4.9267
45	15	15	4.03946	-5.17713	-5.93355
45	15	25	3.86306	-5.65208	-5.86004
45	15	35	4.46358	-4.83967	-5.23687
45	15	45	4.84582	-3.93411	-4.54556
45	15	55	5.36048	-6.11989	-6.26197
45	15	65	4.50918	-5.97729	-5.84901
45	15	75	3.82064	-5.01933	-5.10533
45	15	85	3.21596	-4.06883	-4.08335
45	25	5	3.1435	-4.51962	-4.22085
45	25	15	3.79427	-5.20642	-5.84408
45	25	25	3.92343	-5.76002	-5.80281
45	25	35	5.0391	-5.82995	-5.66197
45	25	45	5.52292	-5.43889	-4.90269
45	25	55	5.48641	-6.41423	-6.20146
45	25	65	5.24711	-6.42892	-6.4145
45	25	75	4.26499	-5.44129	-5.29671
45	25	85	3.50181	-4.14683	-3.97115
45	35	5	4.00697	-4.74268	-3.53383
45	35	15	4.14782	-5.10559	-4.9104
45	35	25	3.88545	-5.54934	-5.97978
45	35	35	3.47745	-5.33017	-5.5598
45	35	45	3.59712	-5.14364	-5.16732
45	35	55	3.7327	-5.52852	-5.80128
45	35	65	4.55628	-5.68038	-6.45909
45	35	75	4.18633	-5.84801	-5.10719
45	35	85	3.6982	-4.95912	-4.00547
45	45	5	4.20491	-4.36453	-2.79077
45	45	15	3.64471	-4.4529	-3.92001
45	45	25	4.36628	-5.79002	-6.21806
45	45	35	4.05905	-5.74031	-5.73152
45	45	45	3.42988	-5.51242	-5.00966
45	45	55	3.60267	-5.72427	-5.44389
45	45	65	4.56347	-6.1279	-6.08345
45	45	75	3.48077	-5.51156	-4.77862
45	45	85	3.75034	-4.69297	-3.66311
45	55	5	2.85916	-2.89775	-2.62965
45	55	15	2.98709	-3.77325	-3.70204
45	55	25	4.15106	-5.58897	-6.19157
45	55	35	3.75809	-5.29346	-5.95764
45	55	45	2.79177	-5.02836	-5.13566
45	55	55	2.97715	-5.06368	-5.36246
45	55	65	3.29552	-5.18404	-5.6644
45	55	75	2.89826	-5.28392	-4.98707
45	55	85	3.13487	-4.02419	-3.48043
45	65	5	3.06515	-3.19931	-3.27329
45	65	15	3.11188	-4.73571	-4.65833
45	65	25	3.22231	-5.27482	-5.57374
45	65	35	3.36285	-5.16535	-5.81049
45	65	45	2.90828	-4.52366	-4.87688
45	65	55	2.95511	-4.35928	-4.6833
45	65	65	3.03226	-4.47925	-4.68046
45	65	75	2.83423	-4.40199	-4.164
45	65	85	2.87436	-3.20363	-2.86057
45	75	5	3.49261	-3.9438	-4.47037
45	75	15	3.0791	-4.98425	-5.38794
45	75	25	3.02759	-5.15977	-5.51384
45	75	35	3.15716	-4.96242	-5.40852
45	75	45	2.82553	-3.52204	-3.67575
45	75	55	2.95513	-2.98083	-3.06411
45	75	65	2.93789	-3.95354	-3.97158
45	75	75	2.84147	-4.77377	-4.52818
45	75	85	2.85899	-3.88216	-3.69626
45	85	5	2.94955	-4.59749	-4.91359
45	85	15	3.06201	-5.04026	-5.38564
45	85	25	3.00589	-5.28176	-5.355
45	85	35	3.14042	-5.10442	-5.04662
45	85	45	3.42994	-3.62367	-3.36853
45	85	55	3.58639	-4.35083	-3.88366
45	85	65	3.29338	-4.60034	-4.16887
45	85	75	2.74088	-4.57291	-4.39303
45	85	85	2.75645	-4.21679	-4.38052
55	5	5	3.22073	-4.30434	-4.4532
55	5	15	3.37347	-4.77113	-5.35357
55	5	25	3.14143	-5.37956	-5.36915
55	5	35	3.73758	-5.44369	-5.42611
55	5	45	4.63976	-4.5395	-4.86048
55	5	55	4.40739	-5.82507	-5.51357
55	5	65	4.48501	-6.59637	-5.16161
55	5	75	3.94083	-5.76121	-4.82914
55	5	85	4.01717	-3.82819	-4.09349
55	15	5	3.12076	-4.57878	-4.82448
55	15	15	3.71223	-5.09516	-5.69395
55	15	25	3.56144	-5.23819	-5.96861
55	15	35	4.09999	-4.52247	-5.59045
55	15	45	4.96645	-3.97338	-5.58614
55	15	55	4.66637	-5.66827	-6.37857
55	15	65	3.68072	-5.77163	-5.49316
55	15	75	3.76438	-5.47087	-5.15852
55	15	85	3.50394	-3.62345	-3.64914
55	25	5	3.19359	-4.0957	-3.69661
55	25	15	4.17105	-5.19278	-5.57277
55	25	25	4.09504	-5.85622	-5.80024
55	25	35	4.80744	-4.682	-5.73842
55	25	45	4.75913	-4.22124	-5.58975
55	25	55	4.85745	-5.54105	-6.72747
55	25	65	4.17463	-5.79893	-5.97612
55	25	75	4.20201	-5.36315	-5.68519
55	25	85	3.39004	-3.65183	-3.68429
55	35	5	3.30326	-3.48127	-2.77431
55	35	15	3.62223	-4.25268	-3.94149
55	35	25	4.21785	-5.72247	-6.06051
55	35	35	4.12423	-4.4027	-4.61431
55	35	45	4.53667	-4.99045	-5.13527
55	35	55	4.13265	-5.45372	-5.95491
55	35	65	4.08665	-5.37763	-6.31157
55	35	75	4.35195	-5.14433	-6.09955
55	35	85	3.46085	-3.99744	-3.77287
55	45	5	2.78138	-2.90837	-2.75835
55	45	15	3.07871	-3.57429	-3.28981
55	45	25	4.13429	-5.54622	-5.76543
55	45	35	4.23144	-4.13796	-3.94636
55	45	45	3.48425	-4.09164	-3.88086
55	45	55	3.48744	-5.14906	-5.41266
55	45	65	4.09662	-5.28507	-6.46347
55	45	75	3.49268	-4.365	-5.09934
55	45	85	2.83052	-3.2153	-3.29059
55	55	5	2.73123	-2.79168	-2.65166
55	55	15	3.13739	-3.39897	-2.97743
55	55	25	3.988	-5.7689	-5.29366
55	55	35	3.26271	-4.23121	-4.32434
55	55	45	2.9999	-3.9869	-4.10126
55	55	55	2.85211	-5.13752	-5.23643
55	55	65	3.47324	-5.10299	-6.02157
55	55	75	2.78827	-4.72282	-4.95881
55	55	85	2.59441	-3.21365	-3.17695
55	65	5	3.01945	-3.27602	-3.05082
55	65	15	2.9924	-3.86753	-3.55824
55	65	25	3.40203	-5.06015	-5.77164
55	65	35	3.31477	-4.72433	-5.36303
55	65	45	2.69476	-4.98137	-5.08327
55	65	55	2.69231	-4.73931	-4.84044
55	65	65	2.83144	-4.60042	-4.86
55	65	75	2.77425	-4.28164	-4.06326
55	65	85	2.95247	-3.44004	-3.03989
55	75	5	3.68033	-3.42003	-4.46449
55	75	15	2.86711	-4.88061	-5.07502
55	75	25	3.09512	-5.1884	-5.47233
55	75	35	3.35389	-5.04262	-5.7638
55	75	45	2.93386	-4.42165	-4.44447
55	75	55	2.97383	-3.97203	-3.67164
55	75	65	3.25502	-4.32999	-3.90678
55	75	75	2.90346	-4.03242	-3.69359
55	75	85	2.99698	-3.82604	-3.78557
55	85	5	3.84511	-3.73271	-5.02678
55	85	15	3.31703	-4.71469	-5.48073
55	85	25	2.87777	-5.11919	-5.40438
55	85	35	3.27749	-4.98359	-5.66722
55	85	45	2.76588	-3.68766	-3.84248
55	85	55	2.88986	-4.70527	-4.61204
55	85	65	3.06426	-4.60805	-4.33801
55	85	75	2.76827	-4.22062	-4.10739
55	85	85	3.27604	-3.17092	-3.85433
65	5	5	3.03375	-3.14353	-3.26521
65	5	15	2.95183	-3.89546	-4.09466
65	5	25	2.87384	-4.7347	-4.9567
65	5	35	2.79303	-4.82198	-5.06397
65	5	45	2.71612	-3.94405	-4.05972
65	5	55	2.69787	-5.04	-5.05315
65	5	65	3.27767	-5.17603	-5.65018
65	5	75	2.96612	-5.00863	-5.01513
65	5	85	3.39748	-3.42374	-3.98493
65	15	5	2.83747	-3.52856	-3.487
65	15	15	3.09266	-4.2225	-4.6809
65	15	25	2.77627	-4.93386	-5.15743
65	15	35	2.79428	-4.04163	-4.30519
65	15	45	3.11268	-3.41687	-4.03846
65	15	55	3.03149	-4.91278	-5.39352
65	15	65	3.03467	-5.13486	-5.53843
65	15	75	2.9979	-5.23871	-5.36465
65	15	85	3.23877	-3.63566	-3.87609
65	25	5	2.9111	-3.60323	-3.24325
65	25	15	3.55183	-3.94834	-3.98915
65	25	25	3.53464	-5.49628	-5.37989
65	25	35	3.45585	-3.84197	-4.30719
65	25	45	3.19229	-3.60564	-4.1869
65	25	55	3.85144	-4.71104	-5.97106
65	25	65	3.09743	-5.12052	-5.62453
65	25	75	3.05904	-4.96415	-5.38657
65	25	85	3.07991	-3.47699	-3.72022
65	35	5	2.65667	-2.89018	-2.78541
65	35	15	3.26146	-3.8211	-3.51233
65	35	25	4.67623	-6.03586	-5.55227
65	35	35	4.07824	-4.16272	-3.48674
65	35	45	3.71306	-3.78244	-3.34288
65	35	55	4.17183	-4.95643	-5.37644
65	35	65	3.69703	-5.92005	-5.42524
65	35	75	3.51824	-5.06151	-5.66874
65	35	85	2.82065	-3.87677	-3.78081
65	45	5	2.5539	-3.01102	-3.00907
65	45	15	2.67833	-4.12071	-4.23667
65	45	25	3.36918	-4.64897	-5.07166
65	45	35	3.61795	-3.52648	-2.98277
65	45	45	3.0956	-3.15857	-2.77489
65	45	55	3.6539	-4.16427	-4.54141
65	45	65	3.50903	-5.15268	-6.00187
65	45	75	3.77388	-4.57274	-5.61319
65	45	85	2.72441	-3.33604	-3.42621
65	55	5	2.6713	-3.04247	-3.08233
65	55	15	2.95385	-3.47517	-3.19639
65	55	25	3.5385	-4.57042	-4.02379
65	55	35	3.09943	-3.38528	-2.95929
65	55	45	2.67745	-3.07004	-2.94446
65	55	55	2.69748	-4.31683	-4.37041
65	55	65	3.45495	-5.10018	-5.99625
65	55	75	3.44167	-4.42301	-5.27169
65	55	85	2.59977	-3.18536	-3.15384
65	65	5	2.83161	-3.04311	-3.00323
65	65	15	2.7143	-3.17228	-3.09467
65	65	25	2.71398	-3.68043	-3.75833
65	65	35	2.63724	-3.28127	-3.35746
65	65	45	2.59329	-4.36068	-4.31847
65	65	55	2.57158	-4.93695	-4.95639
65	65	65	3.45185	-5.06076	-5.80153
65	65	75	2.89833	-4.74203	-4.72933
65	65	85	2.83741	-3.49604	-3.21923
65	75	5	2.89161	-3.1392	-3.40095
65	75	15	2.61065	-4.63577	-4.69777
65	75	25	2.15225	-5.06984	-5.13103
65	75	35	2.73276	-5.0599	-5.15985
65	75	45	2.69238	-4.83414	-4.8137
65	75	55	3.05188	-5.06007	-4.55921
65	75	65	3.47385	-5.65601	-4.97558
65	75	75	3.16547	-3.6136	-3.06405
65	75	85	2.89373	-3.76323	-3.58191
65	85	5	3.3353	-2.79287	-3.53472
65	85	15	2.77383	-4.3487	-4.52913
65	85	25	2.65218	-5.05633	-5.15755
65	85	35	2.70383	-4.86137	-4.98298
65	85	45	2.71508	-4.58365	-4.54048
65	85	55	2.76543	-5.21924	-5.04484
65	85	65	3.08824	-4.92903	-5.07261
65	85	75	2.90708	-4.13414	-4.05257
65	85	85	2.94193	-2.68061	-2.97778
75	5	5	2.81702	-2.77564	-2.67571
75	5	15	2.81238	-3.83553	-3.69669
75	5	25	2.71236	-4.84742	-4.84702
75	5	35	2.61513	-4.00322	-3.98315
75	5	45	2.53341	-3.75924	-3.75695
75	5	55	2.57292	-4.97162	-4.9896
75	5	65	3.41625	-5.10373	-5.9625
75	5	75	2.75512	-5.05672	-5.25667
75	5	85	2.72786	-3.72201	-3.85144
75	15	5	2.6924	-2.82686	-2.68577
75	15	15	2.67315	-3.04094	-3.15971
75	15	25	2.65127	-4.27606	-4.37598
75	15	35	2.57482	-3.67368	-3.6971
75	15	45	2.49118	-3.27659	-3.27645
75	15	55	2.57108	-4.83885	-4.85878
75	15	65	3.13109	-5.13954	-5.63946
75	15	75	2.80226	-5.16104	-5.2922
75	15	85	2.80121	-4.13612	-4.10624
75	25	5	2.69188	-2.84824	-2.7091
75	25	15	3.0319	-3.08769	-3.04777
75	25	25	3.19157	-4.06364	-3.74415
75	25	35	2.85187	-3.45866	-3.31951
75	25	45	2.67144	-3.28123	-3.24165
75	25	55	2.77102	-4.44914	-4.58954
75	25	65	2.89142	-5.11825	-5.41865
75	25	75	2.77623	-5.1027	-5.2863
75	25	85	2.6735	-3.96157	-4.08405
75	35	5	2.67194	-3.28708	-3.2472
75	35	15	2.85245	-4.00566	-4.06549
75	35	25	3.07629	-4.59337	-4.55064
75	35	35	3.50106	-3.80513	-2.98156
75	35	45	3.85785	-4.03844	-2.81326
75	35	55	4.01784	-4.97811	-4.03213
75	35	65	3.95542	-6.23742	-5.35462
75	35	75	3.57464	-5.80239	-5.38519
75	35	85	3.11348	-4.87843	-4.32088
75	45	5	2.59957	-3.42069	-3.45562
75	45	15	2.6021	-4.90614	-4.93633
75	45	25	2.87207	-4.80641	-5.0471
75	45	35	2.96572	-3.50729	-3.21666
75	45	45	2.97129	-3.34107	-2.96168
75	45	55	3.13119	-3.87979	-3.85964
75	45	65	3.23428	-5.40918	-5.44833
75	45	75	3.08906	-5.09841	-5.24362
75	45	85	2.62233	-3.74685	-3.71971
75	55	5	2.63285	-3.26603	-3.26758
75	55	15	2.61396	-4.20183	-4.18145
75	55	25	2.69372	-3.76459	-3.78272
75	55	35	2.69993	-3.9355	-3.83146
75	55	45	2.802	-3.26495	-3.01487
75	55	55	2.84297	-3.72581	-3.79391
75	55	65	3.16153	-5.1037	-5.65886
75	55	75	3.14124	-4.14333	-4.73082
75	55	85	2.51489	-2.97011	-2.99302
75	65	5	2.6104	-2.98093	-3.00186
75	65	15	2.59076	-3.25893	-3.2593
75	65	25	2.63318	-3.16442	-3.20311
75	65	35	2.57437	-3.13821	-3.15728
75	65	45	2.59666	-3.38276	-3.33877
75	65	55	2.59623	-4.76405	-4.71891
75	65	65	3.07723	-5.1284	-5.56863
75	65	75	3.06311	-4.48316	-4.83278
75	65	85	2.55445	-3.22805	-3.13146
75	75	5	3.05293	-3.66432	-3.48217
75	75	15	2.62947	-4.7745	-4.7357
75	75	25	2.29307	-5.04269	-5.04147
75	75	35	2.23279	-4.93291	-4.93437
75	75	45	2.57132	-4.88576	-4.86559
75	75	55	2.77194	-5.00727	-4.86638
75	75	65	3.63665	-5.75915	-5.40393
75	75	75	3.63153	-4.24082	-3.63893
75	75	85	3.53976	-3.91204	-3.01918
75	85	5	2.80455	-2.82164	-2.81194
75	85	15	2.63912	-4.12846	-4.16367
75	85	25	2.63353	-4.99326	-4.9948
75	85	35	2.58673	-4.62187	-4.62423
75	85	45	2.54515	-4.5208	-4.52049
75	85	55	2.85145	-5.27548	-5.09508
75	85	65	3.51584	-5.2536	-5.53358
75	85	75	2.89829	-4.16952	-3.89193
75	85	85	2.87422	-2.91548	-2.80899
85	5	5	2.6356	-2.63567	-2.71694
85	5	15	2.71401	-3.73558	-3.77502
85	5	25	2.77649	-5.0859	-5.14365
85	5	35	2.56502	-4.0074	-4.00471
85	5	45	2.56114	-3.70151	-3.69267
85	5	55	2.67878	-4.63816	-4.75041
85	5	65	3.29635	-5.10403	-5.8427
85	5	75	2.97236	-5.1019	-5.51588
85	5	85	2.64862	-4.23917	-4.33272
85	15	5	2.61395	-2.634	-2.69687
85	15	15	2.57436	-2.91197	-2.93508
85	15	25	2.67243	-4.33288	-4.41394
85	15	35	2.55846	-3.19632	-3.20178
85	15	45	2.53118	-3.3593	-3.3593
85	15	55	2.65108	-4.3352	-4.43514
85	15	65	3.65228	-5.09945	-6.20059
85	15	75	3.20784	-5.10202	-5.75883
85	15	85	2.74286	-4.32111	-4.43292
85	25	5	2.57349	-2.81992	-2.84239
85	25	15	2.57512	-3.21372	-3.19781
85	25	25	2.77156	-4.0608	-4.20131
85	25	35	2.75152	-3.32554	-3.12599
85	25	45	2.89105	-3.45349	-3.11348
85	25	55	2.85106	-4.38675	-4.08674
85	25	65	3.43103	-5.41678	-5.65678
85	25	75	3.23864	-5.262	-5.58961
85	25	85	2.57869	-4.46242	-4.44929
85	35	5	3.03626	-4.04043	-3.60327
85	35	15	2.91805	-5.17456	-4.8608
85	35	25	3.11532	-5.37856	-4.89883
85	35	35	3.58071	-4.5605	-3.57254
85	35	45	4.20424	-4.53797	-2.92479
85	35	55	4.56344	-5.55643	-3.58404
85	35	65	4.77942	-7.09619	-5.30859
85	35	75	3.77784	-6.14477	-5.16598
85	35	85	3.41466	-5.44244	-4.66448
85	45	5	2.60631	-4.19038	-4.19765
85	45	15	2.62146	-5.01097	-5.06774
85	45	25	2.79581	-5.10065	-5.17953
85	45	35	2.70655	-4.20047	-4.12744
85	45	45	2.89547	-3.86197	-3.55921
85	45	55	3.11738	-4.0018	-3.51546
85	45	65	3.30755	-5.67155	-5.23584
85	45	75	3.05748	-5.38549	-5.12472
85	45	85	2.64509	-4.24965	-4.20771
85	55	5	2.46334	-3.57451	-3.60572
85	55	15	2.61581	-4.98962	-5.01173
85	55	25	2.69721	-4.96238	-5.01964
85	55	35	2.6594	-4.62201	-4.55742
85	55	45	2.65875	-3.5704	-3.46352
85	55	55	2.85226	-3.47965	-3.29923
85	55	65	2.89087	-5.33023	-5.15281
85	55	75	2.80453	-4.75118	-4.70581
85	55	85	2.57966	-2.99979	-3.02493
85	65	5	2.47524	-3.30067	-3.32473
85	65	15	2.77359	-4.62698	-4.44622
85	65	25	2.69395	-4.54449	-4.64485
85	65	35	2.6556	-4.17578	-4.11689
85	65	45	2.55985	-2.94375	-2.93745
85	65	55	2.70447	-4.1921	-4.32192
85	65	65	3.03909	-5.11752	-5.5151
85	65	75	2.74165	-4.30284	-4.45083
85	65	85	2.49559	-2.96291	-2.98734
85	75	5	3.37595	-4.30699	-3.64707
85	75	15	3.15308	-5.22206	-4.66249
85	75	25	2.93346	-5.32683	-5.06523
85	75	35	2.61671	-4.92731	-4.94409
85	75	45	2.57647	-4.92648	-4.90441
85	75	55	2.7328	-4.86768	-5.00762
85	75	65	3.11471	-5.11523	-5.63721
85	75	75	2.84274	-4.34252	-4.39261
85	75	85	3.24045	-3.98965	-3.43586
85	85	5	2.79725	-2.92467	-2.80041
85	85	15	2.71986	-4.4545	-4.32731
85	85	25	2.6367	-5.03923	-5.11516
85	85	35	2.59757	-4.92327	-4.88292
85	85	45	2.65615	-4.54308	-4.43936
85	85	55	2.93185	-5.07812	-5.21733
85	85	65	3.61786	-5.13773	-6.00217
85	85	75	3.10956	-4.20238	-4.4377
85	85	85	2.74858	-3.63162	-3.62193
