5	5	5	2.61186	-4.03903	-4.01984
5	5	15	2.63186	-5.03993	-5.1207
5	5	25	2.55443	-3.84104	-3.84422
5	5	35	2.5519	-2.90659	-2.88711
5	5	45	2.81204	-2.82775	-3.08678
5	5	55	3.51674	-5.05585	-6.02142
5	5	65	2.94801	-5.10204	-5.49891
5	5	75	2.62502	-4.84167	-4.91555
5	5	85	2.61201	-3.01482	-3.0758
5	15	5	2.67264	-4.5937	-4.67451
5	15	15	2.69263	-4.98866	-5.13026
5	15	25	2.57668	-4.37667	-4.36233
5	15	35	2.59168	-3.23001	-3.19065
5	15	45	2.87105	-3.50162	-3.4216
5	15	55	3.63304	-5.41389	-5.81587
5	15	65	3.2687	-5.34188	-5.45951
5	15	75	2.94661	-5.20205	-4.95762
5	15	85	2.83396	-3.63245	-3.55537
5	25	5	3.39505	-5.85691	-5.05934
5	25	15	3.11345	-5.54065	-5.18069
5	25	25	2.89787	-5.25476	-4.92081
5	25	35	3.07311	-4.91333	-4.39141
5	25	45	3.65985	-5.0865	-4.17767
5	25	55	5.28542	-6.70494	-6.17294
5	25	65	5.20024	-7.01414	-5.67855
5	25	75	4.73085	-6.95004	-5.11386
5	25	85	3.69673	-5.84005	-4.78014
5	35	5	2.62313	-5.15538	-5.09147
5	35	15	2.75556	-5.12474	-5.28126
5	35	25	2.55833	-5.02771	-5.02135
5	35	35	2.63398	-5.11256	-5.02962
5	35	45	2.66531	-4.74593	-4.63166
5	35	55	3.43463	-5.39486	-5.63125
5	35	65	3.58499	-5.54799	-5.52925
5	35	75	3.15441	-5.03776	-4.44891
5	35	85	2.9571	-4.87885	-4.5177
5	45	5	2.6194	-5.1268	-5.11168
5	45	15	2.59386	-5.10198	-5.14372
5	45	25	2.59323	-4.82288	-4.8224
5	45	35	2.6155	-4.31561	-4.29116
5	45	45	2.65773	-3.63091	-3.56424
5	45	55	2.87873	-5.19047	-5.30356
5	45	65	2.91587	-4.62225	-4.50544
5	45	75	2.71249	-3.49867	-3.26288
5	45	85	2.6245	-4.01986	-3.87446
5	55	5	2.6747	-5.13974	-5.14328
5	55	15	2.77293	-5.16134	-5.2631
5	55	25	2.77393	-5.00366	-4.86325
5	55	35	2.59313	-3.15409	-3.15363
5	55	45	2.67276	-3.15897	-3.11724
5	55	55	2.71901	-5.07019	-5.22302
5	55	65	2.68567	-3.8532	-3.96423
5	55	75	2.50233	-2.73447	-2.7553
5	55	85	2.40363	-3.48332	-3.51328
5	65	5	3.21608	-5.49124	-4.91308
5	65	15	3.39517	-5.76189	-5.12119
5	65	25	3.15473	-5.2592	-4.70128
5	65	35	2.87347	-4.25239	-3.93079
5	65	45	2.63589	-4.38227	-4.41822
5	65	55	2.656	-5.09554	-5.153
5	65	65	2.696	-4.66221	-4.72536
5	65	75	2.67877	-4.08248	-4.16852
5	65	85	2.70359	-4.37945	-4.2904
5	75	5	2.67555	-4.72327	-4.64055
5	75	15	2.8579	-5.24062	-5.17702
5	75	25	2.72188	-5.02579	-4.90061
5	75	35	2.55716	-3.94068	-3.93707
5	75	45	2.7363	-4.25289	-4.35087
5	75	55	3.07787	-5.1992	-5.558
5	75	65	2.82113	-5.02248	-5.09098
5	75	75	2.71672	-4.80723	-4.77053
5	75	85	2.81717	-3.83972	-3.78185
5	85	5	2.57429	-4.44217	-4.46139
5	85	15	2.61309	-5.07148	-5.13024
5	85	25	2.65403	-4.64283	-4.62229
5	85	35	2.63657	-3.49946	-3.41729
5	85	45	2.72023	-3.19231	-3.34483
5	85	55	3.10335	-5.09905	-5.6324
5	85	65	2.72968	-5.10969	-5.27284
5	85	75	2.60217	-4.99377	-5.03826
5	85	85	2.59721	-3.32497	-3.36379
15	5	5	2.57225	-4.42685	-4.44724
15	5	15	2.63266	-5.08884	-5.13041
15	5	25	2.63569	-4.14147	-4.22599
15	5	35	2.59423	-2.77175	-2.81471
15	5	45	2.69351	-2.86896	-3.01015
15	5	55	3.09735	-4.76479	-5.3089
15	5	65	2.94295	-4.70282	-5.0927
15	5	75	2.67758	-4.98334	-5.10729
15	5	85	2.61353	-3.36024	-3.42188
15	15	5	2.73182	-4.9007	-4.8007
15	15	15	2.75583	-5.07999	-5.20478
15	15	25	2.64605	-4.72081	-4.69581
15	15	35	2.57221	-3.65682	-3.638
15	15	45	2.93363	-3.63861	-3.82026
15	15	55	3.83875	-5.39781	-5.80299
15	15	65	3.90798	-5.42117	-5.45803
15	15	75	3.22032	-5.64209	-5.07129
15	15	85	2.99229	-4.41686	-4.05807
15	25	5	3.81224	-6.22986	-5.12946
15	25	15	3.23423	-5.49187	-5.37427
15	25	25	2.78394	-5.22019	-5.05228
15	25	35	2.89289	-5.26879	-4.92735
15	25	45	3.79878	-5.8315	-4.78385
15	25	55	5.14794	-6.68012	-5.84886
15	25	65	5.5103	-7.2619	-5.86034
15	25	75	5.01503	-7.33844	-5.16725
15	25	85	4.41787	-6.42366	-4.67847
15	35	5	3.08466	-5.48677	-5.07636
15	35	15	2.96103	-5.18833	-5.42312
15	35	25	2.5827	-5.12924	-5.10562
15	35	35	2.61814	-5.14539	-5.0783
15	35	45	2.83424	-5.19103	-5.02784
15	35	55	3.72631	-5.41603	-5.92236
15	35	65	3.50761	-5.44681	-5.67264
15	35	75	3.73743	-5.52187	-4.62541
15	35	85	3.6439	-4.51049	-3.74007
15	45	5	2.64362	-5.0761	-5.03631
15	45	15	2.57807	-5.1051	-5.12544
15	45	25	2.5552	-5.04577	-5.04244
15	45	35	2.6345	-4.88347	-4.80084
15	45	45	2.61542	-4.44497	-4.38061
15	45	55	3.01854	-5.13935	-5.43343
15	45	65	3.29344	-5.10024	-5.08503
15	45	75	3.26507	-3.81109	-3.34383
15	45	85	3.01784	-3.55081	-3.49367
15	55	5	2.70597	-5.09993	-5.17383
15	55	15	2.67502	-5.18235	-5.14505
15	55	25	2.67323	-5.02342	-4.90285
15	55	35	2.59254	-3.59672	-3.55686
15	55	45	2.67205	-3.20644	-3.12543
15	55	55	2.97464	-5.07369	-5.05169
15	55	65	2.88096	-3.86959	-3.82368
15	55	75	2.79897	-2.6735	-2.82971
15	55	85	2.92543	-3.40961	-3.6984
15	65	5	2.74324	-5.13369	-5.12501
15	65	15	2.6748	-5.22286	-5.10411
15	65	25	2.85437	-4.90414	-4.68327
15	65	35	2.95231	-3.55729	-3.15687
15	65	45	2.81512	-3.70634	-3.48307
15	65	55	2.87549	-5.164	-5.12356
15	65	65	3.05525	-5.0226	-5.12493
15	65	75	3.15561	-4.09729	-4.62095
15	65	85	2.7915	-4.15742	-4.27783
15	75	5	2.82123	-5.16918	-5.07137
15	75	15	2.7768	-5.17864	-5.22193
15	75	25	2.65267	-4.6632	-4.60162
15	75	35	2.66033	-3.26241	-3.19404
15	75	45	2.80477	-3.4915	-3.35947
15	75	55	3.17152	-5.46444	-5.25037
15	75	65	3.36996	-5.43592	-5.3059
15	75	75	3.52681	-5.18006	-5.38058
15	75	85	2.88999	-4.26771	-4.27373
15	85	5	2.63352	-4.81397	-4.89564
15	85	15	2.69387	-5.0932	-5.23443
15	85	25	2.61549	-4.38272	-4.44437
15	85	35	2.63844	-3.16328	-3.23931
15	85	45	2.70109	-3.04751	-3.17999
15	85	55	3.06592	-5.01385	-5.42941
15	85	65	2.77984	-5.00583	-5.2268
15	85	75	2.76098	-5.06139	-5.26544
15	85	85	2.59919	-4.03698	-4.07943
25	5	5	2.65442	-4.76198	-4.86278
25	5	15	2.71446	-5.11642	-5.27956
25	5	25	2.63901	-4.28234	-4.36935
25	5	35	2.61516	-3.00822	-3.07122
25	5	45	2.81279	-3.68342	-3.94464
25	5	55	2.82019	-4.64506	-4.86566
25	5	65	2.96512	-4.24304	-4.52963
25	5	75	2.81913	-4.70253	-4.96566
25	5	85	2.65763	-4.18363	-4.28532
25	15	5	2.93225	-5.16801	-4.94761
25	15	15	2.82108	-5.12896	-5.31816
25	15	25	2.72579	-4.64182	-4.77571
25	15	35	2.66381	-3.70364	-3.7748
25	15	45	2.89461	-4.43803	-4.61642
25	15	55	3.48144	-5.38251	-5.54264
25	15	65	3.5182	-5.13987	-4.69786
25	15	75	3.67571	-5.53493	-4.61783
25	15	85	3.47157	-5.35969	-4.52014
25	25	5	4.37348	-6.40278	-5.06035
25	25	15	3.9031	-5.69645	-5.84604
25	25	25	2.99047	-5.46125	-5.13981
25	25	35	3.03988	-5.29569	-5.0196
25	25	45	3.22876	-5.32784	-5.29538
25	25	55	4.55682	-6.17094	-5.85638
25	25	65	4.73766	-6.6432	-5.38171
25	25	75	4.88183	-6.80406	-4.59719
25	25	85	4.64267	-6.05204	-4.00049
25	35	5	3.79003	-5.61134	-4.65237
25	35	15	3.48597	-5.41073	-5.72618
25	35	25	2.72971	-5.24967	-5.09268
25	35	35	2.74154	-5.18832	-5.003
25	35	45	2.84494	-5.25114	-5.23986
25	35	55	3.71332	-5.31275	-6.0369
25	35	65	3.20726	-5.35511	-5.33977
25	35	75	3.53346	-5.4225	-4.52319
25	35	85	4.1041	-4.51307	-3.00085
25	45	5	2.81127	-4.57182	-4.55158
25	45	15	2.77878	-5.12644	-5.30191
25	45	25	2.58443	-5.11458	-5.08286
25	45	35	2.62091	-5.03136	-4.96259
25	45	45	2.62617	-4.99627	-5.00201
25	45	55	3.16252	-5.11044	-5.61977
25	45	65	2.9403	-5.16205	-5.27049
25	45	75	3.00872	-3.85791	-3.52305
25	45	85	2.9255	-3.12323	-2.91047
25	55	5	2.73722	-4.92756	-5.11019
25	55	15	2.57486	-5.12279	-5.12144
25	55	25	2.63541	-5.14522	-5.10325
25	55	35	2.6575	-4.12644	-4.02172
25	55	45	2.63373	-3.49867	-3.49606
25	55	55	2.91529	-4.47187	-4.46762
25	55	65	2.84346	-3.88386	-3.93069
25	55	75	2.86004	-2.86162	-3.03627
25	55	85	2.89469	-3.14767	-3.44482
25	65	5	3.04225	-5.37096	-5.21494
25	65	15	2.57277	-5.28168	-5.12245
25	65	25	2.57407	-4.94422	-4.92329
25	65	35	2.69213	-3.11869	-2.97851
25	65	45	3.03371	-3.11341	-2.71152
25	65	55	3.29649	-5.04676	-4.50293
25	65	65	3.51934	-5.66128	-4.90108
25	65	75	3.85539	-4.53783	-4.3938
25	65	85	3.65388	-4.25419	-4.59378
25	75	5	2.81954	-5.08481	-5.0676
25	75	15	2.47387	-5.12147	-5.16269
25	75	25	2.60872	-4.42124	-4.40253
25	75	35	2.65071	-2.93327	-2.87371
25	75	45	2.93759	-3.32918	-3.14364
25	75	55	3.15481	-5.02896	-4.75334
25	75	65	3.24051	-5.38294	-5.10582
25	75	75	3.7692	-5.07252	-5.89851
25	75	85	3.28716	-4.62885	-5.06956
25	85	5	2.79959	-5.02367	-5.22895
25	85	15	2.63394	-5.12091	-5.16142
25	85	25	2.57284	-4.62317	-4.64494
25	85	35	2.59749	-3.29524	-3.33452
25	85	45	2.71806	-3.70994	-3.86408
25	85	55	2.80667	-4.39861	-4.58898
25	85	65	3.01418	-4.23648	-4.58856
25	85	75	3.22727	-4.95056	-5.52415
25	85	85	2.92613	-4.62116	-4.86565
35	5	5	2.63919	-4.81355	-4.89685
35	5	15	2.76162	-5.14092	-5.26976
35	5	25	2.7184	-4.08332	-4.20804
35	5	35	2.60355	-3.13466	-3.14273
35	5	45	2.74217	-4.82652	-4.93627
35	5	55	3.06183	-5.0639	-5.31505
35	5	65	3.05448	-4.68459	-4.67351
35	5	75	3.27059	-3.97323	-4.23358
35	5	85	2.94211	-4.6828	-4.98426
35	15	5	3.29578	-5.48383	-5.06818
35	15	15	3.04806	-5.2174	-5.47007
35	15	25	2.7932	-4.58413	-4.7019
35	15	35	2.648	-3.70793	-3.76032
35	15	45	2.91914	-4.9638	-5.08462
35	15	55	3.82336	-5.82872	-5.59095
35	15	65	3.84109	-5.52154	-4.79336
35	15	75	3.96164	-4.78687	-3.79092
35	15	85	4.09786	-5.51573	-4.17911
35	25	5	4.66521	-5.84214	-4.69123
35	25	15	4.21689	-6.04676	-5.81379
35	25	25	3.6372	-5.46927	-5.58045
35	25	35	2.9925	-5.02436	-4.68197
35	25	45	3.21099	-5.46979	-5.33749
35	25	55	4.31045	-5.69713	-6.19652
35	25	65	3.69475	-5.61378	-4.84984
35	25	75	4.36531	-5.69804	-3.93366
35	25	85	4.61522	-5.45391	-3.43086
35	35	5	4.77358	-5.32053	-4.18124
35	35	15	4.5137	-6.10867	-6.04682
35	35	25	3.17766	-5.28924	-5.30122
35	35	35	3.31137	-5.44992	-4.95366
35	35	45	3.29835	-5.52489	-5.33896
35	35	55	4.41524	-5.8348	-6.22833
35	35	65	3.20395	-5.23459	-4.77877
35	35	75	3.57444	-4.59941	-3.58078
35	35	85	4.36604	-4.56488	-2.75154
35	45	5	2.97419	-3.68277	-3.77962
35	45	15	3.18281	-5.17963	-5.63266
35	45	25	2.81083	-5.15176	-5.15209
35	45	35	2.77607	-5.12064	-5.02768
35	45	45	2.99238	-5.28019	-5.16118
35	45	55	3.70654	-5.17502	-6.06444
35	45	65	2.84204	-5.17475	-5.04002
35	45	75	2.71289	-3.60081	-3.48184
35	45	85	2.91156	-3.00937	-2.65044
35	55	5	2.71375	-4.49852	-4.49739
35	55	15	2.77422	-5.26971	-5.13075
35	55	25	2.60382	-5.10671	-5.1101
35	55	35	2.68269	-4.63112	-4.54383
35	55	45	2.60398	-4.35151	-4.33993
35	55	55	3.08837	-4.45364	-4.78217
35	55	65	2.8543	-4.37352	-4.21213
35	55	75	2.80719	-3.11368	-2.94335
35	55	85	2.76088	-3.17908	-2.96924
35	65	5	2.99835	-5.30779	-4.98371
35	65	15	2.65471	-5.22152	-5.13921
35	65	25	2.47612	-4.88331	-4.88579
35	65	35	2.57401	-3.48207	-3.46421
35	65	45	2.57286	-2.84164	-2.82103
35	65	55	3.33516	-4.07158	-4.25081
35	65	65	3.62765	-5.49108	-4.59745
35	65	75	3.73693	-4.80065	-3.6557
35	65	85	3.57634	-4.5404	-3.9563
35	75	5	2.87921	-5.22277	-5.02032
35	75	15	2.69603	-5.16301	-5.14388
35	75	25	2.63283	-4.84206	-4.805
35	75	35	2.64913	-3.13844	-3.07735
35	75	45	2.77393	-3.78158	-3.64046
35	75	55	3.0772	-4.33668	-4.21635
35	75	65	3.19164	-5.02015	-4.39656
35	75	75	3.38921	-4.97288	-4.2572
35	75	85	3.49791	-5.12276	-4.93667
35	85	5	2.77644	-5.03285	-5.01182
35	85	15	2.7005	-5.16366	-5.1835
35	85	25	2.60137	-4.60925	-4.64593
35	85	35	2.60121	-3.29206	-3.29342
35	85	45	2.78525	-4.40711	-4.58131
35	85	55	2.87391	-4.41454	-4.71007
35	85	65	2.8692	-4.20589	-4.09586
35	85	75	3.16004	-4.02569	-4.25932
35	85	85	2.95836	-4.82201	-4.98039
45	5	5	2.87042	-4.90035	-5.04695
45	5	15	2.73719	-5.1086	-5.27396
45	5	25	2.94978	-4.37119	-4.55153
45	5	35	2.87337	-3.68205	-3.78439
45	5	45	3.12643	-5.08024	-5.42588
45	5	55	2.93718	-5.2501	-5.27115
45	5	65	3.37005	-5.46088	-4.77418
45	5	75	3.15	-3.61584	-3.30281
45	5	85	2.8248	-4.58076	-4.52654
45	15	5	4.21804	-5.75401	-5.05853
45	15	15	3.48079	-5.68354	-5.35867
45	15	25	3.53726	-4.55304	-4.5972
45	15	35	3.44847	-4.19639	-4.34354
45	15	45	4.1969	-5.57908	-6.0313
45	15	55	3.66721	-5.88239	-5.38523
45	15	65	4.55018	-6.19955	-5.19698
45	15	75	4.55642	-4.94039	-3.56211
45	15	85	4.30432	-5.04138	-3.86167
45	25	5	5.00287	-5.27039	-4.30442
45	25	15	4.59589	-6.10413	-6.05688
45	25	25	3.89847	-4.3352	-4.45606
45	25	35	3.14077	-4.437	-4.29363
45	25	45	3.83045	-5.32879	-5.77806
45	25	55	3.92973	-5.40828	-6.12403
45	25	65	3.68494	-5.48858	-5.08829
45	25	75	4.5253	-5.14883	-3.68594
45	25	85	4.83004	-4.80294	-2.97942
45	35	5	5.36014	-5.15485	-3.99068
45	35	15	4.64296	-6.02211	-5.79821
45	35	25	3.49731	-3.69099	-3.6992
45	35	35	3.22955	-4.0066	-3.7112
45	35	45	3.97194	-5.76287	-5.28335
45	35	55	5.05465	-6.11056	-6.59602
45	35	65	4.45113	-5.91361	-4.50918
45	35	75	4.22373	-4.75696	-3.14214
45	35	85	4.65396	-4.73918	-2.80011
45	45	5	3.5641	-3.38729	-3.41582
45	45	15	3.61289	-4.90906	-5.7784
45	45	25	3.20733	-3.9758	-4.52436
45	45	35	2.82118	-4.05481	-3.85463
45	45	45	3.4686	-5.51025	-5.48019
45	45	55	4.07205	-5.71449	-6.02888
45	45	65	3.39127	-5.44256	-4.84167
45	45	75	3.20962	-3.75023	-3.17557
45	45	85	3.29501	-3.29386	-2.71326
45	55	5	2.91718	-3.73876	-3.61339
45	55	15	3.35974	-5.25546	-5.45404
45	55	25	3.00302	-4.81178	-4.96383
45	55	35	2.67516	-5.02587	-5.01915
45	55	45	2.69584	-4.74057	-4.84271
45	55	55	3.51954	-4.64127	-5.48725
45	55	65	2.74591	-4.18368	-4.13329
45	55	75	2.83797	-3.24568	-3.01974
45	55	85	2.7827	-3.16048	-2.88961
45	65	5	2.9813	-5.14399	-4.92547
45	65	15	3.22224	-5.31471	-5.45317
45	65	25	2.76445	-5.0855	-5.09147
45	65	35	2.60726	-4.26331	-4.27621
45	65	45	2.75817	-3.67047	-3.75754
45	65	55	3.1991	-3.86719	-4.31367
45	65	65	2.85985	-3.84958	-3.83281
45	65	75	3.15668	-4.18804	-3.58328
45	65	85	3.43749	-4.22447	-3.41761
45	75	5	2.80985	-4.93887	-4.7494
45	75	15	2.88158	-5.25969	-5.28777
45	75	25	2.92055	-5.2028	-5.08988
45	75	35	2.94314	-4.01885	-3.68777
45	75	45	2.85691	-4.71084	-4.57351
45	75	55	3.6387	-4.71922	-4.80128
45	75	65	3.25916	-4.73947	-4.07943
45	75	75	3.29683	-3.85548	-3.19056
45	75	85	3.03718	-4.11764	-3.83393
45	85	5	2.93899	-4.89195	-4.79827
45	85	15	2.84124	-5.20081	-5.24771
45	85	25	2.60012	-4.88564	-4.8471
45	85	35	2.66241	-3.7621	-3.74055
45	85	45	2.8086	-4.85249	-4.88738
45	85	55	3.01172	-4.94701	-5.33767
45	85	65	3.10587	-5.09201	-4.66338
45	85	75	3.43482	-4.09146	-3.24786
45	85	85	3.17513	-4.52434	-4.18761
55	5	5	3.30441	-4.50609	-4.60906
55	5	15	2.88747	-4.99542	-5.20707
55	5	25	3.16283	-4.44759	-4.32738
55	5	35	3.41475	-3.98887	-3.74852
55	5	45	3.5928	-5.67159	-5.19802
55	5	55	3.54815	-5.9365	-5.25027
55	5	65	3.8897	-6.41193	-5.08323
55	5	75	3.77882	-4.45522	-3.59658
55	5	85	3.50034	-3.95656	-3.72187
55	15	5	3.90242	-4.03158	-4.25649
55	15	15	3.47424	-5.4019	-5.43388
55	15	25	3.47123	-3.94476	-4.25937
55	15	35	4.242	-4.23005	-4.59141
55	15	45	5.05931	-6.01947	-5.87171
55	15	55	4.61332	-6.85336	-5.40756
55	15	65	4.27361	-6.49543	-5.06986
55	15	75	4.39529	-4.68942	-3.82317
55	15	85	4.13008	-4.17247	-3.89298
55	25	5	4.72387	-4.36191	-4.43393
55	25	15	4.64342	-6.08386	-5.51146
55	25	25	4.5619	-3.97712	-4.196
55	25	35	4.45535	-3.43364	-4.43397
55	25	45	4.37519	-4.70482	-5.8322
55	25	55	3.97716	-5.61085	-6.01458
55	25	65	3.68349	-5.33598	-5.55952
55	25	75	3.50404	-4.30726	-4.0337
55	25	85	4.0278	-3.97304	-3.07369
55	35	5	4.60607	-5.22963	-5.05549
55	35	15	4.87244	-6.10505	-5.19883
55	35	25	4.52396	-3.53445	-3.88081
55	35	35	4.46208	-3.38805	-3.91189
55	35	45	4.67073	-4.55982	-5.16271
55	35	55	4.58265	-5.78907	-6.4391
55	35	65	4.00173	-5.14755	-5.26623
55	35	75	3.96704	-4.32289	-3.68199
55	35	85	3.52922	-3.83995	-3.15546
55	45	5	3.81563	-3.69817	-3.83517
55	45	15	3.70157	-4.11149	-4.6858
55	45	25	3.38269	-3.15092	-3.47531
55	45	35	3.58463	-3.44316	-3.47933
55	45	45	3.54969	-4.54183	-4.99762
55	45	55	4.00975	-5.16298	-6.48825
55	45	65	3.06193	-4.4657	-4.84927
55	45	75	2.78985	-3.3073	-3.26199
55	45	85	2.99661	-3.34431	-3.14581
55	55	5	3.17462	-3.39583	-3.33303
55	55	15	3.90275	-3.90798	-4.79955
55	55	25	3.61976	-3.59538	-4.02587
55	55	35	2.92525	-4.50462	-4.50649
55	55	45	3.02	-5.01974	-5.32203
55	55	55	3.53704	-4.98275	-5.96473
55	55	65	2.68946	-4.60206	-4.66043
55	55	75	2.75577	-3.33446	-3.27917
55	55	85	2.83189	-3.12347	-2.90274
55	65	5	2.98039	-4.88512	-4.82062
55	65	15	3.83985	-5.25737	-6.15118
55	65	25	3.54884	-5.0612	-5.93463
55	65	35	2.7863	-4.81449	-4.92726
55	65	45	2.9939	-4.63963	-4.92167
55	65	55	3.25385	-4.93479	-5.47681
55	65	65	2.71663	-3.17201	-3.0568
55	65	75	2.77548	-3.70563	-3.52127
55	65	85	2.83905	-3.368	-3.12
55	75	5	2.81361	-4.34841	-4.5693
55	75	15	3.07734	-5.09761	-5.5415
55	75	25	3.3619	-4.92377	-5.56945
55	75	35	3.10708	-4.68045	-4.83488
55	75	45	3.23868	-5.34843	-5.38889
55	75	55	3.41948	-5.31944	-5.05344
55	75	65	3.3247	-4.6662	-3.93814
55	75	75	3.13807	-3.22065	-2.63387
55	75	85	3.03994	-2.95652	-3.07571
55	85	5	3.21691	-3.99466	-4.26054
55	85	15	3.28634	-4.99429	-5.08961
55	85	25	3.59756	-5.34238	-5.34809
55	85	35	3.22555	-4.35966	-4.11334
55	85	45	3.29532	-5.47375	-5.21684
55	85	55	3.49779	-5.79411	-5.25223
55	85	65	3.70129	-5.93216	-4.82676
55	85	75	4.25537	-4.92441	-3.34215
55	85	85	4.08552	-3.76342	-3.69709
65	5	5	3.78068	-3.50287	-3.8053
65	5	15	3.01904	-4.43791	-4.5819
65	5	25	3.53748	-3.95469	-4.37873
65	5	35	2.87586	-3.47644	-3.52128
65	5	45	2.91393	-5.07849	-4.96039
65	5	55	3.07396	-5.5008	-5.22106
65	5	65	3.30555	-5.80352	-5.153
65	5	75	3.95932	-4.70017	-4.7003
65	5	85	4.60795	-3.44847	-3.9797
65	15	5	3.65675	-3.23057	-3.52974
65	15	15	3.36186	-4.10445	-3.87363
65	15	25	3.75553	-3.87868	-3.84315
65	15	35	4.55629	-4.00163	-4.4069
65	15	45	3.92265	-5.00794	-5.18037
65	15	55	3.22063	-5.51827	-5.34789
65	15	65	3.34069	-5.6427	-5.31077
65	15	75	4.13996	-4.68477	-4.82729
65	15	85	3.62478	-3.37271	-3.11752
65	25	5	3.99822	-4.45206	-4.76486
65	25	15	4.15102	-5.05897	-5.19977
65	25	25	4.55069	-3.61033	-4.2276
65	25	35	5.22872	-3.43724	-4.78614
65	25	45	4.64385	-4.4517	-5.18333
65	25	55	3.89703	-6.01421	-5.51941
65	25	65	3.54195	-5.62241	-5.53249
65	25	75	3.34118	-4.61928	-4.80773
65	25	85	3.3816	-3.62954	-3.6144
65	35	5	3.65313	-4.9978	-5.89571
65	35	15	3.48523	-4.93642	-5.49025
65	35	25	4.57352	-3.56112	-4.77145
65	35	35	5.02156	-3.62365	-4.73013
65	35	45	5.23426	-4.51565	-5.32686
65	35	55	4.02344	-5.65914	-5.98754
65	35	65	3.87394	-5.2384	-5.8885
65	35	75	3.17036	-3.88123	-4.13337
65	35	85	2.77641	-3.51754	-3.53562
65	45	5	2.97108	-4.20022	-4.54018
65	45	15	3.69357	-3.86241	-4.68474
65	45	25	3.92738	-4.31378	-4.68223
65	45	35	4.57236	-3.97053	-4.07966
65	45	45	3.90191	-3.92317	-4.6555
65	45	55	3.95308	-5.24329	-6.31083
65	45	65	4.03018	-4.24305	-5.52004
65	45	75	2.89548	-3.03145	-3.37226
65	45	85	2.57449	-3.24672	-3.26852
65	55	5	3.07343	-3.64125	-3.36205
65	55	15	3.79907	-3.4695	-4.02392
65	55	25	3.67077	-3.51181	-3.88088
65	55	35	3.022	-3.44771	-3.69917
65	55	45	3.21355	-4.78141	-5.3189
65	55	55	3.93395	-5.10634	-6.44741
65	55	65	3.4091	-4.422	-5.23993
65	55	75	2.74883	-3.26846	-3.42543
65	55	85	2.812	-3.26411	-3.08348
65	65	5	2.87664	-4.96085	-4.80006
65	65	15	2.71428	-5.04345	-5.48189
65	65	25	3.01429	-4.99442	-5.33597
65	65	35	2.97274	-5.00562	-5.14715
65	65	45	2.79187	-4.86721	-5.02637
65	65	55	3.65143	-5.21874	-5.95913
65	65	65	3.14904	-3.76122	-3.63603
65	65	75	3.09797	-3.51485	-2.97459
65	65	85	2.91674	-3.66991	-3.34438
65	75	5	2.63782	-4.12278	-4.168
65	75	15	3.33264	-4.95312	-5.73396
65	75	25	3.24506	-4.60101	-5.30222
65	75	35	2.69465	-4.54079	-4.6428
65	75	45	2.69383	-5.05667	-5.15627
65	75	55	2.84104	-4.9412	-5.17118
65	75	65	2.76948	-4.07312	-3.85951
65	75	75	2.94331	-3.09227	-2.70128
65	75	85	2.83787	-2.85526	-2.81164
65	85	5	3.4067	-4.23585	-3.89069
65	85	15	3.23547	-5.02697	-5.19057
65	85	25	3.43304	-4.08113	-4.72315
65	85	35	3.05411	-4.09723	-3.99965
65	85	45	3.2147	-5.57167	-5.0312
65	85	55	3.57531	-5.98438	-5.2409
65	85	65	3.64176	-6.13898	-5.06185
65	85	75	4.43814	-5.38268	-3.90105
65	85	85	4.79884	-3.75361	-3.67956
75	5	5	2.97595	-3.13551	-3.11312
75	5	15	2.81624	-4.47671	-4.41393
75	5	25	2.73425	-3.21695	-3.31694
75	5	35	2.5923	-3.34006	-3.41966
75	5	45	2.57066	-4.33558	-4.35554
75	5	55	2.89146	-5.09943	-5.43979
75	5	65	2.68833	-5.10207	-5.23925
75	5	75	2.9351	-4.32114	-4.62514
75	5	85	3.47456	-2.79444	-3.39703
75	15	5	2.99425	-3.33654	-3.49412
75	15	15	3.17346	-4.38082	-4.28319
75	15	25	3.27303	-3.60552	-3.36752
75	15	35	3.2115	-3.67347	-3.23394
75	15	45	2.84982	-4.30593	-4.16593
75	15	55	3.19182	-5.13716	-5.69716
75	15	65	2.78222	-5.10239	-5.29279
75	15	75	3.27605	-4.46322	-5.14584
75	15	85	2.89602	-2.86272	-3.12212
75	25	5	3.23423	-5.01696	-5.33457
75	25	15	2.88064	-4.96175	-5.08096
75	25	25	3.32383	-4.06127	-3.81488
75	25	35	4.47704	-4.20957	-3.5268
75	25	45	4.13343	-4.66563	-4.04484
75	25	55	3.79542	-5.88897	-5.53177
75	25	65	3.43783	-5.64237	-5.32837
75	25	75	3.83552	-5.44205	-5.08573
75	25	85	2.85347	-3.75923	-3.70168
75	35	5	3.11266	-5.04574	-5.52417
75	35	15	2.97705	-5.02011	-5.44131
75	35	25	3.22153	-4.09227	-4.75141
75	35	35	3.37002	-3.73611	-4.15964
75	35	45	4.63716	-4.28078	-4.75627
75	35	55	3.54036	-5.53955	-5.60063
75	35	65	3.37911	-5.36475	-5.46709
75	35	75	2.99149	-4.23605	-4.5677
75	35	85	2.64227	-4.25757	-4.16642
75	45	5	2.79198	-5.00841	-5.1691
75	45	15	3.41204	-4.95812	-5.73873
75	45	25	3.31744	-4.87573	-4.96054
75	45	35	3.67931	-4.23015	-3.82434
75	45	45	4.05943	-3.72683	-4.25924
75	45	55	3.00262	-5.1976	-5.39719
75	45	65	3.38469	-4.64818	-5.38897
75	45	75	2.64178	-3.10197	-3.18487
75	45	85	2.57245	-3.69494	-3.67439
75	55	5	2.95266	-4.70452	-4.54536
75	55	15	3.3323	-4.68404	-5.14365
75	55	25	2.93387	-4.21529	-4.35565
75	55	35	2.6744	-2.97913	-3.01665
75	55	45	3.29564	-4.1849	-4.9203
75	55	55	3.49686	-5.11452	-5.97588
75	55	65	3.68323	-4.28207	-5.41318
75	55	75	2.76282	-3.20287	-3.25462
75	55	85	2.7307	-3.5998	-3.41986
75	65	5	2.8718	-4.90003	-4.69965
75	65	15	2.45181	-5.04517	-5.22517
75	65	25	2.45306	-4.94329	-4.98366
75	65	35	2.55229	-4.90357	-4.90315
75	65	45	2.69153	-4.88726	-4.94678
75	65	55	3.53112	-5.17448	-5.99438
75	65	65	3.92154	-4.72257	-5.09137
75	65	75	3.36126	-4.16966	-3.37666
75	65	85	3.21109	-4.14496	-3.64303
75	75	5	2.64144	-4.35328	-4.35004
75	75	15	2.69218	-5.05509	-5.15471
75	75	25	2.64626	-4.90125	-4.96123
75	75	35	2.54746	-4.43867	-4.4387
75	75	45	2.59143	-4.97772	-4.97731
75	75	55	3.47545	-5.14015	-5.85733
75	75	65	2.91272	-4.23518	-4.20808
75	75	75	2.75263	-3.72482	-3.53278
75	75	85	2.8912	-2.95825	-2.86078
75	85	5	2.75608	-3.81643	-3.73623
75	85	15	2.79279	-5.18257	-5.06328
75	85	25	2.79267	-4.09986	-4.1399
75	85	35	2.67175	-3.73243	-3.73248
75	85	45	2.55096	-4.63042	-4.6304
75	85	55	2.69743	-5.12591	-5.2219
75	85	65	2.65032	-5.16507	-5.13067
75	85	75	2.75797	-4.36339	-4.31784
75	85	85	3.05708	-2.83831	-2.93578
85	5	5	2.75311	-3.57271	-3.49474
85	5	15	2.73428	-4.97471	-4.8755
85	5	25	2.57553	-3.50172	-3.52287
85	5	35	2.4913	-3.02015	-3.02009
85	5	45	2.61122	-3.69363	-3.75345
85	5	55	3.17358	-5.09276	-5.71501
85	5	65	2.60593	-5.12208	-5.13685
85	5	75	2.65945	-4.64204	-4.71032
85	5	85	2.73257	-2.72478	-2.78625
85	15	5	2.61188	-3.97268	-4.03354
85	15	15	2.77149	-4.85824	-4.7987
85	15	25	2.83345	-3.82666	-3.58828
85	15	35	3.03117	-3.36353	-2.88364
85	15	45	2.79062	-3.80679	-3.60679
85	15	55	3.49302	-5.16672	-5.94872
85	15	65	2.79305	-5.14199	-5.30401
85	15	75	2.72416	-4.88204	-5.01518
85	15	85	2.63526	-2.82642	-2.86906
85	25	5	3.23147	-5.5964	-5.15685
85	25	15	2.7315	-5.12427	-5.14396
85	25	25	2.69543	-4.60122	-4.50403
85	25	35	2.83503	-3.86651	-3.58252
85	25	45	3.45782	-4.44947	-3.58267
85	25	55	4.35702	-6.34774	-5.62174
85	25	65	3.94862	-6.28834	-5.27314
85	25	75	3.80477	-5.90524	-4.87179
85	25	85	3.29157	-5.08925	-4.38899
85	35	5	2.82073	-5.12081	-5.29207
85	35	15	2.71836	-5.08349	-5.23722
85	35	25	2.64231	-4.56757	-4.63798
85	35	35	2.63161	-4.25121	-4.25145
85	35	45	3.08408	-4.51077	-4.3385
85	35	55	3.27127	-5.47113	-5.39168
85	35	65	3.05559	-5.30192	-5.20617
85	35	75	2.99556	-4.8429	-4.64332
85	35	85	2.76789	-4.44885	-4.27289
85	45	5	2.75213	-5.08381	-5.24395
85	45	15	2.85243	-5.16022	-5.34135
85	45	25	2.65592	-4.68201	-4.70359
85	45	35	2.65413	-3.92402	-3.90256
85	45	45	2.95791	-3.27724	-3.39118
85	45	55	3.04235	-5.30004	-5.33031
85	45	65	2.96615	-4.57343	-4.76472
85	45	75	2.52115	-3.04771	-3.02249
85	45	85	2.4741	-3.90499	-3.90535
85	55	5	2.68927	-5.07109	-5.01171
85	55	15	2.93232	-5.01979	-5.20023
85	55	25	2.63394	-4.53925	-4.58039
85	55	35	2.61321	-2.93243	-2.91116
85	55	45	2.87318	-3.63141	-3.86927
85	55	55	2.93705	-5.08959	-5.42598
85	55	65	2.89782	-4.0866	-4.42306
85	55	75	2.53609	-2.87502	-2.87412
85	55	85	2.53119	-3.4408	-3.4009
85	65	5	3.5107	-5.70641	-4.78729
85	65	15	2.97507	-5.23214	-4.96892
85	65	25	2.55388	-4.83089	-4.8129
85	65	35	2.61311	-4.52352	-4.46234
85	65	45	2.7312	-4.75888	-4.93875
85	65	55	3.15409	-5.10384	-5.66644
85	65	65	3.32118	-4.48275	-4.8903
85	65	75	3.27443	-4.60566	-3.88902
85	65	85	3.49031	-4.81966	-4.08055
85	75	5	2.78672	-4.70615	-4.51215
85	75	15	2.74306	-5.18443	-5.11324
85	75	25	2.59867	-4.80654	-4.8013
85	75	35	2.59113	-4.23894	-4.19927
85	75	45	2.57153	-4.49853	-4.47809
85	75	55	3.03506	-5.09775	-5.58015
85	75	65	3.24229	-4.7823	-4.95274
85	75	75	2.89685	-4.40685	-4.06785
85	75	85	2.94441	-3.31979	-3.08832
85	85	5	2.59594	-4.01849	-4.01601
85	85	15	2.7944	-5.22909	-5.10655
85	85	25	2.75273	-4.52078	-4.3223
85	85	35	2.61196	-3.39847	-3.31767
85	85	45	2.6331	-3.83085	-3.82879
85	85	55	2.91824	-5.10116	-5.46435
85	85	65	2.79236	-5.08275	-5.32004
85	85	75	2.6222	-4.74406	-4.80875
85	85	85	2.73457	-2.95263	-3.13204
