5	5	5	3.52007	-5.00206	-5.88844
5	5	15	2.73358	-4.6233	-4.6833
5	5	25	2.69585	-3.35728	-3.27642
5	5	35	2.79876	-3.11031	-2.92517
5	5	45	3.3231	-3.30351	-3.57303
5	5	55	3.78239	-3.80406	-4.54391
5	5	65	3.47813	-3.60093	-3.87829
5	5	75	2.736	-4.46841	-4.35345
5	5	85	3.03982	-4.98142	-5.38016
5	15	5	3.3787	-4.83482	-5.54163
5	15	15	2.72427	-3.1312	-3.10285
5	15	25	2.69434	-3.58402	-3.52174
5	15	35	3.11504	-3.6644	-3.10079
5	15	45	3.47868	-5.44506	-4.7578
5	15	55	3.37967	-5.39485	-5.57349
5	15	65	3.11902	-5.24377	-5.28063
5	15	75	2.71385	-4.85738	-4.81196
5	15	85	2.69617	-4.58088	-4.68269
5	25	5	3.30031	-4.91422	-5.21949
5	25	15	3.20105	-4.41773	-4.05975
5	25	25	3.23516	-3.31739	-2.63418
5	25	35	3.33638	-3.49662	-2.83206
5	25	45	3.04204	-4.6925	-4.41364
5	25	55	3.16001	-5.28094	-5.44161
5	25	65	2.82197	-5.02216	-4.97142
5	25	75	2.82682	-4.72086	-4.51421
5	25	85	3.05974	-5.38644	-5.17195
5	35	5	3.20724	-5.16113	-5.59466
5	35	15	2.60932	-4.83858	-4.82678
5	35	25	3.08323	-3.77285	-3.32153
5	35	35	3.47594	-3.8067	-3.02422
5	35	45	3.06612	-4.27467	-3.82894
5	35	55	3.00115	-4.91511	-4.92361
5	35	65	2.80058	-4.92362	-4.93067
5	35	75	2.62553	-3.94365	-3.93018
5	35	85	2.70177	-5.03962	-5.05743
5	45	5	3.13158	-5.2097	-5.5605
5	45	15	2.79629	-5.2612	-5.14135
5	45	25	3.32399	-4.16489	-3.43212
5	45	35	3.17072	-3.80056	-3.50825
5	45	45	2.84217	-4.34448	-4.32803
5	45	55	2.80599	-5.01942	-5.1016
5	45	65	2.56571	-4.07199	-4.06826
5	45	75	2.70553	-3.58604	-3.52215
5	45	85	2.80729	-5.02312	-5.05935
5	55	5	3.35148	-5.69614	-5.30293
5	55	15	3.42386	-5.72802	-4.98752
5	55	25	4.19486	-4.83502	-3.47712
5	55	35	4.35263	-4.93463	-3.35258
5	55	45	4.25052	-4.93484	-3.70133
5	55	55	3.92722	-6.07713	-5.13204
5	55	65	3.52549	-4.22888	-3.95352
5	55	75	3.23561	-4.03588	-3.77839
5	55	85	3.3867	-5.06659	-5.15196
5	65	5	3.27563	-5.51473	-5.40919
5	65	15	3.38081	-5.213	-5.37981
5	65	25	3.63167	-4.46105	-4.00752
5	65	35	4.55599	-4.50355	-3.07176
5	65	45	5.08808	-5.36278	-3.79727
5	65	55	4.58239	-6.40037	-5.03391
5	65	65	4.19228	-4.08719	-3.63712
5	65	75	3.69021	-3.59454	-3.50714
5	65	85	3.96665	-4.72259	-5.4055
5	75	5	4.54849	-6.04851	-6.14552
5	75	15	3.92692	-5.49063	-4.84836
5	75	25	4.45898	-4.9467	-3.55012
5	75	35	4.42253	-4.65237	-3.23636
5	75	45	5.31495	-6.13603	-4.85797
5	75	55	5.55649	-6.35789	-5.39004
5	75	65	4.46429	-3.87868	-3.47612
5	75	75	3.24447	-3.16347	-2.91884
5	75	85	3.92238	-4.30755	-4.66497
5	85	5	4.51938	-5.57006	-6.59079
5	85	15	3.41218	-5.01535	-4.64987
5	85	25	3.30017	-3.8454	-3.1542
5	85	35	3.24958	-3.63889	-3.1042
5	85	45	4.03578	-3.77666	-3.93683
5	85	55	3.95731	-3.99564	-4.43738
5	85	65	3.12493	-2.99195	-3.37333
5	85	75	2.79685	-2.99791	-3.136
5	85	85	3.25691	-4.50516	-4.74071
15	5	5	4.02637	-5.16875	-6.4774
15	5	15	3.00147	-4.42354	-4.85076
15	5	25	2.66782	-3.18808	-3.2448
15	5	35	2.79458	-3.14252	-3.12605
15	5	45	3.45262	-3.52125	-4.02125
15	5	55	3.81625	-3.52509	-4.02472
15	5	65	3.39912	-3.38014	-3.72808
15	5	75	3.36584	-3.61664	-3.87401
15	5	85	3.48524	-4.92587	-5.44611
15	15	5	3.69545	-5.11915	-6.10273
15	15	15	2.75063	-3.49962	-3.49842
15	15	25	2.81577	-3.17165	-3.03598
15	15	35	2.7747	-3.5087	-3.36516
15	15	45	3.05943	-4.94649	-4.97887
15	15	55	3.61959	-5.22798	-6.10268
15	15	65	3.48936	-5.15909	-5.70158
15	15	75	2.80166	-4.92771	-5.05397
15	15	85	2.9979	-4.88762	-5.21199
15	25	5	3.49704	-5.23479	-5.5336
15	25	15	3.14424	-4.42271	-3.88149
15	25	25	3.32356	-3.4531	-2.72066
15	25	35	3.15911	-3.27771	-2.70965
15	25	45	2.91829	-4.28686	-4.2844
15	25	55	3.65276	-4.97357	-6.07406
15	25	65	3.52105	-4.66221	-5.55701
15	25	75	2.80745	-4.60237	-4.6936
15	25	85	3.11429	-5.23587	-5.39753
15	35	5	3.35285	-5.6011	-5.40173
15	35	15	3.31895	-5.79817	-5.07745
15	35	25	3.69897	-4.82611	-3.71839
15	35	35	4.49838	-4.23598	-2.89673
15	35	45	3.59317	-4.43585	-3.87716
15	35	55	3.23615	-4.94615	-5.23128
15	35	65	3.59869	-4.28113	-4.68961
15	35	75	3.42693	-4.33763	-4.17288
15	35	85	3.37549	-5.43002	-5.33325
15	45	5	3.47115	-5.85714	-5.26191
15	45	15	3.41513	-5.94267	-5.12343
15	45	25	3.94575	-5.32976	-4.05711
15	45	35	4.32832	-3.72884	-3.41971
15	45	45	3.6085	-3.59047	-3.46473
15	45	55	3.29156	-4.60109	-4.69121
15	45	65	3.11954	-3.69589	-4.17961
15	45	75	3.11107	-3.74205	-3.61018
15	45	85	3.34636	-5.39003	-5.08169
15	55	5	4.01447	-6.42626	-5.23372
15	55	15	4.30967	-6.83555	-5.08689
15	55	25	4.31008	-5.53605	-4.14615
15	55	35	4.28359	-4.06311	-3.08596
15	55	45	3.90853	-3.75577	-3.25552
15	55	55	3.38913	-4.02765	-3.73767
15	55	65	3.26204	-3.66468	-3.48446
15	55	75	3.14631	-3.46403	-3.49373
15	55	85	3.49953	-5.07395	-4.69323
15	65	5	3.20761	-5.44214	-5.40205
15	65	15	3.21114	-5.59359	-5.2305
15	65	25	3.49449	-4.77288	-4.80745
15	65	35	3.81412	-3.82	-3.85647
15	65	45	4.52725	-5.07294	-4.673
15	65	55	4.07862	-5.35938	-4.78696
15	65	65	4.56123	-4.25073	-3.59573
15	65	75	4.47319	-3.66804	-3.79821
15	65	85	4.18409	-4.22328	-4.95237
15	75	5	4.22436	-5.84549	-6.00207
15	75	15	3.91983	-5.5928	-5.57999
15	75	25	3.55676	-4.36364	-4.03736
15	75	35	3.84819	-4.42234	-3.70259
15	75	45	4.50522	-5.72706	-6.01854
15	75	55	4.44561	-5.92082	-5.60623
15	75	65	5.45972	-4.76725	-4.44831
15	75	75	4.81784	-3.75412	-4.39436
15	75	85	4.72082	-4.27323	-5.05581
15	85	5	4.14332	-5.32744	-6.41687
15	85	15	3.40244	-4.20869	-4.92666
15	85	25	3.00265	-3.0737	-3.39719
15	85	35	2.83995	-3.38796	-3.39274
15	85	45	3.81352	-4.50221	-5.12062
15	85	55	3.88242	-4.3261	-4.5299
15	85	65	4.05959	-4.09555	-5.02787
15	85	75	4.02411	-3.26806	-4.23386
15	85	85	4.41185	-4.11261	-4.97599
25	5	5	3.84794	-5.1348	-6.30708
25	5	15	3.95043	-4.30286	-5.65959
25	5	25	2.91373	-3.16292	-3.48547
25	5	35	2.59368	-3.52021	-3.52243
25	5	45	3.11182	-4.68572	-4.86492
25	5	55	3.97427	-4.94441	-5.56605
25	5	65	3.87024	-4.44206	-5.06765
25	5	75	4.05239	-3.33229	-4.04138
25	5	85	3.70399	-4.29005	-5.2235
25	15	5	4.03347	-5.13482	-6.53638
25	15	15	3.56942	-4.40212	-5.05971
25	15	25	3.08961	-3.72925	-3.54543
25	15	35	3.21399	-4.16656	-3.58193
25	15	45	3.07541	-5.04323	-4.76082
25	15	55	3.07623	-5.25039	-5.90719
25	15	65	2.65785	-4.94487	-5.70765
25	15	75	2.9539	-4.94385	-5.26423
25	15	85	3.29152	-4.98725	-5.44677
25	25	5	3.53302	-5.05813	-5.99693
25	25	15	2.81785	-4.07078	-4.27759
25	25	25	2.77041	-3.74404	-3.53132
25	25	35	2.96276	-3.13107	-2.75952
25	25	45	2.77782	-4.47166	-4.38806
25	25	55	2.77261	-5.05467	-5.55475
25	25	65	2.74144	-4.87963	-5.30203
25	25	75	2.81665	-4.43862	-4.71985
25	25	85	2.77182	-4.97811	-5.15731
25	35	5	3.43309	-5.70277	-5.4407
25	35	15	3.43732	-5.9821	-5.10065
25	35	25	3.63563	-5.32105	-4.23778
25	35	35	4.35661	-4.31839	-2.75523
25	35	45	3.77839	-4.83473	-3.74022
25	35	55	3.91191	-5.58247	-5.7829
25	35	65	3.50627	-4.25948	-4.70028
25	35	75	2.79	-3.75242	-3.75564
25	35	85	2.97193	-4.93078	-4.75119
25	45	5	2.97188	-5.33986	-5.27979
25	45	15	2.95716	-5.50294	-5.10802
25	45	25	3.43669	-4.964	-4.48382
25	45	35	4.36159	-3.35805	-3.72045
25	45	45	3.55074	-3.65511	-3.16832
25	45	55	3.41906	-4.75672	-4.73673
25	45	65	3.53506	-3.37694	-3.95696
25	45	75	2.99492	-3.60043	-3.50206
25	45	85	2.75094	-4.47474	-4.39635
25	55	5	3.2726	-5.69674	-5.23834
25	55	15	3.02303	-5.50199	-5.134
25	55	25	3.83563	-5.02242	-5.14624
25	55	35	4.56711	-3.54233	-4.1136
25	55	45	3.98275	-3.85899	-3.95976
25	55	55	3.2611	-4.42406	-4.32598
25	55	65	3.7571	-3.62635	-3.83077
25	55	75	3.37468	-3.75229	-3.29711
25	55	85	3.46863	-4.88432	-4.20793
25	65	5	3.48137	-5.76893	-5.33775
25	65	15	3.7003	-5.96237	-5.27084
25	65	25	3.97716	-5.16205	-5.50737
25	65	35	3.28316	-3.87969	-4.01091
25	65	45	3.67713	-5.25703	-5.53741
25	65	55	3.38903	-5.42455	-5.12655
25	65	65	3.90511	-4.27887	-4.17376
25	65	75	4.44748	-3.59557	-4.10964
25	65	85	3.98704	-4.22681	-4.33484
25	75	5	3.91264	-6.01143	-5.50104
25	75	15	3.57393	-5.57388	-5.45278
25	75	25	3.37673	-4.51805	-4.67094
25	75	35	3.16194	-4.36997	-4.57369
25	75	45	3.53468	-5.10779	-5.88413
25	75	55	3.52352	-5.1198	-5.8881
25	75	65	4.04968	-4.27638	-5.39466
25	75	75	5.0112	-3.94445	-5.59246
25	75	85	4.64668	-4.15747	-4.88907
25	85	5	3.80031	-5.42087	-5.9716
25	85	15	3.70479	-4.769	-5.58825
25	85	25	3.06745	-3.17873	-3.53378
25	85	35	2.69498	-3.65578	-3.79609
25	85	45	3.55186	-4.96911	-5.96829
25	85	55	3.33508	-4.95796	-5.66192
25	85	65	4.36755	-4.67624	-6.21254
25	85	75	4.86429	-3.96702	-5.27238
25	85	85	5.23635	-4.17492	-4.98804
35	5	5	2.88123	-5.08899	-5.38998
35	5	15	3.36048	-4.10367	-4.86866
35	5	25	2.57841	-2.93259	-3.01887
35	5	35	2.56989	-3.54039	-3.4604
35	5	45	2.94866	-5.17069	-5.17111
35	5	55	3.59264	-5.14017	-5.74018
35	5	65	3.21827	-4.71999	-4.98398
35	5	75	3.11351	-2.99197	-3.35196
35	5	85	3.61396	-3.65179	-4.58967
35	15	5	3.49472	-5.1237	-5.98721
35	15	15	3.76238	-4.38155	-5.4331
35	15	25	3.18326	-4.38609	-4.01741
35	15	35	3.3503	-4.78207	-3.97892
35	15	45	3.23017	-5.34675	-4.88716
35	15	55	3.37341	-5.15207	-5.51048
35	15	65	2.67305	-4.83129	-5.05248
35	15	75	2.7319	-4.48234	-4.62235
35	15	85	3.29107	-4.75877	-5.49873
35	25	5	3.45143	-5.11734	-5.99694
35	25	15	3.5239	-4.62551	-5.39195
35	25	25	2.75364	-4.25843	-4.07306
35	25	35	2.82831	-3.20418	-3.08783
35	25	45	2.83217	-4.7096	-4.55321
35	25	55	2.83783	-5.09961	-5.29315
35	25	65	2.61266	-4.74176	-4.80134
35	25	75	2.56829	-4.2197	-4.19888
35	25	85	2.65104	-4.47806	-4.57807
35	35	5	3.35183	-5.09915	-5.91995
35	35	15	2.74074	-5.10395	-5.24763
35	35	25	2.60227	-4.78726	-4.74563
35	35	35	2.77901	-3.09679	-3.03232
35	35	45	2.79896	-4.19909	-4.03843
35	35	55	2.83409	-5.20876	-5.16657
35	35	65	2.81275	-4.48121	-4.34189
35	35	75	2.57104	-3.35801	-3.25723
35	35	85	2.63134	-3.8492	-3.80879
35	45	5	2.67229	-5.09268	-5.21381
35	45	15	2.58431	-5.10205	-5.13566
35	45	25	2.61177	-4.62203	-4.68265
35	45	35	2.89243	-2.68478	-2.98611
35	45	45	2.71434	-3.57315	-3.49553
35	45	55	2.89591	-5.09714	-4.87471
35	45	65	2.85585	-3.62404	-3.58087
35	45	75	2.39309	-2.86159	-2.86045
35	45	85	2.55146	-3.69349	-3.69265
35	55	5	3.05142	-5.30672	-5.36712
35	55	15	2.72826	-5.14199	-5.23923
35	55	25	2.89545	-4.88244	-5.18608
35	55	35	3.39528	-2.82642	-3.62908
35	55	45	2.7751	-3.99588	-4.17436
35	55	55	2.79587	-4.88146	-4.83986
35	55	65	3.09307	-3.96669	-3.70787
35	55	75	3.05106	-3.3435	-2.94394
35	55	85	3.12863	-4.14399	-3.60399
35	65	5	4.25298	-6.18333	-5.68213
35	65	15	3.56262	-5.88274	-5.29274
35	65	25	3.83524	-5.36204	-5.44546
35	65	35	3.67404	-5.18926	-4.67144
35	65	45	3.03102	-5.21599	-5.336
35	65	55	2.99623	-5.22667	-5.30628
35	65	65	2.89822	-4.5856	-4.72239
35	65	75	3.20109	-4.09211	-3.72298
35	65	85	3.93421	-4.86586	-3.64146
35	75	5	3.79995	-5.87658	-5.51487
35	75	15	3.30156	-5.46589	-5.28817
35	75	25	3.49798	-4.88371	-5.10493
35	75	35	2.74788	-4.28684	-4.41488
35	75	45	3.14223	-5.16278	-5.57159
35	75	55	2.81704	-5.11829	-5.30109
35	75	65	2.81665	-4.55955	-4.82034
35	75	75	3.17832	-4.21667	-4.8326
35	75	85	3.22956	-4.35582	-4.6389
35	85	5	3.58423	-5.55751	-5.63472
35	85	15	3.14224	-4.58751	-4.92672
35	85	25	2.96393	-3.24688	-3.54611
35	85	35	2.555	-3.98756	-3.98368
35	85	45	3.09202	-5.08431	-5.58335
35	85	55	3.01478	-5.14022	-5.5237
35	85	65	3.29605	-4.68056	-5.34518
35	85	75	3.57309	-4.20253	-4.54299
35	85	85	4.61969	-3.91782	-4.39238
45	5	5	2.81397	-5.06476	-5.32342
45	5	15	2.85904	-3.8462	-4.145
45	5	25	2.37865	-2.6144	-2.61169
45	5	35	2.39213	-3.42459	-3.36252
45	5	45	2.83048	-5.17851	-5.2587
45	5	55	2.8719	-5.20128	-5.34254
45	5	65	2.71508	-4.92283	-4.88524
45	5	75	2.65273	-3.1537	-3.21363
45	5	85	2.83317	-3.09897	-3.33765
45	15	5	2.89238	-5.07194	-5.45299
45	15	15	2.91288	-4.64152	-4.96291
45	15	25	2.75399	-4.24253	-4.08372
45	15	35	3.26758	-4.93547	-4.25678
45	15	45	3.42886	-5.70805	-4.90748
45	15	55	3.77269	-5.94028	-5.28035
45	15	65	2.93628	-5.04202	-4.76042
45	15	75	2.63309	-3.99199	-3.95081
45	15	85	2.89306	-4.41985	-4.63782
45	25	5	3.15433	-5.11565	-5.67801
45	25	15	3.1403	-4.92209	-5.51053
45	25	25	2.71522	-4.86685	-4.70941
45	25	35	2.97393	-3.98013	-3.7582
45	25	45	2.88394	-4.9313	-4.64095
45	25	55	2.82629	-5.27024	-5.13581
45	25	65	2.68507	-4.92942	-4.82023
45	25	75	2.57751	-3.96225	-3.93627
45	25	85	2.77153	-4.24972	-4.38926
45	35	5	3.07632	-5.13164	-5.57278
45	35	15	2.98589	-5.10555	-5.5332
45	35	25	2.57645	-4.99246	-5.01385
45	35	35	2.67562	-3.34453	-3.46265
45	35	45	2.57394	-4.44222	-4.461
45	35	55	2.63515	-5.09352	-5.13024
45	35	65	2.75479	-4.68402	-4.52226
45	35	75	2.73153	-3.6149	-3.41562
45	35	85	2.63152	-3.26484	-3.184
45	45	5	2.87641	-5.05597	-5.46098
45	45	15	2.7913	-5.10215	-5.3421
45	45	25	2.63903	-4.84168	-4.92956
45	45	35	2.75337	-3.03489	-3.1971
45	45	45	2.59308	-4.05905	-4.04103
45	45	55	2.75147	-5.17993	-5.10031
45	45	65	2.69387	-4.00216	-3.84254
45	45	75	2.45276	-2.8273	-2.80568
45	45	85	2.59119	-2.82651	-2.86636
45	55	5	3.45342	-5.29386	-5.79626
45	55	15	2.66546	-5.12185	-5.07629
45	55	25	2.65937	-4.92204	-4.95039
45	55	35	2.71293	-3.47204	-3.59435
45	55	45	2.63348	-4.5941	-4.63495
45	55	55	2.59265	-5.00905	-5.05108
45	55	65	2.71425	-4.49627	-4.3795
45	55	75	2.77114	-3.4288	-3.16851
45	55	85	3.08865	-3.77802	-3.35801
45	65	5	4.29981	-5.95854	-5.95374
45	65	15	4.01904	-6.28773	-5.22376
45	65	25	3.93056	-6.14844	-5.11519
45	65	35	3.75846	-5.88084	-4.80108
45	65	45	3.35269	-5.75652	-5.11737
45	65	55	3.19148	-5.63946	-5.15993
45	65	65	2.65345	-4.99516	-4.93679
45	65	75	2.67195	-4.51213	-4.39145
45	65	85	2.85502	-4.36208	-4.09808
45	75	5	3.44368	-5.42391	-5.61125
45	75	15	3.14207	-5.42148	-5.21364
45	75	25	2.98133	-4.7418	-4.57179
45	75	35	2.89362	-4.83729	-4.49578
45	75	45	2.86789	-5.28379	-5.20783
45	75	55	2.70033	-5.14994	-5.2008
45	75	65	2.58144	-5.02769	-5.04449
45	75	75	2.56148	-5.04005	-5.02963
45	75	85	2.6112	-4.67183	-4.65165
45	85	5	2.97789	-5.20963	-5.42356
45	85	15	2.98596	-4.61195	-4.58583
45	85	25	2.68542	-3.35196	-3.36252
45	85	35	2.43915	-3.89809	-3.87087
45	85	45	2.77286	-5.10641	-5.30553
45	85	55	2.71203	-5.10191	-5.26196
45	85	65	2.672	-4.84167	-4.88238
45	85	75	2.6731	-4.3528	-4.31156
45	85	85	2.79371	-3.62651	-3.74462
55	5	5	2.87315	-4.91302	-5.05168
55	5	15	2.68222	-3.68925	-3.80608
55	5	25	2.34567	-2.43944	-2.45047
55	5	35	2.4203	-3.29164	-3.27044
55	5	45	2.55898	-5.06073	-5.08604
55	5	55	2.65338	-5.16177	-5.14399
55	5	65	2.61196	-4.9421	-4.9229
55	5	75	2.7527	-3.73769	-3.57605
55	5	85	2.65232	-3.18671	-3.12544
55	15	5	2.71548	-4.9856	-5.18195
55	15	15	2.69722	-4.84501	-4.94409
55	15	25	2.618	-4.07775	-4.10289
55	15	35	2.64316	-4.13664	-4.14707
55	15	45	2.73544	-5.15289	-5.09569
55	15	55	3.25407	-5.62321	-5.20343
55	15	65	3.3347	-5.38445	-4.68328
55	15	75	3.15266	-3.73725	-3.17726
55	15	85	2.91305	-3.78468	-3.50266
55	25	5	2.65589	-5.09081	-5.14837
55	25	15	2.75911	-5.06546	-5.0655
55	25	25	2.79869	-4.97324	-4.8593
55	25	35	2.68398	-4.20243	-4.133
55	25	45	2.75648	-5.14681	-5.02825
55	25	55	2.75637	-5.18104	-5.17914
55	25	65	2.75755	-4.60523	-4.44208
55	25	75	2.69946	-3.32199	-3.1744
55	25	85	2.61631	-3.30349	-3.35902
55	35	5	3.0022	-4.91254	-5.34701
55	35	15	2.72861	-5.01139	-5.17161
55	35	25	2.58409	-5.06699	-5.08294
55	35	35	2.61849	-4.05745	-4.11826
55	35	45	2.57561	-4.81683	-4.83406
55	35	55	2.67469	-5.07442	-5.19403
55	35	65	2.57552	-4.34276	-4.36395
55	35	75	2.61405	-3.29773	-3.23723
55	35	85	2.77651	-3.12257	-3.18035
55	45	5	3.07485	-4.76467	-5.32652
55	45	15	2.7212	-4.70187	-4.8731
55	45	25	2.5989	-4.9821	-5.04986
55	45	35	2.59358	-3.35987	-3.40231
55	45	45	2.57227	-4.42683	-4.44807
55	45	55	2.65145	-5.10882	-5.12922
55	45	65	2.57188	-4.14143	-4.18223
55	45	75	2.45282	-2.71014	-2.71171
55	45	85	2.73206	-2.88888	-3.02957
55	55	5	3.71669	-5.15655	-5.96217
55	55	15	3.28837	-5.10114	-5.15884
55	55	25	2.96498	-5.32207	-5.13598
55	55	35	2.97201	-4.33684	-4.11782
55	55	45	2.75185	-4.9403	-4.78112
55	55	55	2.65223	-5.06078	-5.12119
55	55	65	2.55432	-4.6408	-4.64409
55	55	75	2.57172	-3.63722	-3.61792
55	55	85	2.85106	-3.57853	-3.79854
55	65	5	4.28185	-5.97482	-5.68799
55	65	15	4.60188	-6.71468	-5.49913
55	65	25	4.659	-7.01324	-5.13641
55	65	35	4.64195	-6.62564	-4.70057
55	65	45	3.75505	-6.15186	-5.15027
55	65	55	3.53343	-5.91227	-5.25307
55	65	65	3.01788	-5.48139	-5.02585
55	65	75	2.89207	-5.26753	-4.92778
55	65	85	3.19303	-5.20579	-4.80378
55	75	5	3.7665	-5.19584	-6.18276
55	75	15	3.53144	-5.40504	-5.73825
55	75	25	3.2692	-5.00679	-4.67227
55	75	35	3.21004	-4.17496	-3.64174
55	75	45	2.95786	-5.39836	-5.03797
55	75	55	2.72026	-5.16873	-5.20195
55	75	65	2.58148	-5.1256	-5.10804
55	75	75	2.55793	-5.08513	-5.07838
55	75	85	2.73397	-5.05078	-5.06783
55	85	5	3.19771	-5.13932	-5.61263
55	85	15	3.16594	-4.82873	-5.22944
55	85	25	2.67871	-3.24086	-3.02769
55	85	35	2.71212	-3.50747	-3.2713
55	85	45	2.70456	-5.15935	-5.014
55	85	55	2.7733	-5.1435	-5.28228
55	85	65	2.55245	-5.04257	-5.04289
55	85	75	2.59237	-4.84176	-4.80043
55	85	85	2.59549	-4.42506	-4.3806
65	5	5	3.01284	-4.40863	-4.68841
65	5	15	3.11582	-3.96385	-4.12465
65	5	25	2.86235	-3.04236	-2.97782
65	5	35	2.80173	-3.24868	-3.40765
65	5	45	2.62023	-4.97018	-4.95378
65	5	55	2.63523	-5.14072	-5.14389
65	5	65	2.63209	-5.16268	-5.08286
65	5	75	2.67283	-4.14223	-4.02126
65	5	85	2.59173	-3.4967	-3.45603
65	15	5	2.97591	-4.64619	-4.62292
65	15	15	2.87469	-4.97868	-4.93864
65	15	25	2.95445	-4.01498	-4.01571
65	15	35	2.92309	-3.91382	-4.20496
65	15	45	2.66548	-5.10856	-5.16295
65	15	55	1.93483	-5.18164	-5.14455
65	15	65	2.41311	-5.0433	-4.86286
65	15	75	2.81396	-3.24015	-2.97887
65	15	85	2.97188	-3.07197	-2.69113
65	25	5	2.88592	-4.76215	-4.71126
65	25	15	3.27199	-5.31692	-5.20251
65	25	25	3.58921	-5.35051	-5.44058
65	25	35	3.15949	-4.90917	-4.66158
65	25	45	2.80926	-5.10839	-5.03368
65	25	55	2.77635	-5.28465	-5.16316
65	25	65	2.67831	-4.44168	-4.38167
65	25	75	2.62668	-2.93525	-2.85288
65	25	85	2.66028	-3.13197	-3.06355
65	35	5	2.74303	-4.31477	-4.52919
65	35	15	2.94475	-4.23061	-4.5258
65	35	25	3.14307	-4.90315	-5.4874
65	35	35	2.72649	-4.55882	-4.72835
65	35	45	2.64007	-5.00488	-5.08822
65	35	55	2.65598	-5.10011	-5.20423
65	35	65	2.57264	-4.56236	-4.58278
65	35	75	2.57276	-3.29001	-3.30886
65	35	85	2.61742	-3.70918	-3.76434
65	45	5	2.9769	-4.58143	-5.046
65	45	15	2.77662	-4.17879	-4.40338
65	45	25	2.75906	-4.70106	-4.90707
65	45	35	2.59764	-4.18247	-4.22648
65	45	45	2.63354	-4.76152	-4.84317
65	45	55	2.69349	-5.09669	-5.23831
65	45	65	2.63472	-4.32148	-4.36511
65	45	75	2.63284	-3.02689	-3.10858
65	45	85	2.69241	-3.68485	-3.82599
65	55	5	3.17673	-5.09786	-5.56259
65	55	15	3.38279	-4.87654	-4.82738
65	55	25	3.33632	-5.17409	-4.63929
65	55	35	3.23315	-5.10009	-4.54212
65	55	45	2.97186	-5.26722	-4.88801
65	55	55	2.71303	-5.22894	-5.15014
65	55	65	2.67523	-4.66139	-4.70558
65	55	75	2.65414	-3.74324	-3.72633
65	55	85	2.71287	-4.37621	-4.49804
65	65	5	4.54518	-6.15847	-5.93722
65	65	15	4.96202	-6.63322	-5.61604
65	65	25	4.78069	-6.71564	-4.58447
65	65	35	4.90986	-6.29804	-4.02168
65	65	45	4.39744	-6.62635	-4.86074
65	65	55	3.89663	-6.27601	-5.26001
65	65	65	2.98645	-5.48122	-5.11622
65	65	75	2.75262	-5.11323	-4.914
65	65	85	3.1748	-5.314	-5.25447
65	75	5	3.65704	-5.31687	-5.9765
65	75	15	3.66437	-5.3538	-5.79818
65	75	25	3.06281	-4.84701	-4.62804
65	75	35	3.63328	-4.00185	-3.04125
65	75	45	3.56308	-5.444	-4.59276
65	75	55	3.30585	-5.57301	-5.40378
65	75	65	2.67113	-5.16944	-5.11433
65	75	75	2.57889	-5.02805	-5.00062
65	75	85	2.71817	-5.16564	-5.19859
65	85	5	3.45621	-5.12374	-5.90017
65	85	15	3.22894	-5.10835	-5.61284
65	85	25	3.07522	-3.82085	-3.58664
65	85	35	3.3029	-3.38026	-2.95084
65	85	45	2.87462	-4.69356	-4.49319
65	85	55	2.93962	-5.16649	-5.42269
65	85	65	2.55841	-5.08537	-5.08605
65	85	75	2.5548	-4.96579	-4.96206
65	85	85	2.69408	-5.04462	-5.02158
75	5	5	3.1541	-4.36189	-4.87965
75	5	15	3.00454	-4.34544	-4.39125
75	5	25	2.73523	-3.02324	-2.96185
75	5	35	2.69907	-3.01603	-3.02969
75	5	45	2.69428	-4.31906	-4.41579
75	5	55	2.73443	-5.09042	-5.31026
75	5	65	2.57447	-5.10461	-5.08285
75	5	75	2.61475	-4.58482	-4.52219
75	5	85	2.69707	-4.42484	-4.35968
75	15	5	3.13332	-4.15141	-3.84913
75	15	15	3.3653	-5.1508	-4.67579
75	15	25	3.6771	-4.51949	-3.87704
75	15	35	3.57563	-4.44129	-4.0575
75	15	45	3.09708	-5.30569	-5.08847
75	15	55	2.41587	-5.40217	-5.09978
75	15	65	2.55232	-5.06249	-4.88322
75	15	75	2.61409	-3.52383	-3.46252
75	15	85	2.73172	-2.96106	-2.86047
75	25	5	2.91709	-4.31867	-4.13424
75	25	15	3.09438	-4.82774	-4.4925
75	25	25	3.6145	-4.67923	-4.77612
75	25	35	3.46834	-4.75237	-5.2775
75	25	45	2.86755	-5.10599	-5.12547
75	25	55	2.71432	-5.22381	-5.14221
75	25	65	2.6031	-4.78284	-4.80328
75	25	75	2.5887	-3.09806	-3.05811
75	25	85	2.67185	-3.67999	-3.63996
75	35	5	2.70155	-4.3873	-4.54495
75	35	15	2.78863	-4.02321	-4.19797
75	35	25	3.62822	-3.89311	-4.86007
75	35	35	3.19078	-4.74886	-5.28595
75	35	45	2.74238	-4.97493	-5.03568
75	35	55	2.59471	-5.12048	-5.20088
75	35	65	2.59431	-4.62322	-4.62411
75	35	75	2.57336	-3.26843	-3.2877
75	35	85	2.65514	-4.38069	-4.4776
75	45	5	2.7543	-4.89434	-5.11708
75	45	15	2.98253	-4.45001	-4.83374
75	45	25	3.23929	-3.80697	-4.36855
75	45	35	2.86331	-4.64047	-4.94778
75	45	45	2.78041	-4.81358	-5.03804
75	45	55	2.61403	-5.10134	-5.16176
75	45	65	2.59376	-4.08214	-4.08539
75	45	75	2.59445	-3.15172	-3.19457
75	45	85	2.71226	-4.78637	-4.94641
75	55	5	2.87851	-5.15629	-5.31858
75	55	15	3.28651	-4.89676	-4.86276
75	55	25	3.52123	-4.28815	-3.84917
75	55	35	3.67606	-5.0949	-4.17815
75	55	45	3.53317	-5.78367	-5.00573
75	55	55	3.01513	-5.39604	-5.29851
75	55	65	2.67934	-4.50235	-4.54982
75	55	75	2.63507	-3.72607	-3.76924
75	55	85	2.83334	-4.88135	-5.12204
75	65	5	3.4514	-5.42223	-5.6324
75	65	15	3.97339	-5.81973	-4.92254
75	65	25	4.37889	-5.63277	-4.01251
75	65	35	4.86035	-5.67911	-3.45078
75	65	45	4.70304	-6.28121	-4.29001
75	65	55	4.3435	-6.67979	-5.30738
75	65	65	3.30739	-5.58301	-5.1369
75	65	75	3.02344	-4.99287	-4.70441
75	65	85	3.19448	-5.45614	-5.33466
75	75	5	3.54923	-5.25205	-5.94506
75	75	15	3.23267	-4.89929	-5.14279
75	75	25	2.94878	-3.91417	-3.64035
75	75	35	3.53194	-3.71158	-2.77075
75	75	45	4.32368	-5.17225	-3.87963
75	75	55	4.40084	-6.1954	-5.84723
75	75	65	2.91978	-5.29165	-5.04131
75	75	75	2.82525	-4.98945	-4.92802
75	75	85	3.06158	-5.24618	-5.3809
75	85	5	3.52895	-5.07668	-6.00519
75	85	15	2.92256	-5.01296	-5.28232
75	85	25	2.73253	-3.64041	-3.54191
75	85	35	2.96814	-3.00632	-2.63006
75	85	45	2.98465	-3.79323	-3.63962
75	85	55	3.31647	-5.23049	-5.73545
75	85	65	2.58802	-5.04817	-5.03327
75	85	75	2.58579	-4.9938	-4.96424
75	85	85	2.76167	-5.06934	-5.14133
85	5	5	3.60576	-4.57227	-5.56247
85	5	15	2.74077	-4.17524	-4.13658
85	5	25	2.8048	-3.27157	-3.06069
85	5	35	2.76508	-3.10325	-2.89082
85	5	45	3.02087	-3.70204	-3.7522
85	5	55	3.17535	-4.99192	-5.4524
85	5	65	2.86217	-4.84288	-4.79188
85	5	75	2.64177	-4.98514	-5.02649
85	5	85	2.82167	-4.82871	-4.88041
85	15	5	3.05519	-3.70761	-4.16933
85	15	15	2.88402	-3.94844	-3.75693
85	15	25	3.57886	-4.56775	-3.62575
85	15	35	3.71566	-4.54263	-3.37762
85	15	45	3.43594	-5.64269	-4.91898
85	15	55	2.99964	-5.47242	-5.08804
85	15	65	2.72132	-5.12478	-5.00987
85	15	75	2.61412	-4.28254	-4.26384
85	15	85	2.59254	-3.63126	-3.63112
85	25	5	3.21472	-4.35842	-4.65809
85	25	15	2.96397	-4.37624	-4.14508
85	25	25	3.20274	-3.7814	-3.17061
85	25	35	3.52798	-4.46886	-3.93351
85	25	45	3.17914	-5.28123	-4.77636
85	25	55	2.87702	-5.36338	-5.15877
85	25	65	2.67649	-5.06365	-5.02656
85	25	75	2.61402	-3.71767	-3.65981
85	25	85	2.63284	-4.57044	-4.48984
85	35	5	2.78403	-4.96207	-5.13492
85	35	15	2.57401	-4.61474	-4.61038
85	35	25	2.82677	-3.44226	-3.28902
85	35	35	3.11912	-4.19162	-4.42432
85	35	45	2.73878	-4.77561	-4.7144
85	35	55	2.7372	-5.20237	-5.1421
85	35	65	2.63922	-4.90644	-4.86499
85	35	75	2.57835	-3.66247	-3.67536
85	35	85	2.61637	-4.76559	-4.78206
85	45	5	2.88093	-5.10824	-5.35675
85	45	15	2.78493	-4.83745	-4.81169
85	45	25	3.22961	-3.39709	-3.56115
85	45	35	3.06349	-4.64637	-4.71962
85	45	45	2.69803	-4.85877	-4.91615
85	45	55	2.63811	-5.10063	-5.22285
85	45	65	2.63542	-4.28286	-4.28789
85	45	75	2.59934	-3.59337	-3.59903
85	45	85	2.77752	-4.98756	-5.16961
85	55	5	3.05565	-5.19937	-5.4567
85	55	15	3.55227	-5.45254	-4.94407
85	55	25	4.03011	-4.23763	-3.73848
85	55	35	4.10057	-4.77815	-3.92114
85	55	45	4.07808	-6.01449	-4.6585
85	55	55	3.18094	-5.63643	-5.30594
85	55	65	2.81965	-4.18418	-4.20925
85	55	75	2.64513	-3.88344	-3.85315
85	55	85	2.72384	-5.00532	-5.13354
85	65	5	3.48444	-5.47334	-5.6345
85	65	15	3.46198	-5.35149	-5.00242
85	65	25	3.71219	-4.38407	-3.63757
85	65	35	4.44546	-4.541	-2.85679
85	65	45	4.75919	-5.6051	-3.72604
85	65	55	4.498	-6.67021	-5.55293
85	65	65	3.68081	-4.67133	-3.90188
85	65	75	3.11363	-4.51674	-4.10435
85	65	85	3.18745	-5.30605	-5.1586
85	75	5	4.14706	-5.5681	-6.23089
85	75	15	3.47625	-4.99668	-4.45203
85	75	25	3.13035	-3.66757	-3.13816
85	75	35	3.57263	-3.7192	-2.73875
85	75	45	4.88724	-5.00278	-3.66984
85	75	55	4.98838	-6.46511	-5.54064
85	75	65	4.16197	-4.21421	-3.80063
85	75	75	2.9079	-3.80697	-3.54919
85	75	85	3.42316	-5.42055	-5.07609
85	85	5	3.96008	-5.38135	-6.25004
85	85	15	2.78262	-4.85503	-4.82054
85	85	25	2.76632	-3.40648	-3.19604
85	85	35	2.69228	-2.75199	-2.61241
85	85	45	3.45198	-3.27475	-3.45624
85	85	55	3.66459	-4.95595	-5.74321
85	85	65	2.96011	-4.01131	-4.24164
85	85	75	2.81321	-3.94978	-3.95169
85	85	85	2.99073	-5.19544	-5.31713
