5	5	5	3.57967	-5.06206	-6.02885
5	5	15	2.70919	-4.5833	-4.65891
5	5	25	2.71633	-3.39727	-3.2969
5	5	35	2.75876	-3.04991	-2.90477
5	5	45	3.3231	-3.28348	-3.57301
5	5	55	3.80279	-3.42126	-4.14151
5	5	65	3.41892	-3.5321	-3.86987
5	5	75	2.7768	-4.46801	-4.31347
5	5	85	2.99944	-5.00101	-5.44018
5	15	5	3.2983	-4.79761	-5.42444
5	15	15	2.74228	-3.11162	-3.06206
5	15	25	2.57472	-3.42562	-3.36292
5	15	35	3.05464	-3.6044	-3.08079
5	15	45	3.47828	-5.46382	-4.77697
5	15	55	3.32087	-5.39525	-5.57269
5	15	65	3.11981	-5.29573	-5.33257
5	15	75	2.71467	-4.89819	-4.83196
5	15	85	2.65576	-4.56008	-4.70228
5	25	5	3.29949	-4.87421	-5.27987
5	25	15	3.22105	-4.43651	-4.05853
5	25	25	3.09512	-3.15761	-2.59357
5	25	35	3.33358	-3.49661	-2.67205
5	25	45	3.08043	-4.69174	-4.37246
5	25	55	3.13835	-5.2209	-5.35991
5	25	65	2.82274	-5.00251	-4.95375
5	25	75	2.78679	-4.74246	-4.53586
5	25	85	3.05935	-5.40644	-5.17236
5	35	5	3.26725	-5.16199	-5.65551
5	35	15	2.56971	-4.88018	-4.86798
5	35	25	3.06445	-3.77345	-3.32053
5	35	35	3.41632	-3.58511	-2.88223
5	35	45	3.06645	-4.16943	-3.72652
5	35	55	3.00007	-4.8747	-4.84216
5	35	65	2.7813	-4.92358	-4.91103
5	35	75	2.64592	-4.10405	-4.07022
5	35	85	2.70095	-5.03961	-5.05784
5	45	5	3.1912	-5.18972	-5.64093
5	45	15	2.79425	-5.26	-5.14129
5	45	25	3.26436	-4.12561	-3.45159
5	45	35	3.2319	-3.66017	-3.28624
5	45	45	2.76376	-4.21765	-4.20642
5	45	55	2.72526	-4.99894	-5.06212
5	45	65	2.58573	-4.09039	-4.07031
5	45	75	2.70543	-3.82605	-3.76232
5	45	85	2.8269	-5.04192	-5.05856
5	55	5	3.33074	-5.67577	-5.30259
5	55	15	3.4011	-5.70602	-4.98674
5	55	25	4.21684	-4.79698	-3.45707
5	55	35	4.35312	-4.77187	-3.20974
5	55	45	4.22494	-4.90477	-3.65692
5	55	55	3.88354	-6.01629	-5.17164
5	55	65	3.50503	-4.14809	-3.91753
5	55	75	3.25438	-3.95427	-3.67928
5	55	85	3.38672	-5.07299	-5.15918
5	65	5	3.37651	-5.51441	-5.50973
5	65	15	3.38365	-5.21343	-5.38223
5	65	25	3.65132	-4.4607	-4.02755
5	65	35	4.53767	-4.50363	-3.05058
5	65	45	5.0893	-5.33879	-3.73487
5	65	55	4.66179	-6.12121	-4.79434
5	65	65	4.27066	-4.08641	-3.72438
5	65	75	3.69096	-3.49294	-3.40723
5	65	85	3.96586	-4.71862	-5.40234
5	75	5	4.50894	-6.0485	-6.10637
5	75	15	3.93336	-5.49065	-4.8548
5	75	25	4.44154	-4.9267	-3.55267
5	75	35	4.46215	-4.65237	-3.27594
5	75	45	5.33575	-6.11596	-4.85794
5	75	55	5.65679	-6.05625	-5.23004
5	75	65	4.52268	-3.89508	-3.52291
5	75	75	3.24647	-3.16348	-2.92086
5	75	85	3.92283	-4.30672	-4.66463
5	85	5	4.59939	-5.56966	-6.6904
5	85	15	3.36978	-5.01575	-4.60708
5	85	25	3.30109	-3.8458	-3.15472
5	85	35	3.23038	-3.61889	-3.065
5	85	45	4.07618	-3.75664	-3.95723
5	85	55	3.93693	-3.41485	-3.83617
5	85	65	3.16453	-2.98434	-3.40733
5	85	75	2.79851	-2.99791	-3.13766
5	85	85	3.21773	-4.46515	-4.74154
15	5	5	3.82639	-5.16874	-6.33742
15	5	15	3.00707	-4.42313	-4.87676
15	5	25	2.70827	-3.20848	-3.30486
15	5	35	2.81458	-3.14252	-3.14605
15	5	45	3.43262	-3.56085	-4.04085
15	5	55	3.79582	-3.76429	-4.28389
15	5	65	3.54192	-3.42692	-3.79767
15	5	75	3.38745	-3.59687	-3.85507
15	5	85	3.46564	-4.92587	-5.42611
15	15	5	3.45424	-5.07995	-5.88393
15	15	15	2.73343	-3.48082	-3.50362
15	15	25	2.73459	-3.13045	-2.99521
15	15	35	2.77429	-3.5291	-3.34556
15	15	45	3.05942	-4.94647	-4.99886
15	15	55	3.33997	-5.18877	-6.10305
15	15	65	2.87015	-5.17062	-5.73391
15	15	75	2.80288	-4.96754	-5.07499
15	15	85	2.9363	-4.88641	-5.21078
15	25	5	3.37499	-5.21317	-5.45357
15	25	15	3.10342	-4.38278	-3.83954
15	25	25	3.32275	-3.49107	-2.7187
15	25	35	3.17748	-3.29493	-2.64648
15	25	45	2.87749	-4.34569	-4.32282
15	25	55	3.29115	-4.99356	-6.11402
15	25	65	3.41505	-4.7214	-5.61698
15	25	75	2.77146	-4.603	-4.71383
15	25	85	3.13429	-5.25627	-5.39833
15	35	5	3.31279	-5.58146	-5.44172
15	35	15	3.29694	-5.77898	-5.07547
15	35	25	3.61732	-4.74493	-3.69668
15	35	35	4.47839	-4.21638	-2.75552
15	35	45	3.48947	-4.41345	-3.73234
15	35	55	3.35408	-4.84491	-5.24922
15	35	65	3.59187	-4.25996	-4.66918
15	35	75	3.34518	-4.21723	-4.11289
15	35	85	3.37445	-5.43125	-5.37449
15	45	5	3.43071	-5.83714	-5.28191
15	45	15	3.39633	-5.92349	-5.12385
15	45	25	3.86604	-5.23177	-4.07825
15	45	35	4.54869	-3.70883	-3.46008
15	45	45	3.49409	-3.36682	-3.20348
15	45	55	3.18726	-4.35849	-4.54561
15	45	65	3.12113	-3.73587	-4.22001
15	45	75	3.07131	-3.54244	-3.45017
15	45	85	3.26589	-5.29242	-5.0641
15	55	5	3.87292	-6.38664	-5.25173
15	55	15	4.30887	-6.83637	-5.0853
15	55	25	4.33126	-5.55768	-4.14573
15	55	35	4.3456	-4.02511	-3.14675
15	55	45	3.91181	-3.71016	-3.19192
15	55	55	3.44822	-4.00419	-3.75583
15	55	65	3.26124	-3.62507	-3.44407
15	55	75	3.12745	-3.50523	-3.55382
15	55	85	3.48031	-5.05834	-4.69844
15	65	5	3.16898	-5.44227	-5.36361
15	65	15	3.20913	-5.59359	-5.2301
15	65	25	3.51525	-4.77327	-4.82781
15	65	35	3.89691	-3.81958	-3.93807
15	65	45	4.52774	-5.06851	-4.66898
15	65	55	4.19604	-5.27556	-4.8239
15	65	65	4.58032	-4.25028	-3.61772
15	65	75	4.49389	-3.62723	-3.77835
15	65	85	4.16489	-4.22082	-4.93079
15	75	5	4.3445	-5.84541	-6.14218
15	75	15	3.9202	-5.59279	-5.58037
15	75	25	3.57717	-4.38363	-4.03779
15	75	35	3.94856	-4.4423	-3.78299
15	75	45	4.50522	-5.72703	-6.01851
15	75	55	4.4668	-5.81958	-5.50691
15	75	65	5.52092	-4.75968	-4.50152
15	75	75	4.81906	-3.75411	-4.39562
15	75	85	4.76441	-4.27116	-5.09739
15	85	5	4.4446	-5.30741	-6.73811
15	85	15	3.53004	-4.20869	-5.05426
15	85	25	2.98272	-3.1537	-3.45726
15	85	35	2.86075	-3.40796	-3.43354
15	85	45	3.83352	-4.54221	-5.18062
15	85	55	3.94282	-4.3053	-4.56949
15	85	65	4.16039	-4.08631	-5.12023
15	85	75	4.04732	-3.26796	-4.25703
15	85	85	4.45425	-4.13259	-4.9984
25	5	5	4.12874	-5.1352	-6.78708
25	5	15	3.93203	-4.24286	-5.60319
25	5	25	2.93371	-3.28292	-3.64545
25	5	35	2.57328	-3.50221	-3.52443
25	5	45	3.13142	-4.80572	-5.02492
25	5	55	4.01382	-4.96481	-5.6468
25	5	65	4.05065	-4.46165	-5.22764
25	5	75	4.13319	-3.27207	-4.12196
25	5	85	3.708	-4.27045	-5.2671
25	15	5	4.27226	-5.13441	-6.95597
25	15	15	3.49104	-4.34173	-5.06251
25	15	25	3.10998	-3.80964	-3.54544
25	15	35	3.1524	-4.16536	-3.58194
25	15	45	2.97335	-5.06278	-4.73917
25	15	55	2.81697	-5.19193	-5.96831
25	15	65	2.49905	-4.95046	-5.77364
25	15	75	2.87393	-4.92362	-5.26396
25	15	85	3.25232	-4.96605	-5.42676
25	25	5	3.67141	-5.05731	-6.1969
25	25	15	2.75702	-4.0692	-4.25921
25	25	25	2.81033	-3.82443	-3.57131
25	25	35	2.94356	-3.11225	-2.69831
25	25	45	2.79693	-4.49201	-4.38717
25	25	55	2.58897	-5.05464	-5.61431
25	25	65	2.53346	-4.73966	-5.22164
25	25	75	2.77305	-4.43766	-4.71888
25	25	85	2.75062	-4.97851	-5.15771
25	35	5	3.39185	-5.70197	-5.34073
25	35	15	3.43848	-5.98169	-5.10305
25	35	25	3.67475	-5.38101	-4.2377
25	35	35	4.29578	-4.25833	-2.67599
25	35	45	3.71684	-4.89349	-3.73777
25	35	55	4.05114	-5.66363	-5.76334
25	35	65	3.4618	-4.2195	-4.66108
25	35	75	2.78341	-3.79204	-3.77524
25	35	85	3.00902	-4.95078	-4.77079
25	45	5	2.85185	-5.35948	-5.20023
25	45	15	2.97349	-5.52329	-5.10482
25	45	25	3.43713	-5.02439	-4.46428
25	45	35	4.32077	-3.31881	-3.55921
25	45	45	3.42589	-3.66907	-3.14267
25	45	55	3.51905	-4.79786	-4.73389
25	45	65	3.55505	-3.39531	-3.93454
25	45	75	3.01485	-3.55999	-3.42168
25	45	85	2.8104	-4.53475	-4.39635
25	55	5	3.21217	-5.71634	-5.33798
25	55	15	3.01824	-5.50199	-5.13001
25	55	25	3.85564	-5.04242	-5.18624
25	55	35	4.68671	-3.44196	-4.15323
25	55	45	3.94311	-3.85211	-3.8402
25	55	55	3.30149	-4.38074	-4.30022
25	55	65	3.69591	-3.56351	-3.78672
25	55	75	3.37106	-3.65065	-3.23591
25	55	85	3.48582	-4.87831	-4.18152
25	65	5	3.34103	-5.76874	-5.33758
25	65	15	3.67788	-5.96236	-5.24884
25	65	25	3.99713	-5.16204	-5.52736
25	65	35	3.46396	-3.85889	-4.19211
25	65	45	3.73435	-5.25301	-5.59586
25	65	55	3.38899	-5.44317	-5.14507
25	65	65	3.90745	-4.29916	-4.23164
25	65	75	4.48785	-3.57436	-4.08764
25	65	85	3.88774	-4.22678	-4.25761
25	75	5	3.85173	-6.01127	-5.48048
25	75	15	3.59233	-5.57388	-5.47119
25	75	25	3.49672	-4.51805	-4.79094
25	75	35	3.22436	-4.36958	-4.63609
25	75	45	3.51466	-5.10776	-5.8641
25	75	55	3.54388	-5.11966	-5.90835
25	75	65	4.08968	-4.27469	-5.43297
25	75	75	5.0324	-3.94443	-5.61369
25	75	85	4.71469	-4.13626	-4.93627
25	85	5	3.75992	-5.44083	-6.01117
25	85	15	3.72599	-4.76899	-5.61024
25	85	25	3.04744	-3.15873	-3.55378
25	85	35	2.71498	-3.69578	-3.81609
25	85	45	3.61266	-4.96911	-6.04909
25	85	55	3.35547	-4.97796	-5.70231
25	85	65	4.42875	-4.67341	-6.27132
25	85	75	5.04628	-3.9668	-5.45417
25	85	85	5.24394	-4.11491	-4.91563
35	5	5	2.72124	-5.08819	-5.56918
35	5	15	3.31768	-4.16327	-4.93026
35	5	25	2.51885	-2.79299	-2.89891
35	5	35	2.60749	-3.65799	-3.6184
35	5	45	2.98585	-5.20988	-5.2095
35	5	55	3.57184	-5.09977	-5.82058
35	5	65	3.35867	-4.76079	-5.08438
35	5	75	3.49349	-2.99191	-3.71191
35	5	85	3.53595	-3.51338	-4.43007
35	15	5	3.51392	-5.12329	-6.22681
35	15	15	3.73837	-4.40155	-5.47271
35	15	25	3.10247	-4.32529	-4.01663
35	15	35	3.2847	-4.81927	-3.97772
35	15	45	3.26577	-5.36599	-4.84361
35	15	55	3.35342	-5.21449	-5.53291
35	15	65	2.71304	-4.7121	-4.9729
35	15	75	2.83349	-4.44352	-4.78274
35	15	85	3.29106	-4.73836	-5.47793
35	25	5	3.45101	-5.0969	-6.2769
35	25	15	3.46268	-4.6243	-5.45154
35	25	25	2.7132	-4.25804	-4.09388
35	25	35	2.6655	-3.22418	-3.00823
35	25	45	2.76937	-4.68963	-4.57161
35	25	55	2.91775	-5.15955	-5.35231
35	25	65	2.55069	-4.8206	-4.90015
35	25	75	2.58868	-4.1606	-4.19938
35	25	85	2.62985	-4.41806	-4.51806
35	35	5	3.45181	-5.09957	-5.99995
35	35	15	2.69833	-5.08393	-5.28803
35	35	25	2.57918	-4.78489	-4.74618
35	35	35	2.49579	-2.89558	-2.83073
35	35	45	2.81737	-4.31709	-4.09721
35	35	55	2.83363	-5.22872	-5.18652
35	35	65	2.93314	-4.56161	-4.30189
35	35	75	2.61021	-3.47639	-3.35601
35	35	85	2.63176	-3.82876	-3.78795
35	45	5	2.65228	-5.09268	-5.43382
35	45	15	2.58152	-5.10207	-5.13647
35	45	25	2.5719	-4.58201	-4.6428
35	45	35	2.71323	-2.4644	-2.82771
35	45	45	2.55471	-3.60995	-3.51632
35	45	55	2.7727	-4.97591	-4.8951
35	45	65	2.81825	-3.62527	-3.42049
35	45	75	2.19349	-2.74162	-2.70004
35	45	85	2.52785	-3.66986	-3.66942
35	55	5	2.89094	-5.32629	-5.24669
35	55	15	2.74866	-5.14199	-5.26523
35	55	25	2.8351	-4.96204	-5.22612
35	55	35	3.23287	-2.74563	-3.50828
35	55	45	2.69188	-3.9303	-4.10956
35	55	55	2.67425	-4.82142	-4.86104
35	55	65	3.11705	-4.00907	-3.70785
35	55	75	3.10829	-3.32065	-2.78071
35	55	85	3.15543	-4.15158	-3.59198
35	65	5	3.91313	-6.18265	-5.76185
35	65	15	3.56182	-5.88273	-5.29353
35	65	25	3.81522	-5.38204	-5.44544
35	65	35	3.93522	-5.16924	-4.91384
35	65	45	3.03022	-5.21319	-5.33319
35	65	55	2.95619	-5.227	-5.26621
35	65	65	2.89742	-4.58431	-4.72111
35	65	75	3.22151	-4.13205	-3.78252
35	65	85	3.93058	-4.85984	-3.63585
35	75	5	3.67947	-5.87613	-5.43482
35	75	15	3.30075	-5.46588	-5.28818
35	75	25	3.57796	-4.86371	-5.16493
35	75	35	2.80908	-4.28684	-4.47608
35	75	45	3.16223	-5.16278	-5.5916
35	75	55	2.79702	-5.11825	-5.30106
35	75	65	2.83623	-4.55992	-4.84032
35	75	75	3.27793	-4.2174	-4.93294
35	75	85	3.22996	-4.33499	-4.61926
35	85	5	3.44463	-5.57709	-5.63469
35	85	15	3.14064	-4.60751	-4.94752
35	85	25	3.10393	-3.20688	-3.62613
35	85	35	2.535	-4.00756	-4.00368
35	85	45	3.11202	-5.0843	-5.60333
35	85	55	3.01477	-5.14022	-5.5237
35	85	65	3.33565	-4.66056	-5.40518
35	85	75	3.97349	-4.20249	-4.94335
35	85	85	4.61929	-3.91782	-4.37198
45	5	5	2.67396	-5.04395	-5.46302
45	5	15	2.83784	-3.78579	-4.08659
45	5	25	2.17862	-2.5344	-2.5317
45	5	35	2.21133	-3.36379	-3.34132
45	5	45	2.79009	-5.15811	-5.25791
45	5	55	2.83193	-5.22128	-5.34256
45	5	65	2.73468	-4.92283	-4.90524
45	5	75	2.63233	-3.1533	-3.17363
45	5	85	2.87317	-3.09897	-3.29765
45	15	5	2.8712	-5.06914	-5.4298
45	15	15	2.87249	-4.58152	-4.9281
45	15	25	2.6336	-4.24373	-4.14491
45	15	35	3.16758	-4.91547	-4.25638
45	15	45	3.34685	-5.70846	-4.92828
45	15	55	3.81351	-6.00189	-5.30077
45	15	65	2.89389	-5.00124	-4.70083
45	15	75	2.67429	-3.97321	-3.93082
45	15	85	2.91265	-4.41944	-4.61742
45	25	5	3.0547	-5.13563	-5.79759
45	25	15	3.14107	-4.94248	-5.51172
45	25	25	2.61361	-4.86725	-4.73103
45	25	35	2.63472	-3.82131	-3.65859
45	25	45	2.84153	-4.95331	-4.68296
45	25	55	2.82668	-5.27065	-5.13543
45	25	65	2.70426	-4.78987	-4.68068
45	25	75	2.55629	-3.94027	-3.91428
45	25	85	2.77193	-4.24933	-4.38926
45	35	5	2.99634	-5.01046	-5.53159
45	35	15	2.96392	-5.10479	-5.53559
45	35	25	2.51724	-4.99406	-4.99469
45	35	35	2.43399	-3.38571	-3.48385
45	35	45	2.53229	-4.46382	-4.48222
45	35	55	2.63472	-5.09355	-5.13026
45	35	65	2.65477	-4.52441	-4.46266
45	35	75	2.67235	-3.49688	-3.19721
45	35	85	2.65071	-3.28408	-3.18363
45	45	5	2.81639	-4.97555	-5.28056
45	45	15	2.79415	-5.10219	-5.3465
45	45	25	2.57851	-4.9017	-4.94962
45	45	35	2.63297	-2.87531	-3.17751
45	45	45	2.55149	-4.19947	-4.22066
45	45	55	2.75065	-5.20152	-5.1019
45	45	65	2.51347	-3.86177	-3.76255
45	45	75	1.97315	-2.50689	-2.32487
45	45	85	2.60836	-2.84687	-2.86636
45	55	5	3.35342	-5.21384	-5.61624
45	55	15	2.66786	-5.10185	-5.06949
45	55	25	2.67898	-4.92204	-5.03005
45	55	35	2.75212	-3.51164	-3.77395
45	55	45	2.59146	-4.59129	-4.61455
45	55	55	2.63342	-5.01304	-5.05386
45	55	65	2.73346	-4.5371	-4.39913
45	55	75	2.56912	-3.30759	-3.06769
45	55	85	3.09705	-3.79001	-3.34961
45	65	5	4.19973	-5.93839	-6.61359
45	65	15	3.99905	-6.26773	-5.22816
45	65	25	3.86968	-6.14804	-5.05474
45	65	35	3.75806	-5.88284	-4.80268
45	65	45	3.37107	-5.75612	-5.13656
45	65	55	3.23146	-5.63942	-5.20027
45	65	65	2.65424	-4.996	-4.93842
45	65	75	2.69154	-4.5521	-4.45183
45	65	85	2.83139	-4.35762	-4.07322
45	75	5	3.34326	-5.40381	-5.95195
45	75	15	3.13966	-5.42147	-5.21524
45	75	25	3.10088	-4.7218	-4.67222
45	75	35	2.91402	-4.83769	-4.51658
45	75	45	2.86829	-5.28342	-5.20785
45	75	55	2.68032	-5.14991	-5.18077
45	75	65	2.58144	-5.02769	-5.0449
45	75	75	2.56148	-5.04003	-5.02961
45	75	85	2.6112	-4.67262	-4.67244
45	85	5	2.81749	-5.14883	-5.52395
45	85	15	2.98315	-4.61234	-4.58903
45	85	25	2.62537	-3.25196	-3.34256
45	85	35	2.29955	-3.81769	-3.77127
45	85	45	2.75326	-5.08641	-5.30593
45	85	55	2.69204	-5.12191	-5.24197
45	85	65	2.612	-4.80167	-4.86238
45	85	75	2.7331	-4.37282	-4.35157
45	85	85	2.79369	-3.6065	-3.76463
55	5	5	2.69276	-4.63183	-4.95128
55	5	15	2.66182	-3.70644	-3.80287
55	5	25	2.34601	-2.41984	-2.4505
55	5	35	2.34029	-3.27124	-3.27003
55	5	45	2.55938	-5.06153	-5.08724
55	5	55	2.61338	-5.16177	-5.16399
55	5	65	2.67198	-5.0021	-4.92291
55	5	75	2.6727	-3.65809	-3.55605
55	5	85	2.67234	-3.18671	-3.08546
55	15	5	2.73508	-4.96439	-5.16035
55	15	15	2.67321	-4.88379	-4.96447
55	15	25	2.57716	-4.09655	-4.1017
55	15	35	2.58274	-4.13624	-4.14709
55	15	45	2.67666	-5.15407	-5.0781
55	15	55	3.21409	-5.60321	-5.20345
55	15	65	3.3535	-5.48405	-4.76328
55	15	75	3.15304	-3.65765	-3.09727
55	15	85	2.91304	-3.72467	-3.44266
55	25	5	2.69631	-4.97083	-5.10797
55	25	15	2.75909	-5.08619	-5.08584
55	25	25	2.69947	-4.93403	-4.83857
55	25	35	2.66317	-4.40406	-4.33462
55	25	45	2.73569	-5.12681	-5.02986
55	25	55	2.75358	-5.18029	-5.1796
55	25	65	2.73755	-4.44564	-4.28289
55	25	75	2.69906	-3.28079	-3.13362
55	25	85	2.6163	-3.28308	-3.33902
55	35	5	3.02015	-4.59131	-5.047
55	35	15	2.72781	-5.01178	-5.1712
55	35	25	2.56604	-5.06938	-5.10335
55	35	35	2.55847	-4.19867	-4.23908
55	35	45	2.53402	-4.81687	-4.83408
55	35	55	2.63429	-5.07571	-5.17532
55	35	65	2.55509	-4.30277	-4.32395
55	35	75	2.49362	-3.17494	-3.13441
55	35	85	2.77609	-3.12213	-3.17953
55	45	5	3.19484	-4.30467	-4.92651
55	45	15	2.72199	-4.69988	-4.87146
55	45	25	2.51879	-5.02211	-5.07005
55	45	35	2.43278	-3.57988	-3.62233
55	45	45	2.57105	-4.57128	-4.59252
55	45	55	2.61063	-5.06968	-5.13008
55	45	65	2.53187	-4.06143	-4.06303
55	45	75	1.87243	-2.24894	-2.23055
55	45	85	2.71247	-2.86614	-3.02719
55	55	5	3.95708	-4.97659	-5.98261
55	55	15	3.28036	-5.07953	-5.13925
55	55	25	2.9649	-5.30207	-5.11607
55	55	35	2.85161	-4.33724	-4.09862
55	55	45	2.73065	-4.92111	-4.76193
55	55	55	2.63221	-5.0644	-5.1448
55	55	65	2.55429	-4.60124	-4.60373
55	55	75	2.33051	-3.57562	-3.55632
55	55	85	2.82704	-3.55411	-3.77412
55	65	5	4.44144	-5.87445	-5.80803
55	65	15	4.57947	-6.69308	-5.46714
55	65	25	4.65889	-7.01284	-5.1361
55	65	35	4.70194	-6.62604	-4.76098
55	65	45	3.71464	-6.15426	-5.15267
55	65	55	3.4934	-5.91266	-5.21347
55	65	65	3.01748	-5.48105	-5.0251
55	65	75	2.89208	-5.26793	-4.9282
55	65	85	3.19183	-5.20621	-4.8042
55	75	5	3.68571	-5.17502	-6.52273
55	75	15	3.48425	-5.38423	-5.72423
55	75	25	3.26913	-5.00679	-4.63232
55	75	35	3.18964	-4.11496	-3.56134
55	75	45	2.97746	-5.3784	-5.03761
55	75	55	2.76026	-5.16875	-5.24197
55	75	65	2.58148	-5.1256	-5.10844
55	75	75	2.5579	-5.08514	-5.07838
55	75	85	2.73437	-5.05199	-5.08863
55	85	5	3.01771	-4.97935	-5.75265
55	85	15	3.16235	-4.82795	-5.23186
55	85	25	2.67871	-3.22086	-3.04772
55	85	35	2.73212	-3.44707	-3.2309
55	85	45	2.70455	-5.15935	-5.014
55	85	55	2.7733	-5.14349	-5.34227
55	85	65	2.55245	-5.04257	-5.04329
55	85	75	2.59237	-4.84176	-4.80043
55	85	85	2.57549	-4.42506	-4.40059
65	5	5	2.97244	-3.92863	-4.22881
65	5	15	3.11662	-3.94065	-4.08227
65	5	25	2.80224	-2.84235	-2.79821
65	5	35	2.80133	-3.10869	-3.26725
65	5	45	2.58023	-4.90897	-4.93258
65	5	55	2.63524	-5.14072	-5.18389
65	5	65	2.63209	-5.16268	-5.08326
65	5	75	2.65243	-4.20223	-4.10126
65	5	85	2.59173	-3.5967	-3.53603
65	15	5	2.97472	-4.4038	-4.34132
65	15	15	2.89429	-4.97307	-4.91222
65	15	25	2.99363	-4.05411	-4.01526
65	15	35	3.0431	-4.01343	-4.22456
65	15	45	2.60549	-5.11016	-5.16454
65	15	55	1.47524	-5.12166	-5.14538
65	15	65	2.15311	-4.9833	-4.82286
65	15	75	2.79473	-3.22015	-2.95965
65	15	85	2.95188	-3.05197	-2.69113
65	25	5	2.84552	-4.42055	-4.33006
65	25	15	3.23077	-5.23568	-5.16287
65	25	25	3.62959	-5.33088	-5.42132
65	25	35	3.23909	-5.04794	-4.78275
65	25	45	2.73005	-5.12838	-5.03488
65	25	55	2.73515	-5.28507	-5.1828
65	25	65	2.6491	-4.40208	-4.34207
65	25	75	2.62307	-2.93645	-2.85367
65	25	85	2.66028	-3.12997	-3.06155
65	35	5	2.76301	-4.03516	-4.24878
65	35	15	2.94555	-4.22903	-4.5242
65	35	25	3.12387	-4.90472	-5.52779
65	35	35	2.66647	-4.7788	-4.94834
65	35	45	2.57881	-5.00851	-5.09227
65	35	55	2.53395	-5.10012	-5.32425
65	35	65	2.55299	-4.56236	-4.5836
65	35	75	2.59215	-3.2868	-3.32605
65	35	85	2.61691	-3.72797	-3.78352
65	45	5	2.95691	-4.42144	-4.826
65	45	15	2.77696	-4.15235	-4.37619
65	45	25	2.75904	-4.70104	-4.90716
65	45	35	2.51722	-4.36247	-4.42649
65	45	45	2.5927	-4.78472	-4.88677
65	45	55	2.65263	-5.09707	-5.29911
65	45	65	2.59268	-4.24151	-4.26434
65	45	75	2.43236	-2.94529	-3.02692
65	45	85	2.69239	-3.74518	-3.88634
65	55	5	3.13673	-5.05781	-5.50254
65	55	15	3.38559	-4.82613	-4.78058
65	55	25	3.33631	-5.13405	-4.59948
65	55	35	3.21314	-5.18169	-4.62412
65	55	45	2.93064	-5.31362	-4.99442
65	55	55	2.69223	-5.23185	-5.25346
65	55	65	2.67641	-4.6414	-4.68799
65	55	75	2.63409	-3.64164	-3.62553
65	55	85	2.71286	-4.39777	-4.51961
65	65	5	4.40518	-6.17846	-5.73721
65	65	15	4.91962	-6.60921	-5.63484
65	65	25	4.80099	-6.7156	-4.62421
65	65	35	4.90986	-6.27764	-4.00168
65	65	45	4.37744	-6.62797	-4.90235
65	65	55	3.69662	-6.27565	-5.42005
65	65	65	2.98641	-5.48128	-5.13749
65	65	75	2.75262	-5.11242	-4.91321
65	65	85	3.19479	-5.31677	-5.27726
65	75	5	3.67744	-5.3173	-6.05653
65	75	15	3.66117	-5.3518	-5.79819
65	75	25	3.04308	-4.80696	-4.62767
65	75	35	3.63328	-4.00184	-3.04125
65	75	45	3.54308	-5.42401	-4.61277
65	75	55	3.28584	-5.57306	-5.44384
65	75	65	2.67113	-5.16945	-5.11635
65	75	75	2.57889	-5.02805	-5.00103
65	75	85	2.71817	-5.16565	-5.1986
65	85	5	3.35621	-4.92375	-5.74018
65	85	15	3.20692	-5.08833	-5.61723
65	85	25	3.07517	-3.88084	-3.60699
65	85	35	3.3029	-3.43986	-2.97045
65	85	45	2.87462	-4.67236	-4.47199
65	85	55	2.93962	-5.16609	-5.4827
65	85	65	2.55761	-5.08537	-5.10605
65	85	75	2.5548	-4.96579	-4.96206
65	85	85	2.71408	-5.08462	-5.04158
75	5	5	3.11369	-3.92188	-4.45965
75	5	15	2.98333	-4.36184	-4.42644
75	5	25	2.77567	-3.14323	-3.06149
75	5	35	2.69868	-2.93643	-2.9505
75	5	45	2.65469	-4.24026	-4.35658
75	5	55	2.69441	-5.08999	-5.28981
75	5	65	2.57447	-5.1046	-5.08284
75	5	75	2.61474	-4.56482	-4.50259
75	5	85	2.63707	-4.34484	-4.27969
75	15	5	3.17252	-3.65341	-3.41113
75	15	15	3.3425	-5.14001	-4.68259
75	15	25	3.61671	-4.43823	-3.79581
75	15	35	3.53483	-4.43768	-4.0943
75	15	45	2.87708	-5.26289	-5.08607
75	15	55	2.29509	-5.38054	-5.09857
75	15	65	2.53151	-4.98208	-4.82402
75	15	75	2.61409	-3.60383	-3.52252
75	15	85	2.75171	-2.98266	-2.86206
75	25	5	2.89629	-4.09787	-3.91344
75	25	15	3.05395	-4.84168	-4.46566
75	25	25	3.61496	-4.7191	-4.77521
75	25	35	3.42634	-4.69156	-5.19749
75	25	45	2.90753	-5.14636	-5.16626
75	25	55	2.68873	-5.24304	-5.20224
75	25	65	2.61988	-4.78203	-4.84329
75	25	75	2.58786	-3.11606	-3.07608
75	25	85	2.67104	-3.67918	-3.63956
75	35	5	2.7211	-4.26683	-4.42488
75	35	15	2.81021	-3.99837	-4.18994
75	35	25	3.64503	-3.8503	-4.83886
75	35	35	3.20836	-4.72807	-5.30516
75	35	45	2.71953	-4.9965	-5.05767
75	35	55	2.61351	-5.12049	-5.20168
75	35	65	2.59221	-4.60241	-4.60449
75	35	75	2.57294	-3.32763	-3.3469
75	35	85	2.65434	-4.35991	-4.45721
75	45	5	2.79424	-4.93466	-5.17745
75	45	15	2.98298	-4.44405	-4.82813
75	45	25	3.21815	-3.76657	-4.36858
75	45	35	2.78367	-4.78048	-5.08859
75	45	45	2.78038	-4.83838	-5.06286
75	45	55	2.57237	-5.10062	-5.24223
75	45	65	2.59211	-4.18214	-4.18618
75	45	75	2.59446	-3.33211	-3.37464
75	45	85	2.71229	-4.78631	-4.94638
75	55	5	2.87811	-5.1571	-5.33979
75	55	15	3.26808	-4.87312	-4.83996
75	55	25	3.54117	-4.1876	-3.74866
75	55	35	3.69562	-5.17488	-4.23816
75	55	45	3.53197	-5.74767	-4.97014
75	55	55	2.85434	-5.37652	-5.31981
75	55	65	2.67176	-4.48237	-4.53106
75	55	75	2.63472	-3.70527	-3.74889
75	55	85	2.83335	-4.90253	-5.14323
75	65	5	3.61138	-5.42263	-5.77283
75	65	15	3.99743	-5.83937	-4.92613
75	65	25	4.39852	-5.65175	-4.01159
75	65	35	4.88033	-5.6783	-3.43118
75	65	45	4.68303	-6.28324	-4.31206
75	65	55	4.26264	-6.68071	-5.66829
75	65	65	3.30541	-5.56305	-5.11578
75	65	75	3.02342	-4.99247	-4.70401
75	65	85	3.1945	-5.4545	-5.33304
75	75	5	3.50924	-5.2521	-5.90512
75	75	15	3.23188	-4.89929	-5.1428
75	75	25	2.96802	-3.91367	-3.64115
75	75	35	3.53231	-3.71152	-2.77113
75	75	45	4.32367	-5.13183	-3.83923
75	75	55	4.38045	-6.19543	-5.90767
75	75	65	2.91979	-5.29164	-5.04173
75	75	75	2.82525	-4.98946	-4.92803
75	75	85	3.06158	-5.24615	-5.38088
75	85	5	3.42895	-5.07668	-5.88519
75	85	15	2.90057	-4.99296	-5.28113
75	85	25	2.71212	-3.53957	-3.48183
75	85	35	2.96814	-3.00592	-2.63005
75	85	45	2.98506	-3.69363	-3.57962
75	85	55	3.23607	-5.23009	-5.83545
75	85	65	2.58801	-5.04817	-5.03367
75	85	75	2.58578	-4.9938	-4.96423
75	85	85	2.74167	-5.06934	-5.14134
85	5	5	3.50617	-4.59267	-5.48328
85	5	15	2.73918	-4.23525	-4.19458
85	5	25	2.78477	-3.25157	-3.04065
85	5	35	2.74508	-3.04164	-2.82923
85	5	45	3.02087	-3.66203	-3.75219
85	5	55	3.15535	-4.56992	-5.0704
85	5	65	2.84177	-4.82287	-4.79226
85	5	75	2.60097	-4.98434	-5.04652
85	5	85	2.78166	-4.94871	-5.02081
85	15	5	2.91399	-3.62561	-4.00773
85	15	15	2.88523	-3.96045	-3.74975
85	15	25	3.55767	-4.60647	-3.68649
85	15	35	3.75645	-4.58503	-3.37921
85	15	45	3.37474	-5.60031	-4.89539
85	15	55	3.03723	-5.50883	-5.10564
85	15	65	2.60089	-5.16557	-5.08983
85	15	75	2.53369	-4.30212	-4.28393
85	15	85	2.55214	-3.59086	-3.59072
85	25	5	3.05471	-4.41846	-4.59773
85	25	15	2.90477	-4.30589	-4.09634
85	25	25	3.18194	-3.70116	-3.05076
85	25	35	3.46717	-4.26804	-3.79229
85	25	45	3.13877	-5.24199	-4.75751
85	25	55	2.85668	-5.36334	-5.15877
85	25	65	2.61725	-5.06405	-5.02612
85	25	75	2.53242	-3.69807	-3.67985
85	25	85	2.63084	-4.59204	-4.51144
85	35	5	2.74402	-4.98208	-5.13451
85	35	15	2.5528	-4.56792	-4.56754
85	35	25	2.82836	-3.36494	-3.20929
85	35	35	3.0983	-3.93159	-4.2235
85	35	45	2.73796	-4.77362	-4.71282
85	35	55	2.65685	-5.18237	-5.0822
85	35	65	2.6164	-4.88684	-4.86662
85	35	75	2.57712	-3.62246	-3.63544
85	35	85	2.61475	-4.78475	-4.80163
85	45	5	2.86095	-5.10783	-5.33635
85	45	15	2.76495	-4.81548	-4.80967
85	45	25	3.2264	-3.25338	-3.419
85	45	35	3.02387	-4.40556	-4.47922
85	45	45	2.65639	-4.83794	-4.89575
85	45	55	2.59771	-5.10105	-5.24293
85	45	65	2.63422	-4.30327	-4.30952
85	45	75	2.59966	-3.93296	-3.93915
85	45	85	2.7575	-4.96875	-5.1708
85	55	5	3.07562	-5.19933	-5.4767
85	55	15	3.55309	-5.45255	-4.9469
85	55	25	4.05221	-4.19957	-3.7184
85	55	35	4.10094	-4.67774	-3.82152
85	55	45	4.07568	-6.05689	-4.70091
85	55	55	3.21967	-5.65689	-5.30647
85	55	65	2.81683	-4.12419	-4.15845
85	55	75	2.64714	-3.70583	-3.6768
85	55	85	2.72345	-4.98852	-5.11717
85	65	5	3.54401	-5.47333	-5.67493
85	65	15	3.46123	-5.35156	-5.00165
85	65	25	3.71232	-4.38358	-3.6376
85	65	35	4.40547	-4.47853	-2.83482
85	65	45	4.77876	-5.58468	-3.70763
85	65	55	4.19758	-6.5887	-5.57385
85	65	65	3.68157	-4.67131	-3.90671
85	65	75	3.11447	-4.49633	-4.08484
85	65	85	3.18708	-5.30523	-5.15823
85	75	5	4.34709	-5.56808	-6.43087
85	75	15	3.47825	-4.99669	-4.47364
85	75	25	3.12952	-3.66759	-3.1373
85	75	35	3.55305	-3.69919	-2.73834
85	75	45	4.86686	-4.98237	-3.66904
85	75	55	4.78955	-6.26511	-5.56148
85	75	65	4.16032	-4.21422	-3.80345
85	75	75	2.90869	-3.80655	-3.54961
85	75	85	3.42319	-5.42053	-5.07611
85	85	5	3.92048	-5.38135	-6.19084
85	85	15	2.78382	-4.85424	-4.82174
85	85	25	2.78623	-3.40648	-3.17595
85	85	35	2.7123	-2.7708	-2.61122
85	85	45	3.41278	-3.13513	-3.31662
85	85	55	3.66579	-4.61514	-5.6044
85	85	65	2.96051	-3.99131	-4.22286
85	85	75	2.81322	-3.94978	-3.9517
85	85	85	2.99073	-5.19544	-5.31714
