5	5	5	0.100756	-0.869302	0.0935759
5	5	15	0.0403199	-0.605322	0.474305
5	5	25	0.116413	-0.102982	0.0344223
5	5	35	0.0543452	-0.363574	-1.44644
5	5	45	0.172209	-0.326837	-0.909363
5	5	55	0.182283	-0.762835	1.39044
5	5	65	-0.286471	-0.222383	0.736886
5	5	75	-0.0132779	-0.361894	-0.651692
5	5	85	-0.521123	-0.957934	-1.32972
5	15	5	0.1199	-2.32922	-0.903703
5	15	15	0.565519	-0.721831	0.0618378
5	15	25	-0.0670886	-0.2324	-0.559913
5	15	35	0.670067	-0.326173	-0.882998
5	15	45	1.24082	-2.52455	-0.844098
5	15	55	-0.399997	-3.33021	1.0644
5	15	65	-0.331319	-0.240613	-0.152514
5	15	75	-0.295996	-0.510601	-0.748083
5	15	85	-0.695419	-1.53838	-1.32606
5	25	5	1.51493	-1.31297	-1.33979
5	25	15	0.573363	-0.528384	-1.38077
5	25	25	0.431595	-0.225523	-0.304026
5	25	35	0.686994	-0.945757	1.38523
5	25	45	4.11415	-3.3112	2.58603
5	25	55	0.377238	-3.32883	-2.13482
5	25	65	-0.61514	-0.810602	-1.59285
5	25	75	-0.654549	-0.338313	-0.280027
5	25	85	-0.334961	-0.75091	-1.1164
5	35	5	1.28689	1.97875	-1.73661
5	35	15	0.627921	0.186094	0.535735
5	35	25	0.381442	-0.238628	0.391204
5	35	35	0.639702	-0.45726	0.554692
5	35	45	2.97564	0.333344	0.505177
5	35	55	0.752233	0.940666	0.308032
5	35	65	-0.187838	-0.214309	-0.410481
5	35	75	-0.180041	-0.405362	-0.517177
5	35	85	-0.604934	0.221281	-2.3616
5	45	5	-0.0971887	0.418621	-0.362396
5	45	15	0.321824	0.0683508	0.905651
5	45	25	0.234698	-0.13748	0.326506
5	45	35	0.726528	-0.163244	-0.549692
5	45	45	0.923592	0.172751	-0.44768
5	45	55	0.523709	0.267084	0.360914
5	45	65	-0.0497134	0.0608589	0.125789
5	45	75	-0.0893698	-0.184071	-0.543422
5	45	85	-0.381494	0.0090834	-1.90799
5	55	5	0.303903	-0.743045	-0.237073
5	55	15	0.347052	-0.375016	1.19048
5	55	25	0.0499221	0.152494	0.321803
5	55	35	0.413322	-0.00669533	-0.649177
5	55	45	1.01516	-0.367131	-0.556798
5	55	55	0.565426	-0.181946	0.420402
5	55	65	0.152746	-0.0764336	0.0520449
5	55	75	-0.106806	0.0172925	-0.404431
5	55	85	-0.141355	-0.468865	-1.48334
5	65	5	0.664862	-3.70084	-1.41583
5	65	15	0.897428	-2.29335	-1.14718
5	65	25	0.342916	-0.961652	-0.267575
5	65	35	0.75423	-0.97441	0.930657
5	65	45	2.50743	-1.9001	0.133752
5	65	55	1.26799	-1.88148	0.149897
5	65	65	-0.0415592	-0.483796	-1.01074
5	65	75	-0.214071	-0.343148	-0.294252
5	65	85	-0.141743	-1.55192	-0.677673
5	75	5	1.24448	-1.12352	-1.04209
5	75	15	0.513938	-1.04839	-1.50509
5	75	25	0.114164	-0.637261	-0.383713
5	75	35	0.338711	-0.233002	0.303583
5	75	45	2.32517	-0.489964	0.98575
5	75	55	0.5244	0.328702	0.731162
5	75	65	-0.414656	0.225333	-1.35296
5	75	75	-0.0972527	-0.180558	-0.27393
5	75	85	0.169648	-0.428511	0.0889987
5	85	5	0.0787473	-0.562234	-0.323252
5	85	15	0.181483	-0.377721	0.323464
5	85	25	0.0960424	-0.20794	-0.295682
5	85	35	0.0571239	-0.063382	-1.04295
5	85	45	0.761081	0.050755	-1.24572
5	85	55	0.195088	0.697473	1.34644
5	85	65	-0.350082	-0.064625	0.443679
5	85	75	-0.276352	-0.169291	-0.269417
5	85	85	-0.0519827	-0.289105	-0.842155
15	5	5	-1.07463	-0.42612	-0.232244
15	5	15	-0.199159	-0.309228	0.27371
15	5	25	0.0296942	0.0382417	-0.127066
15	5	35	-0.445463	0.059599	-0.235748
15	5	45	-3.37067	-0.375673	-0.0112404
15	5	55	-1.47409	-0.966521	0.838718
15	5	65	0.260216	-0.258844	0.347929
15	5	75	-0.0380376	-0.060963	-0.668131
15	5	85	-0.84449	-0.185329	-1.12207
15	15	5	-2.2153	-3.87848	-2.09739
15	15	15	0.77037	-1.69623	-1.41608
15	15	25	0.778718	-1.15668	-0.717957
15	15	35	0.80189	-2.45732	1.42836
15	15	45	-1.29023	-4.63431	2.78301
15	15	55	-0.503261	-4.67672	0.481361
15	15	65	0.709121	-1.17892	-0.745004
15	15	75	0.150611	-0.493153	-0.546566
15	15	85	-1.27863	-2.5948	-1.07432
15	25	5	-4.6467	-3.09443	-3.68337
15	25	15	1.60335	-2.23914	-5.49839
15	25	25	1.94058	-3.27074	-0.251176
15	25	35	2.50228	-4.73666	5.19079
15	25	45	0.775238	-6.83065	7.0102
15	25	55	0.360514	-4.65308	-2.57726
15	25	65	1.07272	-0.953917	-2.1775
15	25	75	0.283981	-0.967538	-1.24243
15	25	85	-2.77356	-3.37512	0.559777
15	35	5	-5.18359	-0.925235	-3.04574
15	35	15	-1.05522	-1.20743	-1.79705
15	35	25	0.403667	-0.944515	0.37871
15	35	35	1.59184	-1.48651	2.40424
15	35	45	2.40264	-1.44026	3.3685
15	35	55	1.03113	-0.136906	-0.0652901
15	35	65	0.343488	-0.379632	-0.655062
15	35	75	0.224951	-0.591326	-0.604185
15	35	85	-2.39178	-0.474562	-0.372207
15	45	5	-2.50181	-0.621847	-0.730828
15	45	15	-1.20485	-0.400284	-0.415868
15	45	25	0.146727	-0.290666	0.309354
15	45	35	0.416379	0.0104983	-0.0256921
15	45	45	1.08099	0.102818	0.252036
15	45	55	0.670036	0.186708	0.375587
15	45	65	0.166348	-0.249857	0.0444921
15	45	75	-0.143346	-0.0254968	-0.768214
15	45	85	-1.34795	-0.235321	-0.640667
15	55	5	-2.39175	-1.85038	-0.746451
15	55	15	-0.261736	-0.395617	-0.0859808
15	55	25	0.303232	0.117713	0.207134
15	55	35	0.403493	-0.0570271	-0.0205762
15	55	45	0.960285	0.311908	0.112765
15	55	55	0.747561	0.125209	-0.00184162
15	55	65	0.487538	0.04642	0.0285517
15	55	75	0.0437227	0.12708	-0.340373
15	55	85	-1.02556	-1.16813	-1.1126
15	65	5	-2.04795	-4.20904	-2.31924
15	65	15	2.68744	-2.39723	-3.00831
15	65	25	2.0067	0.00385507	0.0201104
15	65	35	2.28466	-0.185319	1.5456
15	65	45	2.47895	-0.435055	1.75747
15	65	55	1.83913	-1.51636	0.372424
15	65	65	1.34815	-0.27788	-1.00646
15	65	75	0.738688	-0.329625	-0.20003
15	65	85	-0.102366	-1.58207	-0.173777
15	75	5	-2.03044	0.704969	-3.98871
15	75	15	3.3985	-0.202892	-4.89376
15	75	25	2.44004	0.827134	-1.8435
15	75	35	2.2109	2.06737	2.7896
15	75	45	-2.09239	0.853211	5.02845
15	75	55	-0.316416	3.05323	-1.86825
15	75	65	2.15031	0.834647	-1.72475
15	75	75	1.21601	-0.0986778	-0.0480515
15	75	85	-0.322007	0.4328	0.38157
15	85	5	-1.82814	0.920668	-1.10855
15	85	15	0.155203	-0.0761458	-0.156458
15	85	25	0.172926	-0.093471	-0.177648
15	85	35	-0.398667	0.169803	0.0318903
15	85	45	-4.23992	1.28748	-0.24875
15	85	55	-1.63898	1.9987	0.00679461
15	85	65	0.446512	0.167081	0.260073
15	85	75	0.179677	-0.225445	-0.297255
15	85	85	-0.594799	0.493816	-1.17867
25	5	5	0.0799256	-0.0191137	-1.11543
25	5	15	0.173057	0.160141	-0.486971
25	5	25	0.0632284	0.1858	0.0405452
25	5	35	-0.695237	0.151408	0.778304
25	5	45	-2.56506	-0.101561	0.169286
25	5	55	-0.759341	-0.456963	-0.998211
25	5	65	0.377254	-0.122171	-0.473077
25	5	75	0.201465	0.0218682	-0.389154
25	5	85	0.00762013	0.0346779	-0.993447
25	15	5	-1.01294	-3.95617	-4.41547
25	15	15	0.630652	-1.9314	-3.52557
25	15	25	-0.656224	-1.57165	-0.0176244
25	15	35	-1.48533	-1.30348	4.71756
25	15	45	-2.25061	-1.86283	3.45078
25	15	55	0.758648	-4.37767	-4.75669
25	15	65	0.705721	-1.71906	-2.00973
25	15	75	0.715192	-1.28533	-0.0308297
25	15	85	-0.716641	-3.10081	0.551709
25	25	5	-3.5268	-1.49711	-7.57249
25	25	15	-1.88343	-2.69586	-9.29586
25	25	25	-2.75751	-6.10659	-0.156801
25	25	35	0.993264	-4.48885	8.90833
25	25	45	-0.394305	-3.80741	7.99658
25	25	55	2.13536	-3.78945	-7.64169
25	25	65	1.97669	-3.46863	-5.37685
25	25	75	-0.765221	-2.69678	0.7721
25	25	85	-4.01555	-2.71743	4.32605
25	35	5	-3.65149	-0.760194	-4.65629
25	35	15	-3.97204	-3.60971	-6.44634
25	35	25	-3.22159	-3.37694	-1.59378
25	35	35	2.49904	-3.65551	6.11499
25	35	45	2.15045	-1.99328	5.53893
25	35	55	2.90506	-0.83372	-3.05706
25	35	65	0.482742	-1.61508	-2.70798
25	35	75	-0.719874	-1.8351	0.885384
25	35	85	-4.51393	-2.26907	2.65141
25	45	5	-1.96071	-1.56871	-0.827867
25	45	15	-1.41538	-1.04861	-1.56479
25	45	25	-0.616528	-0.878363	-0.40106
25	45	35	0.899766	-0.546272	1.18083
25	45	45	2.14111	-0.550095	1.3809
25	45	55	1.57599	-0.067606	-0.724474
25	45	65	0.0582236	-0.297313	-0.0714134
25	45	75	-0.0344455	-0.582503	0.110113
25	45	85	-1.25619	-0.627948	0.322313
25	55	5	-2.16222	-1.75921	-1.5182
25	55	15	-1.03314	-0.366453	-1.38349
25	55	25	0.112576	0.30459	-0.291507
25	55	35	0.807265	0.394308	1.2202
25	55	45	2.39874	0.938732	0.953497
25	55	55	1.68761	0.848299	-0.515807
25	55	65	0.586286	0.220084	-0.266239
25	55	75	0.0139132	0.27736	0.107855
25	55	85	-1.13369	-0.529889	0.546603
25	65	5	-2.49773	-1.31295	-3.27329
25	65	15	0.432126	0.478768	-7.66879
25	65	25	1.98278	2.43576	-2.15703
25	65	35	4.66806	3.40985	5.14781
25	65	45	3.21309	1.21642	3.27341
25	65	55	3.69427	0.712402	-3.11818
25	65	65	3.20358	0.988238	-2.59409
25	65	75	2.20374	0.747039	1.01275
25	65	85	-0.57968	0.0206399	4.59281
25	75	5	-1.50897	0.768682	-5.38703
25	75	15	3.18646	2.42593	-9.09516
25	75	25	3.25443	3.51699	-2.82986
25	75	35	3.12799	4.12389	7.7531
25	75	45	-1.04701	1.02148	6.86781
25	75	55	1.74434	2.73807	-7.40985
25	75	65	4.47707	2.67098	-5.29398
25	75	75	3.6915	1.90761	2.78916
25	75	85	1.59658	2.65205	6.39899
25	85	5	-0.604952	3.64535	-3.06881
25	85	15	1.03086	1.61933	-3.47402
25	85	25	0.292602	0.82523	-0.0618729
25	85	35	-0.886337	1.29189	3.27758
25	85	45	-2.31423	1.83885	1.4855
25	85	55	-0.646714	1.25958	-3.18739
25	85	65	0.776193	0.171231	-1.41917
25	85	75	0.691201	0.237879	0.119693
25	85	85	0.328855	2.07347	0.0716427
35	5	5	1.76778	0.404433	-0.917494
35	5	15	0.397734	0.147539	0.2821
35	5	25	-0.39256	0.215494	0.370897
35	5	35	-0.156106	0.185086	0.110052
35	5	45	0.508107	0.154088	-1.39961
35	5	55	0.300992	0.157926	-0.418564
35	5	65	0.216647	0.0107864	-0.490919
35	5	75	0.242855	-0.0177866	-0.424151
35	5	85	1.22528	0.0576946	-0.892869
35	15	5	0.312434	-3.9576	-2.67756
35	15	15	-1.80283	-2.04257	-1.81511
35	15	25	-1.8355	-1.23141	0.214329
35	15	35	-1.66288	-0.322596	2.22883
35	15	45	0.264482	0.0263541	0.654641
35	15	55	0.387698	-0.504104	-2.74312
35	15	65	0.136416	-0.642411	-1.84326
35	15	75	0.0242669	-0.666292	-0.287465
35	15	85	0.642496	-2.30253	0.387789
35	25	5	-0.268584	-3.20816	-5.2071
35	25	15	-3.75654	-4.22097	-6.32014
35	25	25	-4.85771	-5.49622	-1.9825
35	25	35	-4.04208	-1.91745	6.02955
35	25	45	0.422897	1.17854	5.59332
35	25	55	0.94213	-1.1281	-7.69836
35	25	65	-1.54202	-1.92688	-3.33246
35	25	75	-1.5486	-2.17713	1.19246
35	25	85	-1.23795	-2.76079	2.95725
35	35	5	-0.820169	-1.55585	-2.32955
35	35	15	-2.84383	-3.41467	-3.91372
35	35	25	-2.15246	-1.81711	-1.45352
35	35	35	-0.255691	-2.13381	2.42568
35	35	45	3.62828	0.145475	2.6461
35	35	55	3.01867	0.314201	-2.85493
35	35	65	-0.204952	-1.19145	-0.753702
35	35	75	-0.554017	-0.919656	0.637952
35	35	85	-1.15413	-0.924065	0.619501
35	45	5	-1.06977	-1.06471	-0.341756
35	45	15	-0.736659	-0.817353	-0.952547
35	45	25	-0.0806596	-0.857637	-0.524183
35	45	35	0.877388	-0.653114	0.854616
35	45	45	2.26948	0.229511	0.617082
35	45	55	1.69087	0.0882398	0.0681613
35	45	65	0.215497	-0.331745	0.186223
35	45	75	0.0512414	-0.405416	0.00678668
35	45	85	-0.271183	-0.488556	0.264672
35	55	5	-0.673351	-0.728565	-0.722544
35	55	15	-0.817006	0.138225	-0.891754
35	55	25	0.0803621	0.150565	-0.701104
35	55	35	1.00442	0.458568	0.71025
35	55	45	2.1022	0.552531	-0.00500268
35	55	55	1.75247	0.124731	-0.299134
35	55	65	0.503403	0.267242	-0.076487
35	55	75	-0.0447018	0.165331	0.375286
35	55	85	-0.0474438	0.00141345	0.415137
35	65	5	-0.0244886	1.27325	-1.52127
35	65	15	-2.62898	2.07757	-4.94625
35	65	25	0.634329	1.94775	-1.41762
35	65	35	2.37057	1.89822	2.12817
35	65	45	4.61684	0.897832	1.39884
35	65	55	4.78402	1.07035	-3.83736
35	65	65	1.73536	1.18406	-1.71488
35	65	75	0.459713	1.1539	1.75972
35	65	85	-0.119299	1.54049	4.17172
35	75	5	1.35415	6.15349	-1.80385
35	75	15	-3.6955	5.4262	-6.52719
35	75	25	-1.6904	2.72538	-2.27351
35	75	35	0.310341	2.2622	3.57706
35	75	45	3.3678	0.346967	3.83575
35	75	55	3.21259	1.73389	-6.51871
35	75	65	1.53125	1.69831	-2.85311
35	75	75	0.956176	1.5034	1.88291
35	75	85	0.555144	3.22824	5.62399
35	85	5	1.83047	5.19107	-2.6492
35	85	15	-1.25114	3.35252	-1.47882
35	85	25	-0.735657	1.14639	-0.0209623
35	85	35	-1.1297	0.847678	1.36132
35	85	45	0.730724	2.51447	0.17008
35	85	55	1.20441	0.921005	-2.98221
35	85	65	0.477147	0.622709	-1.21348
35	85	75	0.401417	0.33434	-0.0198086
35	85	85	2.17823	2.1049	0.267496
45	5	5	1.71046	0.125279	0.435452
45	5	15	0.197069	0.202779	0.901562
45	5	25	-0.15924	-0.00991671	0.16808
45	5	35	0.251162	0.287954	-0.708114
45	5	45	1.13148	0.360027	-0.946108
45	5	55	0.516628	0.312882	0.128562
45	5	65	0.0721769	0.0857367	-0.178496
45	5	75	0.320659	0.00148784	-0.573674
45	5	85	1.53249	0.542448	-1.17
45	15	5	0.80429	-2.76023	-0.845013
45	15	15	-1.58885	-2.09626	-0.479021
45	15	25	-1.21113	-1.38167	0.487903
45	15	35	-0.308096	-0.257196	0.147433
45	15	45	1.89828	-0.636651	-1.72162
45	15	55	0.50822	-0.542061	-0.524319
45	15	65	0.048672	-0.251615	-0.569503
45	15	75	0.0791786	-0.442313	-0.866535
45	15	85	1.30549	-0.992691	-0.929541
45	25	5	0.64464	-1.41059	-0.341331
45	25	15	-2.62519	-2.84824	-2.4999
45	25	25	-1.92696	-1.91368	-0.921066
45	25	35	-1.79537	-1.26044	1.52618
45	25	45	2.40172	-0.680322	-0.645768
45	25	55	1.54687	-0.0581511	-2.38197
45	25	65	-0.0900432	-0.864553	-1.28288
45	25	75	-0.261686	-1.05722	0.151355
45	25	85	0.192768	-0.980224	0.544304
45	35	5	-0.164177	-0.417677	0.0961576
45	35	15	-1.57756	-0.972894	-0.636762
45	35	25	-0.658183	-0.296132	-0.310124
45	35	35	-0.312588	-0.268579	-0.39909
45	35	45	2.61155	1.10752	-1.20482
45	35	55	1.89992	1.19204	-0.320808
45	35	65	-0.0122276	-0.244595	0.18901
45	35	75	-0.0156145	-0.532303	0.2009
45	35	85	0.0956177	-0.375651	-0.00384923
45	45	5	-0.250403	-0.280375	-0.0835635
45	45	15	-0.238278	-0.292873	0.351883
45	45	25	-0.110096	-0.381024	0.0552331
45	45	35	-0.152201	-0.142819	-1.08035
45	45	45	1.06421	0.335284	-0.526191
45	45	55	1.77241	0.334474	0.906535
45	45	65	0.136076	-0.0915895	0.599254
45	45	75	-0.0956743	-0.224645	-0.168478
45	45	85	0.112586	-0.377632	-0.190884
45	55	5	-0.250212	-0.462776	0.18564
45	55	15	-0.566193	-0.36725	0.571134
45	55	25	-0.0178234	0.00699193	-0.2271
45	55	35	0.21189	-0.0737081	-1.00527
45	55	45	1.21261	-0.377708	-0.688325
45	55	55	1.51558	-0.174264	0.340582
45	55	65	0.213156	0.173077	0.658097
45	55	75	-0.0370275	-0.0629677	0.0357893
45	55	85	-0.038824	-0.143855	-0.115716
45	65	5	0.68744	-0.504123	0.72816
45	65	15	-1.18361	0.545642	0.124784
45	65	25	-0.322109	0.0716263	-0.378337
45	65	35	0.166945	0.230321	-0.98548
45	65	45	3.94414	-0.789601	-1.57121
45	65	55	3.06366	-0.23052	-0.914875
45	65	65	0.288792	0.26134	0.0553411
45	65	75	-0.142483	0.229044	0.198162
45	65	85	-0.0358729	0.333867	0.378045
45	75	5	1.55533	3.15052	0.326897
45	75	15	-1.74949	2.21769	-1.46085
45	75	25	-0.517167	0.935786	-0.775215
45	75	35	-0.0682453	0.894996	-0.0201626
45	75	45	4.53106	1.55604	-0.941167
45	75	55	2.55832	0.699512	-1.67716
45	75	65	0.205025	0.666712	-0.6375
45	75	75	0.0566816	0.308956	0.146234
45	75	85	0.517265	0.934994	1.27835
45	85	5	1.55726	3.7755	-0.542184
45	85	15	-0.734963	1.68372	0.075018
45	85	25	-0.340262	0.239247	0.0250666
45	85	35	0.207108	0.427932	-0.60569
45	85	45	2.66197	1.93109	-1.54498
45	85	55	1.19105	1.23492	0.180427
45	85	65	0.236182	0.303152	-0.46367
45	85	75	0.564911	0.32963	-0.36877
45	85	85	2.39032	1.37552	-0.541995
55	5	5	-0.667823	0.485266	0.202021
55	5	15	-0.335528	0.225038	1.2645
55	5	25	0.27198	0.084758	0.404636
55	5	35	0.439861	0.428613	-0.749702
55	5	45	0.955612	0.31609	-0.702982
55	5	55	0.337712	0.399802	0.14265
55	5	65	0.320152	0.0905044	0.226145
55	5	75	0.412975	0.245544	-0.90718
55	5	85	0.1649	0.10191	-1.15039
55	15	5	-0.254945	-2.45246	-0.276473
55	15	15	-0.26862	-1.40009	0.218565
55	15	25	0.439256	-0.645297	0.323127
55	15	35	0.44917	-0.402907	0.00112295
55	15	45	1.25791	-0.546186	-0.938384
55	15	55	0.870658	-0.312406	-0.603376
55	15	65	0.691583	-0.38965	-0.441116
55	15	75	1.02981	-0.408318	-0.834974
55	15	85	1.0956	-0.945964	-0.499231
55	25	5	-0.414295	-1.59414	0.401559
55	25	15	0.444317	-2.16324	-1.65923
55	25	25	0.497647	-1.13994	-0.84351
55	25	35	0.89584	-0.531562	0.838743
55	25	45	0.447538	-0.566945	-0.298577
55	25	55	1.33068	-0.169783	-2.58308
55	25	65	1.26137	-0.563806	-1.64794
55	25	75	0.808761	-0.795366	0.128889
55	25	85	1.50668	-1.56769	1.08228
55	35	5	-0.336944	-0.820545	0.741851
55	35	15	0.000773233	-0.864071	-0.270292
55	35	25	0.0763407	-0.246449	-0.30097
55	35	35	-0.0264452	-0.335248	-0.554934
55	35	45	-1.47418	1.67228	-2.1029
55	35	55	-0.156704	1.72995	-0.600217
55	35	65	0.895135	-0.0613445	0.354292
55	35	75	0.394076	-0.42323	-0.0189959
55	35	85	0.426348	-0.255453	0.0183181
55	45	5	-0.32649	-0.495555	-0.0990085
55	45	15	-0.308144	-0.410727	0.518249
55	45	25	0.0599957	-0.378183	-0.324997
55	45	35	-0.391851	-0.102216	-1.06274
55	45	45	-1.85241	0.612905	-2.25064
55	45	55	-0.407035	-0.0282649	0.321253
55	45	65	0.376947	-0.0753236	0.596622
55	45	75	0.0821053	0.0193415	-0.0264387
55	45	85	-0.0348812	-0.390562	-0.335748
55	55	5	-0.45085	-0.564345	-0.0930488
55	55	15	-0.36593	-0.381944	0.528207
55	55	25	-0.0763627	0.244418	-0.242946
55	55	35	-0.31378	-0.152143	-1.3251
55	55	45	-1.55513	-0.842181	-1.25037
55	55	55	-0.717924	-0.422265	0.173621
55	55	65	0.152093	-0.053453	0.398827
55	55	75	0.108778	0.0387821	0.133719
55	55	85	-0.117313	-0.127137	-0.214864
55	65	5	-1.44848	-0.829721	1.13091
55	65	15	-0.680825	0.175271	0.0131831
55	65	25	0.0515276	0.269802	-0.636034
55	65	35	-0.427091	-0.31414	-1.09383
55	65	45	-1.72206	-1.29247	-2.07462
55	65	55	0.152497	-1.58003	-1.68135
55	65	65	0.286894	-0.0208958	0.0709786
55	65	75	0.308246	-0.0203908	0.278033
55	65	85	0.347938	-0.264784	0.507867
55	75	5	-2.33274	2.90006	1.71487
55	75	15	-0.193748	1.45517	-0.807642
55	75	25	0.059843	0.544348	-0.670899
55	75	35	0.716273	0.177104	-0.553463
55	75	45	0.136705	0.741202	-1.56066
55	75	55	0.835552	-0.212082	-2.26154
55	75	65	0.65675	-0.0185322	-0.770387
55	75	75	0.52046	0.296744	-0.0679371
55	75	85	0.944459	1.66285	1.67238
55	85	5	-2.19108	3.19377	0.842071
55	85	15	-0.496213	1.43779	0.963868
55	85	25	0.275831	0.326849	-0.136181
55	85	35	0.519436	0.764785	-0.729486
55	85	45	0.613824	1.73813	-0.964547
55	85	55	0.986206	1.01806	-0.204985
55	85	65	0.6146	0.210268	-0.299857
55	85	75	0.316777	0.139486	-0.570096
55	85	85	0.336051	1.31144	-1.02507
65	5	5	-1.61467	-0.566513	-0.228008
65	5	15	0.103202	-0.236331	0.957552
65	5	25	0.510516	-0.0702333	0.235556
65	5	35	0.473881	0.355403	-0.379219
65	5	45	0.999142	0.431404	-1.11814
65	5	55	1.19325	0.472135	-0.911451
65	5	65	0.45145	0.107402	-0.350818
65	5	75	-0.0537526	0.145988	-0.284049
65	5	85	-1.07961	-0.36621	-0.168399
65	15	5	-1.22378	-5.11447	-1.12032
65	15	15	1.3222	-2.42793	-1.00439
65	15	25	1.08596	-0.388505	0.300523
65	15	35	1.45048	-0.0776257	0.295039
65	15	45	2.50683	0.10405	-1.44865
65	15	55	2.51434	1.53796	-3.9653
65	15	65	1.71586	0.220745	-1.83575
65	15	75	1.15788	-0.366049	-0.207525
65	15	85	-0.110966	-1.60915	1.43331
65	25	5	-0.268888	-3.6534	2.9145
65	25	15	3.73161	-3.28916	-6.21083
65	25	25	3.52058	-1.50683	-2.05097
65	25	35	3.82789	-0.281595	3.50328
65	25	45	0.756545	0.760855	1.04113
65	25	55	3.67287	1.51116	-8.47521
65	25	65	5.12897	-0.267763	-6.53667
65	25	75	4.5532	-1.27137	0.808381
65	25	85	3.75432	-2.50199	5.71349
65	35	5	-0.31468	-1.01588	1.90424
65	35	15	2.26848	-1.46567	-2.13712
65	35	25	1.65905	-0.754081	-1.4627
65	35	35	1.41663	0.0452413	0.517979
65	35	45	-2.92847	2.67528	0.158563
65	35	55	-0.522329	1.57087	-5.17597
65	35	65	1.18523	-0.10227	-1.8655
65	35	75	1.90481	-0.327404	1.06839
65	35	85	2.29867	-1.43779	3.35495
65	45	5	-0.202389	-0.922212	0.0850207
65	45	15	0.428104	-0.441126	0.0718881
65	45	25	0.317258	-0.256416	-0.283801
65	45	35	-0.407177	-0.225111	-0.696553
65	45	45	-2.38527	1.21642	-1.04858
65	45	55	-2.02507	-0.0794823	-1.3446
65	45	65	-0.0453158	-0.355976	-0.202001
65	45	75	0.447146	-0.205912	0.148336
65	45	85	0.428441	-0.329299	0.479127
65	55	5	-0.249228	-1.11344	1.06988
65	55	15	0.111668	-0.341539	0.22229
65	55	25	0.101295	-0.0834729	-0.222333
65	55	35	-1.00544	-0.145295	-0.495038
65	55	45	-2.86322	-1.41605	-1.02246
65	55	55	-2.34656	-0.59486	-1.61542
65	55	65	-0.358174	0.00916906	-0.427554
65	55	75	0.126289	0.133629	0.0662091
65	55	85	0.253313	-0.208645	0.763997
65	65	5	-2.66667	1.08355	2.22976
65	65	15	0.877213	0.957676	-3.04541
65	65	25	0.171207	-0.222015	-1.30452
65	65	35	-0.505058	-0.865667	1.17391
65	65	45	-4.23614	-1.88467	-0.369119
65	65	55	-1.04129	-1.54104	-6.46598
65	65	65	0.270686	-0.227008	-3.62768
65	65	75	1.2752	-0.273601	1.57203
65	65	85	1.42067	0.772923	5.20753
65	75	5	-3.8887	3.95366	0.751618
65	75	15	1.44449	3.04046	-5.09446
65	75	25	1.3106	0.557017	-1.88563
65	75	35	1.07774	0.00413504	1.43576
65	75	45	-1.55238	-0.281489	-1.25543
65	75	55	2.22238	-2.60809	-8.64128
65	75	65	2.5836	-0.921773	-5.92337
65	75	75	1.61372	0.224276	0.532941
65	75	85	0.672424	0.775385	6.19818
65	85	5	-3.38928	2.95008	-0.450759
65	85	15	-0.14991	1.30797	-0.644337
65	85	25	0.839433	0.313934	-0.147303
65	85	35	0.904484	0.292525	-0.0990285
65	85	45	0.80812	0.969304	-1.66449
65	85	55	2.06264	-0.611112	-3.51364
65	85	65	0.144095	-0.23305	-1.796
65	85	75	-0.783897	-0.547628	0.405095
65	85	85	-2.00468	0.16865	1.24592
75	5	5	0.312939	-0.807922	-0.646487
75	5	15	0.224046	-0.104317	-1.0537
75	5	25	0.762007	0.039495	-0.33439
75	5	35	1.242	0.196979	-0.000897838
75	5	45	1.68212	0.751153	-0.865096
75	5	55	2.81574	0.0484282	-2.83029
75	5	65	0.586729	-0.150762	-1.39804
75	5	75	-0.0102727	-0.141356	0.114707
75	5	85	0.02698	-0.777371	0.425305
75	15	5	1.37702	-2.85396	-1.91372
75	15	15	2.06261	-0.502058	-5.51139
75	15	25	2.58094	0.959777	-1.5956
75	15	35	3.61821	1.39604	1.95577
75	15	45	3.29933	0.563326	-0.505333
75	15	55	4.52304	2.50523	-7.0947
75	15	65	2.15879	1.51435	-6.02335
75	15	75	0.468824	0.10515	1.47003
75	15	85	0.129531	0.062823	4.52336
75	25	5	2.78035	0.0279899	-0.264786
75	25	15	4.17984	-0.045922	-9.27723
75	25	25	6.36074	1.54202	-5.0617
75	25	35	4.92127	2.17215	4.9157
75	25	45	1.63371	1.28461	3.58003
75	25	55	1.81379	1.71626	-9.52229
75	25	65	2.20457	3.1939	-9.56589
75	25	75	1.40669	3.82491	0.434197
75	25	85	0.357803	0.830032	8.58924
75	35	5	3.48824	0.59437	-0.367064
75	35	15	4.49174	-1.2082	-5.80004
75	35	25	3.03661	0.165879	-2.00688
75	35	35	0.914293	0.215153	3.85484
75	35	45	-0.319343	-0.0383428	2.04277
75	35	55	-0.626767	0.156546	-8.56652
75	35	65	0.203029	0.651415	-6.9454
75	35	75	1.40401	0.133486	1.94003
75	35	85	3.38746	-1.36213	6.10174
75	45	5	1.61084	-0.738792	0.272147
75	45	15	1.27171	-0.594	-0.368049
75	45	25	0.271359	-0.476082	-0.113842
75	45	35	-0.181506	-0.358269	-0.310721
75	45	45	-0.770424	1.15651	-0.899242
75	45	55	-1.45279	0.256737	-2.27554
75	45	65	-0.11174	-0.416274	-0.839311
75	45	75	-0.0387491	-0.523692	-0.00697274
75	45	85	1.29587	-0.711171	1.3839
75	55	5	1.17374	-2.33097	0.383801
75	55	15	0.320016	-0.830662	-0.551944
75	55	25	-0.1159	-0.161522	0.0109033
75	55	35	-0.302129	-0.140247	0.0439342
75	55	45	-1.20764	-1.48214	-0.453253
75	55	55	-2.29805	0.776053	-2.61383
75	55	65	-0.64791	0.228238	-1.43373
75	55	75	-0.301107	0.104204	0.32768
75	55	85	0.818905	0.0961293	1.07323
75	65	5	2.43	-2.73154	1.09034
75	65	15	-0.270337	-4.19308	-6.09745
75	65	25	-2.02463	-3.50831	-2.40322
75	65	35	-2.6492	-3.35899	4.02734
75	65	45	-1.56162	-3.03334	1.18943
75	65	55	-2.76152	-0.393562	-8.52698
75	65	65	-3.77041	-0.781345	-6.83076
75	65	75	-3.12968	-2.08863	0.784885
75	65	85	-0.352993	-1.9812	7.05967
75	75	5	0.56236	-2.50655	-1.07414
75	75	15	-1.46313	-3.38684	-9.16565
75	75	25	0.187706	-4.88478	-5.42224
75	75	35	1.337	-4.00317	5.49307
75	75	45	2.77542	-3.98668	1.36839
75	75	55	1.01711	-4.12672	-9.57503
75	75	65	-2.31591	-4.73074	-8.87075
75	75	75	-5.13788	-4.84689	2.25923
75	75	85	-3.19671	-3.95783	8.65206
75	85	5	-0.173134	0.282023	-1.78724
75	85	15	-0.809598	-1.24803	-4.57769
75	85	25	1.10189	-0.434579	-1.62509
75	85	35	1.92221	-0.716352	1.45415
75	85	45	3.96211	-0.390671	-1.69989
75	85	55	3.84333	-2.44453	-6.39301
75	85	65	0.728574	-2.40714	-5.34776
75	85	75	-1.71579	-1.94859	1.8049
75	85	85	-1.75034	-2.42797	3.01895
85	5	5	1.59851	-1.37913	-1.04998
85	5	15	0.800474	-0.530769	-0.629517
85	5	25	0.711819	0.125254	-0.628347
85	5	35	1.2062	-0.245162	0.145918
85	5	45	2.50003	-0.10405	-0.576348
85	5	55	2.27118	-0.846775	-1.9234
85	5	65	0.31872	-0.377002	-0.392689
85	5	75	-0.0105247	-0.356961	0.0604252
85	5	85	0.457349	-0.653138	-0.616424
85	15	5	3.43808	-2.58587	-1.01119
85	15	15	1.6237	0.298004	-3.04902
85	15	25	2.2516	1.62963	-2.24368
85	15	35	2.67492	1.08999	1.13318
85	15	45	4.96542	0.317085	-0.911539
85	15	55	2.47403	-0.658324	-3.88345
85	15	65	-0.486101	-0.125601	-1.70432
85	15	75	-0.794328	-0.0672312	0.297775
85	15	85	-0.135055	-0.964159	0.975375
85	25	5	5.55855	0.442247	-0.344073
85	25	15	0.21108	2.29047	-5.32788
85	25	25	1.59587	2.2177	-2.29899
85	25	35	2.22646	2.38746	2.5839
85	25	45	6.18344	1.70895	2.77858
85	25	55	0.0154308	-0.682165	-7.34195
85	25	65	-3.64159	0.0170741	-6.13697
85	25	75	-2.55301	0.357393	0.552221
85	25	85	-0.258136	0.445127	3.84322
85	35	5	5.78137	2.20557	-1.25605
85	35	15	2.09301	1.12608	-2.26721
85	35	25	0.683837	0.996732	-0.0484033
85	35	35	0.617513	0.832532	1.67556
85	35	45	3.70015	0.875048	1.31999
85	35	55	-0.0824471	-0.353049	-5.23973
85	35	65	-1.06385	-0.303782	-2.22496
85	35	75	-0.441926	-0.228519	-0.546531
85	35	85	1.23342	0.328082	1.18498
85	45	5	2.68172	0.0498943	-0.0145896
85	45	15	1.13024	-0.339322	0.23133
85	45	25	0.213181	-0.199308	0.0674988
85	45	35	0.399914	-0.187624	-0.495377
85	45	45	0.968214	0.706388	-0.914354
85	45	55	0.0904571	0.0758603	-0.647187
85	45	65	-0.258382	0.124374	-0.0916979
85	45	75	-0.317156	-0.195842	-0.510266
85	45	85	0.740363	-0.109203	-0.362121
85	55	5	2.16368	-2.2893	0.157635
85	55	15	0.78549	-0.656164	0.298156
85	55	25	0.234097	-0.128293	0.105583
85	55	35	0.161612	-0.302081	-0.341286
85	55	45	0.770159	-0.618684	-1.0192
85	55	55	-0.453216	0.101716	-0.49026
85	55	65	-0.384866	0.0971538	-0.0435739
85	55	75	-0.236684	0.080939	-0.484733
85	55	85	1.19397	-0.374458	-0.439705
85	65	5	2.99524	-5.80639	-0.772432
85	65	15	-1.54163	-4.39683	-3.5461
85	65	25	-2.11853	-2.6214	-1.06567
85	65	35	-1.24879	-2.94227	2.09004
85	65	45	2.73399	-4.48472	0.677824
85	65	55	-0.840503	-2.35594	-3.84367
85	65	65	-2.58522	-0.777592	-2.66044
85	65	75	-2.33079	-1.89343	-0.16216
85	65	85	-1.23265	-3.28249	2.34166
85	75	5	3.35599	-2.76315	-1.62927
85	75	15	-1.60284	-4.3879	-5.34103
85	75	25	-1.17854	-2.75284	-2.40803
85	75	35	-0.459094	-2.62798	1.70968
85	75	45	4.90042	-3.90018	1.80522
85	75	55	1.06757	-3.39754	-5.12636
85	75	65	-4.15145	-1.66666	-5.31375
85	75	75	-3.73609	-1.87848	0.421337
85	75	85	-1.83431	-2.88687	3.77226
85	85	5	2.81272	-1.0761	-1.22524
85	85	15	1.10079	-1.79003	-1.72335
85	85	25	1.37354	-1.75636	-1.22875
85	85	35	1.14918	-1.40228	0.103137
85	85	45	4.58667	-1.27799	-0.573924
85	85	55	2.31758	-1.58522	-2.19793
85	85	65	-0.197769	-1.11757	-1.11688
85	85	75	-0.287736	-0.908342	0.163171
85	85	85	0.755634	-1.39416	-0.201479
