5	5	5	2.59307	-2.95137	-2.9918
5	5	15	2.59304	-3.99641	-4.03519
5	5	25	2.72155	-5.05186	-5.21093
5	5	35	2.59483	-4.32948	-4.3557
5	5	45	2.60187	-3.36727	-3.31878
5	5	55	2.83707	-3.7927	-4.07091
5	5	65	3.40043	-5.1021	-5.9456
5	5	75	3.25078	-5.08358	-5.77764
5	5	85	2.60069	-4.74123	-4.79007
5	15	5	2.63188	-2.68478	-2.72557
5	15	15	2.6315	-3.43275	-3.51309
5	15	25	2.83395	-4.83361	-5.11628
5	15	35	2.58418	-3.50069	-3.53254
5	15	45	2.55235	-3.04109	-3.0402
5	15	55	2.6521	-3.69447	-3.79349
5	15	65	3.43515	-5.09391	-5.97543
5	15	75	3.33032	-5.10245	-5.88088
5	15	85	2.69785	-4.62239	-4.76837
5	25	5	2.75226	-2.84563	-2.96685
5	25	15	2.67265	-4.03269	-4.0343
5	25	25	2.89343	-4.73824	-5.04064
5	25	35	2.65554	-3.66674	-3.57029
5	25	45	2.99231	-3.34478	-2.90352
5	25	55	3.27108	-4.24683	-3.6468
5	25	65	4.01188	-5.70676	-5.92752
5	25	75	3.54225	-5.50201	-5.6932
5	25	85	2.8364	-5.00244	-5.00702
5	35	5	3.15627	-4.76925	-4.57368
5	35	15	2.77784	-5.23681	-5.06281
5	35	25	2.91636	-5.38553	-5.06756
5	35	35	3.69915	-5.62812	-4.48084
5	35	45	4.26554	-5.2966	-3.58293
5	35	55	4.73146	-5.74349	-3.56309
5	35	65	5.24942	-7.39934	-5.46254
5	35	75	4.72064	-6.88795	-5.44554
5	35	85	3.85522	-5.94245	-4.88503
5	45	5	2.97023	-4.34004	-4.58404
5	45	15	2.69309	-5.09923	-5.18601
5	45	25	2.66147	-5.14379	-5.12004
5	45	35	2.77505	-4.78033	-4.55796
5	45	45	2.88633	-4.54552	-4.21187
5	45	55	2.93641	-4.52348	-4.17811
5	45	65	3.79326	-6.1127	-5.27208
5	45	75	3.62469	-5.93341	-5.14378
5	45	85	3.22514	-4.99286	-4.72294
5	55	5	2.73482	-3.96699	-4.14407
5	55	15	2.64655	-5.06709	-5.1551
5	55	25	2.69659	-5.18313	-5.1626
5	55	35	2.65664	-4.70474	-4.68159
5	55	45	2.63817	-3.94845	-3.86217
5	55	55	2.95026	-3.50959	-3.15119
5	55	65	3.28368	-5.66016	-5.21152
5	55	75	3.11628	-4.72349	-4.76479
5	55	85	3.18134	-3.22623	-3.72416
5	65	5	2.80417	-3.56261	-3.65446
5	65	15	2.7586	-5.09447	-5.05928
5	65	25	2.73625	-4.94006	-5.0439
5	65	35	2.67328	-4.61938	-4.53959
5	65	45	2.7943	-3.11351	-2.91117
5	65	55	2.7998	-3.77719	-3.65012
5	65	65	2.8001	-5.11065	-5.26799
5	65	75	2.93829	-4.12424	-4.42589
5	65	85	3.1797	-2.95256	-3.50019
5	75	5	2.7776	-4.16332	-4.02737
5	75	15	2.89522	-5.03092	-4.85089
5	75	25	3.09392	-5.26935	-5.01054
5	75	35	2.85797	-5.03415	-4.85373
5	75	45	2.81523	-4.64434	-4.54363
5	75	55	2.87364	-4.94007	-4.9
5	75	65	3.05672	-5.12407	-5.54884
5	75	75	2.83595	-4.36148	-4.52634
5	75	85	2.89848	-4.02608	-4.09264
5	85	5	2.71434	-3.1086	-3.06944
5	85	15	2.65464	-4.5741	-4.51209
5	85	25	2.70147	-5.14166	-5.11443
5	85	35	2.82851	-4.97259	-4.86429
5	85	45	3.01139	-4.61573	-4.24154
5	85	55	3.16694	-4.95214	-4.61989
5	85	65	3.48387	-5.48457	-5.64215
5	85	75	3.1076	-4.68756	-4.91279
5	85	85	2.86068	-4.24884	-4.18969
15	5	5	2.61273	-3.3425	-3.36179
15	5	15	2.63306	-4.44177	-4.52056
15	5	25	2.78429	-5.07347	-5.29946
15	5	35	2.71141	-4.58752	-4.73539
15	5	45	2.67563	-3.44825	-3.50757
15	5	55	2.86755	-3.23951	-3.44496
15	5	65	3.14763	-5.14089	-5.63484
15	5	75	2.87892	-5.16725	-5.36453
15	5	85	2.67646	-5.01208	-5.09424
15	15	5	2.59121	-3.03496	-3.03486
15	15	15	2.79153	-3.9995	-4.23903
15	15	25	3.30245	-5.0405	-5.79072
15	15	35	2.6103	-3.8412	-3.89993
15	15	45	2.68168	-2.9507	-3.0328
15	15	55	2.93741	-2.89011	-3.14899
15	15	65	3.39912	-5.05827	-5.90139
15	15	75	3.01606	-5.10445	-5.56456
15	15	85	2.61429	-4.84291	-4.90359
15	25	5	2.61188	-3.49287	-3.47287
15	25	15	2.71148	-4.59374	-4.71331
15	25	25	3.19703	-5.00947	-5.61385
15	25	35	2.64447	-4.43927	-4.36752
15	25	45	2.93877	-3.55515	-3.1726
15	25	55	3.39693	-4.00539	-3.44212
15	25	65	4.51514	-6.09477	-6.01709
15	25	75	3.75152	-5.9219	-5.3623
15	25	85	2.8934	-5.18286	-4.9236
15	35	5	3.23312	-5.33848	-4.8181
15	35	15	3.05147	-5.41656	-5.15611
15	35	25	3.13512	-5.46193	-5.28108
15	35	35	2.90696	-5.26947	-4.91521
15	35	45	3.71176	-5.55151	-4.39189
15	35	55	4.31553	-5.80214	-4.11851
15	35	65	5.38027	-7.34057	-5.63215
15	35	75	4.87148	-7.09334	-5.27059
15	35	85	4.19488	-6.52448	-5.00346
15	45	5	3.18118	-4.80498	-4.81564
15	45	15	2.90328	-5.25522	-5.27179
15	45	25	2.76018	-5.28865	-5.12197
15	45	35	2.72483	-5.17348	-5.04209
15	45	45	2.77097	-5.24869	-5.03048
15	45	55	2.92686	-4.96744	-4.6717
15	45	65	3.67191	-6.01213	-5.25127
15	45	75	4.25331	-6.55429	-5.19127
15	45	85	3.89183	-5.54063	-4.68346
15	55	5	3.29839	-4.01656	-4.71164
15	55	15	2.75119	-5.11761	-5.25266
15	55	25	2.66161	-5.17076	-5.14269
15	55	35	2.62699	-4.83624	-4.84279
15	55	45	2.60258	-4.32223	-4.27161
15	55	55	2.73184	-3.68464	-3.58462
15	55	65	3.04812	-5.47945	-5.18398
15	55	75	2.9495	-4.67504	-4.48628
15	55	85	3.27144	-3.46028	-3.90021
15	65	5	3.16204	-3.6858	-4.25163
15	65	15	2.73986	-5.14245	-5.20493
15	65	25	2.71867	-5.20687	-5.16331
15	65	35	2.61537	-4.86466	-4.84369
15	65	45	2.75615	-3.31706	-3.15368
15	65	55	2.77434	-3.20004	-3.17775
15	65	65	2.7823	-5.12981	-5.2267
15	65	75	2.78047	-3.86465	-4.04757
15	65	85	3.57489	-2.85102	-3.87131
15	75	5	3.08131	-4.47873	-4.56804
15	75	15	2.84014	-4.93183	-5.09656
15	75	25	2.69338	-5.16011	-5.08118
15	75	35	3.0167	-5.10028	-4.68138
15	75	45	3.23859	-4.57501	-3.97329
15	75	55	3.57589	-5.22208	-4.51842
15	75	65	3.47823	-5.77598	-5.29479
15	75	75	3.34028	-5.00293	-5.02892
15	75	85	3.45957	-4.34525	-4.68655
15	85	5	2.67599	-3.69853	-3.78186
15	85	15	2.69353	-4.66005	-4.72174
15	85	25	2.77513	-5.13619	-5.21865
15	85	35	2.92377	-5.16382	-4.96487
15	85	45	3.05433	-4.37552	-3.99941
15	85	55	3.29581	-4.69254	-4.47073
15	85	65	2.99201	-5.29127	-5.34006
15	85	75	3.04909	-5.06939	-5.27202
15	85	85	2.9591	-4.84849	-4.97165
25	5	5	2.72096	-4.09895	-4.13923
25	5	15	2.7228	-4.82078	-4.97811
25	5	25	2.9503	-5.11682	-5.46725
25	5	35	2.75785	-4.43116	-4.58108
25	5	45	2.63935	-3.19123	-3.25223
25	5	55	3.0096	-3.25283	-3.28318
25	5	65	3.25601	-5.15188	-5.48147
25	5	75	2.95645	-5.12639	-5.28285
25	5	85	2.88158	-5.18166	-5.26577
25	15	5	2.61248	-3.40069	-3.38039
25	15	15	3.05399	-4.44776	-4.90806
25	15	25	3.2897	-5.09103	-5.78525
25	15	35	3.1904	-4.1821	-4.74008
25	15	45	2.73034	-2.88146	-2.80117
25	15	55	3.07212	-3.12559	-3.13214
25	15	65	3.91004	-4.99329	-5.89309
25	15	75	2.78573	-4.74661	-4.89168
25	15	85	2.57841	-4.98447	-5.007
25	25	5	2.67404	-4.13902	-4.01767
25	25	15	3.15445	-4.8225	-5.30152
25	25	25	3.52373	-5.06228	-5.9904
25	25	35	2.99398	-4.78445	-4.98011
25	25	45	3.43813	-4.39188	-3.76887
25	25	55	3.84084	-4.54765	-3.81923
25	25	65	4.88318	-6.15981	-6.0854
25	25	75	4.0913	-6.20284	-4.85967
25	25	85	3.13362	-5.60225	-5.02443
25	35	5	3.50125	-5.56706	-4.61845
25	35	15	3.29853	-5.53655	-5.30906
25	35	25	3.48537	-5.4834	-5.63387
25	35	35	3.07723	-5.41591	-5.14985
25	35	45	3.24708	-5.55715	-4.99317
25	35	55	3.66603	-5.63724	-4.84457
25	35	65	5.36282	-6.75535	-5.98849
25	35	75	4.67279	-7.1251	-5.15962
25	35	85	4.20502	-6.65338	-5.04229
25	45	5	3.5633	-4.59111	-3.57885
25	45	15	2.93956	-5.32208	-5.09595
25	45	25	3.22144	-5.72902	-5.14284
25	45	35	3.04575	-5.56822	-5.12969
25	45	45	3.30856	-5.81363	-5.10048
25	45	55	3.12608	-5.5222	-4.98852
25	45	65	4.01499	-6.10259	-5.5245
25	45	75	4.43614	-6.89561	-5.15238
25	45	85	4.27486	-6.16136	-4.52336
25	55	5	2.86121	-3.39821	-3.52964
25	55	15	2.74278	-5.13964	-5.07193
25	55	25	2.77072	-5.26075	-5.16244
25	55	35	2.87499	-5.3222	-5.0858
25	55	45	2.68663	-4.93346	-4.80298
25	55	55	2.76451	-4.59347	-4.3812
25	55	65	3.17313	-5.19305	-5.53432
25	55	75	3.00165	-5.08116	-4.81232
25	55	85	2.73466	-3.30359	-3.16091
25	65	5	3.1125	-3.54748	-3.7468
25	65	15	2.6386	-5.08451	-5.12268
25	65	25	2.72344	-5.21118	-5.16464
25	65	35	2.60666	-4.9343	-4.9254
25	65	45	2.68554	-3.67044	-3.57614
25	65	55	2.82424	-3.33776	-3.14631
25	65	65	3.00719	-5.06413	-5.09381
25	65	75	2.76938	-3.89151	-3.69018
25	65	85	2.69421	-2.74955	-2.72889
25	75	5	2.95648	-4.21958	-4.37944
25	75	15	2.69372	-5.07377	-5.13466
25	75	25	2.57611	-5.08201	-5.14625
25	75	35	2.63616	-4.70365	-4.70554
25	75	45	2.89927	-3.4789	-3.18223
25	75	55	3.7406	-4.44798	-3.6669
25	75	65	4.02526	-6.14657	-5.29076
25	75	75	3.46001	-5.62617	-4.92532
25	75	85	3.35845	-4.44293	-4.47815
25	85	5	2.97937	-4.18331	-4.4475
25	85	15	2.69718	-5.04559	-5.07089
25	85	25	2.64193	-5.15859	-5.2471
25	85	35	2.87749	-4.76241	-4.72644
25	85	45	2.90457	-3.49642	-3.20346
25	85	55	3.33437	-3.93151	-3.44905
25	85	65	3.70894	-5.84409	-5.44814
25	85	75	3.3637	-5.52793	-5.20763
25	85	85	3.30631	-5.05775	-5.28239
35	5	5	2.95947	-4.6775	-4.84264
35	5	15	3.08081	-5.04604	-5.4878
35	5	25	2.91994	-5.16618	-5.40215
35	5	35	3.17717	-4.73289	-5.13635
35	5	45	3.10832	-3.38661	-3.87391
35	5	55	4.0918	-4.19521	-4.75249
35	5	65	3.72423	-5.22967	-4.67549
35	5	75	3.52974	-4.66176	-4.67964
35	5	85	3.1054	-5.14005	-5.21279
35	15	5	2.78918	-4.19158	-4.40892
35	15	15	3.40317	-4.86989	-5.50362
35	15	25	3.65984	-5.20628	-6.09508
35	15	35	3.40006	-4.39673	-5.016
35	15	45	2.95677	-3.21058	-3.25122
35	15	55	4.16823	-4.43642	-4.54789
35	15	65	4.05425	-5.09678	-5.688
35	15	75	3.08184	-4.34328	-4.5461
35	15	85	2.89311	-4.78644	-4.95573
35	25	5	3.26028	-5.10696	-4.56158
35	25	15	3.84453	-5.33824	-5.68967
35	25	25	3.86019	-5.46368	-6.02254
35	25	35	3.6251	-5.21821	-5.09862
35	25	45	3.54925	-4.4895	-3.87439
35	25	55	4.52258	-5.8559	-4.82573
35	25	65	5.73741	-6.68921	-6.49191
35	25	75	4.26536	-5.90178	-4.68311
35	25	85	3.76121	-5.69528	-4.54298
35	35	5	3.65837	-5.0265	-4.04174
35	35	15	3.68512	-5.43363	-5.34114
35	35	25	3.88319	-5.46177	-6.06081
35	35	35	3.56853	-5.49588	-5.68323
35	35	45	2.91749	-5.2447	-4.94821
35	35	55	3.76189	-5.73984	-5.4165
35	35	65	5.19732	-6.72936	-5.93848
35	35	75	4.72197	-6.9704	-5.03881
35	35	85	4.3019	-6.24413	-4.57719
35	45	5	3.70934	-4.13834	-2.98082
35	45	15	3.14046	-4.98139	-4.63275
35	45	25	3.54164	-5.58795	-5.60463
35	45	35	3.80327	-6.03205	-5.38386
35	45	45	3.61882	-6.00948	-5.05911
35	45	55	4.32677	-6.75081	-5.22202
35	45	65	5.10203	-6.73743	-6.00092
35	45	75	4.64448	-7.04033	-5.09177
35	45	85	4.57817	-6.46828	-4.52213
35	55	5	2.70769	-2.92587	-2.89001
35	55	15	2.71097	-4.48545	-4.53766
35	55	25	3.19102	-5.33546	-5.50513
35	55	35	3.13454	-5.55583	-5.19172
35	55	45	3.19891	-5.57535	-4.9966
35	55	55	3.41869	-5.68213	-5.10867
35	55	65	3.71493	-5.67598	-5.60664
35	55	75	3.35934	-5.68392	-5.16766
35	55	85	3.04375	-3.93391	-3.44208
35	65	5	2.91731	-3.38788	-3.18403
35	65	15	2.73568	-5.07615	-4.96086
35	65	25	2.80577	-5.16563	-5.28952
35	65	35	2.70066	-5.10337	-5.21034
35	65	45	2.66282	-4.10211	-4.05136
35	65	55	2.75814	-3.57885	-3.54029
35	65	65	3.34234	-4.55405	-4.83249
35	65	75	2.82635	-4.01233	-3.7851
35	65	85	2.81723	-3.08019	-2.87488
35	75	5	2.96069	-4.13934	-4.01664
35	75	15	2.80149	-5.15065	-5.19407
35	75	25	2.74125	-5.10286	-5.24976
35	75	35	2.61654	-4.92207	-4.86751
35	75	45	2.69634	-3.07884	-3.02256
35	75	55	2.86005	-2.83392	-2.81735
35	75	65	3.62192	-5.04732	-4.82779
35	75	75	3.46059	-5.64388	-4.86013
35	75	85	2.89572	-4.13823	-3.83373
35	85	5	2.82204	-4.64238	-4.59092
35	85	15	3.02524	-5.18316	-5.17494
35	85	25	3.06799	-5.46187	-5.29643
35	85	35	3.06178	-4.60244	-4.67078
35	85	45	3.26618	-3.35605	-3.06559
35	85	55	3.69563	-3.72722	-3.50365
35	85	65	3.46039	-5.27501	-4.77286
35	85	75	3.00212	-5.28457	-4.9658
35	85	85	2.91813	-5.10058	-5.0194
45	5	5	3.52081	-5.01753	-5.34731
45	5	15	3.85959	-5.43004	-5.69778
45	5	25	3.48905	-5.55927	-5.57644
45	5	35	3.66863	-5.10261	-5.21942
45	5	45	4.32151	-3.99195	-4.27379
45	5	55	4.8591	-5.50488	-5.55733
45	5	65	4.50257	-6.04417	-4.70911
45	5	75	3.49995	-4.7918	-4.1399
45	5	85	3.24004	-4.038	-4.327
45	15	5	2.90214	-4.70038	-4.9267
45	15	15	4.03946	-5.17713	-5.93355
45	15	25	3.84306	-5.65208	-5.84004
45	15	35	4.42358	-4.83967	-5.19687
45	15	45	4.84422	-3.97411	-4.58396
45	15	55	5.36048	-6.12072	-6.2628
45	15	65	4.50918	-5.97729	-5.84901
45	15	75	3.82104	-5.01933	-5.10533
45	15	85	3.21596	-4.06884	-4.08336
45	25	5	3.1435	-4.51962	-4.22085
45	25	15	3.79427	-5.20642	-5.84408
45	25	25	3.92343	-5.76002	-5.80281
45	25	35	5.0387	-5.84995	-5.68157
45	25	45	5.52212	-5.41969	-4.88269
45	25	55	5.48641	-6.41464	-6.20187
45	25	65	5.24711	-6.42893	-6.4145
45	25	75	4.26499	-5.44209	-5.29751
45	25	85	3.50182	-4.14683	-3.97115
45	35	5	4.00697	-4.74268	-3.53383
45	35	15	4.14782	-5.10559	-4.9104
45	35	25	3.86545	-5.54934	-5.95978
45	35	35	3.47745	-5.33017	-5.5598
45	35	45	3.59712	-5.14364	-5.16732
45	35	55	3.73271	-5.52812	-5.80088
45	35	65	4.55629	-5.68038	-6.45909
45	35	75	4.18633	-5.84801	-5.10719
45	35	85	3.6982	-4.95912	-4.00547
45	45	5	4.20491	-4.36453	-2.79077
45	45	15	3.64471	-4.4529	-3.92001
45	45	25	4.36628	-5.79002	-6.21806
45	45	35	4.05905	-5.74031	-5.73152
45	45	45	3.42988	-5.51242	-5.00966
45	45	55	3.60267	-5.72428	-5.4439
45	45	65	4.56347	-6.1279	-6.08345
45	45	75	3.48077	-5.51156	-4.77862
45	45	85	3.73034	-4.69297	-3.64311
45	55	5	2.85916	-2.91775	-2.64965
45	55	15	2.98709	-3.77325	-3.70204
45	55	25	4.15106	-5.58897	-6.19157
45	55	35	3.75809	-5.31346	-5.97764
45	55	45	2.79177	-5.02836	-5.13566
45	55	55	2.97715	-5.06368	-5.36246
45	55	65	3.29552	-5.18404	-5.6644
45	55	75	2.89826	-5.28392	-4.98707
45	55	85	3.13487	-4.06419	-3.52043
45	65	5	3.06515	-3.17891	-3.25289
45	65	15	3.11188	-4.73571	-4.65833
45	65	25	3.22231	-5.27482	-5.57374
45	65	35	3.36285	-5.16535	-5.81049
45	65	45	2.90828	-4.52366	-4.87688
45	65	55	2.95511	-4.35928	-4.6833
45	65	65	2.99226	-4.47925	-4.64046
45	65	75	2.83423	-4.40199	-4.164
45	65	85	2.89436	-3.20363	-2.88057
45	75	5	3.49261	-3.9446	-4.47117
45	75	15	3.0791	-4.98465	-5.38834
45	75	25	3.02759	-5.15977	-5.51384
45	75	35	3.13716	-4.90242	-5.36852
45	75	45	2.82553	-3.52205	-3.67575
45	75	55	2.93513	-2.96083	-3.06411
45	75	65	2.95788	-3.97354	-3.97157
45	75	75	2.86147	-4.79377	-4.52818
45	75	85	2.85899	-3.88216	-3.69626
45	85	5	2.94955	-4.59749	-4.91359
45	85	15	3.06202	-5.04028	-5.38565
45	85	25	3.00589	-5.28176	-5.355
45	85	35	3.10042	-5.10522	-5.00742
45	85	45	3.42994	-3.62447	-3.36893
45	85	55	3.5852	-4.34963	-3.88367
45	85	65	3.29379	-4.60073	-4.16888
45	85	75	2.74089	-4.57291	-4.39303
45	85	85	2.75645	-4.21679	-4.38052
55	5	5	3.22074	-4.30435	-4.4532
55	5	15	3.37347	-4.77113	-5.35357
55	5	25	3.14143	-5.37956	-5.36915
55	5	35	3.73759	-5.4437	-5.42611
55	5	45	4.64017	-4.55952	-4.8809
55	5	55	4.40779	-5.82508	-5.51398
55	5	65	4.48501	-6.59637	-5.16161
55	5	75	3.94083	-5.76121	-4.82914
55	5	85	4.01716	-3.82818	-4.09349
55	15	5	3.12076	-4.57878	-4.82448
55	15	15	3.71223	-5.09516	-5.69395
55	15	25	3.56143	-5.23819	-5.9686
55	15	35	4.1	-4.50248	-5.57045
55	15	45	4.96565	-3.95338	-5.56534
55	15	55	4.66597	-5.66748	-6.37738
55	15	65	3.68072	-5.77163	-5.49316
55	15	75	3.76438	-5.47087	-5.15852
55	15	85	3.50394	-3.62344	-3.64913
55	25	5	3.19359	-4.0957	-3.69661
55	25	15	4.17105	-5.19278	-5.57277
55	25	25	4.09505	-5.85622	-5.80025
55	25	35	4.72744	-4.682	-5.65842
55	25	45	4.75953	-4.24164	-5.61015
55	25	55	4.85825	-5.54305	-6.72947
55	25	65	4.17463	-5.79894	-5.97614
55	25	75	4.20201	-5.36315	-5.68519
55	25	85	3.39004	-3.65183	-3.68429
55	35	5	3.30326	-3.48127	-2.77431
55	35	15	3.62222	-4.25268	-3.94148
55	35	25	4.19786	-5.72248	-6.0405
55	35	35	4.08423	-4.4027	-4.57431
55	35	45	4.53666	-4.99085	-5.13567
55	35	55	4.13265	-5.45334	-5.95452
55	35	65	4.08666	-5.37765	-6.3116
55	35	75	4.35195	-5.14433	-6.09955
55	35	85	3.46085	-3.99746	-3.77289
55	45	5	2.78138	-2.90837	-2.75835
55	45	15	3.07871	-3.57429	-3.28981
55	45	25	4.13428	-5.54622	-5.76542
55	45	35	4.23144	-4.15796	-3.96636
55	45	45	3.48425	-4.09164	-3.88086
55	45	55	3.48744	-5.14906	-5.41266
55	45	65	4.09662	-5.28507	-6.46347
55	45	75	3.49268	-4.365	-5.09934
55	45	85	2.83052	-3.2153	-3.29059
55	55	5	2.73123	-2.77168	-2.63166
55	55	15	3.1374	-3.39897	-2.97744
55	55	25	3.988	-5.7689	-5.29367
55	55	35	3.26271	-4.23121	-4.32434
55	55	45	2.9999	-3.9869	-4.10126
55	55	55	2.85211	-5.13752	-5.23643
55	55	65	3.47324	-5.10299	-6.02157
55	55	75	2.78827	-4.72282	-4.95841
55	55	85	2.59441	-3.19365	-3.15695
55	65	5	3.01945	-3.25682	-3.03162
55	65	15	2.9924	-3.86793	-3.55863
55	65	25	3.44203	-5.06015	-5.73164
55	65	35	3.31477	-4.72433	-5.36303
55	65	45	2.69476	-4.98177	-5.08367
55	65	55	2.69271	-4.73971	-4.84044
55	65	65	2.83144	-4.60042	-4.84
55	65	75	2.77425	-4.28164	-4.06326
55	65	85	2.95247	-3.42004	-3.01989
55	75	5	3.68033	-3.42003	-4.46449
55	75	15	2.86712	-4.88021	-5.07463
55	75	25	3.11551	-5.16881	-5.45234
55	75	35	3.35389	-5.00262	-5.7238
55	75	45	2.93386	-4.42165	-4.44447
55	75	55	2.97384	-3.97204	-3.67164
55	75	65	3.19502	-4.26999	-3.90678
55	75	75	2.92345	-4.05241	-3.69359
55	75	85	2.99738	-3.82644	-3.78557
55	85	5	3.84551	-3.73311	-5.02678
55	85	15	3.31703	-4.71471	-5.48075
55	85	25	2.87779	-5.11922	-5.40442
55	85	35	3.27788	-4.98358	-5.66722
55	85	45	2.76588	-3.68687	-3.84167
55	85	55	2.88945	-4.70526	-4.61164
55	85	65	3.06346	-4.60725	-4.33801
55	85	75	2.76828	-4.22063	-4.10739
55	85	85	3.27604	-3.17092	-3.85433
65	5	5	3.03374	-3.14352	-3.26521
65	5	15	2.95183	-3.89546	-4.09466
65	5	25	2.87384	-4.7547	-4.9567
65	5	35	2.79264	-4.82199	-5.06357
65	5	45	2.69665	-3.92446	-4.01971
65	5	55	2.69787	-5.03999	-5.05314
65	5	65	3.27767	-5.17603	-5.65018
65	5	75	2.96612	-5.00863	-5.01513
65	5	85	3.39748	-3.42374	-3.98493
65	15	5	2.83747	-3.52856	-3.487
65	15	15	3.09265	-4.2225	-4.68089
65	15	25	2.77627	-4.93386	-5.15743
65	15	35	2.81427	-4.10162	-4.36479
65	15	45	3.15268	-3.41687	-4.05845
65	15	55	3.03149	-4.91318	-5.39392
65	15	65	3.03467	-5.13486	-5.53843
65	15	75	2.9979	-5.23871	-5.36465
65	15	85	3.23877	-3.63566	-3.87609
65	25	5	2.9111	-3.60323	-3.24325
65	25	15	3.55143	-3.94834	-3.98875
65	25	25	3.53464	-5.51628	-5.37989
65	25	35	3.43625	-3.86237	-4.30679
65	25	45	3.19229	-3.60524	-4.1865
65	25	55	3.85144	-4.71024	-5.97066
65	25	65	3.09743	-5.1205	-5.62451
65	25	75	3.05904	-4.96415	-5.38657
65	25	85	3.07991	-3.47699	-3.72022
65	35	5	2.65667	-2.89018	-2.78541
65	35	15	3.26185	-3.8211	-3.51272
65	35	25	4.67623	-6.05586	-5.57227
65	35	35	4.07824	-4.18272	-3.50674
65	35	45	3.71306	-3.78244	-3.34288
65	35	55	4.17183	-4.95683	-5.37684
65	35	65	3.69703	-5.92006	-5.42525
65	35	75	3.51824	-5.06151	-5.66874
65	35	85	2.82065	-3.87677	-3.78081
65	45	5	2.5535	-3.01102	-3.00867
65	45	15	2.67831	-4.12071	-4.23664
65	45	25	3.36918	-4.68897	-5.11166
65	45	35	3.61795	-3.52648	-2.98277
65	45	45	3.0956	-3.15857	-2.77489
65	45	55	3.6539	-4.16428	-4.54142
65	45	65	3.50903	-5.15267	-6.00187
65	45	75	3.77388	-4.57274	-5.61319
65	45	85	2.72441	-3.33604	-3.42621
65	55	5	2.6713	-3.06247	-3.10233
65	55	15	2.95344	-3.47517	-3.19598
65	55	25	3.53849	-4.59042	-4.04378
65	55	35	3.10023	-3.38528	-2.95849
65	55	45	2.67745	-3.07044	-2.94486
65	55	55	2.69748	-4.31683	-4.37041
65	55	65	3.47495	-5.12018	-5.99625
65	55	75	3.44167	-4.42301	-5.27169
65	55	85	2.59977	-3.20536	-3.17384
65	65	5	2.85241	-3.06311	-3.00363
65	65	15	2.71472	-3.17228	-3.09468
65	65	25	2.71398	-3.74043	-3.81833
65	65	35	2.65684	-3.30087	-3.35746
65	65	45	2.59329	-4.36068	-4.31847
65	65	55	2.57158	-4.93695	-4.95639
65	65	65	3.45225	-5.06116	-5.80153
65	65	75	2.89833	-4.74203	-4.72933
65	65	85	2.83701	-3.47564	-3.19923
65	75	5	2.89161	-3.1392	-3.40055
65	75	15	2.63225	-4.65699	-4.699
65	75	25	2.47226	-5.06985	-5.13105
65	75	35	2.73196	-5.0591	-5.15985
65	75	45	2.69198	-4.83374	-4.81369
65	75	55	3.05229	-5.06048	-4.55922
65	75	65	3.47344	-5.6556	-4.97558
65	75	75	3.12547	-3.5736	-3.06405
65	75	85	2.89413	-3.76363	-3.58191
65	85	5	3.33529	-2.79246	-3.53512
65	85	15	2.77387	-4.34913	-4.52876
65	85	25	2.65218	-5.05633	-5.15754
65	85	35	2.71023	-4.86097	-4.98218
65	85	45	2.71548	-4.58325	-4.53968
65	85	55	2.76542	-5.21923	-5.04484
65	85	65	3.08824	-4.94903	-5.09261
65	85	75	2.90708	-4.13414	-4.05257
65	85	85	2.94193	-2.6806	-2.97778
75	5	5	2.79822	-2.77564	-2.65691
75	5	15	2.81198	-3.83553	-3.69629
75	5	25	2.71236	-4.84742	-4.84702
75	5	35	2.61512	-4.0032	-3.98315
75	5	45	2.53314	-3.75883	-3.75694
75	5	55	2.57305	-4.97161	-4.98959
75	5	65	3.41628	-5.10375	-5.9625
75	5	75	2.75512	-5.05712	-5.25707
75	5	85	2.74786	-3.72201	-3.87144
75	15	5	2.6924	-2.82686	-2.68577
75	15	15	2.67315	-3.04094	-3.15971
75	15	25	2.63127	-4.27606	-4.35598
75	15	35	2.57482	-3.67408	-3.6975
75	15	45	2.53118	-3.33659	-3.31645
75	15	55	2.57109	-4.83805	-4.85798
75	15	65	3.11109	-5.11954	-5.63946
75	15	75	2.80226	-5.16104	-5.2922
75	15	85	2.80121	-4.13612	-4.10624
75	25	5	2.69148	-2.84824	-2.7087
75	25	15	3.0319	-3.08769	-3.04777
75	25	25	3.19157	-4.08364	-3.76415
75	25	35	2.85187	-3.47866	-3.33951
75	25	45	2.67144	-3.26203	-3.22245
75	25	55	2.77102	-4.44914	-4.58954
75	25	65	2.89142	-5.11827	-5.41867
75	25	75	2.77623	-5.1027	-5.2863
75	25	85	2.6735	-3.96157	-4.08405
75	35	5	2.65194	-3.28708	-3.2272
75	35	15	2.85245	-4.00566	-4.06549
75	35	25	3.07629	-4.61337	-4.57064
75	35	35	3.50106	-3.80593	-2.98236
75	35	45	3.85785	-4.03884	-2.81366
75	35	55	4.01784	-4.9781	-4.03212
75	35	65	3.95542	-6.23741	-5.35461
75	35	75	3.57464	-5.80239	-5.38519
75	35	85	3.11348	-4.87843	-4.32088
75	45	5	2.61917	-3.42069	-3.47522
75	45	15	2.6021	-4.90614	-4.93633
75	45	25	2.87207	-4.78641	-5.0271
75	45	35	2.96572	-3.50769	-3.21706
75	45	45	2.97133	-3.34147	-2.96208
75	45	55	3.13119	-3.87979	-3.85964
75	45	65	3.23428	-5.40918	-5.44834
75	45	75	3.08906	-5.09841	-5.24362
75	45	85	2.62233	-3.74685	-3.71971
75	55	5	2.63165	-3.24603	-3.26638
75	55	15	2.61396	-4.20183	-4.18145
75	55	25	2.69372	-3.76459	-3.78272
75	55	35	2.69993	-3.9363	-3.83226
75	55	45	2.782	-3.24495	-3.01488
75	55	55	2.84297	-3.72581	-3.79391
75	55	65	3.16153	-5.1037	-5.65886
75	55	75	3.16124	-4.16333	-4.73082
75	55	85	2.51489	-2.95011	-2.95302
75	65	5	2.6904	-3.08173	-3.06226
75	65	15	2.59076	-3.25933	-3.2593
75	65	25	2.63318	-3.14442	-3.18311
75	65	35	2.57437	-3.13861	-3.15768
75	65	45	2.55666	-3.34276	-3.33877
75	65	55	2.57623	-4.74406	-4.71892
75	65	65	3.09763	-5.1488	-5.56863
75	65	75	3.04271	-4.46276	-4.83278
75	65	85	2.59445	-3.22805	-3.15146
75	75	5	3.05293	-3.66312	-3.48257
75	75	15	2.61027	-4.7553	-4.73609
75	75	25	2.63347	-5.08309	-5.06147
75	75	35	2.55279	-4.95411	-4.95557
75	75	45	2.57132	-4.88576	-4.86559
75	75	55	2.79194	-5.02727	-4.86638
75	75	65	3.63625	-5.75875	-5.40393
75	75	75	3.63153	-4.24082	-3.63893
75	75	85	3.53976	-3.91204	-3.01918
75	85	5	2.80455	-2.82164	-2.81194
75	85	15	2.63912	-4.12804	-4.16406
75	85	25	2.63353	-4.99325	-4.99479
75	85	35	2.59313	-4.62187	-4.62423
75	85	45	2.55195	-4.5212	-4.52049
75	85	55	2.87185	-5.29588	-5.09508
75	85	65	3.51584	-5.2536	-5.53358
75	85	75	2.89829	-4.16952	-3.89193
75	85	85	2.85422	-2.91548	-2.78899
85	5	5	2.6556	-2.63567	-2.73694
85	5	15	2.71401	-3.73558	-3.77502
85	5	25	2.77649	-5.0859	-5.14365
85	5	35	2.56502	-4.0074	-4.00471
85	5	45	2.56115	-3.68151	-3.67268
85	5	55	2.67878	-4.63816	-4.75041
85	5	65	3.29633	-5.10401	-5.8427
85	5	75	2.97237	-5.10191	-5.51588
85	5	85	2.64862	-4.23917	-4.33272
85	15	5	2.59395	-2.634	-2.67687
85	15	15	2.57436	-2.91197	-2.93508
85	15	25	2.67243	-4.33288	-4.41394
85	15	35	2.55846	-3.17632	-3.18178
85	15	45	2.53118	-3.3193	-3.3193
85	15	55	2.65108	-4.3356	-4.43554
85	15	65	3.65228	-5.09945	-6.20059
85	15	75	3.20784	-5.10202	-5.75883
85	15	85	2.80286	-4.32112	-4.49293
85	25	5	2.57349	-2.81992	-2.84239
85	25	15	2.57512	-3.21372	-3.19781
85	25	25	2.77156	-4.0608	-4.20131
85	25	35	2.75152	-3.32554	-3.12599
85	25	45	2.89105	-3.4935	-3.15349
85	25	55	2.85106	-4.38675	-4.08674
85	25	65	3.43103	-5.41677	-5.65676
85	25	75	3.23864	-5.262	-5.58961
85	25	85	2.57869	-4.46242	-4.44929
85	35	5	3.03626	-4.04043	-3.60327
85	35	15	2.91805	-5.17456	-4.8608
85	35	25	3.11532	-5.37856	-4.89883
85	35	35	3.58071	-4.5609	-3.57294
85	35	45	4.20424	-4.53837	-2.92519
85	35	55	4.56344	-5.55604	-3.58366
85	35	65	4.77942	-7.09619	-5.30859
85	35	75	3.77784	-6.14477	-5.16598
85	35	85	3.39466	-5.44244	-4.64448
85	45	5	2.60631	-4.19038	-4.19765
85	45	15	2.62146	-5.01097	-5.06774
85	45	25	2.79581	-5.10065	-5.17953
85	45	35	2.70655	-4.20087	-4.12784
85	45	45	2.89545	-3.86199	-3.55921
85	45	55	3.11738	-4.00181	-3.51547
85	45	65	3.30755	-5.67155	-5.23584
85	45	75	3.05748	-5.38549	-5.12472
85	45	85	2.64509	-4.24965	-4.20771
85	55	5	2.48334	-3.55451	-3.58572
85	55	15	2.61581	-4.98962	-5.01173
85	55	25	2.69721	-4.96238	-5.01964
85	55	35	2.6606	-4.62161	-4.55782
85	55	45	2.65875	-3.57041	-3.46353
85	55	55	2.85226	-3.47966	-3.29924
85	55	65	2.89087	-5.33023	-5.15281
85	55	75	2.82453	-4.77118	-4.70581
85	55	85	2.55966	-3.05979	-3.08493
85	65	5	2.49524	-3.32027	-3.34433
85	65	15	2.73359	-4.58658	-4.44582
85	65	25	2.71395	-4.56449	-4.64485
85	65	35	2.6756	-4.19578	-4.11689
85	65	45	2.55986	-2.94377	-2.93746
85	65	55	2.70447	-4.1921	-4.32192
85	65	65	3.03909	-5.11752	-5.5151
85	65	75	2.72165	-4.28284	-4.45083
85	65	85	2.43559	-2.96291	-2.92734
85	75	5	3.33595	-4.30659	-3.60667
85	75	15	3.15308	-5.22167	-4.6621
85	75	25	2.91346	-5.28682	-5.04522
85	75	35	2.61671	-4.94691	-4.96369
85	75	45	2.57647	-4.92649	-4.90442
85	75	55	2.7528	-4.88768	-5.00762
85	75	65	3.13471	-5.13523	-5.63721
85	75	75	2.84274	-4.34252	-4.39261
85	75	85	3.26045	-3.98965	-3.45586
85	85	5	2.81725	-2.92467	-2.82041
85	85	15	2.71986	-4.45449	-4.3273
85	85	25	2.6367	-5.03923	-5.11516
85	85	35	2.59797	-4.92367	-4.88332
85	85	45	2.65535	-4.54271	-4.43978
85	85	55	2.91185	-5.05812	-5.21733
85	85	65	3.61786	-5.13773	-6.00217
85	85	75	3.11076	-4.20358	-4.4377
85	85	85	2.74858	-3.63162	-3.62193
