5	5	5	3.43264	-5.90123	-5.14202
5	5	15	2.73145	-5.09322	-4.91285
5	5	25	2.75181	-5.15395	-4.99115
5	5	35	3.49698	-5.11595	-5.89155
5	5	45	3.22632	-5.42833	-5.08683
5	5	55	3.86022	-5.83962	-4.54004
5	5	65	3.73358	-5.08204	-4.0618
5	5	75	3.39587	-5.62114	-4.86439
5	5	85	3.27186	-5.69561	-5.21565
5	15	5	2.74626	-5.11624	-5.24266
5	15	15	2.68269	-5.0916	-5.04088
5	15	25	2.59263	-5.14015	-5.09854
5	15	35	2.65464	-5.09609	-5.27488
5	15	45	2.59035	-5.025	-5.05457
5	15	55	2.80945	-4.67937	-4.54233
5	15	65	3.67811	-3.78574	-3.30218
5	15	75	3.03839	-4.97648	-4.53559
5	15	85	2.97513	-5.46385	-5.16221
5	25	5	2.69617	-5.08594	-5.22323
5	25	15	2.65245	-4.98302	-5.04247
5	25	25	2.61116	-5.0017	-4.98157
5	25	35	2.87163	-5.09957	-5.33976
5	25	45	3.02946	-5.36243	-5.16087
5	25	55	3.64211	-4.22868	-3.72567
5	25	65	3.84208	-3.25761	-3.59267
5	25	75	2.89829	-4.55758	-4.65285
5	25	85	2.67949	-5.16714	-5.22192
5	35	5	2.85305	-5.14246	-5.32404
5	35	15	2.9115	-4.26085	-4.14131
5	35	25	2.83182	-3.65681	-3.53601
5	35	35	3.33265	-4.50885	-4.92801
5	35	45	2.86347	-3.8627	-3.97185
5	35	55	3.21737	-2.81696	-3.45824
5	35	65	2.85703	-3.14542	-3.48421
5	35	75	2.85008	-4.92642	-5.2042
5	35	85	2.83399	-5.12075	-5.36262
5	45	5	3.59705	-5.68485	-5.12524
5	45	15	3.81503	-3.56044	-3.65966
5	45	25	3.29345	-2.93274	-3.15193
5	45	35	3.03505	-4.42253	-4.82572
5	45	45	2.83826	-4.79706	-5.08263
5	45	55	3.13514	-3.81368	-4.39773
5	45	65	2.74917	-3.90905	-4.0314
5	45	75	3.12469	-5.12298	-5.54289
5	45	85	3.27544	-5.60162	-5.32557
5	55	5	3.45266	-4.53806	-5.04606
5	55	15	3.5511	-3.07126	-3.63371
5	55	25	3.87951	-3.0896	-4.32435
5	55	35	3.13786	-4.55089	-5.09446
5	55	45	3.03748	-4.92047	-5.36445
5	55	55	2.91709	-4.87643	-5.24251
5	55	65	2.57147	-4.50154	-4.48119
5	55	75	3.17416	-5.04503	-5.46183
5	55	85	3.14855	-5.27456	-5.52418
5	65	5	3.20247	-4.70738	-5.06717
5	65	15	3.07656	-3.3927	-3.62964
5	65	25	3.71406	-3.86611	-4.70389
5	65	35	3.05715	-4.4665	-4.59157
5	65	45	3.43785	-4.28175	-4.96937
5	65	55	2.71825	-4.95964	-5.00607
5	65	65	2.53148	-4.55586	-4.55629
5	65	75	2.79466	-5.02523	-5.22245
5	65	85	3.41788	-5.14574	-5.92051
5	75	5	2.75267	-4.22149	-4.46306
5	75	15	2.57194	-2.8673	-2.94727
5	75	25	3.57349	-3.96718	-4.42353
5	75	35	3.65902	-4.78518	-5.50437
5	75	45	3.72389	-4.21889	-5.30934
5	75	55	2.68364	-4.70088	-4.83182
5	75	65	2.53115	-4.18123	-4.18124
5	75	75	2.65309	-4.76114	-4.88349
5	75	85	3.17152	-5.09634	-5.71669
5	85	5	2.65263	-4.64178	-4.70258
5	85	15	2.45385	-3.60563	-3.58285
5	85	25	2.79106	-4.49743	-4.45422
5	85	35	3.85145	-5.39781	-5.89737
5	85	45	3.90029	-4.91448	-5.30454
5	85	55	3.09966	-5.07404	-4.52268
5	85	65	2.85149	-4.70004	-4.56051
5	85	75	2.65224	-4.9068	-4.92842
5	85	85	2.81144	-5.10895	-5.32896
15	5	5	3.71583	-6.12537	-5.00298
15	5	15	3.27225	-5.33284	-4.61324
15	5	25	3.11105	-5.63366	-5.07369
15	5	35	3.11463	-5.12753	-5.53035
15	5	45	3.10268	-4.78075	-5.0916
15	5	55	2.85841	-4.19269	-3.93212
15	5	65	3.51878	-4.29708	-3.49124
15	5	75	3.83787	-5.4756	-4.23045
15	5	85	3.77785	-6.30374	-5.19777
15	15	5	2.89429	-5.32396	-4.98392
15	15	15	2.74749	-5.01803	-4.82167
15	15	25	2.64026	-5.10748	-5.09827
15	15	35	2.90303	-5.10626	-5.44466
15	15	45	2.80157	-4.69066	-4.92033
15	15	55	2.65912	-3.61855	-3.64634
15	15	65	3.10636	-3.10337	-2.95338
15	15	75	2.97289	-4.03946	-3.66163
15	15	85	2.9116	-5.39657	-5.15682
15	25	5	2.60232	-5.04969	-5.04565
15	25	15	2.57249	-4.983	-4.96176
15	25	25	2.61151	-5.00049	-5.06002
15	25	35	3.27356	-5.08211	-5.72437
15	25	45	2.64672	-5.02353	-4.99671
15	25	55	2.62166	-3.48267	-3.48874
15	25	65	2.6994	-2.6161	-2.65154
15	25	75	2.84321	-3.73014	-3.56127
15	25	85	2.64457	-5.20217	-5.19187
15	35	5	2.59603	-5.10499	-5.10443
15	35	15	2.69198	-4.66248	-4.52177
15	35	25	2.69103	-4.43925	-4.33924
15	35	35	3.49385	-4.38006	-5.16123
15	35	45	2.77393	-4.16208	-4.34321
15	35	55	2.56589	-2.74217	-2.87358
15	35	65	2.3338	-2.64898	-2.71027
15	35	75	2.63469	-4.2982	-4.37465
15	35	85	2.59706	-5.0938	-5.1695
15	45	5	3.17466	-5.56203	-4.88561
15	45	15	3.39224	-4.30284	-3.46166
15	45	25	3.51182	-3.76122	-2.84042
15	45	35	3.43465	-4.05275	-4.24912
15	45	45	2.82345	-4.58738	-4.69775
15	45	55	2.74321	-3.69725	-3.76537
15	45	65	2.54772	-3.73324	-3.73443
15	45	75	2.66771	-4.91909	-5.01971
15	45	85	2.47201	-5.23904	-5.19822
15	55	5	2.90748	-5.10444	-4.84287
15	55	15	2.90067	-3.36927	-3.09806
15	55	25	2.94627	-3.81441	-3.77996
15	55	35	2.98304	-4.18504	-4.39382
15	55	45	2.78187	-4.41368	-4.59165
15	55	55	2.71395	-4.23641	-4.31843
15	55	65	2.57195	-4.57675	-4.55673
15	55	75	2.77232	-4.9583	-5.17796
15	55	85	2.81157	-5.2414	-5.24152
15	65	5	2.61629	-4.60565	-4.66525
15	65	15	2.59338	-3.2489	-3.32765
15	65	25	2.83509	-4.40075	-4.63747
15	65	35	2.99478	-4.58381	-4.66165
15	65	45	3.05433	-4.19068	-4.27459
15	65	55	2.63393	-3.91846	-3.84044
15	65	65	2.59402	-4.73961	-4.69845
15	65	75	2.73527	-4.91285	-5.09065
15	65	85	2.79512	-5.10166	-5.34011
15	75	5	2.61313	-4.10207	-4.14403
15	75	15	2.45147	-3.09127	-3.07167
15	75	25	2.97104	-4.92619	-5.06617
15	75	35	3.07346	-5.03531	-5.25528
15	75	45	2.91433	-4.4466	-4.76654
15	75	55	2.57326	-3.74379	-3.76572
15	75	65	2.55256	-4.61818	-4.63932
15	75	75	2.59183	-4.83129	-4.87175
15	75	85	2.83196	-5.10011	-5.38091
15	85	5	2.59345	-4.48193	-4.48436
15	85	15	2.49148	-3.66563	-3.64529
15	85	25	2.72905	-4.85774	-5.03776
15	85	35	3.27385	-5.2137	-5.65653
15	85	45	3.40028	-4.77242	-5.10087
15	85	55	3.03439	-4.06357	-3.58695
15	85	65	2.89151	-4.294	-4.19449
15	85	75	2.6523	-4.98402	-4.92531
15	85	85	2.65144	-5.11522	-5.17564
25	5	5	4.58186	-5.7295	-3.74435
25	5	15	3.65508	-5.11205	-4.0105
25	5	25	3.51346	-5.7349	-5.05574
25	5	35	3.45505	-5.53838	-5.52
25	5	45	3.06033	-5.06187	-4.89038
25	5	55	3.09754	-3.95224	-3.45474
25	5	65	3.62399	-3.7605	-2.81581
25	5	75	4.20512	-5.19468	-3.58239
25	5	85	4.64506	-7.03048	-5.17972
25	15	5	3.18677	-3.79807	-3.24398
25	15	15	2.93634	-3.88325	-3.50134
25	15	25	2.77989	-4.88026	-4.97311
25	15	35	3.13787	-5.12548	-5.66431
25	15	45	2.72836	-4.26778	-4.43145
25	15	55	2.68179	-3.19615	-3.16103
25	15	65	2.70781	-2.83246	-2.76068
25	15	75	2.89587	-3.47181	-3.16945
25	15	85	3.11779	-5.31054	-4.86461
25	25	5	2.81215	-4.18056	-3.92522
25	25	15	2.70116	-3.96908	-3.82034
25	25	25	2.8328	-5.07818	-5.29646
25	25	35	3.53722	-5.10172	-6.10681
25	25	45	2.98969	-4.76333	-5.11972
25	25	55	2.58942	-3.09807	-3.18754
25	25	65	2.6187	-2.59826	-2.61255
25	25	75	2.67915	-3.02232	-2.93584
25	25	85	2.81226	-5.03322	-4.9336
25	35	5	2.60192	-4.70704	-4.66746
25	35	15	2.55299	-4.96176	-4.96109
25	35	25	2.73109	-4.7793	-4.83924
25	35	35	3.3127	-4.56008	-5.262
25	35	45	3.14994	-4.2625	-4.4985
25	35	55	2.50789	-2.88053	-2.91483
25	35	65	2.53568	-2.85094	-2.83214
25	35	75	2.63982	-3.50018	-3.57381
25	35	85	2.62444	-4.90181	-5.2116
25	45	5	1.79832	-5.00263	-4.96822
25	45	15	2.67191	-4.36245	-4.24172
25	45	25	3.23263	-4.19205	-3.71043
25	45	35	4.39465	-4.40881	-4.76759
25	45	45	3.78864	-4.2668	-4.3428
25	45	55	3.06486	-3.90484	-3.77466
25	45	65	2.63798	-3.40166	-3.44051
25	45	75	2.598	-4.86195	-4.88142
25	45	85	2.07317	-5.08683	-5.14715
25	55	5	2.35949	-5.06276	-4.96244
25	55	15	2.69864	-3.81805	-3.65605
25	55	25	2.65465	-4.59286	-4.48924
25	55	35	3.27626	-4.36165	-4.73641
25	55	45	3.20665	-4.2022	-4.5618
25	55	55	2.58315	-3.15499	-3.17737
25	55	65	2.59714	-3.73635	-3.73517
25	55	75	2.63914	-4.81877	-4.71884
25	55	85	2.57236	-5.25927	-5.27859
25	65	5	2.56801	-4.84495	-4.86249
25	65	15	2.56924	-3.69852	-3.71486
25	65	25	2.57276	-4.74316	-4.76115
25	65	35	2.75308	-4.93365	-5.15239
25	65	45	2.73641	-4.66245	-4.72468
25	65	55	2.65812	-3.312	-3.25061
25	65	65	2.58342	-4.03227	-4.04796
25	65	75	2.58753	-4.66101	-4.67776
25	65	85	2.60147	-5.08771	-5.12144
25	75	5	2.57192	-4.22203	-4.26363
25	75	15	2.47171	-3.47204	-3.49286
25	75	25	2.63094	-5.00535	-5.00535
25	75	35	2.73145	-5.06757	-5.24795
25	75	45	2.67357	-4.70733	-4.83086
25	75	55	2.59726	-3.13998	-3.16587
25	75	65	2.6033	-4.43775	-4.48804
25	75	75	2.61471	-4.81403	-4.87756
25	75	85	2.71292	-5.09825	-5.26003
25	85	5	2.89232	-4.36201	-4.06489
25	85	15	2.73145	-3.98205	-3.80246
25	85	25	2.63143	-5.00383	-5.04383
25	85	35	2.63224	-5.07572	-5.15694
25	85	45	2.67509	-4.71748	-4.80155
25	85	55	2.6579	-3.28851	-3.31538
25	85	65	2.78241	-3.77489	-3.60664
25	85	75	2.93449	-4.91278	-4.61621
25	85	85	2.95277	-5.37665	-5.17835
35	5	5	4.88945	-5.35913	-3.06317
35	5	15	4.37746	-4.78686	-3.00133
35	5	25	3.79269	-5.53685	-4.4169
35	5	35	3.15464	-5.50009	-5.30289
35	5	45	3.0951	-5.08193	-5.22517
35	5	55	3.48082	-4.0356	-4.28211
35	5	65	3.87122	-3.93267	-2.95747
35	5	75	4.35131	-5.02559	-3.39769
35	5	85	4.83598	-6.85187	-4.77599
35	15	5	3.63452	-3.74219	-2.78523
35	15	15	3.5644	-3.62608	-2.77618
35	15	25	3.16432	-4.27221	-3.94146
35	15	35	3.08386	-5.18589	-5.54351
35	15	45	2.80397	-4.50919	-4.70724
35	15	55	2.82514	-3.36153	-3.50144
35	15	65	2.81953	-3.2318	-3.05392
35	15	75	2.96758	-4.44951	-4.19712
35	15	85	3.05844	-4.73661	-4.51367
35	25	5	3.22387	-3.48634	-2.98348
35	25	15	2.8561	-3.20602	-2.98714
35	25	25	2.75905	-4.33619	-4.41183
35	25	35	3.0796	-5.0996	-5.64146
35	25	45	2.94568	-4.40579	-4.79293
35	25	55	2.75932	-3.20827	-3.25047
35	25	65	2.67748	-3.06665	-3.06434
35	25	75	2.65855	-3.20108	-3.13517
35	25	85	2.97185	-3.88218	-3.54457
35	35	5	2.6319	-3.32172	-3.31087
35	35	15	2.59501	-4.36124	-4.31962
35	35	25	2.87367	-4.97692	-5.21852
35	35	35	3.47812	-5.04137	-5.82718
35	35	45	3.36932	-4.68341	-5.25934
35	35	55	2.64097	-3.29513	-3.30369
35	35	65	2.69328	-2.98489	-2.92511
35	35	75	2.79422	-3.25543	-3.09303
35	35	85	2.88375	-3.72623	-3.7031
35	45	5	2.46398	-4.95826	-4.9503
35	45	15	2.61127	-4.81327	-4.75345
35	45	25	2.75152	-4.65966	-4.65926
35	45	35	3.61511	-4.95565	-5.65721
35	45	45	3.5916	-3.29251	-3.80926
35	45	55	3.09828	-3.88247	-3.62803
35	45	65	2.85594	-3.34447	-3.16121
35	45	75	2.81389	-4.82144	-4.71939
35	45	85	2.97516	-5.2512	-5.33265
35	55	5	2.88188	-5.28854	-4.86454
35	55	15	2.71391	-4.64611	-4.47965
35	55	25	2.79504	-5.20884	-5.08484
35	55	35	3.49307	-4.79345	-5.53302
35	55	45	3.22504	-3.99614	-4.50454
35	55	55	2.78484	-2.72257	-2.77871
35	55	65	2.92513	-2.98455	-2.93289
35	55	75	3.03032	-4.72524	-4.36917
35	55	85	3.3675	-5.55085	-5.37916
35	65	5	2.55442	-4.80493	-4.80239
35	65	15	2.55226	-3.88248	-3.88006
35	65	25	2.55141	-4.97355	-4.97315
35	65	35	2.91263	-5.05059	-5.43059
35	65	45	2.91543	-4.80554	-5.16673
35	65	55	2.68012	-3.28679	-3.40449
35	65	65	2.76464	-2.9518	-3.14783
35	65	75	2.62709	-3.84392	-3.82066
35	65	85	2.59863	-4.67822	-4.71798
35	75	5	2.55315	-4.04289	-4.04241
35	75	15	2.53225	-3.47727	-3.47767
35	75	25	2.57141	-4.91432	-4.93391
35	75	35	2.77186	-5.11486	-5.29563
35	75	45	2.6927	-5.0787	-5.22066
35	75	55	2.75322	-3.41214	-3.61409
35	75	65	2.88328	-3.36521	-3.69616
35	75	75	2.64655	-4.18158	-4.2949
35	75	85	2.59541	-4.93405	-4.97638
35	85	5	3.21191	-4.22201	-3.6436
35	85	15	2.95149	-3.96487	-3.56528
35	85	25	2.71184	-4.83144	-4.71146
35	85	35	2.73304	-5.13932	-5.24132
35	85	45	2.91431	-4.98136	-5.22463
35	85	55	3.13516	-3.35414	-3.89828
35	85	65	2.83195	-3.34288	-3.42284
35	85	75	3.08406	-3.91	-3.5605
35	85	85	3.27319	-5.55633	-4.9588
45	5	5	4.84194	-5.18675	-2.94042
45	5	15	4.64351	-4.84365	-2.79297
45	5	25	4.234	-5.35374	-3.87184
45	5	35	3.31635	-5.69506	-5.25791
45	5	45	3.13845	-5.46243	-5.28897
45	5	55	3.95557	-4.7009	-5.34051
45	5	65	3.49455	-3.56178	-3.79511
45	5	75	3.83686	-5.04463	-4.01091
45	5	85	4.33713	-6.03344	-4.37142
45	15	5	3.53449	-4.1143	-3.17682
45	15	15	4.12656	-4.47347	-2.98386
45	15	25	3.81066	-4.67861	-3.74026
45	15	35	3.04378	-5.39687	-5.27013
45	15	45	3.12648	-5.06983	-5.30961
45	15	55	3.36387	-3.88555	-4.32255
45	15	65	3.01342	-3.56648	-3.72368
45	15	75	2.99702	-5.11478	-5.12262
45	15	85	2.90852	-5.14202	-4.88794
45	25	5	3.03521	-4.20332	-3.89532
45	25	15	2.90825	-3.30803	-3.07802
45	25	25	2.95277	-3.75413	-3.87539
45	25	35	2.82206	-5.10215	-5.34089
45	25	45	2.93393	-4.17413	-4.49271
45	25	55	2.88597	-3.07896	-3.27526
45	25	65	2.68987	-3.2806	-3.35004
45	25	75	2.68421	-4.23126	-4.28227
45	25	85	2.87433	-3.88232	-3.92559
45	35	5	2.77335	-3.19686	-3.28479
45	35	15	2.66625	-3.36118	-3.42989
45	35	25	2.8138	-4.72067	-4.97987
45	35	35	3.1189	-5.108	-5.63068
45	35	45	2.87599	-4.4651	-4.66451
45	35	55	2.76043	-3.29364	-3.29185
45	35	65	2.63418	-3.08517	-3.083
45	35	75	2.83569	-3.5243	-3.40046
45	35	85	2.88346	-3.2643	-3.35152
45	45	5	3.29423	-5.71496	-5.06977
45	45	15	3.05905	-5.26716	-4.97191
45	45	25	3.19728	-5.14999	-5.14901
45	45	35	3.59712	-5.23921	-5.88434
45	45	45	3.07579	-3.461	-3.86179
45	45	55	2.75362	-3.11189	-3.03321
45	45	65	3.01336	-3.76738	-3.34514
45	45	75	3.43568	-5.34232	-4.93769
45	45	85	4.18571	-5.88492	-5.75148
45	55	5	2.71717	-4.8175	-4.63225
45	55	15	2.70214	-4.66769	-4.52176
45	55	25	2.83519	-5.17792	-5.17639
45	55	35	3.51506	-4.932	-5.89441
45	55	45	2.91189	-3.8959	-4.17594
45	55	55	2.67294	-2.78103	-2.74211
45	55	65	2.8567	-2.97488	-2.71006
45	55	75	3.13073	-4.5417	-4.24202
45	55	85	3.6395	-5.43606	-5.57796
45	65	5	2.60279	-4.01247	-3.96198
45	65	15	2.61607	-3.86212	-3.79738
45	65	25	2.6131	-4.99123	-5.01004
45	65	35	3.13264	-5.12171	-5.66091
45	65	45	2.8019	-5.05547	-5.3031
45	65	55	2.61606	-3.70191	-3.75967
45	65	65	2.63832	-2.59912	-2.67353
45	65	75	2.70365	-3.66806	-3.75543
45	65	85	2.80777	-4.80127	-4.94778
45	75	5	2.57472	-3.67598	-3.6955
45	75	15	2.55436	-3.4185	-3.41694
45	75	25	2.59236	-4.8389	-4.87765
45	75	35	2.71118	-5.11961	-5.23948
45	75	45	2.72114	-5.10148	-5.27063
45	75	55	2.79344	-3.99669	-4.2379
45	75	65	2.8717	-2.66589	-2.98603
45	75	75	2.75973	-3.00315	-3.16327
45	75	85	2.63561	-4.33924	-4.29712
45	85	5	3.61318	-4.23956	-3.25992
45	85	15	3.43153	-4.04087	-3.16132
45	85	25	2.89224	-4.71075	-4.45034
45	85	35	2.69227	-5.1387	-5.1991
45	85	45	2.67552	-5.10234	-5.18595
45	85	55	3.15202	-3.98239	-4.54176
45	85	65	3.35484	-2.79084	-3.42947
45	85	75	3.10417	-3.21244	-2.9953
45	85	85	3.29688	-4.1682	-3.50488
55	5	5	4.36331	-5.3382	-3.57224
55	5	15	4.61475	-4.94799	-2.92448
55	5	25	4.22406	-5.19535	-3.60412
55	5	35	3.66377	-6.03802	-5.31112
55	5	45	3.04783	-5.52946	-5.05128
55	5	55	3.00422	-5.01358	-4.68289
55	5	65	3.34756	-3.97537	-3.97963
55	5	75	3.24431	-5.46418	-4.89744
55	5	85	3.5678	-5.81037	-4.91949
55	15	5	3.59676	-5.08721	-4.1313
55	15	15	4.41257	-5.37294	-3.56537
55	15	25	4.4362	-5.15635	-3.67971
55	15	35	3.9125	-6.08769	-5.42464
55	15	45	2.96202	-5.30921	-5.10595
55	15	55	3.58065	-4.78994	-4.60297
55	15	65	3.32051	-4.633	-4.46923
55	15	75	3.38856	-5.73948	-5.10633
55	15	85	3.21005	-5.57207	-5.12236
55	25	5	2.83829	-4.67654	-4.68297
55	25	15	2.94307	-3.82279	-3.49538
55	25	25	2.8647	-3.38198	-3.36933
55	25	35	3.02138	-5.16097	-5.45257
55	25	45	2.92735	-4.73188	-4.84833
55	25	55	3.19998	-3.27704	-3.60801
55	25	65	3.17747	-3.97413	-4.04022
55	25	75	2.7698	-5.10132	-5.05401
55	25	85	2.91361	-5.13079	-5.06763
55	35	5	2.94464	-4.30809	-4.27522
55	35	15	2.83598	-3.14598	-3.01125
55	35	25	2.87743	-4.26221	-4.42478
55	35	35	3.24939	-5.25336	-5.62957
55	35	45	2.85627	-4.30582	-4.56247
55	35	55	2.86783	-3.27232	-3.37018
55	35	65	2.6884	-3.51246	-3.58531
55	35	75	2.80998	-4.61932	-4.66947
55	35	85	3.17821	-4.77634	-4.93886
55	45	5	4.31473	-6.08786	-5.52152
55	45	15	3.40549	-5.70751	-4.95215
55	45	25	3.24136	-5.27326	-5.1106
55	45	35	3.82344	-5.23739	-6.22379
55	45	45	2.78181	-4.26261	-4.4124
55	45	55	2.5968	-3.38887	-3.393
55	45	65	2.59243	-3.56459	-3.56394
55	45	75	3.31392	-4.90211	-5.14129
55	45	85	4.2524	-5.99133	-5.76285
55	55	5	3.62609	-5.61617	-5.18013
55	55	15	3.24957	-5.00671	-4.57226
55	55	25	3.09704	-5.22263	-5.23801
55	55	35	3.76197	-5.11861	-6.1654
55	55	45	2.71001	-4.10121	-4.13933
55	55	55	2.63463	-3.60918	-3.53039
55	55	65	2.73388	-2.92144	-2.74026
55	55	75	3.41429	-4.62855	-4.84772
55	55	85	4.13271	-5.66523	-5.98437
55	65	5	2.84879	-4.16675	-4.12913
55	65	15	2.74154	-3.77731	-3.71888
55	65	25	2.83542	-4.75361	-4.79156
55	65	35	3.63831	-5.16553	-6.12317
55	65	45	2.6332	-5.10546	-5.17317
55	65	55	2.59691	-4.26155	-4.25856
55	65	65	2.5815	-2.66368	-2.63442
55	65	75	2.8247	-3.68747	-3.9338
55	65	85	3.30793	-5.21654	-5.56445
55	75	5	2.80833	-3.42453	-3.22262
55	75	15	2.61804	-3.40404	-3.38143
55	75	25	2.57414	-4.33837	-4.35663
55	75	35	3.05484	-5.14027	-5.56233
55	75	45	2.6425	-5.12334	-5.17216
55	75	55	2.61617	-4.3033	-4.324
55	75	65	2.59173	-2.69467	-2.65397
55	75	75	2.76206	-3.04169	-2.99306
55	75	85	2.85042	-4.54998	-4.33483
55	85	5	3.79849	-4.328	-3.1693
55	85	15	3.99491	-4.5548	-3.11604
55	85	25	3.13224	-4.66893	-4.08893
55	85	35	3.15489	-5.21894	-5.57844
55	85	45	2.70412	-5.14419	-5.17289
55	85	55	2.59378	-4.46432	-4.46248
55	85	65	2.89548	-2.92357	-3.02073
55	85	75	3.3677	-3.94837	-3.25494
55	85	85	3.60083	-5.0087	-4.08027
65	5	5	4.3979	-6.19897	-4.6087
65	5	15	4.63282	-5.63378	-3.61302
65	5	25	4.36421	-5.29118	-3.64655
65	5	35	4.14156	-6.12743	-5.62664
65	5	45	3.18716	-5.69523	-5.10478
65	5	55	2.95801	-5.1282	-4.80209
65	5	65	3.04731	-4.78391	-4.45006
65	5	75	2.91719	-5.36749	-5.07068
65	5	85	3.52743	-5.81095	-5.25318
65	15	5	4.20026	-6.20089	-4.56261
65	15	15	4.61733	-6.23198	-4.25629
65	15	25	4.68393	-6.14474	-4.30434
65	15	35	4.15462	-6.22918	-5.55695
65	15	45	3.08276	-5.4708	-5.06446
65	15	55	3.07809	-5.02781	-4.54096
65	15	65	3.66494	-5.20266	-4.41612
65	15	75	3.70766	-6.08067	-5.21914
65	15	85	4.37186	-6.72895	-5.24526
65	25	5	3.5172	-5.25698	-4.98991
65	25	15	3.42686	-4.52402	-4.07527
65	25	25	3.50382	-3.62304	-3.59129
65	25	35	2.85091	-5.16577	-5.27313
65	25	45	2.67107	-4.51538	-4.52848
65	25	55	2.90916	-3.41521	-3.34301
65	25	65	3.13462	-4.45745	-4.09341
65	25	75	3.39734	-5.67665	-5.29632
65	25	85	3.50695	-5.82025	-5.33585
65	35	5	3.41346	-4.7644	-5.13396
65	35	15	3.32819	-3.142	-3.41662
65	35	25	3.84585	-3.83502	-4.63833
65	35	35	3.14563	-5.38945	-5.41392
65	35	45	3.19969	-4.23181	-4.57973
65	35	55	2.8896	-3.01706	-3.28559
65	35	65	2.81915	-3.5237	-3.76916
65	35	75	3.09808	-5.03516	-5.45965
65	35	85	3.01632	-5.06221	-5.28182
65	45	5	3.47079	-5.3549	-5.54663
65	45	15	3.58309	-5.26955	-4.68631
65	45	25	3.74041	-5.08372	-5.62311
65	45	35	3.84384	-5.34918	-6.13086
65	45	45	3.02118	-4.40559	-4.66826
65	45	55	2.82839	-3.9073	-4.14134
65	45	65	2.8388	-4.04329	-4.21061
65	45	75	3.33436	-4.87	-5.51214
65	45	85	2.85263	-4.9933	-5.90931
65	55	5	3.73724	-5.4851	-5.23778
65	55	15	3.11952	-4.5834	-4.39043
65	55	25	3.2459	-4.70221	-4.94877
65	55	35	4.22681	-5.25818	-6.61148
65	55	45	3.03969	-4.76311	-4.77013
65	55	55	2.9416	-4.42604	-4.09342
65	55	65	2.85496	-3.22937	-3.0893
65	55	75	3.87709	-4.99448	-5.31335
65	55	85	4.14751	-5.73648	-5.98682
65	65	5	4.01633	-5.14438	-4.88351
65	65	15	3.06611	-3.79762	-3.35221
65	65	25	3.23544	-4.02962	-4.23257
65	65	35	3.60039	-5.2208	-6.04686
65	65	45	2.71552	-5.12475	-5.20121
65	65	55	2.65948	-4.80729	-4.78282
65	65	65	2.72366	-3.0623	-3.01225
65	65	75	3.10688	-4.02985	-4.51559
65	65	85	4.02838	-5.53788	-6.03174
65	75	5	3.30945	-3.89605	-3.74246
65	75	15	2.77372	-3.14398	-3.0387
65	75	25	2.74089	-3.75946	-3.81654
65	75	35	3.32867	-5.12302	-5.83986
65	75	45	2.73268	-5.21122	-5.17446
65	75	55	2.70154	-4.73198	-4.66247
65	75	65	2.66631	-2.77963	-2.66514
65	75	75	2.85398	-3.65524	-3.59308
65	75	85	3.80754	-5.56634	-5.33713
65	85	5	4.35296	-5.25769	-3.67596
65	85	15	4.05209	-4.37039	-2.93846
65	85	25	3.87898	-4.76803	-3.7343
65	85	35	3.66522	-5.69364	-5.594
65	85	45	3.18729	-5.59303	-5.24841
65	85	55	2.92625	-5.23679	-4.86251
65	85	65	3.20866	-3.40286	-2.86602
65	85	75	3.46338	-4.77935	-4.07876
65	85	85	4.43672	-6.2391	-5.12306
75	5	5	3.89281	-5.52807	-5.64325
75	5	15	4.09474	-5.5794	-4.74696
75	5	25	3.96507	-5.12807	-4.44211
75	5	35	4.18492	-6.40446	-5.3729
75	5	45	3.47023	-5.91773	-5.04574
75	5	55	3.02311	-5.39404	-4.96213
75	5	65	3.20348	-5.08564	-5.0413
75	5	75	3.30435	-5.54772	-5.27823
75	5	85	3.51058	-5.53389	-5.58458
75	15	5	4.08558	-6.02932	-5.547
75	15	15	3.59649	-5.86098	-5.24371
75	15	25	3.90891	-5.74584	-4.87494
75	15	35	4.28724	-6.68505	-5.23367
75	15	45	3.38674	-5.83492	-5.04407
75	15	55	3.30565	-5.13525	-4.50265
75	15	65	4.04351	-5.25364	-5.22932
75	15	75	3.70768	-5.77778	-5.55283
75	15	85	3.63238	-5.76673	-5.51607
75	25	5	2.95849	-4.94361	-5.06693
75	25	15	3.18555	-4.59318	-4.58363
75	25	25	3.39892	-4.12802	-3.84832
75	25	35	2.93421	-5.37128	-5.25823
75	25	45	2.80965	-4.63506	-4.38642
75	25	55	3.25432	-3.83876	-3.50461
75	25	65	3.18018	-4.22186	-4.34813
75	25	75	3.04641	-5.15178	-5.51371
75	25	85	2.88916	-5.1655	-5.3755
75	35	5	3.36845	-4.96202	-5.49941
75	35	15	3.77799	-3.33361	-4.15898
75	35	25	4.1149	-3.46004	-4.25832
75	35	35	3.10981	-5.31269	-5.37133
75	35	45	2.97826	-4.12011	-3.9899
75	35	55	3.22703	-2.97622	-3.25826
75	35	65	3.26415	-3.66735	-4.23379
75	35	75	3.36078	-5.10129	-5.86782
75	35	85	3.04866	-5.1413	-5.57887
75	45	5	3.86912	-4.8824	-5.99368
75	45	15	4.25297	-4.17878	-5.3839
75	45	25	4.27496	-4.60475	-5.83482
75	45	35	3.67352	-5.27931	-5.98636
75	45	45	3.29082	-4.68348	-5.29889
75	45	55	2.952	-4.12288	-4.40136
75	45	65	2.92016	-4.32027	-4.52856
75	45	75	3.73426	-4.97124	-5.99368
75	45	85	3.07101	-5.13947	-5.75946
75	55	5	4.34915	-5.38549	-6.01786
75	55	15	3.95176	-4.12071	-5.15527
75	55	25	3.93437	-4.23008	-5.57174
75	55	35	3.93273	-5.136	-6.43605
75	55	45	3.41892	-5.00447	-5.70676
75	55	55	3.13941	-4.90684	-5.09361
75	55	65	3.02147	-3.98131	-3.80457
75	55	75	4.05869	-5.18688	-5.5601
75	55	85	4.07072	-5.80829	-5.84299
75	65	5	4.79232	-6.14436	-5.09908
75	65	15	3.88732	-4.23562	-3.9713
75	65	25	3.47818	-3.38397	-3.9112
75	65	35	4.26302	-5.40956	-6.50156
75	65	45	3.52028	-5.62235	-5.55158
75	65	55	3.10821	-5.45087	-5.0872
75	65	65	3.17557	-3.84229	-3.46484
75	65	75	3.99614	-5.18447	-5.14095
75	65	85	4.5613	-6.19766	-5.95225
75	75	5	4.34466	-4.90414	-4.61134
75	75	15	3.33108	-3.51722	-3.11406
75	75	25	3.26185	-3.15155	-3.21197
75	75	35	3.61742	-5.09818	-6.15978
75	75	45	2.99704	-5.44799	-5.20199
75	75	55	3.16781	-5.39366	-4.90637
75	75	65	3.32876	-3.75249	-3.03488
75	75	75	3.6731	-4.8607	-4.29942
75	75	85	5.00634	-6.37358	-6.16153
75	85	5	4.84149	-5.71113	-5.29188
75	85	15	3.65393	-4.11768	-3.36283
75	85	25	3.47713	-3.86324	-3.66166
75	85	35	3.61901	-5.51945	-5.69625
75	85	45	2.85982	-5.32505	-5.06745
75	85	55	3.23589	-5.54685	-4.9021
75	85	65	3.89905	-4.78046	-3.47245
75	85	75	4.4867	-6.32655	-4.75532
75	85	85	5.24683	-6.58394	-6.13078
85	5	5	3.5523	-5.32065	-5.72141
85	5	15	3.09631	-5.3492	-5.05034
85	5	25	3.23782	-5.25017	-4.80217
85	5	35	3.56054	-5.6955	-5.2459
85	5	45	3.24464	-5.77268	-5.0847
85	5	55	3.2161	-5.68524	-5.02153
85	5	65	3.35303	-5.29844	-4.73885
85	5	75	3.53786	-5.96946	-5.11548
85	5	85	3.87189	-5.63187	-5.87192
85	15	5	3.53666	-5.3052	-5.88362
85	15	15	2.85749	-5.18195	-5.28112
85	15	25	2.71473	-5.07033	-5.02983
85	15	35	2.88157	-5.2717	-5.30191
85	15	45	2.96112	-5.48752	-5.08704
85	15	55	3.43582	-5.16247	-4.6832
85	15	65	4.57312	-4.51486	-4.66492
85	15	75	3.37948	-5.58675	-5.27121
85	15	85	3.31185	-5.43714	-5.52516
85	25	5	3.25809	-5.04384	-5.74726
85	25	15	2.73669	-4.80125	-4.98526
85	25	25	2.71348	-4.42064	-4.503
85	25	35	2.77273	-5.19275	-5.21423
85	25	45	3.10578	-5.22538	-4.77263
85	25	55	4.19134	-4.07654	-3.84465
85	25	65	4.19278	-3.71812	-4.66131
85	25	75	3.48555	-5.17716	-5.77717
85	25	85	2.91771	-5.18243	-5.40774
85	35	5	3.17553	-4.90245	-5.52652
85	35	15	3.93669	-3.73683	-4.76089
85	35	25	3.72546	-3.50623	-3.85906
85	35	35	3.10745	-5.1581	-5.1009
85	35	45	3.17603	-4.0778	-3.91054
85	35	55	3.54651	-2.77739	-3.55336
85	35	65	3.04642	-3.48852	-3.85928
85	35	75	3.27481	-5.08035	-5.76226
85	35	85	2.8411	-5.12178	-5.3717
85	45	5	4.48429	-5.26683	-5.9305
85	45	15	5.00912	-3.56046	-5.19054
85	45	25	4.21107	-3.70708	-4.87828
85	45	35	3.01869	-5.00358	-5.38718
85	45	45	3.04318	-4.8625	-5.27256
85	45	55	3.18082	-4.19732	-4.54613
85	45	65	2.99679	-4.13423	-4.50111
85	45	75	3.61139	-5.21245	-5.91204
85	45	85	3.78257	-5.42274	-5.93193
85	55	5	4.61908	-4.81164	-6.0964
85	55	15	4.56556	-3.33921	-5.02409
85	55	25	4.32025	-3.31942	-5.04743
85	55	35	3.43105	-5.04717	-5.92716
85	55	45	3.53713	-4.96144	-5.94835
85	55	55	3.00755	-4.81323	-5.22818
85	55	65	2.71476	-4.12283	-4.24337
85	55	75	3.60093	-5.0347	-5.9847
85	55	85	3.51136	-5.29334	-5.8217
85	65	5	5.2074	-6.02548	-5.31351
85	65	15	4.83718	-4.39688	-4.36117
85	65	25	4.17545	-3.61915	-4.08273
85	65	35	4.04624	-5.14461	-6.13898
85	65	45	4.04989	-5.1219	-6.38158
85	65	55	3.19406	-5.35884	-5.40107
85	65	65	3.17572	-4.65618	-4.07676
85	65	75	3.8145	-5.69663	-5.19316
85	65	85	4.6574	-6.15633	-6.11484
85	75	5	4.07991	-4.88548	-4.9662
85	75	15	3.63589	-3.53327	-3.15165
85	75	25	3.59264	-3.31111	-3.46711
85	75	35	4.19504	-4.9257	-6.24568
85	75	45	3.66983	-4.983	-5.54019
85	75	55	2.88841	-5.16204	-5.17943
85	75	65	2.81166	-3.60027	-3.39998
85	75	75	3.03355	-4.80775	-4.52844
85	75	85	4.13517	-5.75172	-5.97004
85	85	5	3.69544	-5.36281	-5.06321
85	85	15	3.49672	-4.28209	-3.89764
85	85	25	3.14871	-3.9378	-3.73331
85	85	35	4.01223	-5.43734	-5.9769
85	85	45	3.42825	-5.40113	-4.99833
85	85	55	3.35434	-5.82204	-5.02538
85	85	65	3.17112	-4.61683	-4.03693
85	85	75	3.05225	-5.1803	-4.84192
85	85	85	3.63149	-5.62037	-5.56085
