5	5	5	2.27122	-2.97574	-3.01618
5	5	15	2.53148	-4.11813	-4.15732
5	5	25	2.67683	-5.05013	-5.19202
5	5	35	2.61547	-4.27185	-4.2765
5	5	45	2.52812	-3.23278	-3.17791
5	5	55	2.86619	-3.7387	-4.04774
5	5	65	3.20123	-5.10377	-5.96603
5	5	75	3.22201	-5.08482	-5.80571
5	5	85	2.49737	-4.82203	-4.93048
5	15	5	2.29056	-2.56632	-2.58714
5	15	15	2.66978	-3.75312	-3.81348
5	15	25	2.73345	-4.83674	-5.0994
5	15	35	2.46529	-3.32071	-3.35455
5	15	45	2.11221	-2.50019	-2.49939
5	15	55	2.67164	-3.61279	-3.77189
5	15	65	3.39513	-5.09355	-6.59628
5	15	75	3.30429	-5.10247	-5.91331
5	15	85	2.69724	-4.682	-4.84877
5	25	5	2.61185	-2.88644	-2.96726
5	25	15	2.64903	-4.08832	-4.10992
5	25	25	2.81101	-4.80221	-5.08461
5	25	35	2.65231	-3.80432	-3.70707
5	25	45	2.83108	-3.2819	-2.84146
5	25	55	3.26827	-4.13797	-3.63794
5	25	65	3.69148	-5.586	-6.24715
5	25	75	3.55663	-5.50198	-5.71519
5	25	85	2.7959	-5.10244	-5.08865
5	35	5	3.21543	-4.75044	-4.61447
5	35	15	2.77704	-5.23443	-5.06042
5	35	25	2.91473	-5.38545	-5.10712
5	35	35	3.69912	-5.62715	-4.47987
5	35	45	4.22585	-5.3168	-3.64275
5	35	55	4.73145	-5.75824	-3.59784
5	35	65	4.97022	-7.39899	-5.76299
5	35	75	4.75984	-6.90795	-5.54915
5	35	85	3.83508	-5.96245	-4.88498
5	45	5	2.99143	-4.34004	-4.60524
5	45	15	2.69467	-5.09923	-5.1876
5	45	25	2.64273	-5.14374	-5.12125
5	45	35	2.77501	-4.78145	-4.55829
5	45	45	2.88669	-4.54614	-4.21327
5	45	55	2.91681	-4.48338	-4.17762
5	45	65	3.69366	-6.09265	-5.37203
5	45	75	3.62068	-5.91301	-5.12821
5	45	85	3.20469	-4.95286	-4.68297
5	55	5	2.81843	-3.96699	-4.22768
5	55	15	2.59099	-5.06708	-5.15953
5	55	25	2.65663	-5.22313	-5.16264
5	55	35	2.67664	-4.72554	-4.6824
5	55	45	2.61856	-3.92879	-3.86211
5	55	55	2.97026	-3.46998	-3.09159
5	55	65	3.04329	-5.67893	-5.47028
5	55	75	3.07547	-4.66348	-4.72558
5	55	85	3.18164	-3.20583	-3.76577
5	65	5	2.86977	-3.7818	-3.97967
5	65	15	2.74075	-5.09567	-5.08263
5	65	25	2.75551	-5.02046	-5.14476
5	65	35	2.69327	-4.64019	-4.54282
5	65	45	2.75348	-3.01307	-2.87073
5	65	55	2.69983	-3.49759	-3.39055
5	65	65	2.62052	-5.06906	-5.38599
5	65	75	2.8963	-4.14462	-4.44829
5	65	85	3.26086	-2.93256	-3.58263
5	75	5	2.35925	-4.48612	-4.31304
5	75	15	2.95572	-5.21337	-4.89546
5	75	25	3.09435	-5.31578	-5.01701
5	75	35	2.6964	-4.97621	-4.87619
5	75	45	2.7568	-4.66561	-4.56406
5	75	55	2.87441	-4.95885	-4.87798
5	75	65	3.09512	-5.16047	-5.58564
5	75	75	2.77075	-4.62147	-4.74633
5	75	85	2.47843	-4.12528	-4.35217
5	85	5	2.56353	-3.38941	-3.41108
5	85	15	2.52304	-4.61611	-4.61532
5	85	25	2.73987	-5.18451	-5.17608
5	85	35	2.82494	-4.90748	-4.8044
5	85	45	2.86539	-4.2731	-4.08249
5	85	55	3.04456	-4.74974	-4.53833
5	85	65	3.36106	-5.36129	-5.62088
5	85	75	2.97793	-4.8043	-5.0192
5	85	85	2.7321	-4.52522	-4.58896
15	5	5	2.50342	-3.88602	-3.90691
15	5	15	2.58618	-4.62455	-4.72341
15	5	25	2.80086	-5.0737	-5.38244
15	5	35	2.70214	-4.42923	-4.5763
15	5	45	2.67385	-3.22743	-3.28759
15	5	55	2.86239	-3.21114	-3.42103
15	5	65	3.04241	-4.97608	-5.65479
15	5	75	2.84524	-5.16602	-5.5117
15	5	85	2.60567	-5.0153	-5.17813
15	15	5	2.42934	-3.21574	-3.21569
15	15	15	2.65052	-4.26632	-4.50587
15	15	25	3.24148	-4.98244	-5.79269
15	15	35	2.58662	-3.86117	-3.91877
15	15	45	2.58154	-2.72841	-2.81249
15	15	55	2.89622	-2.76741	-3.10738
15	15	65	3.31833	-4.85623	-5.86132
15	15	75	3.00843	-5.10441	-5.61457
15	15	85	2.534	-4.94286	-5.06461
15	25	5	2.57026	-3.69405	-3.67408
15	25	15	2.67064	-4.59656	-4.75694
15	25	25	3.23663	-5.03549	-5.84029
15	25	35	2.64243	-4.51849	-4.45037
15	25	45	2.9387	-3.65269	-3.2706
15	25	55	3.39654	-3.98217	-3.39932
15	25	65	4.39431	-5.87271	-6.09546
15	25	75	3.70389	-5.90188	-5.38554
15	25	85	2.85327	-5.20287	-4.94433
15	35	5	3.23191	-5.36008	-4.8401
15	35	15	3.05142	-5.41855	-5.15851
15	35	25	3.0738	-5.46342	-5.30217
15	35	35	2.90647	-5.2707	-4.91808
15	35	45	3.73059	-5.61357	-4.43464
15	35	55	4.2951	-5.78328	-4.07966
15	35	65	5.25904	-7.29722	-5.72962
15	35	75	4.86867	-7.09052	-5.28818
15	35	85	4.15487	-6.48448	-4.96447
15	45	5	3.18116	-4.78538	-4.79607
15	45	15	2.88364	-5.25483	-5.25182
15	45	25	2.76016	-5.28859	-5.22194
15	45	35	2.72519	-5.17347	-5.04291
15	45	45	2.77093	-5.24867	-5.03043
15	45	55	2.96646	-4.98824	-4.69289
15	45	65	3.67228	-5.912	-5.25157
15	45	75	4.24488	-6.53464	-5.21366
15	45	85	3.87104	-5.52064	-4.6435
15	55	5	3.35839	-4.03616	-4.83124
15	55	15	2.81401	-5.11721	-5.31587
15	55	25	2.64165	-5.17076	-5.14273
15	55	35	2.66539	-4.83624	-4.882
15	55	45	2.58252	-4.28184	-4.25198
15	55	55	2.71147	-3.60428	-3.52465
15	55	65	2.94815	-5.23906	-5.16397
15	55	75	2.92831	-4.65543	-4.44747
15	55	85	3.3515	-3.51988	-4.00034
15	65	5	3.36406	-3.7262	-4.51403
15	65	15	2.74227	-5.14244	-5.20735
15	65	25	2.69868	-5.18687	-5.16333
15	65	35	2.63536	-4.88465	-4.84369
15	65	45	2.71696	-3.33748	-3.2141
15	65	55	2.79478	-3.10043	-2.9978
15	65	65	2.5211	-4.92703	-5.06469
15	65	75	2.67807	-3.64464	-3.92793
15	65	85	3.7553	-2.71022	-3.95056
15	75	5	2.32733	-4.33753	-4.59489
15	75	15	2.64181	-5.055	-5.22343
15	75	25	1.91377	-5.16092	-5.14159
15	75	35	1.89627	-5.10149	-4.56217
15	75	45	3.0802	-4.45543	-3.91455
15	75	55	3.57563	-5.24089	-4.57696
15	75	65	3.27746	-5.7504	-5.43044
15	75	75	2.97547	-4.94248	-5.07007
15	75	85	2.81598	-4.26485	-4.92717
15	85	5	2.43159	-4.05529	-4.18389
15	85	15	2.63716	-4.80728	-4.84943
15	85	25	2.2699	-5.11741	-5.18072
15	85	35	2.69935	-4.86392	-4.7838
15	85	45	3.10678	-4.45718	-3.97832
15	85	55	3.57431	-4.95296	-4.41122
15	85	65	3.05121	-5.77122	-5.33963
15	85	75	2.70423	-5.17207	-5.34237
15	85	85	2.72415	-4.97008	-5.21519
25	5	5	2.65239	-4.69577	-4.7999
25	5	15	2.61697	-4.90787	-5.14762
25	5	25	2.74352	-5.09915	-5.52998
25	5	35	2.7206	-4.28887	-4.44357
25	5	45	2.62835	-3.22328	-3.28839
25	5	55	2.99284	-3.21681	-3.26405
25	5	65	3.48081	-4.49588	-5.2412
25	5	75	2.95516	-5.10717	-5.3293
25	5	85	2.83128	-5.17849	-5.34814
25	15	5	2.55231	-4.20159	-4.18257
25	15	15	2.99144	-4.77825	-5.31941
25	15	25	3.19079	-5.07397	-5.91337
25	15	35	3.23151	-4.16217	-4.7829
25	15	45	2.71121	-2.95715	-2.90008
25	15	55	3.04921	-3.11879	-3.12697
25	15	65	3.80968	-3.97162	-4.95144
25	15	75	2.7829	-4.62057	-4.92849
25	15	85	2.51583	-5.04329	-5.09105
25	25	5	2.65322	-4.56139	-4.48134
25	25	15	3.09117	-4.84607	-5.38598
25	25	25	3.34202	-5.08713	-5.95811
25	25	35	3.0331	-4.70363	-4.94297
25	25	45	3.43575	-4.51027	-3.89014
25	25	55	3.84373	-4.54772	-3.89638
25	25	65	4.74404	-5.79783	-5.66458
25	25	75	4.1117	-6.03636	-4.88166
25	25	85	3.1326	-5.54174	-5.02639
25	35	5	3.52199	-5.5478	-4.61929
25	35	15	3.31846	-5.54133	-5.39389
25	35	25	3.48452	-5.48225	-5.79473
25	35	35	3.09509	-5.41551	-5.17115
25	35	45	3.24805	-5.5581	-4.99479
25	35	55	3.64605	-5.61923	-4.80653
25	35	65	5.104	-6.53446	-5.56844
25	35	75	4.66435	-7.07821	-5.21073
25	35	85	4.22403	-6.67169	-5.08391
25	45	5	3.58323	-4.53064	-3.53845
25	45	15	2.91826	-5.30243	-5.09519
25	45	25	3.20138	-5.70905	-5.22285
25	45	35	3.0441	-5.56828	-5.12849
25	45	45	3.30867	-5.8137	-5.10061
25	45	55	3.08575	-5.50272	-4.98938
25	45	65	3.89541	-6.06304	-5.48372
25	45	75	4.43975	-6.89474	-5.27351
25	45	85	4.3152	-6.18125	-4.52419
25	55	5	2.9008	-3.45781	-3.58885
25	55	15	2.70319	-5.13965	-5.07155
25	55	25	2.78993	-5.26075	-5.22244
25	55	35	2.87413	-5.32219	-5.08496
25	55	45	2.68587	-4.93306	-4.80262
25	55	55	2.80452	-4.59348	-4.3812
25	55	65	2.85274	-4.91308	-4.99435
25	55	75	2.94247	-5.01995	-4.81356
25	55	85	2.75545	-3.24398	-3.08051
25	65	5	3.1733	-3.44827	-3.8484
25	65	15	2.57941	-5.06412	-5.12507
25	65	25	2.64247	-5.19078	-5.10489
25	65	35	2.64466	-4.9543	-4.94342
25	65	45	2.64596	-3.67044	-3.57656
25	65	55	2.78347	-3.29656	-3.08594
25	65	65	2.82798	-4.36293	-4.37259
25	65	75	2.69098	-3.72709	-3.52898
25	65	85	2.6334	-2.68835	-2.66853
25	75	5	2.81646	-4.27635	-4.59743
25	75	15	2.39254	-5.09335	-5.15551
25	75	25	1.21504	-5.04203	-5.14679
25	75	35	1.73537	-4.50285	-4.56638
25	75	45	2.78049	-3.2577	-3.02465
25	75	55	3.68023	-4.28959	-3.54734
25	75	65	3.82412	-6.02339	-5.06601
25	75	75	2.976	-5.53974	-4.92246
25	75	85	2.71638	-4.55772	-4.71428
25	85	5	2.74699	-4.47055	-4.75838
25	85	15	2.31318	-5.00957	-5.09531
25	85	25	1.85398	-5.18025	-5.22963
25	85	35	2.3899	-4.24362	-4.32687
25	85	45	2.85273	-3.23405	-2.92763
25	85	55	3.39164	-3.90907	-3.38997
25	85	65	3.34701	-5.44489	-5.40896
25	85	75	2.7026	-5.16825	-5.07608
25	85	85	2.95534	-4.79853	-5.22611
35	5	5	2.80977	-5.09558	-5.30239
35	5	15	2.91314	-5.03226	-5.51651
35	5	25	2.65269	-5.16664	-5.92391
35	5	35	3.39639	-4.6929	-5.32651
35	5	45	3.15116	-3.33508	-3.86679
35	5	55	4.09669	-4.21125	-4.8062
35	5	65	3.81032	-4.52759	-4.25639
35	5	75	3.48875	-4.49893	-4.53967
35	5	85	3.02099	-4.97962	-5.19296
35	15	5	2.70068	-4.66637	-4.94975
35	15	15	3.29853	-4.96185	-5.69724
35	15	25	3.65843	-5.18609	-6.4193
35	15	35	3.4432	-4.29443	-5.04343
35	15	45	2.95747	-3.28417	-3.37207
35	15	55	4.07232	-4.47743	-4.71269
35	15	65	4.34035	-4.88069	-5.46691
35	15	75	3.13422	-4.17071	-4.42324
35	15	85	2.75528	-4.56523	-4.87924
35	25	5	3.19472	-5.16381	-4.66561
35	25	15	3.96003	-5.47301	-5.96853
35	25	25	3.85651	-5.4488	-6.19039
35	25	35	3.68711	-5.15787	-5.18269
35	25	45	3.46693	-4.42391	-3.81648
35	25	55	4.51352	-5.88626	-4.8301
35	25	65	5.65836	-6.67036	-6.41226
35	25	75	4.19943	-5.77694	-4.49744
35	25	85	3.70219	-5.23162	-4.20149
35	35	5	3.67563	-4.90256	-3.93977
35	35	15	3.72228	-5.43973	-5.49039
35	35	25	3.91875	-5.45953	-6.16213
35	35	35	3.56847	-5.49563	-5.68657
35	35	45	2.91719	-5.24316	-4.94629
35	35	55	3.80398	-5.7439	-5.45936
35	35	65	5.32108	-6.71305	-6.08004
35	35	75	4.73839	-7.02438	-5.06754
35	35	85	4.36157	-6.09964	-4.4148
35	45	5	3.74929	-4.15826	-2.96081
35	45	15	3.15969	-4.86026	-4.53195
35	45	25	3.52201	-5.60806	-5.60511
35	45	35	3.8236	-6.03206	-5.42541
35	45	45	3.61845	-6.00909	-5.05915
35	45	55	4.34761	-6.73086	-5.26284
35	45	65	4.82168	-6.71751	-5.73976
35	45	75	4.64246	-6.97627	-5.06654
35	45	85	4.61811	-6.36731	-4.38241
35	55	5	2.62729	-2.80547	-2.7092
35	55	15	2.68896	-4.42424	-4.49444
35	55	25	3.02966	-5.29547	-5.50341
35	55	35	3.13849	-5.55584	-5.19687
35	55	45	3.19931	-5.59575	-5.01703
35	55	55	3.39872	-5.72213	-5.1287
35	55	65	3.77531	-5.43599	-5.58705
35	55	75	3.36013	-5.60351	-5.14886
35	55	85	3.06374	-3.95387	-3.44244
35	65	5	2.81731	-3.22547	-3.06202
35	65	15	2.65568	-4.97653	-4.90205
35	65	25	2.62159	-5.1444	-5.44773
35	65	35	2.68173	-5.10336	-5.19342
35	65	45	2.62284	-4.18212	-4.17141
35	65	55	2.67894	-3.69925	-3.70071
35	65	65	3.28352	-3.67325	-3.97327
35	65	75	2.82554	-3.68634	-3.43949
35	65	85	2.77803	-2.96015	-2.73404
35	75	5	2.85951	-4.21814	-4.25543
35	75	15	2.75402	-5.17151	-5.24458
35	75	25	2.40009	-5.10286	-5.2706
35	75	35	2.53622	-4.78246	-4.76966
35	75	45	2.69804	-3.09925	-3.00387
35	75	55	2.81969	-2.71512	-2.75739
35	75	65	3.57829	-4.52292	-4.54575
35	75	75	3.3789	-5.63021	-4.8244
35	75	85	2.63561	-4.17615	-3.9304
35	85	5	2.41963	-4.7503	-4.77965
35	85	15	2.64743	-5.14428	-5.20347
35	85	25	2.58738	-5.40188	-5.52103
35	85	35	2.91667	-4.40364	-4.61651
35	85	45	3.1466	-3.27485	-3.02403
35	85	55	3.61485	-3.66159	-3.44009
35	85	65	3.67607	-5.09105	-4.38776
35	85	75	2.97942	-5.64202	-5.023
35	85	85	2.57409	-5.12242	-4.96214
45	5	5	3.4019	-4.65478	-5.41497
45	5	15	3.6511	-5.27133	-5.96916
45	5	25	3.16942	-5.53928	-6.20532
45	5	35	3.62696	-4.98289	-5.24709
45	5	45	4.26179	-3.97181	-4.39548
45	5	55	4.68201	-5.36209	-5.48059
45	5	65	4.52712	-5.96417	-4.59222
45	5	75	3.75945	-4.92159	-4.01371
45	5	85	3.41834	-3.89952	-4.12939
45	15	5	2.73928	-4.67758	-5.16311
45	15	15	3.7109	-5.08465	-6.14234
45	15	25	3.61985	-5.53057	-6.6446
45	15	35	4.58147	-4.96005	-5.6065
45	15	45	4.90945	-4.53489	-5.20722
45	15	55	5.28582	-5.87883	-6.40754
45	15	65	5.09311	-6.40144	-5.98956
45	15	75	3.86943	-5.06873	-5.1376
45	15	85	3.03959	-3.76871	-3.9006
45	25	5	3.04237	-4.43486	-4.15685
45	25	15	3.64497	-4.98	-5.89365
45	25	25	3.83467	-5.67907	-6.78823
45	25	35	5.11816	-5.67161	-5.78442
45	25	45	5.68846	-5.41807	-5.12912
45	25	55	5.51576	-6.45904	-6.25031
45	25	65	5.85252	-6.49448	-6.92154
45	25	75	4.58583	-5.56089	-5.4411
45	25	85	3.52516	-3.88571	-3.60855
45	35	5	4.04662	-4.67021	-3.50618
45	35	15	4.11936	-5.04443	-4.89042
45	35	25	3.96383	-5.53441	-6.24201
45	35	35	3.61952	-5.29063	-5.66386
45	35	45	3.70103	-5.12403	-5.27015
45	35	55	3.71495	-5.50759	-5.80403
45	35	65	4.35752	-5.68194	-6.25878
45	35	75	4.27759	-5.8697	-5.17597
45	35	85	3.77765	-4.87519	-3.96312
45	45	5	4.22586	-4.34139	-2.78671
45	45	15	3.64474	-4.2905	-3.79756
45	45	25	4.46596	-5.75012	-6.3189
45	45	35	4.04128	-5.72033	-5.67554
45	45	45	3.4522	-5.51283	-5.03211
45	45	55	3.66299	-5.74417	-5.48461
45	45	65	4.30416	-6.10786	-5.82425
45	45	75	3.50472	-5.49193	-4.80302
45	45	85	3.7309	-4.53293	-3.48419
45	55	5	2.87796	-2.91494	-2.62682
45	55	15	2.98666	-3.45285	-3.44125
45	55	25	4.05021	-5.54654	-6.16832
45	55	35	3.65685	-5.23305	-5.96163
45	55	45	2.83098	-5.02836	-5.17569
45	55	55	2.89835	-5.08408	-5.34329
45	55	65	3.19589	-5.22405	-5.58477
45	55	75	2.89705	-5.28351	-4.98626
45	55	85	3.15571	-3.9629	-3.39959
45	65	5	2.98436	-3.05931	-2.97251
45	65	15	2.9462	-4.39529	-4.22906
45	65	25	3.46062	-5.37399	-5.80921
45	65	35	3.35879	-5.16534	-5.83403
45	65	45	2.92824	-4.60285	-4.9385
45	65	55	2.8751	-4.32008	-4.6433
45	65	65	3.03148	-4.04005	-4.22127
45	65	75	2.69263	-4.03759	-3.8984
45	65	85	2.89383	-3.28163	-2.85885
45	75	5	3.4534	-3.70339	-4.26838
45	75	15	2.97028	-4.96301	-5.23822
45	75	25	3.01831	-5.13777	-5.66657
45	75	35	3.07431	-5.10243	-5.5934
45	75	45	2.82538	-3.78204	-3.89626
45	75	55	3.03434	-3.02322	-3.06573
45	75	65	2.89426	-3.31593	-3.31435
45	75	75	2.64104	-4.73495	-4.48936
45	75	85	2.73805	-3.95361	-3.74801
45	85	5	3.02914	-3.95658	-4.85948
45	85	15	2.85855	-5.0014	-5.33098
45	85	25	2.90893	-5.30175	-5.52248
45	85	35	3.07561	-5.16362	-5.1211
45	85	45	3.34833	-3.60045	-3.36904
45	85	55	3.6256	-4.43046	-3.92165
45	85	65	3.37056	-4.57789	-3.90013
45	85	75	2.75839	-4.62564	-4.30088
45	85	85	2.57236	-3.85608	-3.9982
55	5	5	3.8221	-3.15228	-4.00874
55	5	15	3.4153	-4.6119	-5.3676
55	5	25	3.13849	-5.43719	-5.4716
55	5	35	3.74947	-5.46287	-5.57696
55	5	45	4.63657	-4.49937	-4.90142
55	5	55	4.30837	-5.92257	-5.43633
55	5	65	4.28244	-6.61657	-5.06114
55	5	75	4.1368	-5.99596	-4.82053
55	5	85	4.33152	-3.76555	-4.03169
55	15	5	2.96305	-3.60999	-4.11612
55	15	15	3.28212	-4.78109	-5.5991
55	15	25	3.17754	-5.33819	-6.17217
55	15	35	4.13338	-4.48279	-5.6189
55	15	45	5.14954	-4.45292	-6.22978
55	15	55	4.80152	-5.64423	-6.53658
55	15	65	3.88264	-5.89349	-5.59389
55	15	75	3.92361	-5.59006	-5.19369
55	15	85	4.08589	-3.6824	-3.58606
55	25	5	2.98086	-3.39809	-3.09295
55	25	15	3.96699	-4.7227	-5.48309
55	25	25	3.87986	-5.79349	-5.85869
55	25	35	4.93846	-4.52155	-5.70277
55	25	45	5.06108	-4.12044	-5.73977
55	25	55	4.85147	-5.55182	-6.73669
55	25	65	4.37368	-5.77633	-6.1952
55	25	75	4.32553	-5.44069	-5.73081
55	25	85	3.53447	-3.65668	-3.64471
55	35	5	3.2905	-3.38165	-2.68905
55	35	15	3.81497	-4.01378	-3.81578
55	35	25	4.2725	-5.17894	-5.63696
55	35	35	4.4195	-4.34224	-4.87586
55	35	45	4.83525	-4.82363	-5.31251
55	35	55	4.31999	-5.46994	-6.14396
55	35	65	4.70513	-5.37703	-6.95425
55	35	75	4.41555	-5.14205	-6.16482
55	35	85	3.49977	-3.99582	-3.81228
55	45	5	2.78143	-2.92633	-2.73629
55	45	15	3.13753	-3.47331	-3.28681
55	45	25	4.33351	-4.68454	-5.14414
55	45	35	4.41134	-4.11755	-4.10955
55	45	45	3.6453	-4.01004	-4.00169
55	45	55	3.47125	-5.12849	-5.37609
55	45	65	4.57597	-5.30488	-6.94288
55	45	75	3.49818	-4.34493	-5.0849
55	45	85	2.91221	-3.21536	-3.39222
55	55	5	2.71124	-2.74808	-2.62809
55	55	15	3.09497	-3.17848	-2.75454
55	55	25	4.04755	-4.60563	-4.26996
55	55	35	3.46311	-4.2708	-4.40475
55	55	45	3.01983	-3.96608	-4.12051
55	55	55	2.85171	-5.09712	-5.27644
55	55	65	3.63324	-5.12299	-6.22156
55	55	75	2.78946	-4.70242	-4.9796
55	55	85	2.59481	-3.21326	-3.17695
55	65	5	2.99865	-3.21439	-2.96841
55	65	15	2.97078	-3.80787	-3.37618
55	65	25	3.42125	-4.33574	-5.04487
55	65	35	3.29353	-4.70308	-5.34217
55	65	45	2.67592	-4.94178	-5.08455
55	65	55	2.4903	-4.9793	-5.09924
55	65	65	2.75144	-4.68082	-4.8804
55	65	75	2.69465	-4.30164	-4.16566
55	65	85	2.89158	-3.34003	-2.96061
55	75	5	3.35393	-3.23879	-3.87968
55	75	15	2.46072	-4.77617	-4.90496
55	75	25	2.83236	-5.08226	-5.54352
55	75	35	3.22987	-5.06214	-5.84579
55	75	45	2.67286	-4.40166	-4.46463
55	75	55	2.75223	-3.93243	-3.69365
55	75	65	3.1918	-4.27119	-3.68679
55	75	75	2.83422	-3.9208	-3.3776
55	75	85	2.63776	-3.84155	-3.66108
55	85	5	4.2139	-2.71054	-4.62462
55	85	15	2.84979	-4.62652	-5.12987
55	85	25	2.85141	-5.11706	-5.46477
55	85	35	3.16582	-5.06354	-5.77484
55	85	45	2.65571	-3.78685	-3.84699
55	85	55	2.78104	-4.78526	-4.65644
55	85	65	2.92222	-4.60727	-4.35405
55	85	75	2.62466	-4.09114	-3.90633
55	85	85	3.14845	-2.8093	-3.53154
65	5	5	3.41758	-2.35587	-3.20116
65	5	15	3.04851	-3.74864	-3.83264
65	5	25	2.90967	-4.6517	-4.7937
65	5	35	2.84784	-4.82235	-5.08434
65	5	45	2.57016	-4.02136	-4.06142
65	5	55	2.62732	-5.03927	-5.05595
65	5	65	2.87465	-5.15884	-5.27382
65	5	75	3.06446	-5.18906	-5.09672
65	5	85	3.41507	-3.45828	-3.93901
65	15	5	3.121	-2.82688	-2.88573
65	15	15	2.78819	-3.39583	-3.79101
65	15	25	2.71417	-4.84576	-5.13137
65	15	35	2.45259	-3.98118	-4.24557
65	15	45	2.97176	-3.29726	-4.07931
65	15	55	2.92702	-4.86876	-5.35355
65	15	65	2.83294	-5.0956	-5.39879
65	15	75	2.95831	-5.19999	-5.38632
65	15	85	3.3955	-3.51274	-4.1364
65	25	5	2.79829	-3.06356	-2.77758
65	25	15	3.69867	-3.78013	-3.55815
65	25	25	3.70401	-5.58578	-5.31019
65	25	35	3.55341	-3.64119	-4.32803
65	25	45	3.86468	-3.29763	-4.72052
65	25	55	3.8086	-4.64221	-5.98583
65	25	65	2.95612	-5.11929	-5.5061
65	25	75	3.01464	-4.92177	-5.3846
65	25	85	3.06232	-3.37892	-3.80101
65	35	5	2.71987	-2.91179	-2.86382
65	35	15	3.27304	-3.74457	-3.45339
65	35	25	4.79517	-5.28885	-4.90568
65	35	35	4.29685	-4.10152	-3.64674
65	35	45	4.36619	-3.61203	-3.87409
65	35	55	4.16044	-4.88519	-5.3072
65	35	65	3.95524	-5.91797	-5.72359
65	35	75	3.51743	-5.0619	-5.68832
65	35	85	2.87953	-3.87518	-3.84126
65	45	5	2.5535	-3.01101	-3.00865
65	45	15	2.69673	-4.03901	-4.17333
65	45	25	3.40822	-3.92281	-4.38591
65	45	35	3.77752	-3.51442	-3.13111
65	45	45	3.65554	-3.17695	-3.3129
65	45	55	3.75385	-4.1398	-4.61774
65	45	65	3.76884	-5.1325	-6.30171
65	45	75	3.77266	-4.57277	-5.61203
65	45	85	2.76478	-3.33602	-3.46658
65	55	5	2.5905	-3.08287	-3.04273
65	55	15	2.95183	-3.45511	-3.17432
65	55	25	3.61807	-3.50836	-3.00133
65	55	35	3.23982	-3.42685	-3.02007
65	55	45	2.87744	-3.04924	-3.10367
65	55	55	2.67827	-4.31601	-4.32959
65	55	65	3.69455	-5.09897	-6.27544
65	55	75	3.52327	-4.44301	-5.37329
65	55	85	2.58017	-3.16496	-3.15384
65	65	5	2.6884	-3.08069	-2.83882
65	65	15	2.70789	-3.24739	-3.12777
65	65	25	2.73596	-3.05801	-3.13471
65	65	35	2.63723	-3.25719	-3.31339
65	65	45	2.39326	-4.21946	-4.1981
65	65	55	2.43158	-4.97654	-5.01558
65	65	65	3.37145	-5.04076	-5.92153
65	65	75	2.87713	-4.76203	-4.70893
65	65	85	2.61639	-3.45403	-3.25939
65	75	5	2.6256	-3.05241	-3.21375
65	75	15	1.85141	-4.6725	-4.67613
65	75	25	0.851432	-5.06741	-5.08701
65	75	35	1.35151	-4.92377	-5.08534
65	75	45	2.37104	-4.9121	-4.85261
65	75	55	2.52748	-4.95847	-4.61803
65	75	65	3.37183	-5.3804	-4.92038
65	75	75	3.17946	-3.61481	-2.84126
65	75	85	2.65113	-3.22483	-2.84374
65	85	5	2.98851	-2.50957	-3.13136
65	85	15	2.4574	-4.26224	-4.36711
65	85	25	2.47618	-4.97582	-5.09745
65	85	35	2.61622	-4.7812	-4.92362
65	85	45	2.36495	-4.65884	-4.71865
65	85	55	2.63422	-5.19724	-5.08484
65	85	65	2.70018	-4.85426	-4.81583
65	85	75	2.82187	-3.88781	-3.83102
65	85	85	2.70188	-2.53361	-2.6684
75	5	5	2.6354	-2.25229	-2.6143
75	5	15	2.91013	-3.88937	-3.63214
75	5	25	2.7714	-4.78673	-4.72709
75	5	35	2.53381	-3.80111	-3.82305
75	5	45	2.19218	-3.67688	-3.67537
75	5	55	2.52858	-4.95243	-4.95159
75	5	65	3.11378	-5.10147	-6.28386
75	5	75	2.7119	-5.07497	-5.33452
75	5	85	2.7058	-3.77879	-3.90733
75	15	5	2.41236	-2.30632	-2.20683
75	15	15	2.74512	-2.82557	-2.62433
75	15	25	2.63075	-3.97114	-3.96996
75	15	35	2.15393	-3.28995	-3.31386
75	15	45	1.59032	-2.51494	-2.63487
75	15	55	2.52547	-4.79728	-4.85723
75	15	65	2.99062	-5.09928	-5.67966
75	15	75	2.73586	-5.10114	-5.3111
75	15	85	2.88032	-4.05771	-4.34823
75	25	5	2.23225	-2.30903	-2.2091
75	25	15	3.1063	-3.06723	-2.92811
75	25	25	3.19066	-3.7286	-3.30873
75	25	35	2.59103	-3.09569	-2.93734
75	25	45	2.18383	-2.73922	-2.79965
75	25	55	2.71022	-4.42836	-4.54876
75	25	65	2.87099	-5.11668	-5.49748
75	25	75	2.77342	-5.10191	-5.28791
75	25	85	2.773	-3.98157	-4.16405
75	35	5	2.63315	-3.28709	-3.2084
75	35	15	2.82886	-3.99195	-4.05258
75	35	25	3.09662	-4.52559	-4.52211
75	35	35	3.48064	-3.7806	-2.97744
75	35	45	3.89703	-3.91642	-2.77128
75	35	55	4.06978	-4.96526	-4.11967
75	35	65	3.73555	-6.2169	-5.4345
75	35	75	3.59581	-5.80239	-5.4264
75	35	85	3.17344	-4.85844	-4.36128
75	45	5	2.55918	-3.42069	-3.41523
75	45	15	2.60213	-4.90651	-4.93674
75	45	25	2.87206	-4.70452	-4.94528
75	45	35	2.98532	-3.49076	-3.22093
75	45	45	3.01133	-3.33985	-3.00047
75	45	55	3.13119	-3.8365	-3.85635
75	45	65	3.1542	-5.42791	-5.50707
75	45	75	3.09226	-5.07838	-5.28679
75	45	85	2.58236	-3.72686	-3.69975
75	55	5	2.27046	-3.06442	-3.04479
75	55	15	2.6532	-4.32143	-4.2611
75	55	25	2.6937	-3.90294	-3.92068
75	55	35	2.77912	-4.00019	-3.81654
75	55	45	2.80199	-3.24473	-3.01465
75	55	55	2.80418	-3.66617	-3.75467
75	55	65	3.04152	-5.12362	-5.65878
75	55	75	3.16004	-4.14333	-4.75042
75	55	85	2.3145	-2.87011	-2.87263
75	65	5	2.34721	-2.95932	-2.81906
75	65	15	2.56915	-3.39934	-3.37851
75	65	25	2.65279	-3.56362	-3.52272
75	65	35	2.57354	-3.15655	-3.15523
75	65	45	2.51585	-3.12154	-3.13837
75	65	55	2.47621	-4.64324	-4.6581
75	65	65	2.91643	-5.08797	-5.68821
75	65	75	3.04192	-4.48274	-4.87317
75	65	85	2.17407	-2.90805	-2.81147
75	75	5	3.00815	-3.76472	-3.38415
75	75	15	1.86787	-4.75487	-4.67247
75	75	25	2.17146	-5.10228	-5.02106
75	75	35	2.354	-4.94124	-4.94149
75	75	45	2.3313	-4.82486	-4.82473
75	75	55	2.38913	-4.88325	-4.86237
75	75	65	3.33464	-5.56033	-5.46551
75	75	75	3.51593	-4.36202	-3.81054
75	75	85	3.16015	-3.61244	-2.85838
75	85	5	2.60173	-2.56851	-2.65803
75	85	15	2.57353	-4.14407	-4.1197
75	85	25	2.57349	-4.95321	-4.97315
75	85	35	2.54593	-4.5606	-4.58259
75	85	45	2.28711	-4.50044	-4.47975
75	85	55	2.64786	-5.09746	-5.11545
75	85	65	3.03259	-5.09918	-5.53797
75	85	75	2.76423	-4.1236	-3.90082
75	85	85	2.79388	-2.97434	-2.88517
85	5	5	2.29471	-2.33672	-2.47923
85	5	15	2.59145	-3.81479	-3.85303
85	5	25	2.75658	-5.08569	-5.12387
85	5	35	2.59607	-4.00334	-3.96394
85	5	45	2.33831	-3.41904	-3.41229
85	5	55	2.67515	-4.61774	-4.73203
85	5	65	3.41585	-5.10439	-6.82354
85	5	75	2.71268	-5.09994	-5.5044
85	5	85	2.62658	-4.2987	-4.43307
85	15	5	2.35186	-2.29506	-2.39756
85	15	15	2.52707	-3.14509	-3.14705
85	15	25	2.67126	-4.25166	-4.35186
85	15	35	2.37728	-2.93323	-2.91733
85	15	45	1.59115	-2.33705	-2.33685
85	15	55	2.62953	-4.33641	-4.49631
85	15	65	3.43226	-5.09914	-6.60186
85	15	75	3.14264	-5.10204	-5.73723
85	15	85	2.75834	-4.30149	-4.53369
85	25	5	2.413	-2.56118	-2.58284
85	25	15	2.55188	-3.2281	-3.21299
85	25	25	2.73151	-3.99341	-4.13471
85	25	35	2.77188	-3.33781	-3.09865
85	25	45	2.56784	-2.92902	-2.58901
85	25	55	2.82105	-4.36272	-4.12311
85	25	65	3.05061	-5.39684	-5.95724
85	25	75	3.23465	-5.262	-5.65202
85	25	85	2.61829	-4.52204	-4.55015
85	35	5	3.07625	-4.04043	-3.64327
85	35	15	2.91688	-5.17057	-4.85803
85	35	25	3.11529	-5.41658	-4.93691
85	35	35	3.5803	-4.59214	-3.60504
85	35	45	4.20421	-4.5135	-2.90031
85	35	55	4.58023	-5.53085	-3.57848
85	35	65	4.63896	-7.09604	-5.52884
85	35	75	3.75584	-6.14474	-5.16955
85	35	85	3.41464	-5.44244	-4.66447
85	45	5	2.62713	-4.18998	-4.21807
85	45	15	2.60313	-5.01097	-5.06941
85	45	25	2.77589	-5.10042	-5.19939
85	45	35	2.70573	-4.2187	-4.12606
85	45	45	2.87545	-3.86187	-3.57909
85	45	55	3.13739	-3.95978	-3.49343
85	45	65	3.28795	-5.69181	-5.4757
85	45	75	3.07586	-5.38549	-5.10551
85	45	85	2.64508	-4.20965	-4.22771
85	55	5	2.40458	-3.55451	-3.58736
85	55	15	2.63793	-5.02962	-5.03385
85	55	25	2.67685	-5.00278	-5.06009
85	55	35	2.6386	-4.59957	-4.55618
85	55	45	2.65799	-3.58968	-3.48321
85	55	55	2.79226	-3.29924	-3.1596
85	55	65	2.91046	-5.32935	-5.43234
85	55	75	2.78493	-4.75116	-4.70899
85	55	85	2.44045	-2.95979	-2.98576
85	65	5	2.33685	-3.36267	-3.30876
85	65	15	2.59404	-4.80896	-4.70707
85	65	25	2.77398	-4.82649	-4.76648
85	65	35	2.6544	-4.17736	-4.11845
85	65	45	2.56024	-2.88386	-2.85716
85	65	55	2.60488	-4.0325	-4.16192
85	65	65	2.93869	-5.11592	-5.5339
85	65	75	2.57964	-4.22243	-4.41402
85	65	85	2.29635	-3.04291	-3.00816
85	75	5	3.19557	-4.56619	-3.62708
85	75	15	2.93346	-5.14407	-4.7045
85	75	25	2.85347	-5.25084	-4.98887
85	75	35	2.61546	-5.01366	-4.99165
85	75	45	2.55604	-4.86641	-4.82475
85	75	55	2.69241	-4.80408	-4.92481
85	75	65	3.07312	-5.19363	-5.7556
85	75	75	2.82113	-4.3621	-4.335
85	75	85	2.85795	-3.98925	-3.53623
85	85	5	2.61441	-2.82223	-2.65641
85	85	15	2.65505	-4.4942	-4.38458
85	85	25	2.49228	-5.09683	-5.15438
85	85	35	2.576	-4.90212	-4.84215
85	85	45	2.55616	-4.32444	-4.2407
85	85	55	2.87224	-5.00049	-5.17891
85	85	65	3.83906	-5.08047	-6.44371
85	85	75	2.94153	-4.18042	-4.54373
85	85	85	2.56772	-3.73564	-3.74631
