5	5	5	2.63224	-5.06078	-5.1004
5	5	15	2.55264	-4.6408	-4.64241
5	5	25	2.69109	-3.77722	-3.63728
5	5	35	2.85104	-3.79773	-3.57734
5	5	45	3.39624	-5.43655	-5.32173
5	5	55	3.01033	-4.98112	-5.00043
5	5	65	2.67896	-5.10204	-5.06998
5	5	75	2.7729	-4.05683	-4.19871
5	5	85	2.59224	-4.7803	-4.78152
5	15	5	3.31345	-5.81187	-5.13349
5	15	15	3.13385	-5.57977	-5.04261
5	15	25	2.63153	-5.00753	-4.92725
5	15	35	2.73183	-4.80418	-4.7434
5	15	45	3.47742	-5.25002	-5.60842
5	15	55	3.47266	-5.96828	-5.11632
5	15	65	3.90537	-6.28684	-5.10919
5	15	75	3.87973	-5.82404	-4.73995
5	15	85	3.75668	-6.19265	-5.11111
5	25	5	2.8279	-5.29714	-5.18119
5	25	15	2.62227	-5.15081	-5.12361
5	25	25	2.55796	-5.0851	-5.07842
5	25	35	2.58146	-4.97827	-4.98783
5	25	45	3.4532	-5.12175	-5.94357
5	25	55	3.10571	-5.4341	-5.28346
5	25	65	3.124	-4.88028	-4.65357
5	25	75	2.91462	-3.879	-3.64228
5	25	85	2.95393	-5.3368	-5.0956
5	35	5	2.65246	-5.10311	-5.20183
5	35	15	2.57511	-5.04249	-5.06563
5	35	25	2.61117	-4.86055	-4.80043
5	35	35	2.63268	-4.44225	-4.40059
5	35	45	3.15331	-5.11492	-5.59263
5	35	55	2.86869	-4.8479	-4.91263
5	35	65	2.8317	-3.29096	-3.17059
5	35	75	2.56309	-3.32076	-3.20898
5	35	85	2.71914	-5.05758	-5.13035
5	45	5	2.77239	-5.16254	-5.26223
5	45	15	2.75228	-5.02244	-4.98287
5	45	25	2.67186	-3.63646	-3.59645
5	45	35	2.75231	-3.12631	-3.28582
5	45	45	2.89315	-4.87262	-5.17128
5	45	55	2.75757	-3.68381	-3.88607
5	45	65	2.57832	-2.55245	-2.67011
5	45	75	2.47425	-3.25037	-3.20566
5	45	85	2.81249	-5.12	-5.27789
5	55	5	3.63349	-5.86319	-5.26286
5	55	15	3.55506	-5.62283	-4.74526
5	55	25	2.95548	-3.50007	-3.21727
5	55	35	2.87266	-3.52388	-3.72307
5	55	45	2.87346	-5.02318	-5.22234
5	55	55	2.85438	-4.8214	-5.12446
5	55	65	2.57371	-4.07706	-4.05928
5	55	75	2.72845	-4.27429	-4.09431
5	55	85	3.44807	-5.7493	-5.2099
5	65	5	3.14392	-5.38942	-5.35825
5	65	15	2.8279	-4.65484	-4.50202
5	65	25	2.70308	-3.30438	-3.19321
5	65	35	2.85747	-3.32505	-3.57862
5	65	45	2.93272	-5.08765	-5.42836
5	65	55	2.91312	-4.98191	-5.30306
5	65	65	2.57351	-4.79284	-4.81452
5	65	75	2.79238	-4.28165	-4.16217
5	65	85	2.93407	-5.32758	-5.0258
5	75	5	2.63351	-5.07447	-5.15281
5	75	15	2.59716	-4.38481	-4.38354
5	75	25	2.71443	-3.31972	-3.1372
5	75	35	2.93114	-3.23882	-3.21875
5	75	45	3.21473	-5.04506	-5.54702
5	75	55	3.18197	-5.04399	-5.59076
5	75	65	2.55802	-5.06205	-5.06182
5	75	75	2.67393	-4.03614	-4.15501
5	75	85	2.57554	-4.81639	-4.83444
5	85	5	2.69149	-5.14884	-5.12923
5	85	15	2.67226	-4.24143	-4.1426
5	85	25	2.57309	-2.81206	-2.67165
5	85	35	2.57273	-2.88998	-2.86834
5	85	45	3.0344	-4.76385	-5.2469
5	85	55	2.98207	-4.70198	-5.13265
5	85	65	2.57459	-4.98219	-5.00546
5	85	75	2.65324	-3.35988	-3.46197
5	85	85	2.59234	-4.4465	-4.44768
15	5	5	2.79145	-5.26854	-5.14894
15	5	15	2.61305	-4.64178	-4.66301
15	5	25	2.55271	-3.70283	-3.70452
15	5	35	2.73188	-4.37582	-4.51668
15	5	45	3.13387	-5.03738	-5.5402
15	5	55	2.92195	-4.6353	-4.60618
15	5	65	2.99886	-4.85406	-4.62185
15	5	75	2.91355	-4.77967	-4.54215
15	5	85	2.89227	-5.1872	-4.88844
15	15	5	3.71464	-6.19801	-5.19601
15	15	15	3.37512	-5.9016	-5.0841
15	15	25	3.01292	-5.37402	-4.91352
15	15	35	3.15144	-5.31314	-5.23277
15	15	45	4.01867	-5.53276	-5.9964
15	15	55	3.95677	-5.92796	-5.31606
15	15	65	4.27816	-6.16842	-4.62916
15	15	75	4.60441	-5.97284	-4.04143
15	15	85	4.57985	-6.82834	-4.84116
15	25	5	3.07624	-5.4846	-5.24259
15	25	15	2.62468	-5.14984	-5.08789
15	25	25	2.57568	-5.0244	-5.00105
15	25	35	2.67786	-5.10538	-5.21855
15	25	45	3.37598	-5.17662	-5.83567
15	25	55	3.08296	-5.1336	-5.43698
15	25	65	2.99021	-4.80524	-4.59721
15	25	75	3.1803	-3.50677	-3.08334
15	25	85	3.24836	-5.10847	-4.61357
15	35	5	2.80169	-5.24974	-5.22153
15	35	15	2.59922	-5.12377	-5.08846
15	35	25	2.57165	-4.98258	-4.96211
15	35	35	2.67236	-4.98291	-5.06157
15	35	45	3.69668	-5.10382	-6.16056
15	35	55	3.29453	-5.10832	-5.67845
15	35	65	2.71015	-3.44894	-3.51345
15	35	75	2.71475	-2.97044	-2.77251
15	35	85	2.83288	-4.69021	-4.4548
15	45	5	2.73287	-5.10152	-5.28073
15	45	15	2.63156	-5.1621	-5.08251
15	45	25	2.5911	-4.06092	-4.02085
15	45	35	2.73269	-3.63767	-3.45602
15	45	45	3.17231	-4.3489	-4.84761
15	45	55	3.14037	-3.84279	-4.26867
15	45	65	2.34588	-2.622	-2.62171
15	45	75	2.4253	-2.99422	-3.02488
15	45	85	2.60036	-4.97142	-4.93027
15	55	5	2.51412	-5.222	-5.14348
15	55	15	3.1735	-5.46365	-4.8829
15	55	25	3.31346	-3.72047	-2.99806
15	55	35	3.15185	-3.25193	-2.69114
15	55	45	3.09344	-4.74413	-4.64251
15	55	55	2.69909	-4.82147	-4.92143
15	55	65	2.59762	-3.83739	-3.83647
15	55	75	2.59598	-3.89387	-3.89699
15	55	85	2.57851	-5.0682	-5.07398
15	65	5	2.83446	-5.26267	-5.26249
15	65	15	2.6919	-4.46406	-4.40168
15	65	25	2.75709	-3.03888	-2.87447
15	65	35	2.73905	-3.19115	-3.08314
15	65	45	2.7163	-4.59413	-4.74966
15	65	55	2.71751	-4.94288	-5.02207
15	65	65	2.70151	-4.98085	-4.92249
15	65	75	2.76311	-4.66195	-4.51242
15	65	85	2.71583	-5.04316	-5.00556
15	75	5	2.65642	-5.10338	-5.20143
15	75	15	2.57433	-4.58357	-4.60364
15	75	25	2.55302	-3.35046	-3.34922
15	75	35	2.67321	-3.76523	-3.76386
15	75	45	2.7161	-4.42983	-4.42719
15	75	55	2.66343	-4.18929	-4.28501
15	75	65	2.6074	-4.90872	-4.94612
15	75	75	2.59054	-4.5636	-4.58761
15	75	85	2.59779	-5.00535	-5.04547
15	85	5	2.67267	-5.09627	-5.2179
15	85	15	2.61348	-4.30146	-4.28389
15	85	25	2.53229	-2.98725	-2.98848
15	85	35	2.69277	-3.68325	-3.82477
15	85	45	3.01402	-4.62095	-5.0436
15	85	55	2.72132	-4.18028	-4.34859
15	85	65	2.5956	-4.70012	-4.74454
15	85	75	2.61522	-4.18123	-4.24531
15	85	85	2.57198	-4.76074	-4.78159
25	5	5	3.07309	-5.49524	-5.21726
25	5	15	2.75389	-4.64233	-4.56519
25	5	25	2.67278	-3.70524	-3.74738
25	5	35	2.7523	-4.90016	-4.98142
25	5	45	3.03625	-5.09367	-5.53889
25	5	55	2.876	-4.6125	-4.73731
25	5	65	3.19929	-4.02485	-3.79059
25	5	75	3.25638	-4.73405	-4.11931
25	5	85	3.25315	-5.52367	-4.98571
25	15	5	4.43864	-6.90336	-5.17895
25	15	15	3.81643	-6.16258	-5.06637
25	15	25	2.99452	-5.03284	-4.67552
25	15	35	2.89328	-5.27447	-5.2159
25	15	45	3.43789	-5.40877	-5.61234
25	15	55	4.08963	-5.80765	-5.05085
25	15	65	4.39036	-5.6228	-4.03396
25	15	75	4.79351	-5.5907	-3.47236
25	15	85	4.88943	-6.52719	-4.2304
25	25	5	3.64747	-6.02806	-5.26121
25	25	15	3.05806	-5.45393	-5.01692
25	25	25	2.63981	-4.90922	-4.8228
25	25	35	2.8608	-5.08591	-5.34039
25	25	45	3.46458	-5.16656	-5.94591
25	25	55	3.47114	-4.90342	-5.37713
25	25	65	2.93475	-3.91286	-3.62763
25	25	75	2.95764	-3.11608	-2.79194
25	25	85	3.63285	-4.68104	-3.68001
25	35	5	3.0958	-5.35223	-5.37305
25	35	15	2.64972	-5.08821	-5.05452
25	35	25	2.55459	-4.96499	-4.96225
25	35	35	2.65483	-5.00377	-5.10006
25	35	45	3.5169	-5.12502	-5.9248
25	35	55	3.39427	-5.02625	-5.74074
25	35	65	2.78415	-3.5671	-3.6268
25	35	75	2.99067	-3.02845	-2.71046
25	35	85	3.22208	-4.11026	-3.60002
25	45	5	2.91623	-5.13144	-5.41103
25	45	15	2.59558	-5.12253	-5.10604
25	45	25	2.63168	-4.60228	-4.52166
25	45	35	2.73242	-4.44063	-4.37925
25	45	45	3.43252	-4.37993	-5.18004
25	45	55	3.24325	-4.24221	-4.7324
25	45	65	2.91879	-3.12324	-3.04541
25	45	75	2.90017	-3.19716	-3.17046
25	45	85	2.65851	-4.42286	-4.43861
25	55	5	2.13474	-5.15856	-5.12221
25	55	15	2.1519	-4.98246	-4.88243
25	55	25	2.73271	-3.6429	-3.46206
25	55	35	2.81315	-3.08253	-2.82043
25	55	45	3.33267	-4.16997	-4.14992
25	55	55	3.15871	-4.74944	-4.86975
25	55	65	2.85687	-3.81768	-3.75861
25	55	75	2.9772	-3.95763	-3.94112
25	55	85	2.61789	-4.96331	-4.94926
25	65	5	2.48044	-5.24701	-5.12429
25	65	15	2.66546	-4.94603	-4.76285
25	65	25	2.6439	-3.15848	-3.05807
25	65	35	2.65384	-3.68237	-3.61957
25	65	45	2.84067	-4.10227	-4.23423
25	65	55	2.88593	-4.58134	-4.53046
25	65	65	3.17039	-4.61323	-4.39802
25	65	75	3.35711	-5.03076	-4.88788
25	65	85	3.03308	-5.34509	-5.07188
25	75	5	2.61599	-5.1017	-5.16135
25	75	15	2.58708	-4.60243	-4.64325
25	75	25	2.55046	-3.26802	-3.26765
25	75	35	2.57286	-4.37868	-4.39749
25	75	45	2.69874	-4.36657	-4.50287
25	75	55	2.8631	-4.00058	-4.29507
25	75	65	3.16481	-3.88765	-4.40211
25	75	75	2.73538	-4.70145	-4.87797
25	75	85	2.64576	-4.91259	-5.00139
25	85	5	2.65599	-5.10047	-5.20458
25	85	15	2.57267	-4.12242	-4.14323
25	85	25	2.59141	-3.17166	-3.1721
25	85	35	2.61192	-4.78704	-4.84783
25	85	45	2.75436	-4.9342	-5.13728
25	85	55	2.89613	-4.42757	-4.77138
25	85	65	3.14028	-3.74473	-4.33177
25	85	75	2.72455	-4.63901	-4.81048
25	85	85	2.63852	-4.81242	-4.89731
35	5	5	3.49278	-5.93627	-5.11794
35	5	15	2.87523	-4.38282	-4.1054
35	5	25	2.63437	-3.88287	-3.88536
35	5	35	2.7321	-5.00348	-5.14367
35	5	45	2.79484	-5.09655	-5.29875
35	5	55	3.04124	-4.78128	-5.1063
35	5	65	3.5611	-3.63369	-3.87347
35	5	75	3.5654	-4.27946	-3.88467
35	5	85	3.79884	-5.59366	-4.79969
35	15	5	4.74592	-7.12968	-5.22136
35	15	15	4.22096	-5.30435	-3.8094
35	15	25	3.21587	-4.65088	-4.11325
35	15	35	3.19296	-5.29375	-5.1748
35	15	45	3.17838	-5.45928	-5.32169
35	15	55	3.25647	-5.07657	-5.07222
35	15	65	3.97682	-4.59042	-3.69586
35	15	75	4.37923	-4.47574	-2.85582
35	15	85	4.92196	-5.83031	-3.66358
35	25	5	4.3137	-6.37684	-5.07422
35	25	15	3.80474	-4.30094	-3.35668
35	25	25	2.95274	-3.82939	-3.61161
35	25	35	2.97985	-4.98049	-5.07364
35	25	45	3.28422	-5.2894	-5.66676
35	25	55	2.96621	-4.41394	-4.52393
35	25	65	2.87389	-3.33228	-3.217
35	25	75	2.92731	-3.05396	-2.75867
35	25	85	3.5723	-4.10908	-3.24862
35	35	5	3.59546	-5.10641	-5.56362
35	35	15	2.75027	-4.06217	-3.98094
35	35	25	2.68355	-3.84578	-3.92602
35	35	35	2.90583	-5.0686	-5.35907
35	35	45	3.46597	-5.1705	-5.94678
35	35	55	3.0483	-4.7567	-5.18457
35	35	65	2.66408	-3.20469	-3.21558
35	35	75	2.71149	-2.75199	-2.63162
35	35	85	3.18732	-3.2913	-3.13503
35	45	5	3.19949	-4.97366	-5.5756
35	45	15	2.56366	-4.66359	-4.67265
35	45	25	2.57622	-4.98304	-4.96304
35	45	35	2.75552	-4.78241	-4.86055
35	45	45	3.57985	-4.6856	-5.52322
35	45	55	2.91413	-4.1035	-4.38129
35	45	65	2.77683	-3.18349	-3.0408
35	45	75	2.69426	-3.07242	-2.97004
35	45	85	2.75823	-3.56019	-3.63301
35	55	5	3.09427	-5.42918	-5.24916
35	55	15	2.57548	-5.28539	-4.98262
35	55	25	2.75208	-4.44213	-4.2422
35	55	35	2.65365	-3.67262	-3.65088
35	55	45	3.25208	-3.90703	-4.3268
35	55	55	3.24137	-4.12907	-3.93604
35	55	65	3.25709	-4.22747	-3.64424
35	55	75	3.49614	-4.22227	-3.43887
35	55	85	3.39482	-5.54398	-4.93978
35	65	5	2.72076	-5.24696	-5.11969
35	65	15	2.69429	-5.12483	-5.00318
35	65	25	2.56713	-3.67807	-3.65812
35	65	35	2.63149	-4.52965	-4.52928
35	65	45	2.81145	-4.27682	-4.37642
35	65	55	3.0059	-4.34023	-4.22462
35	65	65	3.23254	-3.58982	-3.39193
35	65	75	3.35473	-4.216	-4.05311
35	65	85	2.93153	-4.91082	-4.89913
35	75	5	2.65758	-5.14446	-5.12041
35	75	15	2.61392	-4.86326	-4.88368
35	75	25	2.57268	-3.67645	-3.65571
35	75	35	2.59293	-4.74277	-4.78155
35	75	45	2.65548	-4.93563	-5.03281
35	75	55	2.66154	-4.60673	-4.70433
35	75	65	3.16382	-3.26039	-3.80794
35	75	75	3.32778	-4.09945	-4.76514
35	75	85	2.76996	-4.70246	-4.81873
35	85	5	2.59553	-5.10066	-5.22024
35	85	15	2.57441	-4.24327	-4.26407
35	85	25	2.59204	-3.55218	-3.55293
35	85	35	2.65204	-4.96584	-5.06588
35	85	45	2.7157	-5.06814	-5.23163
35	85	55	2.75748	-4.70749	-4.9134
35	85	65	3.59738	-3.18412	-4.18193
35	85	75	3.2028	-4.48011	-5.00519
35	85	85	2.67917	-4.81644	-4.93961
45	5	5	4.09741	-6.35801	-5.02094
45	5	15	3.17514	-4.18217	-3.64668
45	5	25	2.6998	-3.70702	-3.61143
45	5	35	2.81749	-4.75284	-4.89491
45	5	45	2.88253	-5.1216	-5.40852
45	5	55	2.77874	-5.045	-5.02542
45	5	65	3.7274	-4.0892	-3.75547
45	5	75	3.843	-4.25232	-3.52606
45	5	85	3.8565	-4.67162	-3.57053
45	15	5	4.76436	-6.77508	-4.94117
45	15	15	4.32962	-4.67367	-3.18717
45	15	25	3.53235	-3.93106	-3.01355
45	15	35	3.18903	-4.84435	-4.50735
45	15	45	3.32394	-5.4916	-5.48064
45	15	55	3.19334	-5.27765	-5.12771
45	15	65	3.671	-4.32399	-4.18394
45	15	75	3.85113	-3.73881	-3.13124
45	15	85	4.42609	-5.10083	-3.39723
45	25	5	4.74006	-6.22541	-4.78609
45	25	15	4.41232	-4.40208	-2.90154
45	25	25	3.63797	-3.7067	-2.76913
45	25	35	3.10282	-4.10832	-4.04546
45	25	45	3.67661	-5.70657	-5.61555
45	25	55	3.29859	-4.94817	-4.76248
45	25	65	3.4937	-4.02977	-3.50177
45	25	75	3.21051	-3.56298	-3.11372
45	25	85	3.7366	-5.13606	-4.27959
45	35	5	3.6272	-4.0831	-4.45981
45	35	15	3.31286	-3.06004	-3.49556
45	35	25	2.68995	-3.03342	-2.99359
45	35	35	2.945	-4.40053	-4.53423
45	35	45	3.81944	-5.25526	-6.22567
45	35	55	3.02109	-4.68221	-4.59192
45	35	65	2.70902	-3.27827	-3.17018
45	35	75	2.78447	-3.23514	-3.04284
45	35	85	3.19308	-3.27478	-3.636
45	45	5	3.71128	-3.82775	-4.56832
45	45	15	2.95186	-3.35818	-3.59557
45	45	25	2.86415	-4.49952	-4.45049
45	45	35	2.85642	-4.9611	-5.21709
45	45	45	3.78937	-5.0902	-6.1096
45	45	55	2.68144	-4.59429	-4.66058
45	45	65	2.66783	-3.36885	-3.25685
45	45	75	2.78419	-3.1554	-2.92391
45	45	85	3.28549	-3.24548	-3.57346
45	55	5	3.89874	-5.85518	-5.59227
45	55	15	3.10679	-5.42471	-5.12908
45	55	25	2.76005	-4.89624	-4.81928
45	55	35	2.7535	-4.60052	-4.72038
45	55	45	3.59432	-4.85521	-5.85685
45	55	55	2.64959	-3.05243	-3.10934
45	55	65	2.83492	-3.76367	-3.52267
45	55	75	3.53676	-4.08491	-3.1004
45	55	85	3.97566	-5.80322	-4.89861
45	65	5	3.13963	-5.62288	-5.0985
45	65	15	2.84444	-5.08627	-4.84905
45	65	25	2.65528	-4.56211	-4.50224
45	65	35	2.63214	-5.08527	-5.04552
45	65	45	3.07517	-4.81342	-5.17515
45	65	55	2.80398	-4.09734	-3.98627
45	65	65	2.9168	-2.95659	-2.67666
45	65	75	3.18232	-3.40294	-2.77167
45	65	85	3.40835	-5.08369	-4.38794
45	75	5	2.7362	-4.79878	-4.73499
45	75	15	2.71763	-4.92519	-4.84656
45	75	25	2.61841	-3.98446	-3.92221
45	75	35	2.55886	-4.98038	-4.97376
45	75	45	3.05715	-5.07422	-5.53147
45	75	55	2.67198	-4.83399	-4.89483
45	75	65	2.58519	-3.29479	-3.30158
45	75	75	2.98594	-3.17711	-3.18381
45	75	85	2.78074	-3.96235	-3.85668
45	85	5	2.65878	-4.97784	-4.99597
45	85	15	2.57682	-4.04402	-4.06495
45	85	25	2.612	-3.51771	-3.49694
45	85	35	2.61326	-4.93443	-4.95401
45	85	45	2.77617	-5.11705	-5.29775
45	85	55	2.60023	-5.11934	-5.08715
45	85	65	2.74212	-3.54184	-3.47327
45	85	75	3.1891	-3.62223	-3.74496
45	85	85	2.8431	-4.41009	-4.24375
55	5	5	4.16608	-5.05011	-3.75217
55	5	15	3.73735	-4.39991	-3.22454
55	5	25	3.22366	-3.80815	-3.22615
55	5	35	3.1683	-4.88058	-4.55578
55	5	45	3.35186	-5.47342	-5.52394
55	5	55	3.21096	-5.67873	-5.14501
55	5	65	3.37779	-4.76825	-3.98167
55	5	75	4.19558	-4.2091	-2.85193
55	5	85	4.39001	-4.51914	-2.97444
55	15	5	4.79805	-6.36063	-4.50513
55	15	15	4.58908	-4.62724	-3.24788
55	15	25	3.81062	-3.8181	-2.98559
55	15	35	3.62484	-4.38499	-4.23222
55	15	45	3.12119	-5.46037	-5.29742
55	15	55	3.03227	-5.49707	-5.14815
55	15	65	3.02547	-4.64991	-4.4614
55	15	75	3.42791	-3.97379	-3.31646
55	15	85	4.5026	-5.60345	-4.11786
55	25	5	4.87448	-6.80723	-5.08869
55	25	15	5.13327	-5.14128	-3.75023
55	25	25	4.23404	-4.09874	-3.46592
55	25	35	4.06913	-4.04867	-4.6287
55	25	45	3.36751	-5.5941	-5.39666
55	25	55	3.99954	-5.85222	-5.40029
55	25	65	3.87367	-4.70672	-4.01119
55	25	75	4.49008	-5.06615	-3.70067
55	25	85	4.68056	-6.53946	-5.38147
55	35	5	4.23212	-4.38459	-4.74111
55	35	15	3.77785	-4.3005	-4.54278
55	35	25	2.8709	-3.11069	-3.23803
55	35	35	3.46926	-3.66776	-4.47825
55	35	45	3.83341	-5.31119	-6.12325
55	35	55	3.39165	-4.61578	-4.50878
55	35	65	3.42003	-3.64295	-3.28532
55	35	75	3.49934	-3.96646	-3.47364
55	35	85	3.91058	-4.7768	-4.90311
55	45	5	3.73631	-3.37396	-4.0567
55	45	15	3.29443	-3.40023	-3.61212
55	45	25	3.02805	-3.62301	-3.5299
55	45	35	3.1717	-4.86886	-5.18959
55	45	45	4.11099	-5.15084	-6.57995
55	45	55	2.84019	-4.44326	-4.64977
55	45	65	2.60124	-3.24931	-3.23699
55	45	75	2.7158	-3.10575	-3.06484
55	45	85	3.63993	-3.56689	-4.12292
55	55	5	4.32389	-5.82831	-5.96665
55	55	15	3.47805	-5.25696	-5.53479
55	55	25	2.852	-5.13151	-4.90053
55	55	35	3.0985	-4.93009	-5.27013
55	55	45	3.5004	-5.06039	-5.96644
55	55	55	2.73154	-3.46006	-3.51969
55	55	65	2.6938	-3.07204	-3.01322
55	55	75	2.75472	-3.46749	-3.38598
55	55	85	3.63544	-5.26208	-5.21806
55	65	5	3.43961	-5.33772	-5.45643
55	65	15	3.0768	-4.84516	-4.92302
55	65	25	2.77097	-4.68122	-4.5787
55	65	35	2.91573	-5.27629	-5.15855
55	65	45	3.79988	-5.27279	-5.79843
55	65	55	2.84548	-4.0787	-3.92954
55	65	65	3.09474	-3.20384	-2.74115
55	65	75	3.2563	-3.3745	-2.71083
55	65	85	3.37678	-4.80736	-4.2224
55	75	5	3.41627	-5.22656	-5.17098
55	75	15	2.90155	-4.20195	-4.07083
55	75	25	2.70724	-3.89807	-3.81099
55	75	35	2.74214	-5.01362	-5.11671
55	75	45	3.16477	-5.16697	-5.64778
55	75	55	2.80839	-5.16559	-5.20027
55	75	65	2.58651	-3.73334	-3.69876
55	75	75	3.08277	-3.08442	-2.63268
55	75	85	3.5408	-4.51913	-3.74151
55	85	5	2.92434	-4.43989	-4.48521
55	85	15	2.76573	-3.77989	-3.82179
55	85	25	2.59194	-3.36645	-3.38657
55	85	35	2.74451	-4.9476	-4.92267
55	85	45	3.20591	-5.20947	-5.64434
55	85	55	2.68996	-5.21588	-5.12504
55	85	65	2.77402	-4.17864	-4.03652
55	85	75	3.40511	-3.43849	-2.78684
55	85	85	3.04171	-3.49567	-3.07394
65	5	5	3.89561	-4.95007	-4.43611
65	5	15	3.64038	-3.68876	-3.65164
65	5	25	3.21075	-3.55949	-3.32797
65	5	35	3.09752	-4.38992	-4.33082
65	5	45	3.41828	-5.76158	-5.29922
65	5	55	3.90108	-6.41002	-5.10402
65	5	65	4.36611	-6.19607	-4.50306
65	5	75	4.85919	-4.394	-3.55401
65	5	85	4.37217	-4.54897	-3.6596
65	15	5	4.01316	-6.04462	-5.13061
65	15	15	3.86684	-4.60169	-3.81747
65	15	25	4.19551	-4.23677	-3.21646
65	15	35	3.73112	-4.45961	-3.84771
65	15	45	3.15845	-5.54017	-5.24362
65	15	55	2.90441	-5.39037	-5.04696
65	15	65	3.24681	-5.13285	-4.80622
65	15	75	3.3628	-4.0337	-3.93655
65	15	85	3.5925	-5.44745	-5.26235
65	25	5	3.85997	-5.84905	-5.4953
65	25	15	4.34302	-5.20078	-4.7636
65	25	25	5.19101	-5.15219	-4.56454
65	25	35	4.54459	-4.28873	-4.65572
65	25	45	3.55288	-5.76903	-5.38367
65	25	55	3.45794	-5.76028	-5.15039
65	25	65	3.73084	-4.87245	-4.67065
65	25	75	3.86682	-4.83239	-4.81615
65	25	85	4.36763	-6.03259	-5.79229
65	35	5	3.65306	-5.23996	-5.69791
65	35	15	4.3697	-5.09953	-5.79061
65	35	25	4.29267	-3.75121	-4.91662
65	35	35	4.28083	-3.49246	-4.71499
65	35	45	3.96469	-5.57031	-5.98654
65	35	55	3.50047	-4.87318	-5.27975
65	35	65	2.95748	-3.14477	-3.41777
65	35	75	2.90341	-3.73762	-3.96267
65	35	85	3.81593	-5.11035	-6.09111
65	45	5	3.51942	-4.764	-5.2508
65	45	15	4.09467	-4.45765	-5.27489
65	45	25	3.99935	-3.16624	-4.15441
65	45	35	4.21144	-4.47941	-5.54159
65	45	45	4.07804	-5.25846	-6.41311
65	45	55	3.41906	-4.36487	-5.06622
65	45	65	2.9406	-3.10486	-3.4704
65	45	75	2.67791	-3.44063	-3.54745
65	45	85	3.63149	-4.56493	-5.36537
65	55	5	3.08146	-5.27402	-5.88843
65	55	15	3.25598	-5.14939	-5.50048
65	55	25	3.29422	-5.11059	-5.43798
65	55	35	3.34045	-4.90895	-5.57399
65	55	45	4.00427	-5.15563	-6.48638
65	55	55	3.07868	-4.30213	-4.66895
65	55	65	2.74818	-3.46844	-3.4648
65	55	75	2.83498	-3.72497	-3.68811
65	55	85	3.45624	-4.86487	-5.34126
65	65	5	3.85712	-5.21883	-6.15559
65	65	15	3.30948	-4.90086	-5.63003
65	65	25	2.77709	-4.47986	-4.6267
65	65	35	3.01945	-5.04011	-5.34294
65	65	45	3.75584	-5.23734	-6.04053
65	65	55	2.97303	-4.36437	-4.13918
65	65	65	3.18298	-4.09522	-3.59272
65	65	75	3.34277	-3.4911	-2.77949
65	65	85	3.4187	-4.89379	-4.5869
65	75	5	4.47276	-5.82246	-6.10337
65	75	15	3.68664	-4.19905	-4.93468
65	75	25	3.0448	-3.99242	-3.84644
65	75	35	3.43382	-5.15082	-4.99286
65	75	45	3.63388	-5.56113	-5.72313
65	75	55	3.07762	-5.59882	-5.12462
65	75	65	3.33539	-4.98145	-4.27718
65	75	75	3.69887	-3.76185	-2.65403
65	75	85	4.37675	-5.31711	-3.85622
65	85	5	3.62813	-4.90472	-4.79781
65	85	15	3.60471	-3.50053	-3.9038
65	85	25	2.96865	-3.40162	-3.69447
65	85	35	3.28108	-4.70154	-4.69959
65	85	45	3.40428	-5.65143	-5.42062
65	85	55	3.33151	-5.85969	-5.12482
65	85	65	3.39284	-5.12276	-4.28122
65	85	75	4.18876	-3.96765	-2.93802
65	85	85	3.83598	-3.95507	-3.15359
75	5	5	3.63952	-5.38271	-5.14226
75	5	15	3.71673	-3.96993	-4.32829
75	5	25	3.25428	-3.42394	-3.12594
75	5	35	3.23065	-4.2056	-3.64679
75	5	45	3.49141	-5.8867	-5.2271
75	5	55	3.15783	-5.70199	-5.1088
75	5	65	3.17376	-5.28204	-5.06478
75	5	75	4.1983	-3.36602	-3.8925
75	5	85	3.5291	-4.69589	-4.22755
75	15	5	3.27988	-5.46673	-5.34987
75	15	15	3.82388	-5.04802	-5.18566
75	15	25	3.46546	-4.31211	-3.76735
75	15	35	3.36422	-4.25307	-3.68468
75	15	45	3.31697	-5.74609	-5.18329
75	15	55	3.28383	-5.76274	-5.13394
75	15	65	4.17564	-5.68205	-5.46586
75	15	75	4.38593	-4.90927	-5.66332
75	15	85	3.61791	-5.33725	-5.80244
75	25	5	2.94468	-5.18034	-5.36669
75	25	15	3.25761	-4.65924	-5.16162
75	25	25	3.94648	-4.40123	-5.4163
75	25	35	3.72954	-4.56418	-4.93052
75	25	45	3.48267	-5.7533	-5.32089
75	25	55	3.71591	-5.93778	-5.23064
75	25	65	3.98876	-5.09285	-5.38657
75	25	75	3.29671	-4.58884	-4.66171
75	25	85	3.43787	-5.25518	-5.77483
75	35	5	3.42225	-5.10091	-5.97048
75	35	15	3.89954	-4.6804	-5.94883
75	35	25	4.72523	-4.02184	-5.87582
75	35	35	4.4678	-3.63472	-4.54359
75	35	45	3.93275	-6.02562	-5.49513
75	35	55	3.31081	-4.77079	-4.91201
75	35	65	3.20758	-3.32729	-3.64934
75	35	75	3.05983	-4.06472	-4.37135
75	35	85	3.43285	-5.06515	-5.94333
75	45	5	3.51585	-5.14017	-5.66339
75	45	15	4.62824	-4.91916	-6.19477
75	45	25	4.70635	-3.23753	-4.69923
75	45	35	4.69359	-3.9846	-5.33649
75	45	45	3.56119	-5.17454	-5.96518
75	45	55	3.60005	-4.14395	-5.06794
75	45	65	3.00769	-2.93296	-3.34778
75	45	75	2.69284	-3.48164	-3.6033
75	45	85	3.55105	-4.9935	-5.97309
75	55	5	3.51825	-5.25368	-5.91091
75	55	15	3.32705	-5.03409	-5.70287
75	55	25	3.65828	-4.50431	-5.52672
75	55	35	3.65348	-4.81957	-5.80033
75	55	45	3.92591	-5.2237	-6.31841
75	55	55	3.96994	-4.34229	-5.67952
75	55	65	3.07367	-4.06565	-4.22826
75	55	75	2.93486	-4.34326	-4.00429
75	55	85	3.5134	-5.35199	-5.14839
75	65	5	3.61703	-5.21798	-5.95399
75	65	15	3.32864	-4.78094	-5.52454
75	65	25	2.90545	-4.19766	-4.55927
75	65	35	3.15103	-4.47805	-5.07806
75	65	45	3.93382	-5.11774	-6.45894
75	65	55	3.41064	-4.54351	-5.35989
75	65	65	2.75845	-4.09447	-4.24184
75	65	75	2.80722	-3.22339	-3.04753
75	65	85	3.06424	-4.8829	-4.61286
75	75	5	4.21283	-6.20707	-5.547
75	75	15	3.55384	-4.9211	-4.72309
75	75	25	3.09292	-3.57803	-3.59922
75	75	35	2.87088	-3.90877	-3.98877
75	75	45	3.75183	-5.39955	-6.01955
75	75	55	3.38951	-5.6828	-5.31715
75	75	65	3.43825	-5.6247	-4.74416
75	75	75	3.65505	-4.0345	-2.97066
75	75	85	4.31782	-5.67916	-4.07721
75	85	5	4.09512	-5.59633	-5.61472
75	85	15	3.71586	-3.92365	-4.16127
75	85	25	2.83585	-3.242	-3.2028
75	85	35	2.95343	-3.97466	-3.81466
75	85	45	2.97102	-5.23261	-5.41261
75	85	55	2.79352	-5.34249	-5.10444
75	85	65	2.95301	-5.0233	-4.62262
75	85	75	3.37476	-3.36727	-2.78596
75	85	85	3.32154	-4.13677	-3.49912
85	5	5	2.65466	-5.03105	-5.04989
85	5	15	2.83469	-4.49949	-4.49751
85	5	25	2.95151	-3.52923	-3.20926
85	5	35	3.02863	-3.7792	-3.2992
85	5	45	3.23222	-5.63387	-5.21507
85	5	55	2.80387	-5.26186	-5.0747
85	5	65	2.65172	-4.92204	-4.94274
85	5	75	2.89319	-3.47284	-3.77421
85	5	85	2.63507	-4.5949	-4.63574
85	15	5	2.83264	-5.25945	-5.18107
85	15	15	2.87543	-5.09716	-5.05597
85	15	25	2.71667	-4.49653	-4.45177
85	15	35	3.08062	-4.58807	-4.09847
85	15	45	4.19581	-6.37614	-5.41214
85	15	55	3.78986	-6.12333	-5.15897
85	15	65	3.69586	-5.74284	-5.28608
85	15	75	3.89488	-5.33764	-5.4807
85	15	85	3.57271	-5.85653	-5.23738
85	25	5	2.90463	-5.19193	-5.36314
85	25	15	2.83463	-5.06249	-5.26288
85	25	25	2.69391	-5.03202	-5.17008
85	25	35	2.6367	-4.63733	-4.71165
85	25	45	3.34916	-5.26899	-5.67165
85	25	55	3.56714	-5.82695	-5.23243
85	25	65	3.73897	-4.90577	-5.16546
85	25	75	3.2161	-4.8581	-4.79744
85	25	85	2.90543	-5.14178	-5.38738
85	35	5	2.79642	-5.12242	-5.32585
85	35	15	2.85437	-4.84167	-5.06474
85	35	25	3.21285	-4.31135	-4.89276
85	35	35	3.37263	-3.88502	-4.02503
85	35	45	3.76168	-5.85022	-5.52677
85	35	55	3.32543	-4.86942	-4.66783
85	35	65	3.14111	-3.50604	-3.84412
85	35	75	2.73991	-3.99686	-4.11287
85	35	85	3.05536	-5.08898	-5.58546
85	45	5	3.15464	-5.28128	-5.52488
85	45	15	3.51705	-5.0832	-5.52683
85	45	25	3.37352	-3.31404	-3.77407
85	45	35	3.95348	-3.19848	-4.35845
85	45	45	3.11876	-5.10514	-5.58782
85	45	55	3.02085	-3.846	-4.30661
85	45	65	2.95932	-2.89147	-3.23529
85	45	75	2.51082	-3.60295	-3.60205
85	45	85	3.14907	-5.1573	-5.59729
85	55	5	3.95419	-5.58183	-5.82023
85	55	15	3.23825	-4.9	-5.064
85	55	25	2.95268	-3.97078	-4.29161
85	55	35	3.57186	-4.35825	-5.37822
85	55	45	2.87666	-5.07183	-5.39739
85	55	55	3.37834	-4.66139	-5.40852
85	55	65	2.71876	-4.14253	-4.14846
85	55	75	3.05112	-4.7579	-4.25668
85	55	85	3.55021	-5.6672	-5.0672
85	65	5	3.3902	-5.27414	-5.67575
85	65	15	2.8395	-4.88464	-5.07938
85	65	25	2.65269	-3.95743	-4.01666
85	65	35	3.31226	-4.23047	-4.94925
85	65	45	3.45462	-5.09518	-5.99877
85	65	55	3.70308	-4.94208	-6.05333
85	65	65	2.78642	-4.80965	-4.83781
85	65	75	2.74549	-3.85211	-3.65778
85	65	85	2.87017	-4.81638	-4.74197
85	75	5	2.97574	-5.27411	-5.29024
85	75	15	2.77486	-4.68369	-4.62226
85	75	25	2.73197	-3.59573	-3.41563
85	75	35	2.75185	-3.28476	-3.28397
85	75	45	3.51143	-5.14997	-5.98956
85	75	55	3.42029	-5.10195	-5.972
85	75	65	2.58325	-5.01405	-4.99906
85	75	75	2.69834	-3.38814	-3.40176
85	75	85	2.7393	-4.56639	-4.50219
85	85	5	2.83192	-5.20037	-5.16032
85	85	15	2.83589	-4.06458	-3.92213
85	85	25	2.65505	-3.01042	-2.82645
85	85	35	2.61224	-2.86757	-2.84595
85	85	45	3.37266	-5.05662	-5.87658
85	85	55	2.7184	-5.10206	-5.26969
85	85	65	2.55585	-4.84166	-4.8464
85	85	75	2.67204	-3.01488	-3.13578
85	85	85	2.6147	-4.01905	-4.04265
