5	5	5	-1.58719	-1.76944	0.208159
5	5	15	0.241802	-1.02695	5.76895
5	5	25	0.282088	-0.830056	-1.49043
5	5	35	-1.69397	-1.43694	-9.77037
5	5	45	-1.82197	-1.38524	-6.79108
5	5	55	-2.60848	-1.87313	6.26781
5	5	65	-0.61288	-1.79487	9.35027
5	5	75	-3.11763	-1.27461	-1.67819
5	5	85	-2.57019	-1.59374	-7.33108
5	15	5	-1.2311	-3.8258	0.339609
5	15	15	-0.118062	-3.03847	3.1028
5	15	25	-0.456366	-0.117515	-0.353316
5	15	35	-0.889581	-2.09597	-7.06337
5	15	45	-1.10909	-3.43835	-4.03429
5	15	55	-2.00254	-2.445	4.12842
5	15	65	-0.325321	-2.15362	5.64701
5	15	75	-1.67526	-1.81569	-1.8776
5	15	85	-0.982198	-3.65437	-4.25015
5	25	5	0.0583405	-1.638	0.081123
5	25	15	0.496099	-1.56118	2.16778
5	25	25	0.0961138	-0.626832	0.661497
5	25	35	0.448825	0.477694	-2.04362
5	25	45	-0.0108474	0.238753	-1.46317
5	25	55	-0.291792	-0.00227689	1.59182
5	25	65	-0.167163	-0.213106	1.58336
5	25	75	-0.684065	-0.592131	-1.17362
5	25	85	-0.636522	-2.66987	-2.89056
5	35	5	0.744292	1.21032	0.434015
5	35	15	1.36675	1.15675	4.22431
5	35	25	0.754416	-0.356992	2.24591
5	35	35	1.00842	1.18169	-1.42
5	35	45	0.832127	2.55901	-1.73257
5	35	55	0.177834	2.48518	1.771
5	35	65	0.0868294	1.02809	1.20621
5	35	75	-0.143161	0.198605	-3.21148
5	35	85	-0.445828	1.20182	-5.40953
5	45	5	0.592914	3.63476	-0.397882
5	45	15	1.35079	2.49928	8.85804
5	45	25	2.36601	-0.0708907	7.33893
5	45	35	2.93803	1.25285	-3.9013
5	45	45	3.4573	3.4765	-4.3659
5	45	55	2.26468	3.26107	3.93651
5	45	65	1.35088	1.02435	4.44047
5	45	75	-0.234833	0.382711	-8.57664
5	45	85	-0.391912	3.23786	-9.54033
5	55	5	0.358735	-2.68569	-0.084863
5	55	15	1.23565	-2.9208	8.86206
5	55	25	2.02763	0.358833	6.75988
5	55	35	2.19171	-0.815568	-4.37665
5	55	45	2.34409	-2.1239	-4.00631
5	55	55	0.354298	-2.06495	3.76649
5	55	65	0.564905	-0.880048	5.6106
5	55	75	-1.14961	-1.701	-7.85541
5	55	85	-1.20609	-2.91488	-9.10173
5	65	5	-0.0790996	-1.21241	-0.931927
5	65	15	0.950651	-1.37441	4.03534
5	65	25	0.779585	0.166177	1.01667
5	65	35	0.404008	-1.16935	-2.45863
5	65	45	0.68696	-2.57625	-1.58159
5	65	55	-0.116842	-2.37904	1.38994
5	65	65	0.0048544	-1.33228	1.86816
5	65	75	-1.10605	-0.450101	-2.44722
5	65	85	-1.1246	-1.87949	-5.77048
5	75	5	0.194794	0.487818	0.00845113
5	75	15	0.216563	0.603347	0.956632
5	75	25	-0.0215415	-0.740913	-0.644191
5	75	35	-0.119492	-1.07319	-2.68215
5	75	45	0.041611	-0.63673	-1.48613
5	75	55	-0.183305	-0.672041	1.69325
5	75	65	-0.524426	-0.801003	2.10956
5	75	75	-0.385634	0.259605	-0.52601
5	75	85	-0.217635	1.49285	-2.31758
5	85	5	-0.446414	2.45574	-0.363523
5	85	15	0.310939	1.61271	3.19711
5	85	25	0.303569	-1.19292	-1.17607
5	85	35	-0.419649	0.581251	-7.26596
5	85	45	-0.75555	1.74434	-4.58064
5	85	55	-0.856263	2.62438	4.98981
5	85	65	-0.382209	0.844691	6.68977
5	85	75	-1.56447	-0.1481	-0.501606
5	85	85	-1.09217	2.7205	-4.79342
15	5	5	-5.12925	-0.911339	-1.44766
15	5	15	-1.44459	-0.606967	3.06479
15	5	25	0.750186	-0.319569	-1.08119
15	5	35	-3.20509	-1.39437	-6.48871
15	5	45	-5.84685	-0.854675	-4.4197
15	5	55	-4.808	-0.852681	3.10757
15	5	65	-0.840513	-1.00206	5.35881
15	5	75	1.04289	0.106311	-1.69689
15	5	85	-4.52588	-0.278457	-5.33476
15	15	5	-2.28688	-2.39422	-0.724417
15	15	15	-0.949377	-1.35422	1.21934
15	15	25	1.0485	0.337633	-0.554461
15	15	35	-1.06056	-0.778925	-2.42902
15	15	45	-2.66697	-1.66779	-1.37388
15	15	55	-2.13369	-1.77119	1.23774
15	15	65	1.0443	-1.91271	2.20387
15	15	75	1.10929	-1.03662	-1.25281
15	15	85	-2.39993	-2.72522	-2.50754
15	25	5	-0.568214	-0.473082	-0.190119
15	25	15	0.166409	-0.245575	0.12888
15	25	25	1.03147	0.121723	-0.178566
15	25	35	0.595202	0.0227187	-0.373113
15	25	45	-0.727942	-0.156241	-0.00615284
15	25	55	-0.824102	-0.266386	0.274353
15	25	65	0.853569	-0.74869	0.229728
15	25	75	0.65545	-1.0199	-0.590976
15	25	85	-0.79668	-0.656051	-0.80443
15	35	5	-1.31863	0.530518	-0.262645
15	35	15	-0.267022	-0.164587	0.575237
15	35	25	1.36049	-0.602781	1.39208
15	35	35	0.743782	0.269733	0.132842
15	35	45	-0.375142	1.01066	-0.203198
15	35	55	-0.884947	1.14453	0.567383
15	35	65	1.45302	-0.287158	0.397228
15	35	75	0.448573	-0.555254	-2.30665
15	35	85	-2.3	0.55112	-2.30941
15	45	5	-4.98771	0.984133	-1.87348
15	45	15	-3.37655	-0.0887148	4.02535
15	45	25	-0.110432	-1.40559	4.76547
15	45	35	1.05581	0.435231	-1.4316
15	45	45	-1.28747	2.4134	-0.91819
15	45	55	-2.2951	2.67554	2.40797
15	45	65	2.17977	1.43539	1.91343
15	45	75	-0.347416	0.0244293	-6.32465
15	45	85	-5.2192	1.89825	-6.98191
15	55	5	-5.00288	-2.44408	-1.84419
15	55	15	-2.795	-1.29682	3.70928
15	55	25	0.862544	-0.00801376	4.47667
15	55	35	1.49977	0.358073	-2.15046
15	55	45	-1.49056	-0.610338	-2.00007
15	55	55	-2.41619	-0.654915	2.88007
15	55	65	2.03405	0.275241	3.17106
15	55	75	0.817331	-0.523989	-5.26431
15	55	85	-4.68625	-2.73678	-6.50179
15	65	5	-1.18998	-0.694233	-0.399444
15	65	15	-0.114894	-0.971408	0.552892
15	65	25	2.29262	0.18356	0.170788
15	65	35	1.03541	-0.150259	-0.388276
15	65	45	-0.73565	-0.95098	-0.426529
15	65	55	-0.734404	-0.993464	0.539079
15	65	65	1.21185	0.10863	0.190036
15	65	75	1.91496	-0.0130757	-0.957379
15	65	85	-1.16773	-1.24856	-1.9392
15	75	5	-0.431333	0.385582	-0.377354
15	75	15	0.37498	0.353341	0.302949
15	75	25	1.79537	-0.442827	-0.660935
15	75	35	0.220838	0.0546146	-0.374697
15	75	45	-0.57886	0.271547	-0.173474
15	75	55	-0.567742	0.332362	0.0676854
15	75	65	0.769682	-0.072101	0.237214
15	75	75	1.0313	-0.0415585	0.0348033
15	75	85	-0.733818	0.379533	-0.563299
15	85	5	-1.61237	1.83471	-0.639192
15	85	15	-0.36546	1.45243	1.41077
15	85	25	2.07195	-1.0105	-0.548906
15	85	35	-1.12983	0.99482	-3.37757
15	85	45	-2.88078	1.28429	-1.56265
15	85	55	-2.64097	1.42437	1.32392
15	85	65	-0.528055	1.80648	3.17278
15	85	75	0.887715	-0.355626	-0.215544
15	85	85	-1.83032	1.97412	-2.70653
25	5	5	-1.88391	-0.579668	-1.16887
25	5	15	-0.136973	-0.368877	1.70146
25	5	25	-0.416392	0.337736	0.3684
25	5	35	-2.52246	-0.342701	-2.32797
25	5	45	-3.08835	-0.922872	-2.66011
25	5	55	-2.20502	-0.515968	1.35301
25	5	65	-0.415706	-0.191617	0.695651
25	5	75	1.96294	-0.718169	-1.39056
25	5	85	-1.19223	-0.0128322	-3.91301
25	15	5	-0.40636	-1.30695	-0.0919551
25	15	15	-0.148531	-0.989483	0.18412
25	15	25	-0.0194838	0.172935	0.221595
25	15	35	-0.736898	-0.0602821	0.104777
25	15	45	-0.451606	-0.742919	-0.337945
25	15	55	-0.0861235	-0.796026	-0.119703
25	15	65	0.526185	-1.04287	-0.599043
25	15	75	0.57295	-0.374367	-0.442076
25	15	85	-1.33011	-1.76726	-1.23416
25	25	5	-0.230523	-0.385401	-0.395133
25	25	15	0.0694175	-0.20482	-0.416298
25	25	25	0.204856	-0.229387	-0.0630017
25	25	35	-0.247452	0.133632	0.239804
25	25	45	-0.261877	-0.124276	0.211035
25	25	55	-0.0206877	0.0364835	-0.202958
25	25	65	0.249008	-0.412135	-0.649302
25	25	75	0.262684	-0.567236	-0.0821108
25	25	85	-0.377392	-0.254145	0.0368438
25	35	5	-0.373005	0.466438	-0.326412
25	35	15	-0.297805	0.498751	-0.260713
25	35	25	0.04928	-0.452916	0.0386499
25	35	35	0.577669	-0.0942385	0.717051
25	35	45	-0.136483	0.354876	0.238368
25	35	55	-0.0716952	0.465974	0.00868648
25	35	65	0.683733	-0.146967	-0.316778
25	35	75	-0.584859	-0.394222	-0.325863
25	35	85	-1.11737	0.480895	-0.174269
25	45	5	-1.95338	0.116137	-0.825746
25	45	15	-1.98509	-0.419109	1.54462
25	45	25	-0.834522	-0.786764	1.06368
25	45	35	0.731785	0.463349	-0.362368
25	45	45	-0.468373	1.18188	-0.406035
25	45	55	-0.609193	1.34649	1.14625
25	45	65	1.21993	0.145422	0.561346
25	45	75	-0.489137	-0.502403	-1.26912
25	45	85	-3.12798	0.508214	-3.49416
25	55	5	-1.1201	-1.59557	-0.838586
25	55	15	-1.40221	-1.35736	1.13078
25	55	25	0.11556	0.173011	0.658839
25	55	35	1.41238	0.511588	-0.545965
25	55	45	0.238553	0.186193	-0.509855
25	55	55	-0.108207	0.0835035	1.16118
25	55	65	2.0576	0.351573	1.26858
25	55	75	0.718393	0.470371	-0.86763
25	55	85	-1.54678	-1.64773	-2.71522
25	65	5	-0.225796	-0.576112	-0.249604
25	65	15	-0.169627	-0.46914	-0.422244
25	65	25	0.48563	-0.146852	-0.33801
25	65	35	0.411586	0.08691	0.279013
25	65	45	0.182499	-0.235368	0.264838
25	65	55	-0.324873	-0.33965	-0.0546543
25	65	65	0.984179	0.293002	-0.517693
25	65	75	0.704853	0.259713	0.136067
25	65	85	-0.332624	-0.484214	0.0950924
25	75	5	-0.0469958	0.117805	-0.157392
25	75	15	0.0906891	0.0415586	-0.674651
25	75	25	0.464934	0.00423376	-0.219299
25	75	35	0.262153	0.113285	0.547162
25	75	45	-0.0698155	0.20258	0.178982
25	75	55	-0.190665	0.00187541	-0.471147
25	75	65	0.517252	0.379444	-0.396652
25	75	75	0.291263	0.206619	0.276233
25	75	85	-0.171813	0.0954756	0.193356
25	85	5	-0.39939	1.13019	-0.426094
25	85	15	-0.273675	0.538831	0.0873739
25	85	25	0.33555	-0.274009	0.0826074
25	85	35	-0.570787	0.22639	-0.263339
25	85	45	-0.892367	0.730586	-0.605483
25	85	55	-0.368244	1.02567	0.0468984
25	85	65	-0.183684	0.185434	0.146862
25	85	75	0.788159	-0.191324	-0.0847262
25	85	85	-0.601514	1.08289	-0.954291
35	5	5	3.39142	-0.504413	-1.46127
35	5	15	2.26632	-0.50631	2.75466
35	5	25	-1.0573	0.00272088	2.57933
35	5	35	-0.0977972	0.0596628	-2.54028
35	5	45	3.01367	-0.327936	-3.41328
35	5	55	3.43129	-2.10943	0.844433
35	5	65	0.931498	-0.879358	1.76359
35	5	75	1.16255	-0.0808318	-2.52971
35	5	85	3.59331	-0.0491914	-5.1227
35	15	5	0.885272	-0.940529	-0.498415
35	15	15	0.478736	-0.993131	0.625805
35	15	25	-1.63845	0.89584	0.193216
35	15	35	-0.501737	-0.237793	-0.55228
35	15	45	0.66014	-0.797773	-0.274586
35	15	55	0.694348	-0.995002	0.123955
35	15	65	-0.145043	-0.0343522	-0.31547
35	15	75	0.011109	0.289766	-1.38759
35	15	85	1.05641	-1.42993	-1.73611
35	25	5	0.0748218	-0.278042	-0.264851
35	25	15	0.0601904	-0.353062	-0.365149
35	25	25	-0.870641	0.358775	0.0613857
35	25	35	-0.314183	0.299106	0.424709
35	25	45	0.196919	0.0659764	0.22854
35	25	55	0.509255	0.00108647	-0.142195
35	25	65	-0.0562182	0.255633	-0.222338
35	25	75	-0.904284	-0.56501	-0.0372477
35	25	85	-0.170025	-0.419559	0.103642
35	35	5	0.134935	0.570845	-0.182989
35	35	15	-0.232064	-0.00699706	-0.483161
35	35	25	-1.04392	-0.296335	-0.340041
35	35	35	0.17248	0.310112	0.0294213
35	35	45	0.39741	1.09246	0.0920052
35	35	55	0.612553	0.534826	-0.0678972
35	35	65	0.311961	0.380429	0.1162
35	35	75	-0.727211	-0.804765	0.246283
35	35	85	0.15009	0.633068	-0.246067
35	45	5	1.14545	-0.313114	-0.797582
35	45	15	-0.0729457	-0.707937	2.38474
35	45	25	-1.71041	-1.80909	-0.351257
35	45	35	0.994035	0.146956	-2.91858
35	45	45	1.35783	0.9308	-1.60083
35	45	55	1.89737	1.48634	2.32649
35	45	65	1.33508	-0.039998	3.36264
35	45	75	-1.33174	-1.35121	0.750552
35	45	85	0.706348	0.108335	-2.66262
35	55	5	1.72077	-3.12397	-0.739336
35	55	15	0.102066	-2.67623	1.94451
35	55	25	-2.14725	0.183924	-0.717581
35	55	35	1.54879	0.109524	-2.38892
35	55	45	2.70183	-0.721296	-1.77034
35	55	55	2.33261	-0.896328	2.06107
35	55	65	1.46813	0.119076	3.01429
35	55	75	-1.28488	0.375533	0.546008
35	55	85	1.21031	-1.93498	-1.80938
35	65	5	0.509803	-0.878131	0.0475718
35	65	15	-0.181646	-0.529838	-0.0800103
35	65	25	-1.76544	0.235719	-0.641528
35	65	35	-0.124122	-0.229142	-0.524367
35	65	45	0.83134	-0.701697	-0.291044
35	65	55	0.619333	-0.732278	0.222545
35	65	65	0.108204	-0.488645	0.0610549
35	65	75	-0.443014	0.432631	0.319501
35	65	85	0.704025	-0.523498	-0.14409
35	75	5	0.259207	0.260281	-0.22913
35	75	15	-0.136441	0.473269	-0.260533
35	75	25	-0.933205	0.498239	-0.181103
35	75	35	-0.0716528	0.146678	0.232605
35	75	45	0.323431	0.349561	-0.0216658
35	75	55	0.231746	0.0696584	0.0360966
35	75	65	-0.290565	0.272605	-0.350375
35	75	75	-0.121762	0.206622	-0.083039
35	75	85	0.144427	0.305808	0.0439195
35	85	5	1.12982	1.54787	-0.578186
35	85	15	0.157481	1.14467	0.534955
35	85	25	-1.22321	0.249108	0.573495
35	85	35	0.184338	0.608907	-0.48735
35	85	45	1.11444	1.45198	-1.02966
35	85	55	1.35013	0.897361	0.402137
35	85	65	0.256521	0.26762	0.322465
35	85	75	-0.112184	0.153915	-0.966817
35	85	85	1.69019	1.37155	-1.37929
45	5	5	6.75444	1.26734	-1.45688
45	5	15	3.18087	1.42742	8.28203
45	5	25	-2.1764	1.56002	5.60895
45	5	35	2.10144	1.60967	-6.39087
45	5	45	5.51356	0.360128	-4.79351
45	5	55	5.9672	-0.075997	2.96539
45	5	65	1.66532	-0.340008	3.6263
45	5	75	2.24045	1.99009	-7.42803
45	5	85	5.62052	1.40837	-8.83681
45	15	5	2.54273	-2.16581	-1.00874
45	15	15	-0.28904	-1.62587	4.39298
45	15	25	-1.8733	1.32803	2.92332
45	15	35	-0.170483	-0.586935	-2.48055
45	15	45	1.56994	-2.0169	-1.65282
45	15	55	1.90959	-2.06349	1.39476
45	15	65	0.167678	-0.111213	1.71636
45	15	75	0.460084	0.317278	-4.21269
45	15	85	3.16705	-2.75894	-6.14064
45	25	5	0.794577	-0.240162	-0.321397
45	25	15	-0.429021	-0.368794	1.04677
45	25	25	-0.79648	0.0923773	0.269258
45	25	35	-0.621891	-0.882337	-1.14519
45	25	45	0.795084	-0.45824	-0.495044
45	25	55	1.01573	-0.583256	0.553705
45	25	65	-0.217145	-0.454927	1.01588
45	25	75	-0.320154	-0.0364997	-0.928261
45	25	85	0.916231	-0.65146	-2.05363
45	35	5	0.315435	1.26002	-0.145235
45	35	15	-0.178284	1.11385	0.977724
45	35	25	-0.802384	-0.58808	-0.801033
45	35	35	-0.008806	0.393035	-3.38848
45	35	45	1.74704	2.23658	-3.03239
45	35	55	1.92637	2.1115	2.09057
45	35	65	0.488111	0.664341	2.83093
45	35	75	-0.359914	-1.05255	0.479482
45	35	85	0.601885	1.54796	-1.67515
45	45	5	2.97933	0.748307	0.377153
45	45	15	-0.022037	-0.464646	5.31439
45	45	25	-2.39063	-2.56207	-2.0142
45	45	35	1.15549	1.67564	-8.53573
45	45	45	4.62069	4.10138	-6.04408
45	45	55	3.84645	3.78058	5.4622
45	45	65	2.11008	2.76896	9.03536
45	45	75	-0.442367	-0.779668	1.06216
45	45	85	2.68169	0.46901	-6.0498
45	55	5	2.03281	-5.10925	0.85605
45	55	15	-1.0382	-3.99122	5.70748
45	55	25	-3.04801	-0.417527	-2.63653
45	55	35	1.35877	-1.38351	-8.57393
45	55	45	4.27433	-3.27975	-6.59127
45	55	55	4.10121	-3.48814	5.94237
45	55	65	1.48562	-0.9592	8.37267
45	55	75	-0.0679834	0.90769	2.0134
45	55	85	0.845307	-3.6177	-4.44517
45	65	5	0.608287	-2.25974	-0.0472827
45	65	15	-1.66823	-2.30289	2.10813
45	65	25	-1.6908	0.603162	-0.598664
45	65	35	-0.199602	-0.923811	-4.38587
45	65	45	1.56608	-1.17522	-3.14789
45	65	55	1.48446	-1.45967	2.85373
45	65	65	-0.355867	-0.330246	2.9327
45	65	75	-0.919479	0.218505	0.283858
45	65	85	0.281989	-1.93348	-1.96954
45	75	5	0.114188	0.0337789	0.356102
45	75	15	-1.42335	0.280396	2.30991
45	75	25	-0.767993	0.294033	0.336692
45	75	35	0.150425	1.26885	-2.20029
45	75	45	0.997452	1.79808	-1.43565
45	75	55	1.02475	1.45944	1.01706
45	75	65	0.0149423	1.26201	1.26058
45	75	75	-0.283387	-0.248009	-1.08691
45	75	85	0.150755	0.491233	-2.49332
45	85	5	2.96785	3.67923	-0.0333726
45	85	15	-0.827466	3.37518	5.61575
45	85	25	-2.34849	1.44873	2.52257
45	85	35	1.36553	2.8819	-3.36904
45	85	45	3.12553	3.36257	-2.75954
45	85	55	2.91335	3.22132	1.67991
45	85	65	0.0757659	1.2553	1.29871
45	85	75	0.244969	1.12833	-5.03152
45	85	85	2.83592	3.68914	-6.37841
55	5	5	-4.656	-1.01633	0.475953
55	5	15	-3.11945	-0.648174	8.42663
55	5	25	0.395999	-0.224319	5.47048
55	5	35	2.74582	1.34927	-6.70285
55	5	45	1.57302	1.91978	-4.90086
55	5	55	1.16788	1.86016	4.74944
55	5	65	2.8339	1.64954	4.45646
55	5	75	1.79857	-0.0772243	-8.19491
55	5	85	-2.53721	-1.73423	-8.61339
55	15	5	-1.34033	-3.18916	0.66509
55	15	15	-1.12784	-3.57726	6.13032
55	15	25	0.973321	0.14686	3.39093
55	15	35	1.73499	-0.83219	-3.56586
55	15	45	1.29518	-2.46381	-2.57107
55	15	55	1.52652	-2.21989	1.95611
55	15	65	2.35982	-0.146439	2.18334
55	15	75	2.60538	-0.425955	-4.5528
55	15	85	0.645556	-3.88157	-6.01168
55	25	5	-0.0788806	-0.498772	0.276176
55	25	15	0.545394	-0.916903	1.73787
55	25	25	1.04458	-0.608031	0.116032
55	25	35	0.634073	-0.905022	-1.90734
55	25	45	0.835253	-1.10459	-1.20396
55	25	55	0.943144	-0.868318	0.683332
55	25	65	1.34386	-0.513646	0.971021
55	25	75	1.98305	0.363694	-1.89255
55	25	85	0.434819	-1.18944	-2.76883
55	35	5	-0.0881226	1.3727	0.106127
55	35	15	-0.296392	0.865206	1.7523
55	35	25	1.53451	-1.49048	-0.909353
55	35	35	0.262465	0.957882	-3.8165
55	35	45	0.0845426	1.31611	-3.59833
55	35	55	0.171957	0.961577	1.31993
55	35	65	0.94206	0.80426	2.91436
55	35	75	2.38175	-1.02407	-0.156296
55	35	85	1.09312	1.78196	-2.07611
55	45	5	-2.20289	0.472825	1.61011
55	45	15	-2.1691	0.160786	6.37969
55	45	25	0.82448	-1.75576	-2.38652
55	45	35	-2.76982	2.50368	-8.75606
55	45	45	-4.77605	3.06204	-7.20488
55	45	55	-5.15975	3.09183	3.79087
55	45	65	-1.08209	2.30032	8.2001
55	45	75	1.17451	-1.57004	0.211443
55	45	85	-0.210018	1.48231	-5.65723
55	55	5	-3.84539	-3.62259	2.95113
55	55	15	-2.74444	-3.2163	6.49285
55	55	25	1.08009	-0.270767	-2.71579
55	55	35	-3.30162	-2.88995	-9.47671
55	55	45	-5.6985	-3.40479	-7.37018
55	55	55	-4.86672	-3.57823	4.28287
55	55	65	-0.520228	-0.391622	7.57775
55	55	75	1.29087	0.0411758	0.188916
55	55	85	-0.533482	-2.7323	-4.67653
55	65	5	-0.773392	-1.75317	0.457402
55	65	15	-0.644471	-1.95603	2.13529
55	65	25	0.577584	0.484389	-0.614606
55	65	35	-0.304856	-1.19175	-4.34859
55	65	45	-1.24237	-2.40919	-3.60347
55	65	55	-0.175157	-2.11632	2.72802
55	65	65	1.49023	-1.44368	2.16618
55	65	75	1.28416	-0.26197	-1.07593
55	65	85	-0.0322112	-2.25833	-1.83473
55	75	5	-0.526436	0.633341	0.33704
55	75	15	-0.810624	0.55363	2.24792
55	75	25	0.805165	0.911249	0.302363
55	75	35	0.447415	1.26299	-2.46735
55	75	45	0.0755062	1.4793	-1.76812
55	75	55	1.26334	1.67319	1.85896
55	75	65	1.90294	0.9528	1.10832
55	75	75	0.607758	-0.205035	-1.75354
55	75	85	-0.215326	0.549898	-1.9514
55	85	5	-2.62677	3.02856	0.279671
55	85	15	-1.93552	3.86765	5.26843
55	85	25	1.3326	1.28442	2.90899
55	85	35	1.60291	2.83834	-4.10224
55	85	45	2.15309	4.10219	-3.1559
55	85	55	1.5059	3.12727	2.09817
55	85	65	2.47854	1.56887	1.53044
55	85	75	0.973233	1.02878	-6.10312
55	85	85	-1.59377	3.47098	-5.93697
65	5	5	-2.28998	-0.617907	-0.0856484
65	5	15	-2.07742	-0.319208	3.24188
65	5	25	2.96525	0.0996092	2.0784
65	5	35	3.46795	0.460738	-3.19147
65	5	45	-0.209915	0.176013	-1.20548
65	5	55	0.0725545	0.139718	0.893523
65	5	65	3.82234	-0.0603781	2.27623
65	5	75	1.0425	0.117985	-3.18082
65	5	85	-2.02749	-0.430956	-3.29497
65	15	5	-0.47105	-1.17338	0.0913217
65	15	15	0.0295897	-1.76217	1.20796
65	15	25	2.19281	-0.427325	0.54923
65	15	35	1.81707	-0.3418	-1.18032
65	15	45	-0.27605	-0.844748	-0.62513
65	15	55	0.0871554	-0.814839	0.00490794
65	15	65	2.14425	-0.0893648	0.85626
65	15	75	2.10698	-0.913773	-1.40124
65	15	85	-0.0538149	-1.72825	-1.10212
65	25	5	-0.0424367	-0.296622	0.026885
65	25	15	0.0721809	-0.67396	0.12131
65	25	25	1.33429	-0.468084	-0.0372779
65	25	35	0.448707	-0.107757	0.0871892
65	25	45	0.00164977	-0.191085	-0.226162
65	25	55	0.13924	0.0285011	-0.292016
65	25	65	1.12537	0.0984119	-0.342511
65	25	75	1.94486	-0.263645	-0.304995
65	25	85	0.304922	-0.680254	0.14182
65	35	5	-0.586646	0.384919	0.182331
65	35	15	0.472623	-0.163466	-0.199762
65	35	25	1.33331	-1.02085	-0.222171
65	35	35	-0.0284226	0.339148	-0.380647
65	35	45	-0.331213	0.477183	-0.3265
65	35	55	-0.273693	0.554533	-0.168268
65	35	65	0.481784	0.602068	-0.0636679
65	35	75	2.22927	-0.696192	-0.516613
65	35	85	0.121382	0.499287	0.00442031
65	45	5	-3.43212	-0.628708	2.38757
65	45	15	-0.812449	-1.16412	3.78373
65	45	25	1.38162	-0.962758	-0.522461
65	45	35	-2.25688	0.212951	-4.00947
65	45	45	-3.23792	0.839276	-3.03749
65	45	55	-2.35613	0.779624	1.13042
65	45	65	-1.61354	-0.621323	2.56927
65	45	75	0.830768	-1.41152	-0.824751
65	45	85	-2.25039	-0.0102575	-2.80433
65	55	5	-3.01658	-2.4753	1.9182
65	55	15	-1.46218	-1.70522	3.1398
65	55	25	0.807494	0.548762	-0.777261
65	55	35	-2.85698	-1.61925	-4.82221
65	55	45	-3.71983	-1.33445	-3.63387
65	55	55	-2.66272	-1.06668	0.742692
65	55	65	-1.01282	-0.39316	2.90803
65	55	75	0.653176	-0.277982	-1.18668
65	55	85	-1.75068	-1.20158	-1.31009
65	65	5	-0.420658	-0.426671	0.191396
65	65	15	-0.661039	-0.919589	0.418199
65	65	25	0.6687	0.353825	-0.158146
65	65	35	-0.192437	-0.562395	-0.570079
65	65	45	-0.62689	-0.492812	-0.289305
65	65	55	-0.305273	-0.6505	-0.0504798
65	65	65	0.474597	-0.985579	-0.136711
65	65	75	1.33857	-0.434744	-0.285844
65	65	85	-0.456759	-0.438659	0.200141
65	75	5	-0.378239	0.14078	0.137544
65	75	15	-0.0264094	0.446182	-0.122365
65	75	25	1.05981	0.259285	-0.0573993
65	75	35	-0.0413369	0.00242766	0.0405959
65	75	45	-0.167621	-0.0263425	0.0512836
65	75	55	0.0367034	0.0448316	-0.406987
65	75	65	1.04755	-0.299225	-0.496192
65	75	75	0.768752	-0.101622	-0.243668
65	75	85	-0.332366	-0.00521921	0.0942772
65	85	5	-0.625061	0.767	0.0953272
65	85	15	-0.406259	1.37459	0.814727
65	85	25	1.38807	0.253873	0.68411
65	85	35	0.665269	0.573936	-0.183447
65	85	45	-0.232171	0.484348	-0.334392
65	85	55	-0.217581	0.72167	0.128293
65	85	65	2.24898	0.394482	-0.087701
65	85	75	0.707151	-0.520391	-0.928814
65	85	85	-1.04161	1.00403	-0.786146
75	5	5	2.19571	-1.61826	-0.179734
75	5	15	1.5589	-1.18111	2.44983
75	5	25	0.840383	-1.13804	0.607246
75	5	35	2.35665	-0.76999	-1.48605
75	5	45	2.03734	-0.278529	-1.09588
75	5	55	1.83559	0.0182686	0.638409
75	5	65	2.21547	-0.540064	1.26607
75	5	75	0.31554	-0.889355	-0.320388
75	5	85	1.00602	-0.73325	-2.36003
75	15	5	0.879306	-1.35083	0.125966
75	15	15	1.21451	-1.27481	0.449383
75	15	25	0.992082	0.0486444	-0.603674
75	15	35	1.12547	-0.355849	-0.652276
75	15	45	0.620671	-0.778668	-0.419006
75	15	55	0.61132	-0.432855	-0.2257
75	15	65	0.390574	0.110571	-0.258642
75	15	75	-0.0716748	-0.31415	0.236066
75	15	85	1.00184	-1.20797	-0.553625
75	25	5	0.502066	-0.255583	-0.0428978
75	25	15	0.263391	-0.276844	-0.303433
75	25	25	0.369072	-0.00660655	-0.0986687
75	25	35	0.151465	-0.167814	0.537232
75	25	45	0.0250794	-0.0024255	0.0499016
75	25	55	0.253785	-0.132051	-0.240521
75	25	65	-0.117436	0.0760733	-0.616971
75	25	75	0.0196387	0.0147768	0.421596
75	25	85	0.240751	-0.182695	0.287283
75	35	5	0.424938	0.433177	0.0211048
75	35	15	0.334171	0.0957516	-0.134218
75	35	25	0.346491	-0.076582	0.160679
75	35	35	0.0116379	0.216404	0.373196
75	35	45	0.183104	0.56772	0.0880337
75	35	55	0.137885	0.6284	-0.188423
75	35	65	-0.236398	-0.0592418	-0.616067
75	35	75	0.177627	0.183764	0.142315
75	35	85	0.257398	0.592239	0.00212094
75	45	5	0.799075	-0.0538198	1.37497
75	45	15	2.33074	-0.530443	3.32209
75	45	25	0.863557	-0.311482	1.90763
75	45	35	0.252544	0.495341	-2.61445
75	45	45	1.77962	1.53665	-2.44697
75	45	55	1.36908	1.41202	0.646749
75	45	65	-0.345545	-0.210025	1.58509
75	45	75	0.341232	-1.03539	-0.623815
75	45	85	0.681416	0.350209	-1.43812
75	55	5	0.431112	-1.39141	1.35723
75	55	15	1.96743	-1.76914	2.80442
75	55	25	-0.0977142	-0.0242166	0.863664
75	55	35	0.158838	-0.486704	-3.28671
75	55	45	2.13916	-1.21411	-3.26747
75	55	55	1.79646	-1.26494	0.867889
75	55	65	-0.376704	0.563994	1.29283
75	55	75	-0.706783	0.242554	-0.658356
75	55	85	0.189173	-0.810971	-1.31845
75	65	5	0.048567	-0.640179	-0.0868849
75	65	15	0.0987956	-0.702225	-0.0570047
75	65	25	-0.124177	-0.146769	0.0570705
75	65	35	0.0291206	-0.51942	0.104792
75	65	45	0.158335	-0.470134	-0.12694
75	65	55	0.301937	-0.709725	-0.0071398
75	65	65	-0.523556	-0.29947	-0.374142
75	65	75	-0.785241	-0.41178	0.179871
75	65	85	0.219606	-0.52334	0.382274
75	75	5	0.120961	0.0331988	0.0442123
75	75	15	0.244023	0.231391	-0.420056
75	75	25	-0.427487	-0.0587369	-0.360266
75	75	35	0.122867	-0.239019	0.493425
75	75	45	0.109707	-0.0137396	0.0985671
75	75	55	0.149879	-0.0118027	-0.231464
75	75	65	-0.400299	0.0415983	-0.477096
75	75	75	-0.607248	-0.106972	0.400371
75	75	85	-0.127775	-0.162486	0.305035
75	85	5	0.310266	0.43386	-0.0286909
75	85	15	0.484838	0.456908	0.593078
75	85	25	0.101565	-0.411823	-0.112854
75	85	35	0.749744	-0.248992	-0.265865
75	85	45	0.447508	0.476198	-0.0533145
75	85	55	0.615696	0.674622	-0.240207
75	85	65	0.697318	-0.453895	-0.286877
75	85	75	-0.849679	-0.899982	0.404464
75	85	85	0.109782	0.269854	-0.532158
85	5	5	4.11544	-1.62428	-0.86067
85	5	15	2.63368	-2.1928	3.9244
85	5	25	-0.789177	-0.583201	-0.518825
85	5	35	2.66887	-0.851978	-6.66683
85	5	45	4.38026	-0.33103	-3.77169
85	5	55	3.99778	0.129742	2.78189
85	5	65	1.43522	-0.328217	5.06024
85	5	75	-3.40425	-2.02811	-0.391725
85	5	85	2.09995	-0.737804	-4.11869
85	15	5	2.13384	-2.43339	0.0332805
85	15	15	1.0533	-1.55269	1.39801
85	15	25	-0.540738	0.299563	-0.364523
85	15	35	0.45615	-0.713259	-2.95663
85	15	45	1.5973	-0.802646	-1.11357
85	15	55	1.2742	-0.826885	0.542864
85	15	65	-0.681655	-0.177388	2.21384
85	15	75	-2.31576	-1.04693	-0.41031
85	15	85	1.3376	-2.29892	-1.80281
85	25	5	0.901485	-0.235784	0.0316199
85	25	15	0.743825	-0.273675	0.540889
85	25	25	-0.303983	-0.0215396	0.297382
85	25	35	-0.377085	0.035691	-0.248758
85	25	45	0.688398	0.0560068	-0.0821207
85	25	55	0.418773	0.041226	-0.0365557
85	25	65	-0.383766	0.079229	0.0799256
85	25	75	-0.715679	-0.26522	-0.380686
85	25	85	0.512711	-0.367197	-0.518038
85	35	5	1.45801	0.625233	0.130456
85	35	15	1.25818	1.10313	1.68438
85	35	25	-1.04635	-0.156215	1.19079
85	35	35	-0.192522	0.365071	-0.352678
85	35	45	0.936676	0.989786	-0.327382
85	35	55	0.497432	0.735482	0.141431
85	35	65	-0.657729	0.257418	0.133502
85	35	75	-1.5073	0.564866	-1.35166
85	35	85	1.07408	1.03019	-1.31051
85	45	5	5.48824	1.63774	0.16366
85	45	15	4.09572	1.7387	6.28691
85	45	25	1.23917	-0.209281	5.72744
85	45	35	1.86268	0.138814	-2.80813
85	45	45	4.73206	2.16515	-3.67743
85	45	55	3.76776	1.75739	1.32115
85	45	65	0.727426	-0.0473843	3.15134
85	45	75	-1.16123	0.075559	-4.76855
85	45	85	3.27123	2.37307	-5.45953
85	55	5	4.3484	-1.92108	1.06855
85	55	15	4.74319	-2.88858	6.52309
85	55	25	0.971244	-0.750384	5.02662
85	55	35	1.96031	-1.1375	-3.80699
85	55	45	4.31609	-2.62196	-3.93323
85	55	55	4.1753	-2.19052	1.93002
85	55	65	-0.111782	-0.52732	2.9867
85	55	75	-1.72134	-0.248927	-3.53415
85	55	85	2.22784	-1.0499	-4.00931
85	65	5	1.2174	-1.05743	-0.107975
85	65	15	1.08884	-1.43948	1.63951
85	65	25	-1.10889	-0.426912	0.108919
85	65	35	-0.302699	-1.08173	-1.1588
85	65	45	0.976094	-1.28395	-0.584143
85	65	55	0.639372	-1.14423	0.381508
85	65	65	-1.55467	-0.802742	0.694852
85	65	75	-2.54051	0.0974692	-1.15194
85	65	85	0.559631	-1.36276	-1.14298
85	75	5	0.465333	0.0929413	-0.094936
85	75	15	0.100207	-0.0525951	0.0586699
85	75	25	-1.06895	-0.568472	-0.308899
85	75	35	-0.288886	-0.246149	-0.975668
85	75	45	0.598124	0.2016	-0.189049
85	75	55	0.542808	-0.0741209	0.154653
85	75	65	-0.808091	-0.208992	0.396896
85	75	75	-1.59735	-0.538419	0.279743
85	75	85	0.283494	0.247386	-0.571254
85	85	5	1.20161	1.20706	0.04858
85	85	15	1.26173	0.770759	1.44631
85	85	25	-1.29172	-1.62161	-0.961674
85	85	35	0.488979	-0.311902	-3.07116
85	85	45	2.08638	0.670828	-1.38011
85	85	55	1.41609	0.729839	0.858224
85	85	65	-0.341511	-0.499153	2.2774
85	85	75	-2.43653	-1.66045	-0.0212111
85	85	85	0.503052	0.741393	-1.60215
