5	5	5	0.690336	-4.53595	-4.75585
5	5	15	0.507034	-4.02053	-4.26262
5	5	25	1.6988	-4.81774	-4.91855
5	5	35	3.41603	-5.30326	-5.81609
5	5	45	3.10745	-5.09934	-4.72044
5	5	55	2.87237	-4.09038	-3.40722
5	5	65	1.75547	-4.6529	-4.86698
5	5	75	1.82548	-5.46125	-6.31239
5	5	85	1.86915	-5.07647	-5.61276
5	15	5	1.80543	-4.74098	-4.92414
5	15	15	1.46691	-3.48022	-3.61665
5	15	25	1.73903	-4.13528	-4.41802
5	15	35	2.80847	-5.00353	-5.42315
5	15	45	2.45871	-4.05676	-3.99486
5	15	55	2.50415	-2.94445	-2.87582
5	15	65	2.64448	-3.98255	-4.29571
5	15	75	3.32609	-5.10228	-6.68466
5	15	85	2.84119	-5.12441	-5.70695
5	25	5	2.40724	-4.72051	-4.80705
5	25	15	1.39927	-2.58994	-2.63129
5	25	25	1.57502	-3.6533	-3.8132
5	25	35	2.239	-4.91713	-5.13593
5	25	45	1.73542	-3.20225	-3.1786
5	25	55	1.61261	-1.95599	-1.95532
5	25	65	2.4515	-3.34921	-3.48873
5	25	75	2.90957	-5.05104	-6.08188
5	25	85	2.67529	-5.06208	-5.54708
5	35	5	2.59149	-4.80244	-4.86691
5	35	15	1.70741	-2.56763	-2.80889
5	35	25	2.19335	-3.9993	-4.04085
5	35	35	2.55852	-5.10666	-4.90567
5	35	45	2.88945	-4.33406	-3.69188
5	35	55	3.08962	-3.72102	-2.56052
5	35	65	3.50427	-4.43104	-3.63143
5	35	75	2.98817	-5.28435	-5.97202
5	35	85	2.77138	-5.0823	-5.49734
5	45	5	3.39289	-4.84326	-5.00402
5	45	15	3.35383	-3.84564	-4.16445
5	45	25	2.98187	-5.26038	-5.05392
5	45	35	3.84821	-6.34706	-5.02927
5	45	45	4.12703	-5.17643	-3.83749
5	45	55	4.69463	-5.07099	-2.55736
5	45	65	4.76066	-5.24397	-2.72799
5	45	75	3.89505	-6.53725	-5.60167
5	45	85	3.19345	-5.62225	-5.27514
5	55	5	4.30002	-4.3093	-5.72268
5	55	15	4.14874	-4.27407	-5.47722
5	55	25	2.96077	-5.19706	-5.30153
5	55	35	2.93373	-5.26252	-5.22951
5	55	45	2.98764	-4.54444	-4.18944
5	55	55	3.37393	-4.44241	-3.63593
5	55	65	4.1842	-4.56533	-2.93676
5	55	75	3.74873	-5.90395	-5.2435
5	55	85	3.05555	-5.06894	-5.10698
5	65	5	4.26839	-2.70414	-4.542
5	65	15	4.3282	-3.59884	-5.33824
5	65	25	2.88843	-5.06414	-5.39295
5	65	35	2.5447	-5.04932	-5.22254
5	65	45	2.53278	-4.54977	-4.47547
5	65	55	2.83319	-3.8201	-3.47059
5	65	65	3.11009	-3.01689	-2.63868
5	65	75	2.33572	-4.20079	-4.54583
5	65	85	3.35986	-3.78599	-4.85026
5	75	5	3.56543	-2.89517	-3.89156
5	75	15	3.303	-3.32408	-4.14773
5	75	25	2.55558	-4.87191	-4.99168
5	75	35	2.63882	-4.853	-5.01397
5	75	45	2.7965	-4.3901	-4.39124
5	75	55	2.76137	-2.8867	-2.78567
5	75	65	2.2568	-2.90518	-3.26226
5	75	75	1.03831	-4.17286	-4.74094
5	75	85	2.54739	-3.63629	-4.49478
5	85	5	0.937005	-4.58087	-4.91296
5	85	15	0.999357	-4.46342	-4.81867
5	85	25	2.27584	-5.30758	-5.0203
5	85	35	3.28191	-5.6207	-5.20721
5	85	45	2.34737	-5.72438	-5.13144
5	85	55	0.384751	-6.4105	-4.30188
5	85	65	-1.22616	-5.57519	-3.81557
5	85	75	-2.00767	-5.82946	-5.72278
5	85	85	-0.23461	-4.87416	-5.14138
15	5	5	1.36368	-4.51615	-4.87944
15	5	15	0.0772093	-4.01672	-4.34083
15	5	25	1.85985	-5.00991	-5.90625
15	5	35	2.00217	-5.17674	-5.88081
15	5	45	2.29119	-5.40356	-5.19935
15	5	55	3.08892	-4.21771	-2.7826
15	5	65	2.9599	-3.68957	-3.18758
15	5	75	2.43534	-5.27563	-6.01392
15	5	85	2.09772	-5.06239	-5.38964
15	15	5	2.23371	-4.96001	-5.10922
15	15	15	1.42913	-4.47617	-4.66007
15	15	25	2.69184	-4.68338	-5.79243
15	15	35	3.51282	-5.10279	-6.60285
15	15	45	3.08473	-4.32978	-4.6721
15	15	55	2.87255	-3.2424	-3.15853
15	15	65	2.95187	-2.83748	-3.24759
15	15	75	3.18647	-4.78999	-5.85039
15	15	85	2.50832	-5.08307	-5.41109
15	25	5	2.21085	-4.98286	-5.25413
15	25	15	1.20753	-4.07724	-4.44451
15	25	25	2.09389	-4.30114	-5.06596
15	25	35	3.15009	-5.09391	-6.07547
15	25	45	2.65058	-4.30927	-4.41681
15	25	55	2.52735	-2.85262	-2.76654
15	25	65	2.71788	-2.86533	-3.01895
15	25	75	3.15329	-4.25735	-5.40287
15	25	85	2.57703	-5.10151	-5.52569
15	35	5	2.59479	-4.96285	-5.23001
15	35	15	2.18944	-4.45483	-4.49808
15	35	25	2.57982	-4.77313	-4.77347
15	35	35	3.18949	-5.63046	-5.36279
15	35	45	3.49098	-5.35543	-4.42848
15	35	55	3.37983	-4.46498	-3.22059
15	35	65	3.95424	-4.51919	-3.17818
15	35	75	3.59242	-4.78417	-4.98787
15	35	85	2.74391	-5.12054	-5.54194
15	45	5	2.95632	-5.14485	-4.90313
15	45	15	2.97388	-4.89892	-4.63567
15	45	25	2.93479	-5.41918	-5.07498
15	45	35	3.23217	-5.7085	-5.20295
15	45	45	3.48488	-5.45191	-4.55998
15	45	55	4.24257	-5.57327	-3.52206
15	45	65	4.39563	-5.38686	-2.92141
15	45	75	4.60433	-6.73834	-4.96801
15	45	85	3.60518	-6.12362	-5.43379
15	55	5	2.87686	-4.48698	-4.28233
15	55	15	3.37761	-4.69541	-4.43129
15	55	25	3.13611	-5.53918	-5.19491
15	55	35	3.16805	-5.81388	-5.2612
15	55	45	3.0628	-5.09312	-4.62273
15	55	55	3.49191	-5.21557	-4.25454
15	55	65	4.43175	-5.6792	-3.87425
15	55	75	4.61772	-6.16688	-4.62119
15	55	85	3.62043	-5.61282	-4.69911
15	65	5	3.14319	-3.16694	-3.61956
15	65	15	3.55115	-4.23778	-5.02812
15	65	25	3.01445	-5.32057	-5.36674
15	65	35	2.76325	-5.25087	-5.20536
15	65	45	2.7634	-4.95178	-4.76437
15	65	55	2.69647	-4.08222	-3.94921
15	65	65	2.89545	-3.0762	-2.77343
15	65	75	2.57943	-3.32342	-3.48021
15	65	85	2.50753	-3.64307	-3.64769
15	75	5	3.92769	-2.57678	-4.0498
15	75	15	3.57394	-3.54329	-4.81141
15	75	25	2.67452	-5.10201	-5.307
15	75	35	2.63008	-5.09399	-5.30926
15	75	45	2.98821	-4.71194	-4.82931
15	75	55	2.74879	-3.26345	-2.99402
15	75	65	2.3695	-2.13913	-2.38031
15	75	75	2.51201	-2.73347	-3.07096
15	75	85	2.73762	-2.7742	-3.15229
15	85	5	1.80293	-4.30424	-5.48581
15	85	15	0.818912	-4.09061	-5.02732
15	85	25	0.340673	-4.87916	-5.11879
15	85	35	-0.415088	-5.13823	-5.25562
15	85	45	0.807744	-3.96073	-4.17047
15	85	55	0.858701	-3.40883	-2.22681
15	85	65	2.60723	-3.23816	-2.06653
15	85	75	1.8771	-5.05164	-5.05436
15	85	85	1.55011	-4.47425	-5.06712
25	5	5	2.34337	-5.07659	-5.68542
25	5	15	1.63249	-3.75916	-4.42136
25	5	25	1.55085	-4.39232	-6.2262
25	5	35	1.88959	-4.9201	-6.30636
25	5	45	3.29123	-3.45069	-4.44994
25	5	55	3.42105	-3.14676	-2.71088
25	5	65	4.75339	-3.71573	-3.54467
25	5	75	4.11665	-5.11235	-5.84765
25	5	85	3.1185	-5.45922	-6.08984
25	15	5	2.61535	-4.98639	-5.50238
25	15	15	2.27698	-4.3416	-4.89667
25	15	25	3.3622	-4.8474	-6.58265
25	15	35	3.13075	-5.0579	-6.6429
25	15	45	3.40179	-4.41795	-5.0124
25	15	55	3.13871	-3.51571	-3.09814
25	15	65	3.58245	-3.30802	-3.16796
25	15	75	4.13372	-3.90334	-5.00997
25	15	85	2.88812	-5.02472	-5.49
25	25	5	2.51373	-5.0429	-5.41229
25	25	15	2.21303	-4.72011	-5.02881
25	25	25	3.24388	-4.9914	-6.2169
25	25	35	3.86185	-5.09966	-6.70985
25	25	45	3.62029	-4.56612	-4.77519
25	25	55	3.35253	-3.74749	-2.91851
25	25	65	3.34845	-2.93075	-3.08626
25	25	75	3.50731	-3.03866	-3.9839
25	25	85	2.48311	-4.55393	-4.98844
25	35	5	2.84873	-4.88258	-4.84651
25	35	15	2.61023	-4.94091	-4.88288
25	35	25	2.86512	-5.07737	-5.31317
25	35	35	3.34329	-5.37068	-6.02263
25	35	45	4.04918	-5.53541	-4.57556
25	35	55	4.32763	-5.5406	-3.88373
25	35	65	4.30641	-4.96946	-3.50352
25	35	75	4.419	-4.81621	-4.30209
25	35	85	3.22329	-4.70166	-4.31717
25	45	5	3.26178	-5.54807	-4.8629
25	45	15	2.59622	-4.94732	-4.65883
25	45	25	2.7955	-5.3809	-5.2111
25	45	35	3.06672	-5.35368	-5.83686
25	45	45	3.40767	-5.74745	-5.13546
25	45	55	4.17041	-6.25244	-4.64312
25	45	65	4.67694	-6.47025	-4.28075
25	45	75	5.33045	-6.7557	-5.41121
25	45	85	3.97517	-6.20937	-5.25565
25	55	5	2.99936	-4.33069	-3.82247
25	55	15	3.05526	-4.64154	-4.13485
25	55	25	3.24882	-5.93612	-5.11079
25	55	35	3.6166	-6.1061	-5.34332
25	55	45	4.10962	-6.57234	-5.07299
25	55	55	4.18537	-6.61784	-5.10103
25	55	65	4.55686	-6.55874	-4.6612
25	55	75	5.18812	-6.68072	-5.03928
25	55	85	3.92011	-6.03478	-4.82534
25	65	5	2.6641	-2.98379	-2.95369
25	65	15	2.75003	-3.96145	-3.86768
25	65	25	2.87554	-5.44496	-5.24317
25	65	35	3.0673	-5.65441	-5.2721
25	65	45	3.29348	-5.4821	-4.83283
25	65	55	3.13289	-4.82978	-4.3367
25	65	65	3.39596	-4.22619	-3.60936
25	65	75	3.64637	-3.80984	-4.12065
25	65	85	2.65339	-3.43872	-3.32973
25	75	5	2.7403	-2.49889	-2.71238
25	75	15	2.4827	-3.34297	-3.76741
25	75	25	2.47476	-5.09485	-5.39033
25	75	35	2.54129	-5.16277	-5.44335
25	75	45	2.94046	-4.94565	-5.26408
25	75	55	2.75047	-3.54164	-3.36754
25	75	65	2.74409	-2.89137	-2.86067
25	75	75	2.92006	-2.58439	-2.75635
25	75	85	2.64117	-2.66382	-2.46451
25	85	5	2.24622	-3.37634	-3.8675
25	85	15	2.029	-2.60426	-3.29014
25	85	25	0.358319	-4.83945	-5.67998
25	85	35	0.329181	-4.92084	-6.07987
25	85	45	3.117	-3.8224	-5.03816
25	85	55	2.56497	-2.17524	-2.66257
25	85	65	3.8712	-2.70626	-3.19349
25	85	75	3.49866	-4.47272	-4.32727
25	85	85	3.07611	-4.38228	-4.57279
35	5	5	2.55167	-2.89534	-3.65153
35	5	15	3.62992	-2.12888	-3.64753
35	5	25	3.05921	-4.50335	-6.90923
35	5	35	3.31403	-5.08697	-7.89434
35	5	45	4.19517	-4.15995	-5.39766
35	5	55	4.67492	-3.06883	-4.05242
35	5	65	5.38632	-3.29224	-4.66631
35	5	75	3.61725	-4.45032	-4.81573
35	5	85	1.5754	-5.27266	-5.38009
35	15	5	3.0424	-4.31054	-4.78256
35	15	15	3.24411	-3.94583	-4.64783
35	15	25	3.23696	-4.9774	-7.08333
35	15	35	3.4353	-5.15072	-7.58493
35	15	45	4.48075	-4.86956	-6.27776
35	15	55	5.62529	-4.7428	-5.17469
35	15	65	5.66378	-4.56783	-4.81712
35	15	75	4.99141	-3.42541	-4.7274
35	15	85	4.14874	-4.09049	-5.30753
35	25	5	2.52189	-4.32491	-4.68747
35	25	15	2.40503	-4.50778	-4.69349
35	25	25	3.21487	-4.77322	-6.08877
35	25	35	3.50836	-5.24832	-6.53449
35	25	45	4.07432	-5.00697	-5.03973
35	25	55	5.18925	-5.15875	-4.22754
35	25	65	4.24808	-4.10767	-4.16461
35	25	75	4.32738	-3.62834	-4.55574
35	25	85	3.29972	-3.10147	-3.90521
35	35	5	3.18881	-4.43128	-4.2986
35	35	15	2.84241	-4.60231	-4.24067
35	35	25	3.19785	-5.11749	-5.49236
35	35	35	4.02988	-5.93102	-6.84457
35	35	45	4.57274	-6.03911	-5.38672
35	35	55	4.40293	-5.3003	-4.05775
35	35	65	4.36586	-5.16061	-4.44895
35	35	75	3.97456	-5.38617	-5.04015
35	35	85	3.3469	-4.42252	-4.04542
35	45	5	3.58529	-5.69303	-4.74127
35	45	15	2.88616	-4.28984	-3.81166
35	45	25	2.87632	-5.01212	-5.17394
35	45	35	4.0706	-5.49642	-6.78065
35	45	45	3.72784	-5.31762	-6.12236
35	45	55	3.33871	-5.5421	-5.20339
35	45	65	4.14958	-6.14975	-5.22297
35	45	75	4.36883	-5.92176	-5.61236
35	45	85	4.08722	-6.48451	-5.07225
35	55	5	3.42562	-4.71374	-3.81922
35	55	15	3.06273	-3.66775	-3.01486
35	55	25	3.51919	-5.64831	-4.9344
35	55	35	3.37149	-5.70641	-5.96349
35	55	45	3.79866	-5.80367	-5.91842
35	55	55	3.85542	-6.08521	-5.46055
35	55	65	3.80383	-5.86296	-5.35825
35	55	75	4.34515	-6.12234	-5.75069
35	55	85	4.26856	-6.59043	-5.11529
35	65	5	2.72451	-2.86847	-2.5568
35	65	15	2.95463	-3.39524	-3.10415
35	65	25	2.49352	-5.0745	-5.09772
35	65	35	2.41983	-5.17035	-6.05209
35	65	45	3.03371	-5.12764	-5.55909
35	65	55	2.8432	-5.08248	-5.12027
35	65	65	3.29276	-5.06347	-5.14404
35	65	75	3.63636	-5.0973	-4.85398
35	65	85	2.89749	-4.59677	-4.25066
35	75	5	2.73489	-2.68739	-2.44473
35	75	15	3.38567	-2.74759	-3.7979
35	75	25	2.56865	-5.05288	-5.65674
35	75	35	2.43687	-5.12253	-6.09711
35	75	45	2.66165	-4.90167	-5.2719
35	75	55	2.84458	-3.95526	-4.17061
35	75	65	2.84747	-3.94742	-3.8624
35	75	75	3.09949	-3.41334	-3.31586
35	75	85	2.86108	-2.95601	-2.43077
35	85	5	2.59228	-2.01746	-2.4017
35	85	15	3.54967	-2.28855	-3.90946
35	85	25	2.6947	-4.92305	-6.5124
35	85	35	2.05323	-5.04106	-6.81501
35	85	45	3.04851	-4.78282	-5.48819
35	85	55	3.56046	-3.17763	-4.20756
35	85	65	3.61707	-2.46792	-3.81317
35	85	75	3.09493	-3.18608	-3.09501
35	85	85	2.17182	-2.78266	-2.45877
45	5	5	3.94571	-1.1656	-3.76293
45	5	15	4.54385	-1.4609	-4.12338
45	5	25	3.65177	-4.97423	-6.44097
45	5	35	2.59021	-5.39491	-7.0302
45	5	45	4.42061	-5.02003	-6.15565
45	5	55	5.57005	-3.5221	-5.21828
45	5	65	5.0695	-3.58562	-5.53371
45	5	75	2.8695	-2.90325	-3.14025
45	5	85	1.95461	-2.40022	-3.29519
45	15	5	4.70479	-3.09408	-4.37553
45	15	15	4.74412	-2.89501	-4.51391
45	15	25	4.58965	-5.22641	-6.82807
45	15	35	3.92029	-5.53345	-7.06932
45	15	45	5.30528	-4.96549	-6.27567
45	15	55	6.48755	-4.47926	-6.02258
45	15	65	6.75445	-5.1938	-6.27413
45	15	75	5.70448	-4.95268	-5.06621
45	15	85	4.43855	-3.81805	-4.267
45	25	5	3.58511	-3.45992	-4.11568
45	25	15	3.18871	-3.22701	-3.65022
45	25	25	2.83283	-4.7213	-5.71058
45	25	35	2.62341	-5.53195	-6.63239
45	25	45	5.18092	-4.97289	-6.14705
45	25	55	5.56757	-4.72916	-5.98272
45	25	65	5.44014	-5.37118	-6.3817
45	25	75	5.51955	-5.51416	-6.23602
45	25	85	5.11608	-4.60643	-5.69165
45	35	5	3.83263	-3.7532	-3.66875
45	35	15	3.13391	-3.77489	-3.20524
45	35	25	3.23828	-5.39164	-5.19345
45	35	35	1.99418	-6.1548	-6.58985
45	35	45	3.91681	-5.33746	-5.49349
45	35	55	4.46429	-4.25822	-4.73722
45	35	65	4.45886	-5.54924	-5.80873
45	35	75	4.96636	-5.62901	-6.81524
45	35	85	4.63761	-4.93676	-5.62348
45	45	5	3.41911	-4.79383	-4.08684
45	45	15	3.258	-3.80703	-3.09728
45	45	25	3.34566	-4.26882	-3.71791
45	45	35	3.97577	-5.46929	-6.05044
45	45	45	3.38148	-5.41731	-6.00499
45	45	55	2.91032	-5.04608	-5.55471
45	45	65	3.13397	-5.35255	-5.51879
45	45	75	3.59055	-5.57783	-5.69668
45	45	85	3.99576	-5.59497	-5.72929
45	55	5	2.87709	-4.16501	-3.82104
45	55	15	3.24109	-3.46357	-2.6936
45	55	25	3.58572	-4.11246	-3.29226
45	55	35	3.97428	-5.58214	-6.15819
45	55	45	3.29435	-5.42568	-6.23432
45	55	55	2.93303	-5.20358	-5.31068
45	55	65	2.60481	-5.20081	-5.39935
45	55	75	2.66818	-5.19852	-5.21732
45	55	85	2.86251	-5.1458	-5.00168
45	65	5	2.95462	-3.3433	-2.9413
45	65	15	3.74431	-3.77081	-2.5369
45	65	25	3.03934	-4.25024	-3.80114
45	65	35	2.677	-5.22004	-5.82085
45	65	45	3.36652	-5.10364	-6.29762
45	65	55	2.74813	-5.02248	-5.2496
45	65	65	2.43092	-4.98116	-5.10401
45	65	75	2.58561	-5.05947	-5.20024
45	65	85	2.67056	-4.88065	-4.76216
45	75	5	3.46739	-3.2199	-2.8661
45	75	15	3.68607	-3.20721	-3.57356
45	75	25	2.39871	-4.56238	-4.92349
45	75	35	2.36338	-5.07527	-5.90687
45	75	45	3.08386	-5.08251	-6.0773
45	75	55	2.67487	-4.66086	-4.79038
45	75	65	2.47085	-4.7384	-4.77963
45	75	75	2.44537	-4.17361	-4.07362
45	75	85	2.80015	-3.95427	-3.55628
45	85	5	3.63243	-2.23297	-3.47234
45	85	15	4.25963	-2.50337	-4.55804
45	85	25	2.56778	-4.71811	-5.72053
45	85	35	1.57173	-5.07969	-6.28944
45	85	45	2.87438	-5.04201	-5.84333
45	85	55	3.53348	-4.19883	-4.90726
45	85	65	2.87703	-4.2403	-4.50399
45	85	75	2.47299	-3.19813	-3.03655
45	85	85	1.8921	-1.88336	-1.89856
55	5	5	2.51138	-1.17273	-2.47941
55	5	15	2.85342	-1.22574	-2.91756
55	5	25	2.13992	-4.41628	-5.24828
55	5	35	1.69522	-5.11134	-5.963
55	5	45	2.1857	-4.95836	-5.30768
55	5	55	2.32578	-4.02205	-4.32378
55	5	65	2.17895	-4.74642	-4.93997
55	5	75	1.88514	-3.81437	-4.09072
55	5	85	1.99614	-1.95684	-2.30881
55	15	5	4.566	-2.65077	-4.34494
55	15	15	4.60466	-2.38213	-3.84585
55	15	25	3.2417	-4.24199	-5.02248
55	15	35	3.23229	-5.68948	-6.12197
55	15	45	3.60579	-5.06029	-5.75121
55	15	55	4.59818	-3.38795	-5.41681
55	15	65	4.13128	-4.83438	-6.15516
55	15	75	3.97092	-5.23738	-5.69214
55	15	85	3.7785	-4.54374	-4.69417
55	25	5	4.14726	-3.20429	-3.97212
55	25	15	3.94946	-2.78193	-3.27612
55	25	25	3.33022	-3.8286	-4.66512
55	25	35	2.78418	-4.48374	-6.05261
55	25	45	4.14396	-3.76014	-5.79379
55	25	55	4.72079	-3.71639	-5.89536
55	25	65	4.26032	-4.88204	-6.96773
55	25	75	4.08672	-5.19407	-6.51695
55	25	85	3.77884	-4.79148	-5.55672
55	35	5	3.40709	-3.20427	-3.59313
55	35	15	3.55703	-3.54991	-2.75398
55	35	25	4.27122	-4.44693	-3.42014
55	35	35	2.45069	-4.13021	-4.75744
55	35	45	3.12057	-3.22565	-4.84613
55	35	55	4.13508	-3.80314	-5.66013
55	35	65	3.76081	-4.86343	-6.66956
55	35	75	4.31148	-5.14502	-6.98241
55	35	85	4.0612	-4.5855	-5.91717
55	45	5	3.16773	-4.1318	-3.89718
55	45	15	3.79081	-4.14049	-2.91682
55	45	25	3.98661	-4.02824	-2.74827
55	45	35	3.89558	-4.30813	-3.8042
55	45	45	3.50157	-5.25105	-5.29489
55	45	55	3.71391	-4.67015	-5.54231
55	45	65	2.99505	-5.03236	-5.62265
55	45	75	4.37923	-5.19182	-6.97685
55	45	85	4.10564	-4.78161	-6.09573
55	55	5	2.52154	-3.28267	-3.32433
55	55	15	2.62258	-2.77177	-2.5809
55	55	25	3.33031	-3.34395	-2.58021
55	55	35	3.24422	-3.72654	-3.40411
55	55	45	3.1313	-4.96624	-4.95688
55	55	55	2.90908	-4.64384	-5.0033
55	55	65	2.4884	-5.06065	-5.17965
55	55	75	3.49002	-5.12121	-6.24256
55	55	85	3.01818	-4.60268	-5.11051
55	65	5	2.71415	-3.43852	-3.16217
55	65	15	3.33692	-3.38011	-2.5162
55	65	25	3.09694	-3.28131	-2.57354
55	65	35	2.83616	-4.04591	-4.04296
55	65	45	2.55775	-4.9619	-5.2628
55	65	55	2.35228	-4.90516	-4.9856
55	65	65	2.23146	-5.02014	-5.22047
55	65	75	2.50976	-5.10199	-5.406
55	65	85	2.57512	-4.94201	-4.96967
55	75	5	2.29396	-2.99605	-2.71816
55	75	15	2.54387	-3.01008	-2.88758
55	75	25	2.47327	-3.55289	-3.44434
55	75	35	2.61488	-4.79216	-4.89555
55	75	45	2.54384	-5.03946	-5.40878
55	75	55	1.78667	-4.88127	-5.04574
55	75	65	2.14698	-4.94005	-5.08088
55	75	75	2.0662	-5.04002	-5.20123
55	75	85	2.35785	-4.82042	-4.49285
55	85	5	1.86111	-2.42899	-2.55352
55	85	15	2.37577	-2.47649	-2.7372
55	85	25	1.57783	-4.84462	-5.12257
55	85	35	1.93021	-4.96713	-5.79544
55	85	45	2.44657	-5.06104	-5.55322
55	85	55	1.92756	-4.82202	-4.78314
55	85	65	2.21569	-5.07322	-4.69003
55	85	75	1.88413	-4.45516	-4.45037
55	85	85	1.45256	-2.50353	-2.38074
65	5	5	1.34386	-1.78194	-2.04469
65	5	15	1.45969	-1.58891	-1.99272
65	5	25	1.46866	-4.16557	-4.42871
65	5	35	2.00105	-5.01801	-5.35999
65	5	45	1.84662	-4.86212	-5.05499
65	5	55	1.16461	-4.34204	-4.40261
65	5	65	1.74174	-5.07924	-5.31723
65	5	75	0.940357	-4.76115	-6.22273
65	5	85	1.22841	-3.43312	-3.76396
65	15	5	2.99359	-3.16535	-3.41704
65	15	15	3.0105	-2.36981	-2.63274
65	15	25	2.61084	-3.24897	-3.07418
65	15	35	2.4437	-4.6018	-5.14828
65	15	45	1.41999	-4.36065	-4.54912
65	15	55	1.85776	-3.73806	-3.79812
65	15	65	1.54373	-4.85965	-5.04005
65	15	75	1.39599	-4.95902	-6.18178
65	15	85	2.22364	-4.78389	-5.34468
65	25	5	3.16344	-2.63917	-3.62575
65	25	15	2.692	-2.13352	-2.15246
65	25	25	2.46211	-2.4583	-2.3981
65	25	35	2.49085	-3.98308	-4.44685
65	25	45	1.48604	-2.9989	-3.32298
65	25	55	2.7436	-2.72361	-3.72567
65	25	65	2.24684	-4.67833	-5.46393
65	25	75	2.19346	-5.03385	-6.01704
65	25	85	2.97165	-4.72813	-5.50454
65	35	5	2.93615	-3.16806	-3.47644
65	35	15	2.56856	-2.5132	-2.1509
65	35	25	2.67531	-2.63486	-1.47173
65	35	35	2.29382	-2.7098	-2.67343
65	35	45	1.72462	-2.02944	-2.73276
65	35	55	2.45125	-2.50681	-3.31052
65	35	65	2.79663	-4.48718	-5.41203
65	35	75	2.73567	-5.09233	-5.99557
65	35	85	3.11075	-4.59956	-5.31365
65	45	5	2.61755	-3.50972	-3.48004
65	45	15	2.68929	-2.8208	-2.55921
65	45	25	3.17004	-3.29085	-2.64018
65	45	35	3.77636	-3.78714	-2.41809
65	45	45	4.08822	-4.25604	-3.1963
65	45	55	4.62688	-4.76955	-4.03366
65	45	65	3.20425	-4.80858	-5.25713
65	45	75	3.00188	-5.27266	-6.08078
65	45	85	3.03413	-4.80143	-5.41528
65	55	5	2.49617	-3.07765	-3.07848
65	55	15	2.44018	-2.64901	-2.61442
65	55	25	2.82016	-3.11332	-2.81727
65	55	35	3.00641	-3.15349	-2.78268
65	55	45	3.0142	-3.16691	-3.14042
65	55	55	3.0421	-3.34077	-3.25639
65	55	65	2.64735	-4.64167	-4.84779
65	55	75	3.09986	-5.16459	-6.26971
65	55	85	3.10106	-4.20348	-4.87894
65	65	5	2.00066	-2.69234	-2.72023
65	65	15	2.21357	-2.38942	-2.28793
65	65	25	2.79784	-2.87657	-2.6956
65	65	35	3.0036	-2.92113	-2.65274
65	65	45	2.72342	-3.4354	-3.30318
65	65	55	2.48155	-3.33807	-3.39536
65	65	65	2.17363	-4.83301	-5.07456
65	65	75	2.4363	-5.10001	-5.7124
65	65	85	2.83216	-4.70207	-5.05281
65	75	5	1.52084	-2.79853	-2.76872
65	75	15	1.84717	-2.42088	-2.42279
65	75	25	2.56959	-3.2288	-3.24837
65	75	35	2.69786	-3.53668	-3.57674
65	75	45	2.33834	-4.13844	-4.1965
65	75	55	1.97357	-4.28004	-4.28018
65	75	65	2.12825	-5.03687	-5.2381
65	75	75	2.20741	-5.24078	-5.62999
65	75	85	2.42908	-4.64206	-4.60137
65	85	5	0.384206	-3.21444	-3.21099
65	85	15	1.03704	-3.21514	-3.23593
65	85	25	2.14114	-4.88883	-5.04962
65	85	35	2.3317	-4.99049	-5.05105
65	85	45	2.29081	-5.07383	-5.28101
65	85	55	2.00549	-4.98041	-4.98352
65	85	65	2.21662	-5.09843	-5.27765
65	85	75	2.02337	-5.26043	-6.50603
65	85	85	1.24245	-4.3224	-4.23482
75	5	5	1.04328	-3.54201	-3.60091
75	5	15	1.33674	-2.32069	-2.43453
75	5	25	1.80585	-4.17064	-4.24741
75	5	35	2.28827	-4.83845	-4.88156
75	5	45	2.25226	-4.64101	-4.6654
75	5	55	1.77026	-4.30189	-4.30316
75	5	65	2.16136	-5.08042	-5.43965
75	5	75	2.51801	-4.90196	-6.97395
75	5	85	1.66468	-4.28203	-5.38094
75	15	5	2.17129	-3.60389	-3.80029
75	15	15	2.07426	-1.95805	-2.11865
75	15	25	2.01735	-3.16811	-3.05007
75	15	35	2.37417	-4.08228	-4.04303
75	15	45	1.88695	-3.59799	-3.66078
75	15	55	1.10741	-3.38006	-3.40331
75	15	65	1.64464	-4.79447	-5.2549
75	15	75	2.14206	-4.9024	-6.88639
75	15	85	2.45225	-5.03359	-5.88642
75	25	5	2.08371	-3.31788	-3.48648
75	25	15	1.84334	-1.69888	-1.80135
75	25	25	2.017	-2.03501	-1.89709
75	25	35	2.47818	-3.1726	-3.17263
75	25	45	0.799914	-1.90089	-1.96489
75	25	55	0.997739	-2.07081	-2.07418
75	25	65	2.04735	-4.73204	-4.93178
75	25	75	2.19259	-5.07467	-6.39869
75	25	85	2.49802	-5.0788	-5.65727
75	35	5	2.41147	-3.19472	-3.40135
75	35	15	2.03297	-2.01172	-2.04388
75	35	25	1.85824	-1.84405	-1.63921
75	35	35	2.93076	-3.13142	-2.71555
75	35	45	1.50274	-2.25033	-2.05562
75	35	55	1.65841	-2.23146	-2.01528
75	35	65	2.40123	-4.3415	-4.36162
75	35	75	2.75999	-5.11382	-5.89908
75	35	85	2.80031	-4.94191	-5.37407
75	45	5	2.77055	-3.79119	-3.65308
75	45	15	3.13133	-3.31574	-2.90299
75	45	25	3.37615	-4.1138	-3.22995
75	45	35	3.97371	-4.55031	-3.0217
75	45	45	4.50157	-4.68599	-2.79298
75	45	55	4.73922	-4.79556	-2.72972
75	45	65	3.69451	-5.41194	-4.16881
75	45	75	2.28568	-6.38979	-6.0182
75	45	85	1.99803	-5.0423	-5.02245
75	55	5	2.54513	-3.27805	-3.32238
75	55	15	2.58713	-2.94665	-2.939
75	55	25	2.51692	-4.30419	-4.22653
75	55	35	2.95842	-3.83511	-3.67604
75	55	45	3.19775	-3.19815	-2.7726
75	55	55	3.41147	-3.32023	-2.89934
75	55	65	2.93609	-3.83356	-3.80564
75	55	75	2.84444	-5.18373	-5.96097
75	55	85	2.79194	-4.37029	-4.86225
75	65	5	2.2846	-2.96492	-3.01747
75	65	15	2.36359	-2.94607	-3.01005
75	65	25	2.64566	-3.30107	-3.36467
75	65	35	2.67967	-3.00322	-2.9016
75	65	45	2.93202	-3.03477	-3.01582
75	65	55	2.8755	-3.02003	-2.85894
75	65	65	2.5467	-3.74851	-3.96698
75	65	75	2.7814	-5.08905	-6.10209
75	65	85	2.70688	-4.18264	-4.42631
75	75	5	2.00931	-3.23531	-3.2511
75	75	15	2.23495	-2.94551	-3.04533
75	75	25	2.75607	-3.25391	-3.29786
75	75	35	2.69779	-3.03776	-2.89591
75	75	45	2.66694	-2.90368	-2.99507
75	75	55	2.30138	-3.01207	-3.12707
75	75	65	2.17394	-4.70787	-5.30826
75	75	75	3.27594	-5.11466	-6.73267
75	75	85	2.8645	-4.70205	-5.10875
75	85	5	0.169263	-5.29364	-4.45473
75	85	15	0.836468	-4.99595	-4.23664
75	85	25	2.39618	-5.06726	-5.04568
75	85	35	2.59753	-5.02713	-5.14661
75	85	45	2.4957	-5.05166	-5.03233
75	85	55	2.06843	-5.00105	-4.98039
75	85	65	2.16139	-4.98152	-5.34117
75	85	75	2.77542	-5.13952	-7.04793
75	85	85	1.59926	-5.24282	-5.54996
85	5	5	1.32372	-4.64164	-4.78908
85	5	15	1.53789	-3.81902	-3.90433
85	5	25	1.63373	-4.62948	-4.75065
85	5	35	2.61415	-5.07052	-5.14286
85	5	45	2.50881	-4.63368	-4.60784
85	5	55	2.21214	-3.86261	-3.88082
85	5	65	2.52386	-4.96199	-5.34081
85	5	75	3.24209	-5.14474	-7.00318
85	5	85	2.43304	-5.08556	-6.16133
85	15	5	1.68999	-4.13479	-4.24453
85	15	15	1.6247	-2.24746	-2.32755
85	15	25	1.83183	-3.62607	-3.70345
85	15	35	2.33668	-4.67674	-4.78945
85	15	45	2.3018	-3.60861	-3.60163
85	15	55	1.92992	-3.09457	-3.09446
85	15	65	2.36182	-4.65125	-5.03129
85	15	75	2.98765	-5.10201	-6.84843
85	15	85	3.02571	-5.04287	-6.10814
85	25	5	2.1892	-4.14164	-4.18837
85	25	15	1.29413	-1.35231	-1.47475
85	25	25	1.47533	-2.49975	-2.52084
85	25	35	2.09558	-4.12303	-4.12184
85	25	45	1.24819	-1.98159	-1.98094
85	25	55	1.14748	-1.73204	-1.75361
85	25	65	2.2654	-4.30037	-4.50168
85	25	75	2.98522	-5.1187	-6.42483
85	25	85	2.7701	-5.10124	-5.74025
85	35	5	2.46734	-3.98161	-4.10718
85	35	15	1.89811	-1.59478	-2.04443
85	35	25	1.8404	-2.68928	-2.68248
85	35	35	2.57807	-3.68282	-3.44365
85	35	45	2.4252	-3.22033	-2.53946
85	35	55	2.25581	-2.66436	-1.96808
85	35	65	2.8094	-4.32494	-4.18792
85	35	75	2.9262	-5.25405	-6.18176
85	35	85	2.72524	-5.14158	-5.47985
85	45	5	3.25575	-4.47884	-4.82551
85	45	15	3.40139	-3.50351	-3.84035
85	45	25	3.76401	-5.25245	-4.34104
85	45	35	4.11865	-5.91626	-4.33058
85	45	45	4.68888	-5.11041	-2.95369
85	45	55	4.82332	-4.84757	-2.52845
85	45	65	4.30852	-5.4149	-3.52863
85	45	75	2.81007	-6.1467	-5.87151
85	45	85	3.01181	-5.42349	-5.4393
85	55	5	3.75473	-3.52209	-4.69752
85	55	15	3.45383	-3.55725	-4.32681
85	55	25	2.93275	-5.15877	-5.13018
85	55	35	2.98693	-4.91643	-4.69415
85	55	45	2.8772	-3.48755	-3.2454
85	55	55	3.55533	-3.92007	-2.95013
85	55	65	3.78144	-4.22512	-3.26514
85	55	75	3.35655	-5.52636	-6.13757
85	55	85	3.3271	-4.74978	-5.59636
85	65	5	3.27167	-2.96739	-3.80376
85	65	15	3.35917	-3.52837	-4.19052
85	65	25	2.97553	-4.56322	-4.71901
85	65	35	2.62177	-4.35376	-4.3695
85	65	45	2.81041	-4.16717	-4.03434
85	65	55	3.26714	-3.6259	-3.13673
85	65	65	3.11631	-3.19668	-3.13541
85	65	75	2.70461	-4.95285	-5.79825
85	65	85	3.20024	-3.70506	-4.37867
85	75	5	2.84341	-3.32419	-3.67726
85	75	15	3.07902	-3.58188	-4.01386
85	75	25	2.79592	-4.06223	-4.11072
85	75	35	2.77444	-4.08786	-3.96817
85	75	45	2.74154	-3.5639	-3.42098
85	75	55	2.70443	-2.54667	-2.85932
85	75	65	2.33606	-3.97672	-4.47818
85	75	75	1.98198	-5.09089	-6.06804
85	75	85	2.73026	-4.30151	-4.90134
85	85	5	-0.426603	-5.45369	-4.46478
85	85	15	1.97187	-5.27228	-4.75643
85	85	25	2.9704	-5.70533	-5.08897
85	85	35	3.21271	-5.3855	-5.10594
85	85	45	2.66828	-5.0008	-5.13058
85	85	55	2.17396	-4.91872	-4.93869
85	85	65	1.63078	-5.23963	-5.42099
85	85	75	-0.174931	-6.31332	-6.65141
85	85	85	-2.26484	-6.70311	-5.89025
