2.12479e+06
2.12327e+06
2.11039e+06
2.09007e+06
2.06251e+06
2.02853e+06
1.98945e+06
1.94603e+06
1.89924e+06
1.85017e+06
1.79993e+06
1.75027e+06
1.70255e+06
1.65838e+06
1.61891e+06
1.58496e+06
1.55702e+06
1.535e+06
1.51863e+06
1.50754e+06
1.50112e+06
1.49879e+06
1.49956e+06
1.50262e+06
1.50696e+06
1.5118e+06
1.51651e+06
1.52075e+06
1.52437e+06
1.52737e+06
1.52993e+06
1.53227e+06
1.53448e+06
1.53678e+06
1.53905e+06
1.54111e+06
1.54263e+06
1.5432e+06
1.54231e+06
1.53957e+06
1.53446e+06
1.52671e+06
1.51598e+06
1.5024e+06
1.48585e+06
1.46658e+06
1.44467e+06
1.42042e+06
1.39401e+06
1.36579e+06
1.3364e+06
2.12479e+06
2.12327e+06
2.11039e+06
2.09007e+06
2.06251e+06
2.02853e+06
1.98945e+06
